3.060434
2.266926
0.997061
2.975224
1.507810
2.086573
0.918716
2.972835
1.949011
1.672650
2.020874
1.369118
2.225080
1.114909
1.899747
2.460324
2.413639
3.365726
3.486339
1.987538
2.936759
6.163680
2.478715
0.879892
2.037228
0.550956
2.606492
2.299711
0.828153
1.338514
1.051401
1.603941
1.786437
2.893514
2.630289
1.120434
1.293487
2.813667
2.961437
3.120032
1.279118
2.030392
1.879930
1.390064
3.455220
3.101729
3.552505
1.280015
1.826464
1.636740
3.511361
2.975866
0.589256
1.230047
2.937968
2.414680
1.514302
1.930315
1.013535
1.618089
2.306526
1.836474
2.946860
1.271678
2.031588
1.873520
1.596193
1.502733
1.332689
1.287510
2.801094
0.613652
1.403356
2.476290
1.334151
1.595706
1.188579
1.586500
1.124136
2.070472
3.596345
2.617215
1.580151
1.658755
3.353274
1.177497
2.316725
1.003767
2.345290
2.525104
2.130483
3.195353
2.734777
2.239324
0.913391
2.056235
0.449684
2.650718
2.202408
5.410861
3.234902
1.448130
1.820902
1.159153
1.122750
3.226229
3.848969
1.026268
4.013394
2.421050
3.314290
1.802991
1.037209
0.813002
1.418303
2.962725
2.798457
1.768533
1.156374
1.183337
2.209443
0.946872
1.496692
2.712857
2.281235
1.308590
1.726274
1.821053
1.850711
1.463437
0.793990
4.514878
2.037677
0.668037
3.345396
1.282460
0.812891
2.029153
1.186849
1.657058
3.329879
1.437651
3.540318
2.534462
3.875995
3.477024
2.503385
1.563183
2.936362
1.445446
3.515847
4.651418
2.403150
3.191918
3.376261
1.449449
2.433418
0.973298
0.504441
1.005134
1.210462
1.575990
1.255443
2.058862
2.545321
1.166262
1.718913
1.271686
1.679475
2.277161
1.882581
0.627716
1.515527
1.711900
1.525118
2.295163
2.501168
1.807921
3.264422
2.735339
2.665895
3.392323
1.368872
1.951992
1.260895
2.803185
2.008948
1.302768
1.943945
2.191778
2.515773
1.329315
1.871937
2.235757
1.713051
2.947503
1.854244
2.244477
2.557600
1.446599
0.954634
2.959641
2.380490
1.203222
1.396804
1.006582
0.676082
1.196065
1.575870
1.036793
2.745989
2.007341
1.105644
2.091696
3.008615
1.452905
3.150050
1.783974
1.300692
1.360541
3.858493
1.572996
1.655488
1.781640
3.398134
0.993686
1.410338
1.493507
3.367315
1.878247
1.239044
2.794139
1.504697
3.686377
1.964649
1.489836
3.644759
1.289677
1.183539
1.172600
1.275144
0.884336
1.638264
2.716682
1.187465
1.018296
2.500229
1.615241
1.794155
2.394084
1.219402
1.331803
1.663285
1.463123
2.579739
1.747283
3.395324
0.917159
0.977852
2.444360
3.975116
2.945748
0.681746
0.910384
2.420890
1.091355
1.773510
1.583392
2.412276
1.163120
1.350286
1.384015
2.940767
1.371641
1.643533
0.777881
1.103455
2.783511
2.020081
1.617341
1.986309
0.734694
4.189408
1.652143
2.563775
3.818320
1.972782
2.087294
1.595988
1.301319
1.733753
1.450881
1.988663
2.125830
2.346686
1.292154
2.449969
2.482932
2.098823
1.295461
1.653289
2.690581
0.454291
2.655327
1.430277
1.557164
1.197224
1.590921
1.297482
1.855492
3.601107
2.636701
3.908611
2.938965
1.248317
1.526363
1.175022
1.475916
2.942477
3.854065
1.427629
0.978967
1.774611
1.627859
1.323048
1.745099
1.180118
1.714047
0.655288
6.070003
1.644278
1.386106
3.207361
1.382283
1.632773
1.999255
0.603797
1.219002
1.346750
3.055165
1.840310
2.246777
1.503007
1.071190
2.331648
2.818233
2.278119
1.761427
1.378692
1.936538
1.261374
1.720065
3.755666
0.639960
1.834379
1.612235
2.467698
2.620750
1.017699
2.125239
1.698306
1.068233
4.676535
2.630504
1.792065
4.036596
4.468678
1.338275
0.674375
1.495597
1.927594
2.352147
1.763118
1.495148
1.902142
1.378926
1.801407
2.406923
2.134216
2.422348
3.184260
3.030278
1.548535
1.741863
2.788916
1.895047
2.715912
1.997987
1.376385
1.600064
1.505094
1.270855
0.962547
0.790920
1.679400
2.060880
1.675373
2.985763
1.543329
1.900530
1.886842
1.901737
1.789875
3.077025
2.222196
1.104244
2.554583
1.451760
1.277749
1.402316
1.792615
3.046729
1.964182
2.137235
1.626967
1.053145
3.022217
1.858452
1.887845
3.285526
2.123177
0.918049
3.317350
1.993676
0.953047
3.552643
2.116481
1.682368
3.453107
2.038967
1.929240
0.795168
2.073736
1.150458
1.791056
1.642939
2.403201
2.341990
2.596785
1.282140
0.913038
1.547136
2.525404
2.022125
0.989058
1.282055
2.788555
2.255059
1.197885
4.250573
1.739605
1.217360
0.918228
2.177805
2.625067
1.563456
3.340541
2.228807
1.506620
2.872685
2.667447
1.642723
2.979321
2.818058
1.638974
1.090327
1.942971
1.133090
1.439950
0.936304
2.275335
2.352692
1.259325
0.259556
0.795411
2.514695
3.362787
2.826078
1.904804
2.129651
0.538058
2.570495
1.338231
1.497548
2.049554
3.424952
1.153530
3.051897
1.475658
0.885402
2.854205
1.535209
1.652122
1.714461
1.278782
2.908071
1.318570
2.288791
2.138817
1.753650
2.850264
2.301081
1.317561
4.278503
1.510247
2.269675
1.876612
1.089738
3.187944
1.959935
1.650172
1.166356
2.693940
3.391136
0.827743
1.355420
4.975612
1.974757
2.043864
2.637241
0.806252
3.047025
1.482498
1.796057
2.075885
1.498400
1.796261
1.376925
1.784471
1.659713
2.085363
2.144291
0.611784
1.762818
2.538515
2.040490
3.537382
2.158249
1.972126
1.445966
2.025715
1.353941
1.604268
2.059925
2.230858
1.497214
2.675785
1.383609
0.902582
1.087990
1.213183
1.221919
2.152527
2.467475
1.902121
3.505537
1.545772
2.929169
1.169010
3.433080
2.668203
1.625622
3.022007
2.739071
1.478124
2.294054
2.800832
1.869043
1.258569
1.895783
1.021483
2.674703
1.740263
0.871125
1.542970
2.536447
2.431616
2.334886
0.888462
1.596700
1.656805
1.972604
1.726410
1.394699
1.912223
1.530540
2.584132
1.762521
4.615672
1.339188
1.213203
0.964633
1.886627
1.042118
3.298432
0.781026
1.947960
1.938520
2.814367
2.186473
1.318801
1.538480
1.448226
2.576827
1.186057
1.569121
2.080993
2.248423
2.316753
2.012439
1.166137
0.857500
1.187231
1.120550
1.806312
2.627540
3.160300
1.890922
2.291012
0.915343
3.321776
3.218653
2.664031
2.729570
3.795173
2.934585
3.339251
2.547383
1.120830
1.920548
2.344078
1.459497
2.130745
1.927004
3.183309
1.442179
1.180588
2.420517
1.616371
1.000254
2.193431
2.305379
2.188327
1.127441
1.168844
2.305579
1.294776
2.045920
3.093393
1.644419
1.135445
3.010503
0.932829
2.604843
1.625180
2.321490
1.477019
1.196205
1.604910
0.745043
1.133125
1.631891
1.514371
3.104506
0.717543
1.851384
1.560374
1.932770
1.622720
2.185461
2.527182
0.596268
3.294856
3.143246
1.194855
1.463362
1.244147
1.770054
1.507759
1.291547
0.858825
2.690151
1.617999
1.572931
1.250960
0.726601
2.211491
1.802127
2.485554
1.658479
3.213626
3.048490
1.457147
1.779066
1.525887
1.038646
2.358241
2.313876
1.889740
1.431287
1.442258
3.009841
2.155208
1.435199
1.240128
1.437427
0.664475
1.765676
1.744127
3.039431
4.484871
2.440187
1.519978
1.666771
1.177784
0.554041
2.269319
0.972558
1.268923
2.725833
1.072658
2.693756
0.888235
2.840558
1.915002
0.489435
1.572141
1.318728
1.664190
2.455520
1.660959
5.880530
1.649226
1.872655
1.838625
3.276495
1.181527
2.760229
2.196883
1.198250
3.151609
1.937777
1.607975
2.223378
1.250946
1.890291
1.790365
1.628045
1.799056
2.898964
1.397751
1.792301
1.949467
1.241127
2.351589
1.215509
0.969433
3.445545
1.990530
1.011542
1.819630
2.295983
2.544194
3.812227
1.759939
0.932169
0.807165
3.580903
3.170028
2.857950
1.741941
1.824581
1.603466
1.018923
2.524695
2.743581
2.231486
1.878297
1.723327
2.130328
1.909178
1.993846
0.687811
0.741259
2.068262
3.674591
1.358837
1.601860
2.460942
2.163213
1.776603
1.473429
0.498866
2.215314
2.028543
2.245843
3.684737
1.355890
1.858917
0.992627
4.383712
2.106543
2.307896
2.554492
2.623166
2.734487
2.451676
3.014926
0.616327
1.298959
1.551724
2.105158
2.965377
2.296422
2.018972
1.879171
1.792355
1.391012
1.234120
2.511061
2.461940
1.984177
3.813433
4.623810
3.061113
1.483585
1.888312
2.866839
2.683273
0.826906
2.027743
1.710105
1.781704
1.250531
2.172605
2.594131
2.100016
2.882711
2.766515
1.170215
1.994177
1.465768
2.351792
1.815227
1.991934
1.111746
4.100575
1.250502
3.109958
1.454898
0.887774
1.361678
0.625339
2.650133
1.646600
1.918573
2.674654
1.639064
2.129242
0.659891
2.544866
1.763848
2.995991
1.526491
3.027642
2.158091
2.186087
2.834768
2.702302
2.056028
1.507146
2.497225
1.858472
2.297865
1.789586
3.316621
2.680249
1.948622
1.313740
1.340408
1.593433
1.804654
1.859250
3.104445
2.848127
1.201797
3.303398
2.552665
3.140601
1.672973
1.271514
2.932323
1.344577
2.326537
0.433199
3.729288
2.402054
2.128544
0.452630
1.136668
1.769648
1.213950
3.250945
0.583193
2.385059
3.543681
2.229741
1.776483
2.150108
2.393670
2.072582
1.027499
1.089686
1.135051
1.792686
2.042473
1.591828
1.245335
2.173322
2.373089
1.002122
1.596637
1.774204
1.235878
0.647936
1.819523
1.068294
1.848478
2.279431
1.380034
1.737093
2.211091
3.204040
1.336648
1.022322
0.464223
2.284782
2.864339
1.313123
3.501922
0.751562
1.893388
5.473100
1.696838
3.053355
1.178104
1.922334
2.173940
2.335897
1.711878
0.971966
2.999876
2.096301
2.264521
1.645129
0.885525
2.111001
2.438461
1.838003
2.093780
1.173957
0.621207
1.200887
1.271009
1.650435
1.665741
1.454914
2.117555
1.847743
1.480199
2.271072
1.785994
1.537663
4.831981
1.921236
2.002190
1.187577
5.259523
2.194590
1.029647
1.805367
1.709871
3.386306
2.253300
2.368455
2.537235
1.347978
1.586342
2.808406
2.394862
1.031124
1.774451
1.660376
3.036747
1.923081
2.124188
1.577815
1.850670
3.068372
1.631288
2.099301
2.454076
1.684804
0.782857
1.790380
1.016726
3.249452
3.911975
0.584387
2.635371
1.775424
1.264902
2.356758
2.746888
1.615301
3.092827
1.381386
2.679719
1.855551
3.252224
1.405695
1.426836
2.846705
2.205922
1.327409
4.455057
1.444434
2.993944
0.848232
2.747720
1.843776
4.090796
0.978459
1.022969
1.140080
4.017241
2.026610
1.936437
2.355610
0.634871
1.836583
1.188823
3.033527
1.749480
3.843523
1.610557
1.692558
1.633005
2.432343
2.008681
2.131518
2.414613
1.763081
3.216461
1.995284
2.705056
2.725871
1.090494
1.425500
2.566771
0.780469
1.000175
1.861744
1.750240
1.487515
3.511322
0.571014
2.895749
1.996206
1.673513
0.889362
4.325343
2.267880
1.240924
3.381674
2.610949
2.842663
1.763071
1.447274
1.210824
3.130751
0.911584
1.403654
1.506436
2.382366
3.979341
1.791762
1.235362
3.030788
3.202781
2.440459
0.994324
3.099656
2.826274
1.855471
1.486279
0.432537
0.965225
0.843941
1.310302
1.151535
0.612575
2.052590
1.062838
2.357453
2.539393
2.499005
2.267769
2.229071
3.582454
1.341359
3.117910
3.144994
5.910786
0.550954
3.518792
1.921569
2.739493
2.843966
3.989750
2.461389
1.912470
1.459106
2.094112
2.466784
2.154190
1.961347
1.237610
1.531661
2.368096
1.669485
3.597525
3.733867
1.041161
2.331356
2.193821
1.966092
1.644749
0.784257
2.051328
1.971272
2.076859
2.864065
3.480309
2.963731
1.887857
1.380524
1.494460
3.111834
1.983595
3.111403
1.058188
1.763434
1.165562
3.755368
2.263439
1.965897
2.657186
2.044515
0.518537
2.640011
1.826061
1.806126
1.865950
3.387146
1.432468
2.563041
1.207532
2.450469
0.525751
0.824322
4.259863
3.403789
4.592512
1.741375
1.929093
2.264284
2.908102
1.708675
1.398211
2.272267
2.967900
2.210513
1.268554
2.433485
0.716802
1.467637
2.201981
1.267732
1.473000
1.516180
0.866837
2.096116
1.867015
2.945781
2.403995
1.985234
2.407767
1.145038
0.990895
2.203246
1.680091
2.679983
2.734072
1.511426
3.187650
1.779697
1.682765
1.569635
2.051079
2.611703
3.860752
1.208866
1.104220
1.936982
1.179898
4.281739
2.678676
2.636144
1.947700
2.590190
1.726451
1.911494
0.974513
3.249884
2.043582
5.340254
2.834846
2.872569
1.313830
2.190418
2.348918
2.711277
1.810423
1.615305
1.697545
2.017758
2.390882
0.589685
1.745678
0.410038
1.997422
1.442617
5.083688
2.166034
1.109036
1.947244
1.651958
1.670924
1.251723
1.080035
2.844277
2.910199
1.562362
1.638179
1.399091
0.978876
2.568601
2.154690
0.814510
1.996455
1.481355
1.984223
0.871641
2.516909
1.638971
1.983747
1.992453
1.659947
2.045626
1.406346
3.222771
1.357253
1.849243
1.261945
2.272022
1.834240
2.118548
1.816451
2.880837
0.590862
1.113174
2.708860
0.885699
1.101078
2.715111
0.833670
0.795484
2.414073
1.086296
1.715792
1.392221
1.153106
1.166789
2.496477
3.279062
2.514291
2.349676
3.908737
1.925833
1.313211
1.897605
1.511063
6.918020
1.504950
3.738973
2.179215
1.182092
2.052680
1.864166
0.932663
3.219918
0.978546
1.226064
1.485711
2.486694
2.804408
3.409172
1.180536
1.666631
2.116062
4.510858
0.654265
1.539317
1.342534
1.230306
1.818665
1.703191
2.145575
1.571449
1.447219
3.353481
1.592122
0.986394
0.969342
2.739493
1.108083
1.444592
2.124661
1.135753
1.432750
2.405971
2.744634
1.669293
2.232568
1.584611
1.957615
2.826449
2.086700
0.758678
4.012175
1.651709
2.086840
1.599318
2.180655
0.380447
2.174298
1.483923
2.344165
2.775254
2.204863
1.545584
4.657898
1.951313
2.622105
1.809504
2.219303
1.142308
2.852727
1.350078
2.356080
0.929981
1.688448
1.224923
1.643267
0.814857
3.674397
1.309469
0.868473
0.913627
1.406908
1.473913
1.053516
0.985880
2.678273
0.981051
2.325561
2.324762
0.894968
1.795999
1.964946
3.261795
1.438488
1.794767
0.594122
1.387032
0.637742
1.572135
1.099945
2.689509
0.747199
4.168739
2.485587
0.506325
1.028051
1.657637
0.494999
1.540200
2.787613
1.455181
1.547190
3.016086
1.940383
2.418661
1.208839
2.760177
1.944537
1.902016
1.372968
1.235580
0.627107
2.422518
2.335539
3.879642
2.330727
1.521998
2.070219
3.878491
1.509420
3.031825
1.647326
3.406365
2.074787
1.561612
1.237479
1.690320
1.924808
2.670221
2.220652
1.331323
0.969877
1.642693
1.186999
1.574062
2.419899
3.305333
1.581527
4.725469
1.873447
1.805344
2.014072
2.466439
3.361762
3.301623
0.920585
3.759468
2.704568
1.401828
2.904049
0.759652
2.519012
1.667990
2.424563
3.297862
1.718015
2.886700
1.181483
0.931773
2.233503
0.613813
2.660507
2.158784
1.929380
3.130708
4.126166
2.400356
1.755597
2.773243
0.489069
1.493558
1.146658
1.625103
1.418533
1.966762
1.274140
2.704927
2.021881
1.944687
1.960971
3.221675
1.038129
1.653891
1.606444
3.744822
2.605013
3.001068
1.052782
1.832045
2.421472
1.121591
2.469196
4.647768
1.284716
2.966740
1.689808
1.733274
2.122433
2.711676
1.666331
2.917127
0.526859
1.288273
1.679672
1.614957
1.390439
1.458250
1.226000
2.654414
1.515689
1.854407
1.459505
1.367856
2.341222
2.019060
2.077633
1.891321
0.983066
2.538807
3.426118
1.295135
2.594623
1.133033
2.280576
4.045795
2.050406
1.140700
1.830489
2.027518
1.042521
2.798295
1.305398
3.172313
1.706960
2.644958
0.881801
1.123697
4.506845
1.143186
1.531587
2.023536
1.956391
2.333997
2.826955
1.676737
1.681281
2.718425
1.606684
1.849766
0.935778
1.861906
2.164332
3.785961
1.404257
2.626605
2.016951
2.410719
1.049111
0.552026
2.044793
4.104338
3.211266
0.670911
1.714608
2.122067
1.001958
2.253278
1.558891
1.174021
1.135918
3.396671
1.359118
1.119948
2.158348
2.868469
4.345368
2.326899
2.604924
0.971940
4.702402
0.686852
1.419546
1.053291
1.887828
1.696649
0.670397
3.696562
1.707278
2.751452
2.100994
1.855111
1.435756
1.713906
2.122212
1.105485
1.932926
1.355481
1.312934
1.319240
1.068671
2.080306
3.735497
0.676424
2.552053
4.630286
1.074585
2.231148
1.324180
2.032192
2.552584
1.998987
1.080718
3.118738
1.536457
1.432330
1.708605
1.621240
1.620773
1.969377
0.719357
3.111979
2.558891
2.009698
2.477364
3.607568
0.874120
1.827390
2.150837
1.451096
0.977856
2.223586
1.939755
0.812169
2.922739
0.732298
1.512358
0.547473
2.148571
1.122895
2.320285
0.702459
2.930831
1.680693
1.683670
2.235008
1.242639
0.732705
1.510723
1.353707
1.923030
2.331393
2.202413
1.500017
2.110752
3.501954
1.108847
1.916438
0.500074
4.291219
1.527398
1.132814
3.419180
2.352065
0.664290
2.259552
1.168504
2.263148
2.426893
1.291707
3.247910
4.226262
1.076642
2.593475
2.232416
0.718588
2.111846
1.250167
1.787303
2.073362
2.824022
1.683680
1.477686
1.321187
2.027795
2.454803
1.500954
1.367739
2.467532
2.582143
0.746734
1.831096
0.967021
3.464020
1.517706
1.367141
3.513530
2.053756
2.434889
2.036551
2.820668
1.463786
3.644157
1.644288
1.524673
2.777538
4.021047
1.454846
2.783321
1.390062
2.154116
1.879244
2.396672
2.144653
3.553580
1.158104
2.232706
0.398578
1.116432
1.237918
2.659368
2.238402
0.517687
2.205554
0.792463
2.949579
1.397413
2.178930
3.253218
2.422881
0.891661
2.369705
2.796502
0.929701
3.117311
3.128626
2.041014
1.453554
1.096965
3.331725
2.448460
1.842807
2.321298
1.042003
0.551127
1.676472
2.127109
1.509567
0.820709
0.958676
1.334600
1.804330
2.422012
2.531346
2.600483
1.918915
2.438173
1.788000
1.806119
2.456168
2.379970
1.279542
1.694576
1.743321
3.235876
2.056122
1.227281
1.890595
4.637823
0.900441
2.960405
1.579779
1.073285
1.256513
2.277129
3.007115
2.174884
1.091348
2.537404
1.713775
3.200067
2.214747
4.443694
3.997045
3.296317
1.410225
3.023629
1.589494
2.272718
3.286560
2.962460
1.885912
2.380014
3.606339
2.229032
1.990053
1.908407
1.293478
1.703915
2.117001
4.745782
2.602935
1.881137
2.048224
2.979626
1.180539
2.349364
2.604582
1.379121
1.663034
2.150683
1.476464
1.144310
1.229370
0.566064
1.854130
1.146138
1.315023
2.509059
2.678863
2.039732
2.185487
2.673092
1.488942
1.903917
1.816071
1.105963
1.385650
2.181149
2.328498
1.159995
2.526675
0.835713
1.237106
1.948785
1.842136
1.024526
1.707251
4.091815
1.864448
1.372949
1.693843
2.152229
1.421946
1.757244
0.598189
0.627404
0.697605
1.821516
2.120708
2.972234
1.596729
1.786474
1.785016
3.551343
2.000119
1.685054
0.972085
1.246070
1.810675
1.172674
1.361446
2.129019
1.501229
1.512072
1.986302
2.511124
1.365834
1.858441
0.382385
1.059712
1.654125
1.208628
2.162398
1.859079
1.704188
1.942456
2.979831
1.382023
1.828654
2.088630
1.018459
2.115068
1.419177
2.654417
3.059960
0.903284
1.453992
2.018544
1.770689
0.571749
1.472026
3.194459
1.030641
1.738164
2.218312
1.558519
2.049911
5.590437
1.236480
2.206228
2.334518
1.223763
1.442975
1.999532
1.501799
1.253410
2.939403
1.104636
3.110845
1.014879
2.011155
1.313245
4.540479
1.283853
1.138756
2.718610
1.172228
3.805848
0.612102
1.492480
1.630355
3.847373
1.557867
0.893961
1.030445
1.230330
0.427357
3.139285
2.572411
4.449735
1.991165
2.316582
0.946279
2.160778
1.047429
1.100799
1.782590
1.675335
1.523907
1.826349
2.408332
2.049640
1.402163
1.062662
1.667361
2.270577
1.751194
1.639515
1.756945
2.416001
1.175662
2.158762
1.941261
1.347527
0.461694
1.459504
2.395111
1.423759
1.003253
1.917314
1.678053
0.570891
1.244894
1.495044
1.156870
2.548593
2.972687
2.077133
3.294672
1.777354
1.958744
1.084973
2.863159
1.838605
1.564035
0.478650
1.882824
1.256518
2.284076
0.453651
1.064269
1.844502
1.174092
2.353032
1.239049
2.739658
4.074297
0.849520
2.087189
0.819897
1.139305
0.312799
1.120620
0.727111
1.254335
3.085833
3.206704
3.773333
2.824200
3.453790
2.287909
3.349622
1.477284
1.222181
2.009750
3.282235
1.555211
2.235491
1.252882
2.380298
1.407050
0.756319
4.539630
1.543324
1.952981
2.084111
2.403603
1.963839
3.806060
2.877648
0.623637
1.728908
3.435979
3.025076
1.904260
1.001635
2.373630
2.097686
2.531768
1.867681
1.888516
0.713048
2.912586
1.943322
2.930958
3.445205
2.012257
1.740445
2.484815
1.441236
2.698349
1.460282
0.466132
2.427171
1.646832
2.294239
1.595347
1.950842
1.923114
1.666763
1.974152
3.251522
1.155058
2.525524
3.003302
1.651545
3.630706
1.571918
2.665027
2.140525
0.802877
1.930492
1.635081
2.742614
1.879692
1.947952
2.789065
0.399927
2.159106
2.602385
5.365410
3.350456
2.215024
2.132280
0.615339
1.933785
1.496610
1.671573
3.333304
1.418878
2.595025
0.804458
2.637484
2.274834
0.722529
1.154593
2.128858
1.403073
3.088922
2.456751
1.378966
2.534194
1.932684
1.771429
2.061674
2.672232
1.927282
2.005593
1.217278
1.336954
0.679438
2.116511
2.800542
1.821992
1.479672
4.418153
1.145520
1.992175
2.007302
2.780107
2.404363
2.619264
2.892873
0.389644
3.313693
1.937907
0.860454
1.155282
1.745090
1.122371
0.985933
3.192339
1.422968
1.267974
3.123802
3.305037
2.471115
1.550298
2.566620
2.090345
2.200916
1.917878
1.982672
1.116253
1.675275
1.677927
2.951091
2.642385
2.948581
3.356515
2.798906
2.421179
2.165930
0.529494
1.319815
1.529022
1.443568
2.096464
2.607371
0.439666
1.434172
1.540094
0.965882
1.396871
2.896226
3.000964
0.865180
1.678608
2.565988
2.586226
0.740630
1.325865
1.411700
3.347569
2.343663
1.493470
1.320234
2.559588
2.544101
1.454062
2.591409
3.532373
2.257623
1.416426
1.769565
3.665495
1.213196
2.627152
2.473313
1.094401
0.581666
1.597702
2.380971
1.489188
3.338973
1.594868
2.141736
1.621304
3.149664
1.090354
2.058975
1.546868
1.017255
2.053089
2.310203
2.659054
2.171231
0.942623
1.753655
3.528441
1.753235
1.326030
0.652859
1.100058
2.574336
1.136731
3.220984
2.382983
0.568262
1.653547
1.466970
1.528237
0.751955
1.348467
3.979367
2.698393
2.532351
1.960365
1.391603
2.277772
0.796152
2.068035
0.877627
2.229627
1.869212
1.712275
1.804794
3.460944
2.198487
1.945927
2.000519
1.737445
0.974945
2.892755
0.921767
1.159001
1.053814
0.842851
1.025153
2.497404
2.362955
3.260798
1.097633
2.355013
1.713412
1.303349
3.891869
2.233487
1.950313
1.023357
2.599551
1.719944
1.992042
1.778723
1.576850
2.778443
1.786824
1.557390
2.117252
5.250039
0.755329
3.109809
1.787235
0.856093
1.179910
1.253630
1.853853
1.754036
2.560747
1.009963
2.558766
1.774493
1.637888
2.754656
1.757099
1.385930
2.275137
1.574010
1.218156
2.009406
0.883763
2.008555
2.248006
2.016665
1.856980
2.367340
1.461107
2.786591
2.625112
0.749086
1.452207
2.395467
2.292694
1.160263
1.616080
1.688665
0.990067
0.900706
2.568327
1.816620
2.321986
1.065891
2.694036
0.770600
0.834109
0.815902
1.482466
2.366705
1.242819
0.751636
0.815559
1.887937
2.334982
3.070874
2.677224
1.382958
1.151906
2.156879
0.833672
1.878390
2.301800
0.814485
1.611086
2.256430
3.698264
1.494239
1.399350
1.555241
2.833257
3.059425
1.187386
1.725233
2.019857
2.796599
0.425598
0.694255
2.032813
1.680306
0.594915
2.968391
1.401550
0.976946
2.085002
2.078594
0.956660
1.441436
0.516928
0.968008
1.277687
2.308892
1.592961
2.389254
1.185264
1.128623
2.489480
1.065043
1.226345
2.234464
2.703953
0.967546
1.021031
1.023952
2.706004
3.142431
1.419105
2.545847
1.569075
1.736061
1.893902
0.867106
1.690775
1.468307
1.356593
1.880592
2.891003
1.579866
1.249504
1.234397
0.843497
3.750906
2.424956
0.933158
1.391007
1.771692
2.995180
1.816311
1.635013
1.281616
1.182926
1.976719
1.412409
1.469320
1.570311
2.247779
2.369158
1.371771
2.706422
1.855322
1.337471
2.104611
1.361862
2.266780
0.927839
1.181802
2.236304
1.708444
1.356028
2.685605
2.634886
1.352602
1.378949
0.960017
2.769579
3.411031
2.401792
1.382132
1.027472
3.202536
2.885969
1.200236
2.244155
1.799084
0.585690
0.731952
2.103669
1.765849
2.606957
2.873228
2.041198
1.647358
0.848166
2.221837
2.288163
2.121094
0.823985
1.441352
2.352691
0.915485
4.000975
2.402833
4.438438
1.365231
2.185569
3.168774
0.908557
1.741411
2.701980
1.602507
1.252788
2.223790
1.200897
2.325828
4.250625
1.653378
0.744341
1.995889
1.622509
3.606083
2.784808
1.922025
3.801231
2.521522
0.440956
1.405466
1.529526
3.059679
3.654250
2.279092
2.810298
3.344081
2.814744
2.059960
2.982358
1.207143
0.784381
2.202941
1.629925
1.541137
1.571678
0.938825
2.001135
1.175919
3.417223
1.296621
3.095294
1.223157
0.961350
1.742246
2.937126
1.335573
2.199713
2.773370
1.633052
1.974787
1.749476
1.587722
2.752554
1.724556
2.136930
1.511389
2.885098
2.900202
1.136893
1.181342
1.987432
0.574309
2.553437
1.919604
0.989411
1.946083
1.143073
1.260241
2.643200
2.413403
1.050665
2.392376
2.030764
1.746941
1.710431
2.430968
2.262374
0.740622
1.063354
2.743796
2.275401
1.617837
2.668088
2.404641
2.797681
0.971900
2.254182
2.589404
3.089561
1.025213
2.783900
3.686909
1.707134
1.816307
1.477896
1.487474
2.233106
2.914298
0.896560
3.755963
2.787648
1.694052
2.228687
1.361954
1.934401
1.600034
0.726150
2.181149
2.560357
0.734274
4.526154
1.335643
2.845653
1.609298
3.589575
2.458827
3.409339
0.964494
1.859602
2.339316
1.532884
3.319499
2.528146
2.812359
1.179666
3.303149
1.710983
1.216977
1.927166
3.096904
1.937717
4.047647
1.015386
0.703004
1.614662
3.300349
2.014947
2.378280
1.453582
2.543481
1.559988
1.352612
1.605047
2.674371
2.702128
1.953122
1.184239
1.633481
1.526984
0.884685
2.586514
2.495568
2.111910
1.977751
1.378853
1.853237
1.426479
2.360161
1.985291
1.229036
1.731215
1.811499
3.661768
2.117130
1.328934
3.576992
4.008942
1.041480
2.971961
3.246332
2.468522
0.874206
3.465787
1.927738
2.063914
1.224954
2.459135
1.331848
1.959042
2.043759
2.894788
2.227427
1.695624
0.977611
1.601053
1.080312
2.136566
4.076862
2.024503
1.961705
1.708677
0.735443
2.786579
1.491873
2.237997
0.271094
1.003409
1.824470
3.507586
2.507294
2.217271
2.583136
2.063448
1.292508
0.444873
1.710344
3.341134
1.886205
3.297466
1.244935
3.629577
2.428643
2.453988
3.685311
1.999376
2.740764
3.213270
6.038872
1.881434
1.077865
1.330989
1.673561
2.143399
1.610116
2.420045
0.670921
1.407909
1.971082
3.601018
1.976263
2.143619
2.162021
4.838395
0.990679
1.289976
2.788689
2.628873
1.548094
0.575146
2.881152
2.015994
1.134401
1.845159
2.424699
1.394539
2.811103
4.906507
2.287093
1.247932
1.378561
1.390359
1.233062
2.165007
0.573080
2.778414
1.225255
1.649225
2.448840
1.699153
5.136016
0.649075
1.737644
1.727003
3.240966
2.710492
1.040150
3.836925
1.639953
1.287940
0.786512
2.156902
1.780795
2.382880
1.725632
0.580123
0.928047
1.656719
3.192984
1.745904
1.893732
1.066075
1.057438
2.167169
2.068601
1.246019
1.096055
2.434642
0.846497
1.445891
1.557307
1.483050
2.135191
2.093933
2.817871
2.380509
1.969910
1.374534
2.353390
1.281206
2.303470
2.089876
2.197381
0.593614
2.302194
1.556789
2.687860
2.592408
1.025691
3.301016
1.722693
1.327927
1.185385
1.750660
1.271630
2.807847
1.743595
1.798551
1.392932
2.363235
2.868956
1.633925
2.457580
2.584235
1.039805
2.603090
2.235568
2.130307
1.719377
1.575696
0.354591
3.780448
1.421883
2.885147
2.135382
0.639866
1.328641
2.459147
0.945259
1.169607
1.416726
1.450451
1.875134
2.243739
2.183893
2.970417
2.258505
3.026076
1.054104
1.680327
1.545004
2.201642
3.605851
2.421731
1.765778
0.804403
1.188132
1.187195
2.710180
2.453347
4.303396
1.239941
1.141664
3.759694
2.027701
3.292134
3.535081
1.149789
3.024316
1.768390
2.512957
3.040565
1.269224
1.704029
2.198805
0.838197
1.467040
1.961352
1.748955
2.451240
1.584103
3.257064
1.926284
1.431153
1.188057
1.595756
1.665364
2.062585
3.429831
1.655123
1.907370
0.603743
2.117477
1.059574
3.207648
2.354889
1.062596
3.821583
3.441914
2.783664
2.856301
2.693885
2.464290
1.388590
1.175937
2.077840
1.088117
1.448535
3.207319
1.996058
3.080746
1.330426
2.013345
0.683360
2.532381
2.313163
1.896100
1.938871
0.800453
1.253376
1.808236
0.886832
2.247274
0.858505
0.970296
1.175346
2.146614
2.392331
1.996140
2.185296
1.530215
1.157925
1.521883
2.101073
1.520292
1.079037
1.745628
1.762206
1.217701
1.945376
2.410510
1.646365
1.798376
1.940393
1.967619
2.474308
1.653292
2.219123
1.106932
2.000037
0.803749
2.176950
2.242809
1.288324
2.797021
0.666352
3.539562
3.084659
2.340947
1.245198
0.853563
1.800945
1.831087
2.821294
2.000617
0.929571
1.940120
1.730771
1.052058
2.548030
1.178561
0.952088
3.633526
1.108917
2.752749
1.271008
2.257422
2.023515
1.203128
1.376317
0.772667
2.698373
4.373670
1.330877
1.652147
1.941011
2.535006
0.681786
3.660809
1.744321
1.183138
1.254885
2.103190
3.525550
1.763573
0.992474
2.100185
2.501778
2.748262
3.173061
2.667805
1.941352
1.612057
1.347074
1.883311
2.568746
1.810071
2.104218
1.208190
1.262487
1.174002
1.735593
1.210337
1.745393
2.854403
1.787184
3.301746
1.961800
1.070527
0.960509
2.783660
2.867014
1.073002
1.760137
1.853057
1.448340
3.057408
2.346440
1.361477
0.840038
1.470040
2.458940
0.947878
1.742252
1.603151
3.303404
0.709156
1.655988
1.765248
1.999828
2.238155
2.633630
1.053680
1.152512
2.091093
1.425639
6.347094
1.508599
1.323997
1.189632
0.768809
2.131951
2.350370
2.136594
3.284603
2.022087
1.601510
1.602977
3.109626
1.288410
1.475531
1.786105
2.503637
1.708936
2.602124
0.858911
2.373061
1.620876
1.130799
2.734274
0.924528
1.358020
2.090361
1.327817
1.955486
1.338062
2.848168
2.816106
1.019066
1.939307
3.481323
4.149147
2.268412
2.427789
2.601781
1.140537
1.162420
1.180319
1.173053
2.839922
0.678812
0.822396
2.427549
3.469191
2.685097
2.524886
0.828538
0.798597
2.284637
1.824442
1.207077
0.509849
1.659572
1.138532
2.612015
0.978011
1.467181
1.787711
3.304722
3.108450
0.927431
1.685434
1.692213
2.303779
1.330216
1.383920
2.404867
2.115226
0.955153
3.108879
2.243392
1.334518
2.193306
1.385571
3.990519
0.941454
1.884295
6.248200
2.936552
2.872958
3.823925
1.317168
1.571392
2.851258
0.660323
3.192817
1.693956
1.177584
0.842009
2.230418
1.367365
0.999268
1.431540
0.679563
2.429026
2.005651
0.817753
1.384848
2.932181
1.153352
2.409228
2.107222
1.009939
1.547769
1.384578
0.683049
1.328026
3.136342
2.148409
0.972811
1.170089
1.016664
2.010740
0.858185
2.422950
0.461755
1.455100
1.197395
3.778780
2.163646
1.763119
0.739586
1.638125
1.128348
1.211374
3.659419
4.376195
1.774020
2.540996
1.577367
1.761195
1.447796
0.890716
1.049642
2.168807
3.033558
1.774534
0.807676
1.775759
0.768591
3.146657
2.485521
2.299682
2.713644
2.933309
1.110143
1.691592
1.586103
1.739396
2.508609
1.239074
2.094282
4.849777
2.057578
2.789414
1.535926
0.994637
1.708449
2.208578
2.290542
1.988147
1.866475
1.833089
1.143783
2.220508
1.063279
1.843454
0.990118
2.344443
3.063560
1.224862
1.528465
1.060090
1.443996
1.669734
2.544480
1.677157
1.399615
1.195131
2.586428
3.183125
1.891135
1.439943
1.385184
3.534943
0.817149
0.838220
2.271329
2.754202
2.788173
1.856441
1.732756
3.089745
1.350220
1.340147
0.923384
1.343395
0.746116
0.787219
2.230227
1.963478
2.570029
7.553483
1.232623
1.883979
2.403640
2.509265
2.185610
1.823664
1.647898
3.534585
2.557890
1.807716
2.375702
0.968452
2.704198
1.727851
1.771622
2.850345
4.086835
2.682458
2.370192
1.512046
1.195971
2.059537
1.914485
1.354850
1.321794
2.558846
2.112211
2.144584
2.785183
1.703104
2.627491
2.738585
2.479871
2.895813
0.383001
1.993830
2.141861
2.571113
0.361756
2.586554
2.012553
1.452555
2.665021
0.997354
3.456161
3.400058
1.148551
1.044233
1.675130
3.911924
1.745645
2.921365
1.829428
1.150176
1.486137
0.777717
1.051058
1.339843
2.326292
1.806799
0.439732
3.355646
4.903804
0.872347
1.782108
1.329820
1.015951
2.259582
1.503520
0.510157
1.616049
1.641905
3.275474
1.117192
2.818902
0.991250
1.113626
1.858712
1.813583
1.006334
1.463923
4.300183
0.699862
1.169004
1.115370
0.891379
0.843508
3.264467
1.693943
1.995538
0.689100
1.052588
1.097369
1.459806
0.991135
1.379992
2.394227
2.476207
3.737980
2.245327
3.028325
2.765583
1.463617
2.040873
1.563590
1.063528
2.388462
2.579841
3.534374
2.230125
2.967244
1.381777
1.557138
1.510329
2.805633
0.869670
2.294748
0.954144
1.476918
1.682786
1.657996
1.081493
2.901137
2.656387
2.426516
3.030721
1.000832
1.433097
1.013426
2.406152
3.162324
1.778635
1.139601
4.193053
2.431854
1.868269
3.901714
1.174019
3.329848
1.810141
1.120407
2.432104
2.572980
1.330728
1.535422
4.207420
2.984852
2.990288
1.242220
1.183309
2.870559
2.819216
2.325097
1.255043
2.653120
3.729391
4.149052
4.211133
1.255747
3.176432
0.946505
1.411863
0.960735
1.572448
1.504400
3.285619
1.666107
1.981307
3.232259
1.024694
2.050519
1.875810
1.114407
0.601921
0.954424
1.904395
1.528345
1.665904
1.880699
2.371899
0.882626
3.417512
1.265851
2.753337
3.510490
1.135954
1.397670
0.929648
1.553011
2.060362
1.797019
1.763645
1.674854
2.106080
3.181995
1.353011
2.654392
2.548938
1.701585
1.201656
1.083522
2.541478
1.364875
1.828815
2.522937
2.583023
2.111941
1.729931
1.878391
3.456101
1.486539
2.854240
2.582660
1.828964
1.439021
3.600175
0.874206
4.522397
1.375184
1.444355
2.300257
2.045852
1.970554
2.997616
1.362134
1.512995
1.143519
0.849880
1.909738
3.025432
1.435665
2.134935
1.677272
0.879544
2.856103
1.334152
1.903892
2.722421
0.984475
1.706257
1.523890
2.426304
2.768021
1.125314
2.686414
4.408459
3.384857
1.505019
0.977061
1.486011
2.203618
1.935895
2.979084
1.374305
1.636279
2.057593
1.880321
2.700926
2.717466
4.050942
2.200291
1.494748
2.548659
1.047716
0.945778
1.050624
6.483815
1.169102
1.432964
4.427228
4.501758
1.063482
0.747736
0.950946
2.339157
2.357736
2.486988
1.064687
2.317016
1.210916
2.549292
2.238778
4.420647
2.023953
2.277932
2.149167
1.613504
3.165518
1.125017
2.416850
1.397298
1.532961
2.955424
0.519880
4.614303
0.782644
1.670802
1.986410
2.707448
3.875188
2.690054
2.020992
1.246245
2.716820
0.497930
2.119533
0.553545
2.216956
1.584084
1.717227
2.086195
3.550682
2.243123
1.392073
3.085470
2.358917
4.752343
0.997452
2.386562
1.330430
1.640004
1.660323
3.241908
3.527438
2.713574
1.329966
2.905472
1.236211
0.325688
1.653244
1.784369
1.362441
1.407904
2.385068
1.458922
2.424760
1.990622
2.601993
1.553688
2.242673
1.592220
3.780275
2.111559
2.266874
2.140189
2.312235
3.351592
1.988531
2.023588
0.974559
0.814601
2.231622
4.180001
1.942245
2.081574
1.486187
2.072830
2.618867
2.137360
2.298903
2.420176
1.548021
2.992209
2.752082
2.507346
1.655032
2.185238
0.752770
1.017453
3.047345
3.327244
1.731216
3.344611
1.945622
1.244776
0.628770
0.967744
1.660567
4.797525
1.835466
1.015475
2.003240
0.483288
1.891617
2.722898
1.189316
1.629135
0.568413
1.729465
0.826708
2.991145
1.850484
0.726335
3.641496
2.982806
1.538800
3.041602
3.202526
1.480516
2.142128
1.234437
1.239210
1.135595
3.816228
1.197366
1.630582
3.930420
1.202180
1.249400
1.631039
2.417215
2.676598
1.352373
1.766226
0.799291
2.101918
1.095551
1.928538
0.493676
4.120898
2.509788
2.399173
1.676882
3.012313
2.082127
2.460377
0.788385
4.032420
3.011355
2.097943
1.361543
2.270877
1.109460
1.464171
0.646855
1.062765
0.700155
1.148662
1.717621
1.680203
1.912833
2.007719
1.780151
1.735509
2.512378
1.713333
1.942724
2.662152
2.704160
2.856225
1.544771
3.475795
1.646510
2.436316
0.633064
3.525201
1.265407
0.650336
2.635602
3.290789
2.818650
3.085603
2.626512
2.050587
1.025640
2.055053
1.050920
0.930284
1.246999
2.220186
4.909462
3.472798
1.882969
2.025994
1.400932
1.921231
2.266035
1.898320
1.056633
1.890733
2.439722
1.648742
2.284333
1.070057
1.683391
2.124158
1.493816
1.346789
1.979146
2.461786
1.828116
2.448890
1.833084
2.425573
1.143560
1.553661
4.402060
2.505019
2.844657
2.242152
0.855844
0.914241
4.425909
3.008483
3.143270
3.416265
2.103171
3.074259
0.732201
1.371602
1.633907
0.940472
1.986887
1.341930
1.030426
3.026359
1.722096
1.070975
1.597675
2.153577
3.757441
0.990668
2.165655
1.622533
1.808705
1.091187
1.290823
1.901037
0.702170
1.729435
1.654413
1.551500
2.058777
3.853263
1.728499
1.607757
1.215483
1.012707
1.211450
1.647442
1.274734
1.641342
1.901657
1.769917
1.922466
2.165833
1.743317
1.766978
5.439540
3.523177
1.317434
1.118515
2.109173
1.225088
1.565424
3.704880
0.730913
2.997150
1.387853
3.837478
1.877531
1.734586
1.571723
2.084712
1.641353
1.274017
1.548544
1.669805
0.810071
3.677267
1.758424
3.571639
0.988742
1.495165
2.835723
2.217669
2.346141
1.578662
1.560191
1.449609
1.772830
1.547472
1.688913
1.555117
1.356579
2.858857
2.037705
0.281108
0.773212
2.055521
3.465653
1.443189
1.196915
2.218297
2.461057
1.200729
3.286788
2.620910
2.107855
2.097435
3.974558
3.212224
3.373740
1.670362
2.311715
1.001965
0.581324
2.826029
1.062764
0.979695
1.964138
1.256453
4.008132
1.684792
3.227901
1.782895
1.183315
2.557768
2.500284
1.335390
0.659618
1.442071
3.303601
0.933277
1.404005
1.169701
2.316555
1.729356
2.225080
1.484216
2.889719
2.446673
1.613252
1.645417
1.985460
3.164227
2.487447
3.319341
2.325969
0.735213
2.793049
1.414412
1.918407
1.790836
0.754057
1.693876
1.649325
1.585985
1.954018
1.173460
4.311279
2.914315
0.853678
2.974651
1.645488
3.570502
1.907593
4.420853
2.442558
0.272147
1.535798
1.346835
1.150002
1.165051
1.346407
3.363153
1.580978
0.830599
2.808982
2.183103
1.166388
1.067101
2.958396
1.449090
1.620286
2.288236
3.047631
2.645832
2.389166
1.303970
1.631308
2.094900
2.235091
3.004357
2.435721
3.453398
1.834420
1.932364
2.929184
1.487733
1.865505
1.500750
0.935121
1.762955
1.133819
1.444758
2.545537
1.645377
1.265066
1.978546
1.774363
1.153402
1.738523
3.737801
1.318001
1.695609
1.347826
4.501448
0.930023
1.630317
2.837566
2.704290
2.932163
2.226836
1.717451
2.674805
2.508785
4.421341
1.603781
2.763283
1.342741
3.221116
2.135673
0.907831
0.785121
1.225276
1.693782
3.754173
1.709217
1.723774
2.236299
0.832690
4.568001
2.338674
1.391320
2.275045
2.313912
1.838082
1.664558
1.478441
0.782864
2.294593
2.230163
0.800456
3.225725
4.781709
1.224739
1.529901
1.920145
3.982580
2.926950
1.676337
1.399236
1.092860
1.780986
2.474368
2.340378
3.366407
3.018501
4.382088
1.570150
2.024761
2.443078
2.614667
1.215281
1.181221
2.739856
1.118367
1.197985
0.463284
4.668580
1.864257
1.911584
0.914477
1.221396
3.524778
3.123216
3.358710
0.530062
1.530678
3.191051
3.480917
2.111337
0.653299
2.586844
1.333489
2.160492
5.568928
2.776554
2.641154
1.518167
2.230958
1.743976
1.506011
2.696642
2.456082
0.943341
3.546608
2.463035
1.674540
0.737901
2.949039
3.190651
2.071141
1.694716
1.484866
1.460051
2.158449
2.460108
1.949841
1.253229
0.897675
2.350775
0.873773
0.998279
1.647319
4.139967
2.579910
2.753581
1.556555
3.271587
1.589925
3.748908
1.988132
2.970045
0.809248
1.125809
1.098976
1.605895
1.896044
1.463738
1.721853
1.396474
1.738770
1.820003
1.496714
1.772781
2.114163
3.696473
2.037212
2.916020
1.847489
1.586058
1.860269
1.288506
2.042417
1.161441
1.447138
1.397069
0.787467
5.496680
1.175840
1.914644
1.843790
2.674818
1.641814
2.791471
1.666524
1.293331
0.917758
1.131636
1.302173
2.710235
2.212008
2.322602
1.366260
2.384613
1.904840
1.700229
1.902824
1.976235
2.419489
0.858752
1.865505
0.731766
1.039819
1.718413
2.280955
1.845305
1.621002
1.291798
0.642515
2.245832
1.227282
1.902683
1.740156
2.788026
0.422361
0.847815
2.536145
1.072802
1.453468
2.660221
1.770681
1.364333
2.290492
3.243669
2.410953
1.786574
3.179020
3.258194
0.877425
1.130608
2.677003
1.802394
2.109367
3.463166
3.212727
2.965431
2.386796
2.294444
2.519304
0.952329
2.126347
2.414082
1.535472
1.261327
2.777579
0.686677
1.458755
1.680538
1.634651
1.670552
3.915754
0.833820
1.752021
1.921779
4.052941
3.957480
2.569122
2.872677
2.163056
2.168463
2.382141
1.472700
2.967041
3.130673
2.776077
1.804280
2.626998
2.261453
2.014583
0.905112
2.330814
2.678728
1.991465
2.170887
1.030388
1.586558
1.121003
1.609177
2.745686
1.089080
2.846144
2.303176
1.980632
0.993547
2.047525
1.868228
2.035470
3.009142
1.730002
1.858423
3.428605
1.453907
1.081972
1.564311
3.479331
0.712415
2.755815
3.130749
1.096319
3.163669
1.390840
1.459376
1.064665
3.559843
3.589079
2.358952
1.595071
2.189260
1.684921
1.275796
1.142639
1.418045
0.972675
2.431536
1.013727
0.955994
1.846354
1.874381
3.274237
2.522637
1.305626
1.789237
2.610132
1.508124
2.748819
2.540344
0.351254
1.741877
2.436385
1.857372
0.874179
1.400573
2.547299
2.867201
1.653420
0.780729
1.485118
1.773422
1.785650
1.932582
3.223784
1.715471
2.640473
4.442283
1.396582
1.930878
2.825973
4.105577
4.078792
2.866104
1.736549
1.821286
0.942263
1.247860
1.606497
0.640546
2.413797
2.048677
1.036280
2.046712
1.212246
1.933759
2.184941
1.621157
2.006643
2.461418
2.876652
2.583319
3.346992
2.765527
2.013666
1.333400
2.163402
2.569602
3.970598
2.107310
1.871042
1.890072
1.832480
3.883741
3.074173
2.935154
1.834327
3.212938
1.289610
1.724322
2.431171
0.469287
1.562918
4.777584
0.770573
2.385749
1.987708
2.165460
1.499844
3.832355
1.402125
3.759255
1.554266
3.718135
1.544965
1.411977
1.345944
3.243912
1.979073
2.320160
1.804106
1.132667
1.798318
2.809749
2.189836
1.107524
1.697508
3.174513
0.472420
1.113295
1.627902
2.309146
0.862289
0.673128
1.291150
2.226409
2.032106
2.308527
2.560532
0.742052
2.016301
3.146933
1.776707
1.433552
3.480099
0.704015
0.933995
1.403523
1.915626
3.231680
3.066237
2.432785
2.611264
1.799449
1.170013
3.274183
1.177190
2.566023
0.571210
1.524636
2.650563
1.480955
4.169454
1.042934
1.573055
1.749301
1.899765
1.039542
1.333982
1.040798
0.867798
2.640625
2.035430
1.096397
1.617156
1.976460
3.324797
2.647023
3.416274
2.736065
3.617925
4.021877
1.537007
2.075458
2.236229
1.396355
1.688257
1.993193
1.116317
2.688734
1.779190
1.799028
0.898735
1.860847
3.517620
2.632108
2.070571
1.214102
2.241790
2.025082
1.102036
1.636274
3.134659
0.736480
2.274427
2.217936
1.563277
1.894848
0.936768
3.261009
1.751322
2.945570
1.121625
1.177267
1.970345
2.652332
3.335632
0.785130
1.491347
1.595238
2.514188
1.613632
3.300948
1.925656
3.106389
2.747203
1.101296
1.113006
1.802614
3.220744
1.722216
1.001983
4.643546
2.500745
2.923722
2.353776
1.171341
1.604464
2.537238
1.056941
2.231786
1.497579
0.760751
1.594616
0.935285
2.754470
2.403530
0.359473
3.659896
2.603569
1.468675
1.568176
0.707761
1.733312
1.538507
2.624617
1.953975
2.363119
1.176031
2.411594
1.973843
1.323463
3.520726
1.520602
1.403127
2.800283
1.785159
1.478911
1.855566
3.340916
3.800036
2.795275
2.884634
1.322378
2.971924
3.277214
2.256578
1.140905
2.713392
1.789503
2.363268
2.686885
1.691831
1.213126
0.754522
2.126700
2.626675
0.810819
2.773648
1.224327
4.735469
1.358393
2.882485
1.324224
3.212492
2.280059
2.501118
1.410748
1.670687
1.837005
0.992811
1.447453
1.176199
1.291031
1.826663
2.906324
2.389252
2.520966
2.392974
1.827280
2.547264
1.736817
3.699371
0.539102
3.828998
1.090283
2.126560
3.382116
3.015628
1.101989
1.807230
3.442090
1.760622
0.698696
2.031832
1.341799
1.846887
2.292702
1.591711
2.312145
1.036791
2.018987
0.768550
2.261224
2.792041
3.617287
1.781512
1.460460
1.250942
1.637740
3.187066
2.535218
2.049835
1.390269
0.908350
2.337893
2.240724
1.620125
1.051590
2.734645
2.135436
2.301929
2.703923
0.689113
3.212767
2.578262
1.312161
2.143387
1.742436
1.055079
3.105172
1.473354
2.293213
2.048291
2.117834
0.380205
3.551118
1.861955
1.402554
0.546336
1.758478
1.450175
1.587628
2.704253
0.871411
3.585891
0.434499
2.531163
1.371137
2.483996
2.618991
1.996460
3.461995
1.402907
2.667266
2.489972
2.783848
1.110225
1.717770
0.384676
1.771753
1.027507
1.364676
2.285546
3.028460
1.990079
1.853316
2.699948
2.853539
4.342747
1.515579
1.553934
2.410338
0.914870
1.665951
1.441433
1.454133
2.484389
1.943423
1.730725
4.128000
1.115851
2.280854
1.577959
3.055666
2.116437
0.930273
3.894956
0.578267
2.952105
1.325710
1.039383
3.758371
2.041731
2.932675
1.656911
2.336515
1.693880
2.721701
2.721053
1.121326
2.923103
1.732391
1.792457
2.124518
1.558866
0.452803
1.624748
1.454197
1.575215
1.189771
1.976923
1.709426
2.525786
1.386199
1.417865
2.111578
2.403666
1.598589
2.091806
0.673597
1.230954
1.388169
2.166637
2.529977
3.020312
2.394569
1.878478
3.397905
3.759628
1.693125
1.976457
1.660011
1.694209
4.182719
1.201327
2.402880
3.178397
2.044126
1.529176
1.982698
1.361103
2.312989
1.479356
4.416583
1.135292
1.816412
1.363215
2.592194
1.342096
1.996141
2.758733
2.018975
1.157247
1.149464
1.757007
2.886893
2.493598
1.375140
0.874252
1.595848
1.768558
2.450301
1.240281
2.150134
1.049679
2.717279
0.488599
2.025895
0.759430
2.109581
1.391615
1.628371
1.519515
4.061149
2.379332
1.672040
2.704121
2.307316
2.267235
1.404207
2.142314
1.575260
3.253593
0.822873
1.723502
1.989765
0.763446
2.890768
2.049442
3.747716
2.436842
1.843390
2.527294
1.999546
2.426961
0.504666
2.580331
0.819670
1.676879
1.051834
2.475208
2.382830
1.264027
0.787969
2.166139
1.619575
1.560439
1.629996
4.502922
1.363868
2.371703
1.138069
3.240274
1.431381
3.286739
3.275340
0.700355
4.088329
1.143650
2.519962
1.694609
1.564907
3.343647
1.410929
2.697240
2.608113
1.568039
2.066583
1.582426
1.746682
2.668081
1.030071
2.250096
1.898189
2.768308
0.620013
1.324602
1.966706
2.859483
2.533937
0.838425
1.836842
1.640958
1.286806
2.438912
1.778940
3.269602
3.553673
1.031004
1.696750
0.916855
0.977969
1.422784
0.784494
2.744466
2.548179
1.522671
2.494139
2.577397
0.979566
4.239774
1.644163
1.882421
1.431875
1.873932
2.736077
1.328269
1.323292
1.932017
2.999360
2.634356
1.731485
1.412468
2.912362
0.563129
1.718610
2.619245
1.502234
1.807179
2.182563
1.894861
2.581919
1.065810
2.051413
1.219774
3.362401
2.067561
0.867235
2.653617
1.885589
2.058340
1.677911
2.465913
2.803637
2.141837
3.082168
1.971559
1.980245
3.055266
1.005483
3.180939
1.482055
2.897443
2.051823
2.354228
1.861083
1.003068
2.431374
2.523635
3.928744
0.812160
1.679552
2.323768
0.557212
0.937877
3.406376
2.028182
0.936739
2.096925
2.916148
1.442716
2.217071
2.005567
1.114054
4.064988
1.275234
1.277793
0.793266
2.561008
1.391188
0.866985
1.252558
1.019112
1.126755
1.515511
2.478467
2.545886
2.448088
1.928133
3.832417
3.357121
0.986771
3.197023
4.485726
1.832584
0.483330
2.038634
1.354431
2.391457
1.399624
2.089644
2.297180
2.415899
2.009570
3.249861
1.800002
2.598034
1.338536
1.831861
0.975107
2.738249
2.396116
4.010728
0.537438
1.259482
2.764054
1.839106
3.533814
1.445287
1.338966
1.171076
1.632242
1.254167
1.721526
2.077447
1.091464
2.433882
0.706120
0.608402
0.758511
0.987730
2.703617
2.072139
2.654206
2.399090
2.583308
2.481595
2.502183
0.945329
2.417597
1.774283
2.460946
1.860146
0.947436
2.624609
2.883244
2.946060
2.010283
1.010614
0.891830
0.443184
1.972489
1.601215
1.085506
1.680676
2.737721
3.153059
1.819355
2.016917
3.400687
3.105242
0.961798
3.126709
1.407428
3.127858
1.707566
1.470914
1.795535
1.281408
1.914973
1.651658
2.714393
1.616516
2.582476
2.459932
1.142780
1.856368
1.371395
2.085641
3.601114
2.449095
1.291633
2.044015
1.395120
1.206882
1.140836
1.302339
1.220977
2.227531
2.393101
0.995168
1.534042
1.532976
3.893560
2.913796
2.461948
0.514630
0.982689
2.288016
3.331327
0.757308
1.029939
2.922934
2.049928
1.285440
0.534757
1.224256
1.020793
2.086201
0.649530
2.463721
2.500624
2.682621
2.971035
2.619718
1.249519
2.247754
2.669415
1.603288
2.602718
0.967618
1.124077
1.738352
4.216005
2.742567
2.133435
1.280235
2.333982
2.462411
1.658510
2.184717
0.640802
0.824486
1.110454
1.508106
2.148871
2.277290
0.949958
1.069026
2.636738
1.580664
2.039488
1.573832
1.553150
2.611707
1.188343
1.803938
1.937263
2.294693
1.884565
0.873787
2.153609
2.174373
2.299062
3.809421
1.176709
0.823876
2.939193
2.276392
2.241618
2.702044
1.573850
2.543057
2.519177
4.429097
3.395550
2.624422
1.666691
0.920553
1.698896
0.918337
1.195690
4.556450
0.814318
2.449249
2.168346
1.655477
0.869978
2.333103
1.465179
2.853399
1.133691
2.294059
2.076144
2.483510
1.690460
2.081577
1.362097
4.679763
1.673178
5.289850
5.171391
2.164077
1.828565
1.719061
1.619336
1.605486
1.069870
1.922191
3.381312
1.147489
1.406650
1.602822
1.946287
2.424578
3.106816
1.226253
2.449485
2.000152
2.411493
1.841665
3.090389
2.102273
0.416999
0.619068
5.988146
4.485667
1.102801
2.434616
3.293823
3.021542
1.195204
2.789383
0.520537
0.863347
0.787398
2.608298
0.855902
1.123509
2.239254
2.400788
1.205835
1.988329
1.073796
1.058264
1.051333
1.435552
1.708929
0.582031
1.821202
1.449693
3.547708
1.800667
2.380550
1.747848
0.684423
1.979262
1.229430
2.015737
1.006359
1.284054
2.866048
1.177572
2.039922
1.808487
1.726219
1.192255
1.129114
0.997811
1.741410
1.216773
1.709926
4.102406
2.017658
2.409728
3.721940
2.304315
2.119968
1.053357
2.409391
0.635597
1.701296
2.287957
1.647820
2.031609
0.951253
3.529708
0.747542
1.170681
0.973973
3.039227
3.028686
1.493454
1.656880
1.514662
0.869437
3.095932
1.198239
1.801386
2.870451
0.960257
1.819348
1.796407
1.737166
1.874965
2.807141
2.606294
2.376249
2.481538
2.787957
1.208545
0.253425
1.679058
3.915316
1.721881
0.721611
1.233154
2.080425
2.016404
2.338066
1.786385
2.337035
1.282263
1.311654
1.879250
1.554126
1.409565
1.382155
2.111088
0.767443
1.448312
1.403854
0.851953
1.425429
1.940726
2.838340
1.092428
4.356793
1.407219
1.174689
1.202157
0.741429
2.304643
1.469325
2.478075
2.996098
1.206462
2.270255
2.347013
2.164570
1.648018
2.163264
2.139519
2.382119
3.702712
1.802192
1.969717
3.068673
1.913097
2.725861
2.778085
1.560173
1.210633
3.094105
1.300924
1.858169
2.098921
1.790769
0.378230
1.504087
3.515725
0.550547
2.433071
3.646280
2.706228
1.753241
2.930500
2.112781
1.810748
2.959375
1.591183
1.561580
2.109584
1.378144
1.031932
2.205304
1.765862
1.169097
1.668795
2.968088
2.387931
1.566657
1.811404
2.496659
1.524869
2.237145
1.788514
3.427765
2.351841
3.322556
1.791813
2.424512
1.793506
0.731255
1.318722
1.912476
3.667831
2.169351
1.515742
1.494291
3.604717
2.522673
1.634303
2.486959
1.377336
2.316794
1.302612
1.108589
3.319660
1.388196
2.825594
2.505228
2.115765
2.212192
0.848279
1.648118
1.514003
0.710124
3.032437
2.879758
1.957780
1.427194
0.734374
1.997832
3.364077
1.126976
2.051056
3.829534
2.123066
2.121250
3.011792
0.838760
1.481352
1.658228
2.943557
5.082633
2.119478
3.636734
3.195823
1.529393
2.096903
1.207820
1.519792
2.278552
2.197115
2.291155
3.020607
2.148174
2.194767
2.489921
1.900908
2.278023
2.307442
1.418842
2.114558
1.737592
5.205338
2.164861
2.536808
1.778686
2.513175
1.150145
1.755653
0.452992
0.833507
1.199371
0.691799
1.352950
3.615879
2.083924
3.150253
1.390744
1.542603
2.154428
0.829513
2.680907
3.331057
1.454444
1.827645
1.234281
1.675966
1.670948
0.738018
1.319504
1.045356
1.389150
1.817930
1.872709
2.261939
1.482645
2.147909
3.341892
1.948859
1.230200
1.590296
0.890894
3.720606
2.355597
1.820821
1.510714
3.017090
2.243583
0.528539
1.706525
1.109920
0.879195
1.872808
1.535088
0.800643
2.312763
1.428789
1.774340
1.351581
1.334259
1.680311
3.374974
3.781234
0.688052
2.302011
2.290549
1.485742
1.339884
2.430829
1.518620
1.387829
1.794274
1.649592
1.801528
1.934040
2.923024
1.155509
2.615426
2.184958
1.748863
1.231196
0.720529
1.948683
1.244373
0.490276
2.046088
0.592893
2.883039
1.210378
1.627740
1.034604
2.238691
1.864712
1.138418
4.526660
1.900207
1.290950
2.855418
3.482194
2.198950
3.829663
0.963672
3.417364
2.744575
2.588822
4.923785
1.271243
1.060574
1.548719
1.034762
2.527634
3.866094
2.113150
4.221661
1.858862
0.734452
1.777994
1.952576
1.157788
2.034177
2.485990
2.285021
1.232925
1.639346
1.193580
2.020199
0.759477
2.337589
1.345407
2.091880
2.460381
1.107434
2.354787
2.216812
1.953584
0.353262
1.972609
1.781897
3.112232
4.095787
1.572517
0.517514
1.526845
1.512422
2.736003
1.616012
1.358945
0.908062
1.985081
1.460353
1.967592
2.013976
1.328688
1.303760
0.518644
1.708352
1.209659
1.508723
1.044611
1.746648
2.709862
0.880446
1.638542
1.477727
1.117291
2.119656
2.043356
3.374485
0.971764
1.884110
1.779425
2.133855
1.691461
0.771724
3.787355
1.528984
0.679786
0.909418
1.726372
1.792730
2.345275
2.460324
2.781427
1.054006
1.014534
1.204327
2.556987
1.090531
1.760339
2.254470
2.150888
0.652833
2.214412
2.252549
1.765305
4.500117
1.691620
2.707139
2.460543
2.629214
1.313702
2.460597
3.206827
1.307940
3.582788
0.853101
3.212970
1.951939
1.749892
3.661739
1.036178
1.821071
1.393727
2.049463
1.633840
2.471486
0.703385
1.818078
1.141973
3.788790
1.760287
1.557164
2.432612
1.261800
1.847437
1.636762
1.184536
2.295534
1.351347
1.745843
1.336640
1.064951
1.536758
1.210360
1.663164
1.715782
0.817950
2.803252
2.440000
1.895977
2.449605
2.806088
2.074651
2.065117
1.114296
2.763963
1.591937
0.724119
0.821101
3.651653
1.678705
1.938182
1.143933
4.063512
2.662777
2.252379
4.798447
1.698250
2.367145
1.935963
1.755474
1.261924
2.781978
1.530777
2.819350
2.457761
1.124723
1.761207
1.100200
1.538407
1.638254
2.866759
2.514804
3.128404
2.101488
0.925980
1.570490
3.065819
1.897028
2.938854
2.758383
1.862492
1.388317
0.633927
2.771688
0.602775
1.990439
2.127919
2.178001
1.810775
1.078784
2.106303
1.966215
2.546612
1.875656
1.195999
0.938913
1.330613
3.174480
3.151812
1.894390
0.842349
2.869580
2.205782
1.070491
1.018448
1.068052
0.303221
3.174100
1.457539
2.602667
2.580056
1.583262
1.225016
1.415733
2.146533
1.635721
2.632823
2.792854
1.398003
0.969519
0.775854
0.804563
3.374733
1.748424
1.671704
0.992791
1.785877
2.035441
2.369772
2.018740
2.911217
1.896758
1.849712
1.897455
2.148233
2.916170
1.790502
2.148942
3.211942
2.086406
0.964842
1.784470
1.199775
2.321641
1.498817
2.930028
2.588707
2.768376
2.411283
0.823077
1.287048
0.791545
1.925119
1.638903
1.943203
1.700070
1.799289
2.001520
1.132184
1.334567
2.667355
1.952879
2.571358
1.800578
2.035680
0.973215
1.080157
0.537323
3.085824
1.011548
1.887971
1.203961
4.265283
1.091668
0.493195
3.070539
3.058368
1.553991
2.357357
2.133399
1.315821
1.730177
1.194431
2.121147
2.735222
1.480915
2.713057
2.465505
1.439344
2.079201
1.366116
3.371296
1.853623
1.321722
1.457551
2.738098
3.475834
3.129240
1.913651
1.703515
1.408329
1.603268
2.817721
1.451685
4.101110
2.077147
3.110342
2.137842
3.200435
3.269492
2.892444
2.475239
1.039477
0.962679
2.127697
1.607386
3.395641
0.363491
2.411198
1.908389
0.524696
2.867212
1.422532
2.021323
2.488030
1.306013
2.718718
1.970999
1.342361
2.925257
1.224358
2.461102
1.602118
1.668224
1.349841
4.103627
2.002024
1.908425
2.210996
1.409498
2.383498
2.622855
1.387512
2.462669
2.102051
1.368565
2.048959
1.784727
2.284317
1.965434
0.608979
1.646972
1.015474
1.318457
1.747655
2.069555
1.728715
3.532947
1.870259
4.696816
3.190243
1.682291
2.318551
1.856724
2.329322
1.565192
2.275244
1.772424
1.317155
1.768927
1.827752
0.971856
1.639376
2.010610
1.041914
0.895778
2.447994
1.237843
1.232297
1.394254
3.133049
1.698734
3.232720
0.853450
2.942650
2.503949
2.934197
1.440432
3.268766
2.526674
1.847808
1.859065
2.767665
1.433395
2.067399
1.234557
1.646579
1.280907
1.456854
2.239508
1.598981
1.365793
2.153933
1.864945
2.116943
1.589297
2.376379
0.892114
1.021149
3.160150
3.333327
0.766612
1.324053
1.627108
3.393637
2.769339
0.950290
1.836019
2.745500
2.241005
3.610740
1.612865
3.045893
2.282511
2.018420
1.969831
2.652897
4.526991
1.718494
2.649929
0.888591
2.965223
1.214399
1.480892
1.776702
1.733382
2.421208
2.835310
2.135185
2.249020
1.722565
3.640855
0.768659
2.423518
2.493944
0.695143
0.908811
1.216961
2.129899
1.792539
2.288082
1.386897
1.620358
1.752328
0.850107
1.698173
1.095780
1.140945
0.720298
1.380442
0.960036
1.586706
1.795825
1.370929
2.421905
2.262215
2.740978
1.777830
0.438911
0.923242
1.322140
2.128582
0.964341
2.622658
2.354726
1.446157
2.209192
3.974809
2.341495
1.300634
1.131510
2.484308
1.579996
1.921848
1.653017
1.128297
1.092979
1.460806
1.857653
1.748479
1.407585
2.387737
0.886025
1.091550
3.095659
1.264824
1.585446
1.753358
2.225216
1.858869
1.150398
2.503355
2.633129
2.572110
2.505252
3.324661
2.425166
2.471341
4.607775
1.664903
2.837089
2.309340
1.369582
0.504416
0.967170
1.914113
4.144059
2.239760
1.493930
1.279444
1.240745
1.675827
1.660000
2.467807
1.026456
1.649989
3.243146
1.570318
2.361062
0.725937
1.162236
1.746120
1.317697
0.529429
2.625623
3.048264
2.152083
1.606608
1.194975
3.433729
1.952327
1.150373
0.720217
1.815114
0.627730
2.092336
2.540121
2.297083
2.107921
2.596641
1.582421
4.483382
1.014822
1.591451
2.924456
2.211816
3.355957
1.588381
1.303696
1.185052
2.825008
2.865488
1.105428
1.080653
2.276894
5.809683
1.879966
2.577548
2.318510
1.673238
2.091687
4.273978
1.704822
2.639827
3.900895
1.219130
1.056320
1.531798
1.856100
2.256216
2.493634
2.516518
3.003430
2.391294
1.736989
3.174512
1.151911
0.726420
2.227161
1.803012
0.861416
2.427074
0.745585
1.740551
1.756371
1.550277
1.361969
1.600955
1.416801
1.083820
1.564756
2.405174
2.581166
2.280943
2.619694
1.915248
1.032224
1.614125
3.096003
2.207563
2.656839
2.091700
1.772770
1.569613
1.863057
2.296876
2.930872
1.107433
1.225383
0.533811
1.055313
1.825402
1.172596
1.347593
1.051045
1.567312
2.626627
1.787411
1.157298
0.648310
1.268586
1.278764
1.304503
2.151710
2.648031
2.188796
1.194151
1.174187
2.588381
3.493578
1.044762
1.602565
0.901334
3.018651
4.298402
0.706839
2.605694
1.319661
1.495156
1.090605
3.283488
3.661728
2.417365
2.404106
1.422543
3.628075
2.561981
2.181023
1.562825
2.529320
1.348301
1.742268
1.691709
1.968343
2.616492
1.163018
1.190939
1.330312
2.172843
2.676287
1.029583
1.526009
1.333823
2.955257
1.440550
2.223651
2.107881
2.013931
1.772068
1.157702
1.506097
1.880598
1.957070
1.631506
1.767268
3.387027
1.393467
1.049401
1.689415
2.613873
3.043246
2.106588
1.982990
1.000090
0.518761
2.382320
1.843879
2.200101
1.194345
3.659795
1.548074
2.564678
1.932158
1.060202
2.730383
1.934722
3.586669
2.035488
1.857602
2.841021
2.536300
1.175900
2.125826
3.808425
1.739198
1.092565
1.785941
3.499226
3.443136
0.867814
1.690188
1.007027
1.839949
1.423934
3.376829
1.099675
2.640963
1.260286
3.738128
1.672110
1.930577
3.363607
2.987321
1.860989
0.655342
1.084477
2.400108
0.469638
4.469855
3.222111
3.213643
2.639893
1.462597
1.771526
1.291506
1.691742
2.533608
1.688103
2.034483
1.703935
2.380692
1.683761
0.862188
4.087896
0.687816
2.520473
3.274547
3.672319
2.635565
1.824738
3.168533
2.555897
4.985005
1.166043
2.942357
1.634890
2.206754
2.229228
2.420512
2.448360
3.475554
2.927494
3.398121
1.604267
1.672819
2.251216
2.910435
1.786672
0.922344
1.646121
0.663416
3.345401
3.968454
1.307704
1.652020
2.274250
1.663621
2.192231
1.543317
1.524760
2.311568
1.842620
2.070705
1.292207
1.041536
1.170362
2.423635
2.655993
1.808921
1.913540
1.910736
0.970319
1.466893
2.753085
1.748516
2.270102
2.116478
0.631264
1.403023
0.832484
3.111573
1.451746
0.726976
3.091361
2.242621
1.796575
1.960696
0.845915
2.567702
2.344862
2.199804
2.561030
1.410699
1.495642
1.437811
1.413405
2.204065
1.273443
1.413737
1.752603
2.723718
2.226113
2.584422
0.944586
2.359818
3.331796
0.907667
2.239550
1.497588
1.198238
1.326256
1.534425
3.588344
2.242239
2.230308
2.440625
1.337487
0.903020
1.307626
2.658893
0.746369
1.278052
1.439225
4.993200
1.540444
1.407752
0.995328
0.945405
1.184804
1.201376
4.390640
1.001260
1.727170
1.893903
1.808310
2.854359
1.784602
2.405551
3.204992
1.178543
2.646449
1.760408
1.710916
1.596317
0.770212
1.582228
1.194686
1.768119
2.850700
1.735722
1.660772
2.738721
1.797988
2.222257
2.010595
0.790045
2.331731
2.937232
1.165058
1.194282
2.746746
4.153886
2.474888
2.515513
1.102899
1.503150
0.925994
1.235458
2.567836
1.449571
2.375619
1.203670
1.737169
0.980469
2.605308
1.180830
1.188782
1.967971
4.786787
1.954274
1.199614
1.794189
1.372213
2.342359
2.012888
2.183743
2.057454
1.911651
2.237424
0.739330
1.423665
1.829120
1.053463
0.715687
0.837827
2.222356
1.137656
2.308610
1.603231
1.413159
2.948572
3.693613
1.346552
4.059779
3.176604
1.857602
1.595879
2.921657
2.477927
2.920984
0.922546
1.285371
2.150033
3.333505
1.906985
1.734759
0.976039
1.669799
0.738824
2.489862
2.027632
1.067101
4.591438
1.832973
2.126078
1.863154
1.801515
4.191955
3.804588
3.075119
4.091194
3.133081
1.563511
2.910602
2.687355
1.008312
3.990951
1.997964
3.204622
1.611847
2.728591
2.054073
1.315073
1.222034
1.520720
1.582869
0.938364
2.517360
0.908729
1.131513
2.146786
2.531745
1.471361
3.151973
1.365326
3.250257
1.536967
1.980362
2.052132
1.610186
0.840658
2.075124
1.911455
2.376876
1.038457
1.190534
1.161492
2.350769
0.931376
2.548956
1.818538
2.906912
1.699012
0.997570
2.172781
2.889971
2.812050
1.513020
1.276610
1.671079
2.588846
2.453594
2.636298
1.804977
1.411219
2.400419
0.872350
1.540431
1.604149
0.845023
0.949372
3.465382
1.321076
3.810245
0.881950
1.265134
2.863444
2.342721
2.615376
1.527621
1.780724
2.663956
1.777708
1.537733
1.493641
2.386017
1.270864
1.585251
2.866427
2.365427
2.075525
2.844349
0.666898
2.840996
0.979412
3.816606
1.825153
0.967331
0.865748
1.782926
1.584737
2.343804
1.620651
3.184114
0.853915
2.496066
0.975747
3.283864
1.872043
2.595510
2.328376
3.963609
1.205705
1.581804
1.370723
0.373906
0.886284
1.605853
0.720401
1.581231
2.406349
1.635608
2.834218
0.942963
1.376397
1.588265
1.679717
0.553633
4.046459
1.957973
2.316722
4.034759
1.682804
2.138739
2.385428
1.695220
2.434022
1.826007
1.304502
1.755768
2.093662
1.395571
2.233383
2.168561
1.054318
1.144480
0.870989
2.476667
2.822648
3.451387
1.680183
1.353358
2.088487
1.601377
0.390000
0.966485
1.258546
2.105342
2.305739
0.920249
2.031158
1.987158
2.377901
3.302507
0.912087
1.664376
1.995895
2.363606
2.517051
0.426886
1.489113
3.476811
1.664697
1.790788
1.081235
0.574488
1.997796
3.034366
2.214938
1.877117
0.807759
1.033401
2.628575
2.114993
0.444690
1.916084
1.361780
1.778540
0.983933
2.411771
2.072479
1.121297
1.881567
1.984777
1.971386
1.610570
2.635742
1.542421
1.850448
1.976400
3.230331
0.888698
1.722596
1.438530
0.980557
2.067388
2.029329
1.172857
0.715660
1.761293
0.889080
2.120678
3.172894
2.326959
2.517280
1.450641
2.695579
3.064951
2.204049
1.095828
1.656593
1.528291
2.490443
2.134870
2.174073
1.395367
0.808789
2.488884
1.140637
1.706759
1.383421
2.106271
2.165711
1.357567
2.552583
1.548845
2.479968
2.551849
2.592016
2.153319
1.371142
2.997178
1.631956
4.075127
2.119219
2.074680
1.540947
1.605050
4.228189
2.083589
1.213282
2.486278
1.987951
1.750377
1.913796
0.677341
1.179576
2.244385
1.784439
2.439021
1.778328
4.139380
0.969559
1.239343
1.208524
1.799215
0.765404
1.954810
2.083448
1.367513
2.416966
2.098066
3.380395
1.946747
1.783782
1.064775
1.223729
2.776931
2.127603
2.673626
0.883545
2.316955
1.703616
2.056421
2.134752
2.351497
2.262737
2.407699
1.175306
1.693279
1.358364
1.079463
3.427938
2.027104
1.692519
1.931203
1.688116
2.002481
1.764506
2.356059
0.558919
0.351646
1.312207
1.833771
0.830403
1.843745
1.865287
2.989084
2.027619
2.861455
3.495197
2.784879
2.055439
2.519339
2.265372
1.930238
1.873390
1.571030
2.376452
2.549386
3.228022
1.798963
1.755406
3.621575
3.200809
1.651802
1.949055
1.684024
2.333578
3.247987
1.179014
0.896679
1.671855
1.653337
2.458333
1.412733
4.000936
2.185159
0.818888
2.305858
2.336394
1.678380
3.853857
5.237866
0.518071
0.720386
1.455894
2.192923
1.117341
1.204944
1.579426
2.365505
1.679027
1.181777
1.523391
2.209578
4.348235
3.044621
1.562156
2.410661
1.104722
2.244756
1.448139
3.107108
1.993159
1.246093
1.435701
2.320535
1.839303
1.717626
1.038451
4.157438
2.096178
3.087429
1.742451
1.202089
1.915307
1.451887
0.816935
1.598358
1.589972
1.254019
1.205942
2.371443
2.183927
2.738638
3.538254
1.743350
2.387926
1.994048
1.254006
2.447449
2.803057
3.057815
2.925400
2.603059
1.038125
5.106094
2.018765
1.596812
1.748416
1.209790
2.996300
1.823887
1.655508
2.142884
0.509478
0.840041
3.312520
1.275007
1.360246
1.269482
2.255500
1.390990
0.469933
2.593808
0.888064
1.939672
3.066764
2.944744
1.227031
3.319155
2.015753
1.316514
1.935395
1.417833
1.231562
1.790797
2.521119
2.635779
3.812167
1.897195
3.461041
1.644970
0.713667
1.609113
4.166104
1.589124
1.896727
2.383611
2.728118
2.507355
1.818086
1.066902
0.718246
1.804780
1.513705
2.096108
3.460572
2.482879
2.115257
1.589123
1.886650
3.036293
0.821765
2.689723
2.359206
2.701738
1.400337
0.950377
2.199967
1.783731
0.507668
2.044857
2.506312
1.390536
3.214497
2.672927
1.027064
0.928261
1.492350
1.343609
1.785573
2.238114
1.034946
1.983401
2.004432
0.967879
2.094290
1.538989
3.436385
2.208358
2.220561
1.591119
1.709848
2.172732
1.657509
3.967852
0.734398
1.359717
3.177136
2.237759
2.499519
1.912187
2.289392
1.624543
1.558930
1.001875
2.504831
2.456503
3.746020
3.033046
2.630639
2.045519
1.444894
1.872432
2.112794
2.228926
1.611298
1.457351
2.976696
1.283595
1.122172
1.442503
1.702703
2.707149
4.174509
2.410008
1.976854
2.343724
2.642793
2.125605
2.564124
1.951961
3.992185
1.395263
1.972171
1.730971
1.832319
1.405218
2.272146
0.996521
1.397290
1.183766
3.624569
1.244683
0.886952
1.705725
1.004793
1.128968
2.684737
2.455873
1.811387
3.442965
2.674840
0.437849
0.680752
1.659995
2.046059
2.165528
0.586289
1.192600
1.077337
1.996930
1.216883
1.096152
2.247513
2.745664
1.135940
2.975597
1.932291
0.834782
1.892359
0.380933
1.843687
1.221388
1.476208
1.207156
3.451444
3.390388
1.493442
2.629458
2.495180
1.992365
2.176001
2.889317
2.419548
1.828600
1.947605
1.311101
3.106912
3.767170
0.618271
1.408318
2.126862
0.986897
2.772998
2.677410
2.065021
1.326906
1.574198
1.666889
1.035815
2.728741
2.226511
1.213854
2.078898
1.000637
1.181007
2.713146
2.299348
0.719811
1.275690
2.288124
1.820543
2.354737
2.706859
1.123344
3.303744
1.961553
1.421862
2.465305
2.429625
1.585703
2.398618
0.975570
0.389005
0.874824
1.026303
3.315254
1.250897
1.496012
1.886221
1.638808
1.621588
2.148841
1.383394
1.801288
1.699487
2.370244
0.962462
1.762907
2.438375
2.006785
3.468658
2.741098
3.243527
5.210960
1.804808
1.422421
1.217599
1.132129
1.949443
0.895219
2.460912
2.499565
3.359549
4.140729
2.265641
2.661646
2.409072
2.225307
2.648290
1.261811
1.625466
1.597082
2.180559
2.318414
1.841987
1.235006
1.709128
1.386154
3.305581
2.481823
2.319448
2.692749
0.963035
1.537733
2.572024
1.254045
1.867294
2.775179
0.572303
2.487549
2.703291
2.318263
1.934505
1.906750
1.786720
1.115772
1.766066
1.238416
1.698654
1.450798
2.861360
2.694321
1.904596
1.430727
2.058358
1.927943
2.429753
2.551920
1.870745
2.143177
3.783521
2.415272
0.821142
2.538834
1.079758
1.747044
1.435666
2.293908
1.434320
1.605491
2.049872
2.222818
2.918617
3.652558
1.782630
0.661071
1.646044
2.549808
0.728672
1.800577
4.270183
1.489436
2.502907
1.976440
1.945521
2.564627
2.059179
1.546466
3.678061
0.899357
1.096220
1.145306
1.425101
1.383767
2.582459
1.909218
1.806253
2.440009
1.813501
1.581764
2.884559
1.180225
1.798697
1.787395
1.650285
3.518088
0.956966
2.693628
2.142754
2.784304
3.003801
1.093228
1.248934
0.904530
2.369173
2.422106
2.289621
0.780102
2.870450
2.211498
1.986726
2.748712
1.336723
1.984409
1.217964
2.200097
0.579693
1.430867
1.344031
3.571837
2.665198
3.787084
2.009743
3.041157
2.766991
2.150614
2.385819
1.743053
1.057805
1.773525
2.270802
2.074286
1.197536
3.316294
2.192246
2.575848
0.859662
1.860426
1.404829
0.802265
2.368460
1.834410
1.804917
2.309174
1.728488
1.532825
1.694330
1.437799
1.678663
1.608900
2.575851
2.212248
3.502273
1.325044
0.845071
1.869395
2.080790
3.235807
1.909830
1.333863
1.644978
3.475544
3.355993
1.863221
2.984979
1.890232
1.684709
1.674977
0.606680
2.628901
3.162157
2.107324
1.417024
1.657042
1.340611
0.807961
1.791912
2.428574
2.437534
1.431033
0.707998
2.710208
1.842213
0.956352
2.143199
1.287891
1.693182
2.531385
0.804575
1.553962
1.736457
1.700580
2.765209
1.015555
2.818664
3.299391
1.564595
1.152690
1.430570
0.988106
1.304016
2.290308
3.052031
1.451227
1.616108
1.970872
4.504098
0.787627
1.345014
4.304230
2.129389
0.755618
2.939147
2.435671
1.119462
2.102315
3.442251
1.615198
2.892536
4.105265
2.303467
0.820123
1.823243
1.271733
1.870465
1.944256
1.938616
1.041574
1.524077
2.281208
3.175383
1.736032
1.520904
1.667596
0.465908
1.961521
1.399322
0.854165
1.843032
2.378257
1.713191
2.176766
2.106915
3.630270
1.778689
3.344777
1.537152
1.755615
1.335186
3.022391
1.811074
1.244417
2.098320
2.548778
1.591596
1.059230
3.368083
2.843703
1.269814
1.845396
1.476409
3.269179
2.409436
3.105835
2.446007
2.691617
2.279166
1.429922
2.494736
1.604090
2.851152
3.341284
2.549480
1.791256
1.191362
2.160535
1.765027
2.142644
1.526725
1.279936
3.504383
2.824762
1.393650
2.047101
3.842989
3.498230
1.545567
1.714549
5.153491
2.666631
0.986155
1.990939
2.324304
2.266289
1.737446
2.518767
1.872569
3.415546
2.298752
2.200105
1.608644
2.828261
0.884261
1.470138
1.182719
4.295976
0.431671
1.243613
1.337760
2.269119
1.548568
2.689312
0.969120
2.655172
2.079151
3.366458
1.802360
0.802991
2.631871
1.906476
2.836181
2.263206
1.232678
1.118739
1.840535
2.846926
1.748249
2.024945
3.225132
1.205197
3.173274
1.571804
0.978921
1.317820
2.654463
2.836045
2.728595
1.006841
2.737416
1.902338
1.941654
2.732461
1.397834
3.617419
2.246726
2.588909
2.326315
3.689129
1.328796
1.566990
0.784997
2.431363
1.299040
2.211484
2.218530
1.938678
1.467269
1.121143
1.138467
2.210405
3.656063
3.115525
3.266911
2.103058
2.025949
3.650828
3.067369
1.838284
1.751449
2.221533
1.164442
2.340183
1.593057
1.365459
2.632690
1.471580
2.621363
3.476471
1.301871
1.408179
1.930053
2.094358
1.930418
2.104314
0.634335
1.557646
1.510676
1.586920
1.934547
3.148912
2.163677
2.039329
1.421241
2.646759
1.366842
1.742620
1.559343
1.993085
1.479118
1.309200
0.810554
0.959859
0.851383
1.560046
1.022137
4.727716
1.925984
2.486417
1.904705
1.036834
3.152793
2.957764
1.542025
1.383074
1.307736
1.550766
0.864305
1.491720
1.197061
0.504463
2.552796
2.356945
0.385088
3.047176
1.127800
3.265836
1.012900
2.118476
1.266510
0.956316
1.169300
0.899558
2.581407
0.674090
2.486728
1.590702
3.309835
1.073859
1.291313
3.273943
2.659210
1.819951
1.370077
3.094408
1.225427
0.585740
1.190456
1.292330
1.964974
1.894507
1.375752
2.268626
1.539279
2.448753
1.733484
0.777241
1.001900
1.824827
2.385452
1.519550
0.534963
3.491701
1.009935
2.631643
1.894065
2.164655
1.582096
2.400594
2.500027
3.604933
2.095642
1.048072
3.212168
1.311036
1.602044
1.162576
1.326746
1.676201
2.565986
1.484403
2.144041
1.615841
3.941328
2.417695
1.490675
1.686839
1.548075
1.731854
2.736747
1.696705
1.184532
2.627620
2.130819
1.799804
2.723583
1.880316
3.762460
2.925585
1.999772
1.296729
3.214593
1.231497
3.489424
2.418009
0.933427
0.392206
2.934575
3.300451
0.910964
1.117871
1.092418
3.503677
1.959322
2.011232
0.763824
2.116989
2.860112
2.273057
2.272601
2.190061
2.194818
3.282586
1.372311
1.715884
2.261668
2.015656
1.301647
1.596342
2.962608
0.329130
1.004104
1.318670
2.932677
1.762113
1.656116
3.042362
2.001596
3.001247
1.318404
2.617237
2.652561
1.097008
2.063053
1.471219
2.388187
1.723378
0.642290
1.381278
0.653552
1.910229
1.459481
1.630677
2.240097
1.038393
1.196885
1.030368
3.657477
2.680812
1.532538
1.748374
1.951400
1.082212
2.587374
2.300334
1.728733
2.156929
1.229750
1.696592
1.422077
0.970801
2.910214
0.585925
0.834636
2.772824
2.322547
3.642695
1.478757
2.691443
1.603570
1.710911
0.960926
0.831158
2.679068
1.280269
0.805034
2.354352
2.497210
1.044470
1.775272
3.672271
1.378899
2.308001
1.678605
1.278307
1.717265
1.304331
2.204770
2.052486
1.255879
2.363444
2.868048
4.107147
2.468701
0.748928
0.708247
1.911656
3.916425
1.641097
1.202453
1.185308
3.059132
2.271415
1.979740
0.928694
1.547331
2.251894
1.285693
3.121231
4.444264
3.240248
5.773551
2.837623
2.021167
1.535393
2.375847
1.384837
2.146001
1.657217
0.955203
1.236702
1.845805
2.318686
2.201641
3.275276
2.061317
0.966751
1.714078
3.539978
1.908175
1.645996
3.322164
1.144101
1.468787
0.982449
1.506940
2.028195
1.845139
1.318535
2.069830
2.316973
1.202695
1.147631
0.945431
1.608893
1.508962
1.603376
1.179128
3.330512
2.559713
1.917506
1.742096
2.512460
2.524096
1.181385
1.838797
0.426030
2.761634
0.793204
2.213685
3.290152
2.194513
1.852181
3.033765
1.314347
1.763347
1.825655
3.635852
2.464989
2.359538
1.690738
2.891569
1.993702
3.797661
2.649460
0.561610
1.828021
2.222187
0.709847
1.074238
1.288578
1.294585
3.905852
1.907883
2.765563
0.839459
1.928497
1.569488
2.158528
1.578941
1.665411
4.774626
2.006167
0.929058
1.473586
2.771060
2.914034
1.711860
2.962486
1.703607
3.556188
1.713837
1.306909
2.033232
1.263359
3.580405
1.651445
1.825392
1.796947
1.164546
3.865132
2.540064
1.111208
1.787497
3.575855
1.957231
2.807701
1.342347
1.501929
2.073078
0.987580
0.785348
2.061588
3.089177
1.692649
5.023198
3.853230
2.381459
1.889598
0.688638
1.648081
1.580226
1.029478
2.233284
3.073754
2.647594
2.318785
3.472184
2.785492
1.222230
2.347795
1.425565
3.230929
1.069173
3.766599
3.857631
1.159248
1.350958
1.474120
1.874929
1.876168
1.913386
1.056041
2.328508
1.321682
2.256708
0.836861
1.890446
1.151154
2.527418
1.321287
1.702384
1.834350
2.278464
1.146377
2.695436
3.283364
1.491482
2.113815
0.917902
3.213618
2.018168
1.897117
1.233260
1.854718
1.231839
2.008879
4.660351
1.744118
1.910528
2.738147
1.766574
2.250451
2.199857
1.144575
1.324569
0.879872
3.069712
2.442812
1.454071
2.409792
1.034393
1.631199
1.089841
2.763344
1.524240
3.507397
1.746855
1.315323
0.935986
2.685061
1.080263
1.800678
2.280166
1.698048
3.616596
2.469406
1.969679
0.776176
2.846206
1.920469
0.921841
1.670788
1.835151
1.352498
0.918512
2.395499
1.049091
1.465544
2.598938
1.989527
1.951538
2.242615
2.806524
1.095372
1.956769
1.416024
2.034702
1.433950
3.660185
3.126609
2.510700
0.925513
2.201885
3.609219
2.810245
1.571754
1.552881
2.196204
1.989870
1.506784
2.426724
1.563994
2.083265
1.642007
3.597092
1.167818
0.883815
3.548780
1.971205
2.866723
2.538716
2.859054
1.210009
1.158074
2.099758
1.013520
3.311180
3.505354
1.866245
1.631178
1.972965
2.050204
1.475234
3.202264
1.735472
1.297766
1.270166
1.563956
3.337026
2.624816
0.695149
0.974168
2.547189
1.384824
1.063761
1.800222
2.212888
1.975813
4.170972
2.412853
0.579790
3.296284
1.375178
1.107245
1.913235
3.283408
1.364462
2.261343
1.867941
1.905214
3.785083
3.040397
1.363482
0.400522
2.116598
3.118001
3.495328
2.926526
1.885993
2.340439
2.028857
2.298772
2.079812
1.299464
1.379852
2.759435
2.963158
2.019603
1.776774
2.804427
1.307156
2.529528
1.549416
3.204105
2.276694
0.617176
3.120687
1.954639
2.863754
2.434614
1.945667
2.199091
1.279014
1.584759
3.641372
1.396210
3.250679
2.678996
1.812265
2.071566
2.301037
0.507609
1.514861
2.115077
2.342893
2.390906
2.146514
1.365437
4.443475
1.680604
1.194571
2.075570
2.925656
2.202865
2.101192
0.862509
0.534356
3.329872
2.770341
1.603717
1.063443
2.602226
2.924715
1.046157
1.360755
1.282825
3.368134
3.001117
1.713137
1.221632
1.147929
1.039669
1.091435
2.260187
1.105613
2.083836
2.441149
1.769651
1.041731
1.769129
2.330253
3.347165
1.514585
0.871138
3.532024
0.884455
2.114706
1.768414
1.120537
1.798479
5.715333
1.849703
0.686932
1.388422
1.172145
2.542367
1.059635
1.429133
1.365299
2.110114
1.766357
1.868396
1.400258
1.873025
2.666186
2.456239
2.300304
3.290231
1.399495
2.191069
2.702484
1.387831
1.698598
1.126598
3.032834
1.839543
2.232578
1.107811
2.635497
1.403366
1.225468
1.744941
4.124609
5.200906
2.286617
2.998981
1.484535
1.995298
2.379378
1.969261
2.092716
0.786348
2.260125
3.092547
1.086890
1.374847
1.696769
1.680107
1.324130
3.432679
3.119397
1.746778
0.795479
1.507340
1.290803
2.560944
0.805533
2.256449
3.144923
1.948145
2.297131
1.768779
2.055942
0.748564
2.018536
2.121901
1.496256
1.484249
0.932288
0.712033
1.821107
0.857743
1.791240
0.791819
3.792390
1.898931
1.642672
2.242025
1.396232
1.509492
1.803773
4.299761
1.285284
2.109968
1.426986
2.603480
0.740324
3.076855
1.747830
1.462065
1.993585
1.290288
3.136099
2.643821
2.236989
0.566600
2.547319
3.634502
1.813413
3.713688
2.318314
1.042513
0.732651
4.560302
2.980720
4.861059
1.426697
1.914065
1.877865
2.068352
3.432546
1.968740
2.529026
2.320881
2.386668
1.594708
3.226982
2.264762
3.702693
1.720396
4.098591
4.559072
1.000651
2.230987
0.837616
0.981598
1.144890
1.887924
1.981935
2.957714
1.702739
1.908296
1.906809
0.519503
1.618093
0.849405
0.735471
1.520024
1.050106
1.196085
1.832565
0.659961
1.047022
1.063437
1.267004
1.122994
1.791209
1.433902
0.981991
2.720061
1.877407
2.052209
1.300492
2.596511
1.987371
2.900394
2.701274
4.338947
2.217256
1.377281
2.153055
0.930559
2.617510
1.151742
1.861985
1.868909
1.614412
3.665791
1.798216
1.024108
3.102801
1.556351
3.384820
2.434302
2.162468
1.493924
1.671177
2.276837
2.807059
1.919846
1.767307
1.340480
1.363739
1.065058
0.948028
0.975033
2.207802
1.417920
0.932537
1.618921
1.199137
0.974959
2.338143
1.291614
0.801869
1.842713
3.654378
1.458607
0.966629
2.375912
1.654740
2.102470
1.322661
2.648080
1.802550
3.977798
0.514085
1.333523
2.778697
3.243958
1.547389
1.877579
2.479379
3.165779
1.415453
2.298901
1.215585
1.324940
1.758317
1.272382
2.706593
1.902702
1.382837
1.096573
0.794842
3.519124
0.969715
3.025856
1.835554
3.716200
1.581397
2.081886
2.415672
3.011004
2.203020
2.667801
0.778418
2.832702
1.398556
1.673030
1.475304
2.158818
1.083006
2.272011
2.426399
1.813162
1.836510
1.704108
3.605636
1.157641
1.719132
1.275465
1.867983
1.868162
1.833746
2.031690
3.546663
3.637950
1.376202
0.968820
1.261329
2.452616
0.709156
0.707315
2.083817
1.755029
3.212542
2.830454
2.579579
1.761683
1.086053
0.961834
0.509194
0.553643
2.074855
1.273821
2.551076
2.014122
0.810786
0.938243
3.858872
2.781389
1.187101
1.121992
2.850638
2.138134
2.070064
0.848478
0.810334
3.281557
2.646590
1.927097
3.897296
1.717021
2.608406
1.339150
1.367673
3.002130
1.657831
2.402811
1.902982
2.129700
3.851411
0.939283
2.398123
1.886451
0.372139
0.710074
1.774633
1.715361
2.169489
2.349723
1.534504
1.780083
3.142078
1.205890
3.887581
0.563501
3.207020
1.849629
2.970358
1.806550
1.877068
2.109336
1.180772
0.890651
3.333923
2.926656
1.388166
3.467875
2.070908
2.114527
3.531031
1.878943
1.857147
1.649233
2.638011
2.426066
1.254852
1.727176
1.079630
1.573998
2.990074
2.908478
2.961838
0.941087
3.057160
2.968767
3.472902
2.634940
1.823738
0.451946
2.660470
1.900924
2.662309
3.687085
3.385912
2.187521
2.513530
2.921453
2.002863
1.189474
1.735264
1.773324
1.642100
3.615963
1.933272
1.749413
3.568052
2.421287
2.631577
2.147639
1.183071
1.250144
2.980855
1.524309
2.480070
2.137167
1.865026
1.365364
0.885798
1.418997
1.969621
2.727539
2.947265
2.260680
0.785519
1.326835
1.992791
1.148904
3.254510
2.820380
2.072766
1.024742
1.211388
1.765067
2.192135
2.663460
2.501522
2.583933
4.105851
3.044902
0.954090
2.480465
2.071299
2.823405
3.003955
1.894003
2.373320
1.035284
1.719477
1.424756
3.511372
2.497127
1.661632
3.285764
6.598337
1.890331
1.128037
1.350002
2.077746
2.376433
2.044257
0.764029
2.778727
2.497179
1.931459
4.080588
1.960375
1.340428
0.628325
2.483388
2.358866
2.464128
3.017088
1.372066
2.199474
0.964384
2.561874
3.279696
1.954333
3.279477
0.524048
1.680029
2.190946
1.248129
1.260298
1.979943
3.484287
1.281843
2.922628
2.153730
3.442081
3.766171
2.150441
2.237529
1.785760
4.854311
2.129976
2.007389
1.101323
2.272096
1.947346
2.226596
1.622230
2.598345
1.339780
2.678734
0.664741
3.911604
3.619752
1.270199
3.359454
2.116562
1.451224
1.936985
3.154326
0.574780
2.199168
2.739492
3.727652
2.198900
1.988472
4.225889
1.395500
1.219040
1.870498
2.590185
2.378431
1.883401
4.086076
2.465085
2.473495
2.985461
2.096753
2.950956
0.898399
2.451465
0.727143
1.595680
1.024925
2.595036
2.386640
1.647774
1.787535
2.262302
1.108665
1.083685
1.509197
2.308643
1.243411
0.764453
1.062610
1.223066
1.344668
1.865754
2.400457
1.851848
0.658740
0.336243
1.131909
1.305667
0.788855
2.154403
2.309858
0.650137
1.407054
2.496693
1.078333
2.373933
2.974323
2.093406
1.204779
1.355643
1.736335
0.673148
1.882912
2.921776
2.488550
2.411778
1.460418
1.859994
3.327578
1.793498
1.738079
2.339868
2.351376
3.612776
2.653936
2.142036
2.088962
2.130609
1.381185
5.480796
1.145182
1.348718
3.615749
2.865129
1.565904
1.112674
2.602247
1.476187
1.224485
2.477310
1.481842
0.634483
1.432716
4.302642
1.867285
2.147813
3.079758
3.137518
0.950160
1.332375
2.702090
1.292346
1.960803
2.843994
1.013663
1.578617
1.081018
1.475119
1.009694
3.378211
1.135696
1.949486
2.341027
1.388764
4.065847
2.569235
1.929545
3.451455
1.002965
1.814719
2.365263
2.258458
1.800235
2.546131
1.244795
2.881998
3.544699
1.843540
2.081211
1.493173
1.688808
1.829457
1.570478
1.705580
2.123729
1.110706
1.047961
1.443670
1.721521
3.558911
2.001140
1.756884
2.395651
2.681294
1.393474
2.395118
1.795315
3.708418
2.491613
0.722405
1.122562
2.676147
2.629966
2.280067
0.944490
2.483020
1.696974
1.310431
3.893712
1.048290
2.783478
2.362070
2.268232
3.473157
2.656860
1.188004
3.044716
2.439344
2.795586
3.046143
2.487763
2.280844
1.071561
0.992496
1.975508
1.417150
3.067442
2.831783
1.057819
3.173533
2.201538
1.467899
2.024376
0.795263
1.804094
2.220799
1.907012
2.159140
2.374582
2.528240
0.915097
1.681783
1.286388
0.774579
0.933168
0.861241
1.665810
2.667278
1.518850
1.805124
1.308665
1.781232
2.045384
1.161247
2.299242
2.617707
1.831703
0.977704
1.922839
1.601585
0.897499
1.137347
1.416825
1.736133
4.445034
1.494963
1.068764
0.544722
1.751307
2.829844
0.736853
4.084946
1.264695
1.473659
1.329811
1.163727
2.286314
1.041108
1.433203
1.555638
1.313500
1.759275
0.861844
2.372736
1.081320
0.961792
4.941884
3.096051
0.766440
3.066972
0.910034
2.086895
1.483581
1.782696
2.112054
1.809856
1.870578
1.801643
1.267906
1.162934
1.066660
1.915776
3.130795
2.650122
3.150821
1.957373
0.654495
0.917687
2.631899
1.181818
2.838673
2.868733
2.587652
3.286938
2.573598
0.539773
4.084314
2.630312
1.901404
1.891228
1.609842
1.175993
2.379031
1.650970
2.527034
2.206416
1.385482
0.770316
0.918459
3.782144
3.380536
2.680147
2.100556
2.043852
1.806376
2.340560
1.390004
2.183138
3.179925
1.109841
1.189803
3.793636
2.669676
0.821256
2.392983
2.258309
1.865676
2.362583
2.550687
3.399408
1.499964
2.894407
2.714934
2.598863
1.636119
1.080271
2.797582
2.754481
1.606461
1.560865
1.329981
0.386755
2.517768
1.588961
1.422808
1.709864
4.823171
2.857942
2.100545
1.124530
3.647402
1.554427
1.892540
2.031242
1.651412
1.696806
1.749842
3.914766
2.473448
2.018036
1.638819
1.473453
2.432151
2.047554
2.071596
1.513262
3.485047
3.387630
1.552656
2.907703
1.436191
1.695797
1.662386
0.861636
2.863483
4.940036
1.257141
3.707056
0.855875
1.274677
4.269368
2.433505
1.193293
3.107290
3.153707
1.677814
2.263366
1.693061
2.207898
1.532470
2.382092
1.314529
1.851439
1.641166
2.176297
0.852325
2.052317
1.669210
1.929648
2.284408
3.258707
2.700283
1.224943
1.582340
2.582214
2.753266
1.165632
2.191403
2.187883
1.681847
1.978186
4.382932
1.724528
1.244022
2.559792
3.677648
1.503172
1.534480
1.525628
3.016879
2.706454
3.628294
4.393859
3.706805
2.737707
3.081808
0.868417
0.878679
2.907856
2.963091
1.371739
1.160539
0.743996
1.195593
2.204380
1.139643
2.201727
0.406606
1.872101
1.402586
1.385363
2.657034
2.177477
1.824209
1.418157
0.398108
1.129414
1.780074
1.084553
1.919053
1.622977
2.756324
0.773499
4.292744
2.136851
0.922673
1.091489
1.765301
3.829215
0.777160
0.835706
1.038859
3.940040
1.786832
0.679653
0.516203
1.636397
2.812330
1.113299
3.714177
1.936269
2.199539
1.649244
1.448729
1.243019
1.691064
2.505785
2.626186
2.399974
1.270749
1.645860
0.482819
1.332195
2.458662
2.873244
1.148960
2.482792
2.593912
1.143872
0.844927
2.405167
1.731213
2.010881
4.102121
1.311300
1.713271
2.760704
2.630293
1.196551
1.982740
0.772658
1.881866
1.983453
0.957736
0.900594
1.331503
1.924043
2.665744
1.491773
1.385133
0.850011
1.073632
1.450942
3.616002
1.267326
2.179014
1.258837
1.626255
2.242068
2.442234
2.263088
2.410525
2.085006
1.272148
1.875264
1.488300
0.971637
1.761751
1.534829
1.944254
5.856387
1.645591
2.378969
1.076267
0.751811
2.243913
1.923806
3.667785
1.440162
3.889205
2.220038
1.888592
2.138776
3.257577
1.952140
3.191334
1.815606
1.425766
1.308427
4.392759
2.116083
1.967562
3.631746
3.218894
2.802690
1.120928
4.260523
2.694572
1.384979
1.389384
2.931441
1.746133
1.056603
1.003585
1.569061
1.010766
2.777244
1.014480
2.864841
2.559166
1.248048
3.227313
1.934930
1.802133
1.074516
1.559911
4.428419
1.381589
2.826650
0.952121
1.304239
1.869849
0.780669
2.101252
3.580621
1.035247
2.653080
1.610922
3.875074
1.464563
4.916221
1.790633
0.844018
2.717728
1.350538
1.991329
2.390097
2.019603
1.509368
1.464674
2.993764
1.798391
1.689416
2.386575
2.113341
3.014847
1.149146
2.551059
2.238433
1.299851
2.138313
1.587397
1.269373
5.073469
2.114792
2.811663
3.323140
2.880303
1.993911
2.133910
1.694694
1.204257
1.494664
2.572305
2.081485
1.553161
2.548126
3.654601
0.490179
0.959961
2.708797
3.862753
1.453385
1.864878
1.762462
2.568110
1.494938
1.133496
1.239116
0.710669
1.139436
1.397705
1.609337
2.203761
1.463116
1.029579
2.551509
3.388511
1.583479
2.623910
1.737985
2.224708
3.791104
2.018058
2.352652
0.879483
2.720703
1.571994
3.198667
2.364546
2.043689
3.023110
2.408365
1.659420
3.019848
2.247339
1.378866
4.958315
1.576493
1.807924
1.560026
2.355918
1.742065
1.155042
3.085038
2.592409
1.311527
1.944684
2.940641
0.877817
1.270481
2.065361
2.333767
2.103188
1.195633
2.982214
1.093482
3.210265
2.109093
1.062092
1.315701
1.428233
2.533271
2.997377
1.472859
3.056229
1.635523
1.538456
1.426270
1.467820
0.783781
3.439597
2.858337
0.954766
1.909671
0.741831
2.808646
2.698922
0.852929
1.363209
3.009612
3.807267
2.016769
1.615429
2.156643
2.031878
1.850041
1.305151
1.338123
2.096882
1.471022
1.048800
0.907586
1.601322
3.089989
1.902301
1.655359
0.622487
3.687460
2.377553
1.893988
1.120650
2.123458
1.576632
1.825780
1.015498
2.518433
3.215731
1.677212
1.824476
0.543857
0.947556
2.031399
2.627024
2.885286
2.184043
1.159192
1.724609
3.046446
4.254379
3.806236
1.518041
3.132474
3.611788
2.225172
1.604914
0.740855
3.198750
2.996911
1.478640
2.575003
3.267806
3.185631
2.802509
2.348912
2.352834
2.898306
1.944845
3.968710
1.934411
2.166535
2.124473
3.557536
2.041741
1.841968
1.507704
1.732492
2.779649
1.815131
2.725515
2.318152
2.743035
0.923290
0.998565
2.464888
1.966426
3.204223
2.028178
1.370635
0.620566
2.605677
1.598877
0.964739
2.194107
3.883781
1.826271
2.698148
1.611244
1.354677
3.297694
2.213748
0.648970
1.313024
1.939605
0.888780
0.591971
1.862544
0.968316
1.208691
1.499428
2.080357
2.824036
2.402425
0.821241
3.313472
0.502325
3.301590
2.464564
1.032304
2.796883
1.294281
1.067644
1.321185
0.525249
1.910765
2.858785
1.741511
3.146504
1.306452
0.915108
1.268741
1.923446
1.461315
2.902015
2.310777
1.176496
4.721053
2.528617
1.482715
1.908272
1.348334
2.458297
1.645971
1.677493
4.568904
1.338585
1.599279
1.202402
1.693871
1.474673
0.775035
2.425536
2.068929
1.551676
1.925415
2.940521
2.857473
1.430611
2.833055
3.118944
3.471607
2.389036
0.812354
3.472476
1.462176
2.278985
4.252275
3.586063
2.976547
1.061753
0.639198
3.191515
0.730085
1.381484
1.394715
1.183617
1.951615
2.696743
1.466451
1.786531
1.508034
1.886295
2.799211
1.165279
2.874369
0.451696
0.734999
1.808362
2.386927
1.855463
2.045416
1.060907
1.585503
2.380440
1.635144
1.955264
1.839266
2.581803
3.489327
2.065632
3.264457
2.423108
1.349924
2.398071
1.182666
1.007790
2.445704
2.655420
1.852265
2.655488
1.191977
1.988412
2.054249
1.517920
2.641131
1.206292
1.469176
1.743043
2.155943
1.212568
2.095406
2.648195
3.254764
5.466996
1.990032
1.348313
3.812552
2.403972
2.536624
2.464580
2.797557
1.329585
2.369696
2.708417
4.215362
1.880203
1.697845
1.560704
2.385317
2.657445
2.465234
1.090505
0.472429
1.468475
3.100643
2.016857
2.842730
2.020696
2.268907
1.250684
2.673675
2.226710
1.722925
4.644414
1.146051
0.812263
1.962190
1.209704
1.373400
1.647913
3.625153
1.738019
2.668044
3.117656
0.602971
2.303863
1.444036
2.199908
1.370801
1.168209
3.350382
1.961147
0.879993
1.520613
2.122294
2.079455
1.793502
1.879110
1.874594
2.081276
1.558137
0.151288
3.466820
1.461443
0.324896
2.857247
1.964902
3.643130
0.850698
1.171525
1.075507
3.208498
2.931964
2.384068
2.710192
2.055499
2.303989
1.853853
2.239639
3.422454
1.390741
1.437675
2.469067
0.856206
2.411346
2.516702
1.359049
2.159351
1.555749
1.965295
1.384416
5.274320
0.267378
1.980332
1.539781
1.553054
0.887834
2.447377
2.060309
2.235332
0.633598
2.216777
1.256967
2.433674
2.783549
2.806472
1.505150
1.647483
2.255166
1.656510
1.616243
1.694419
1.219070
1.546208
1.114230
3.096704
1.322183
1.864477
0.697693
1.660433
3.681955
1.276637
1.498736
1.854379
2.185020
1.235553
2.696825
1.371234
2.760177
1.143809
0.556122
1.900982
1.371478
1.238333
2.354452
1.929420
0.956544
1.588019
1.499788
3.746608
2.005281
1.523003
1.523134
0.578163
1.451051
4.547953
2.074727
2.579652
1.904706
2.164522
0.635280
1.486825
1.256675
1.878315
2.489324
1.812866
1.707377
1.356323
3.036350
2.066556
1.655276
2.707480
4.510058
2.003676
1.707352
1.673604
1.940132
1.855748
0.906779
2.501655
2.259921
1.114412
3.224542
2.172164
0.642736
4.889739
3.125068
2.578975
0.799258
1.343440
1.168552
3.493903
3.958524
2.098260
2.743581
2.295385
1.850430
1.771309
1.403941
3.798575
0.399561
2.420282
1.993284
1.277707
2.102460
3.369781
0.772178
2.798904
1.800196
0.928332
2.423624
3.560517
1.808338
1.859020
1.846702
1.100760
1.897624
1.537729
3.658775
1.039275
1.528178
1.865509
2.297025
2.137146
1.330338
1.841942
2.723973
1.681660
2.290431
0.903934
1.525443
0.551377
1.844546
1.767273
1.938795
4.218544
3.236077
2.821522
2.889914
2.795469
2.428709
0.744670
2.426418
1.127263
1.109917
3.427320
1.256848
2.190870
2.078456
2.426883
0.695941
1.464573
1.883178
1.418421
2.619417
2.264672
1.828253
1.811112
1.080010
3.275259
2.085934
2.186006
1.352626
1.335753
2.082890
1.811211
2.323346
1.601513
3.234777
0.771247
1.906508
0.849367
1.861988
1.120098
2.523551
2.201864
1.731963
1.796758
2.710489
1.722251
1.852563
1.805897
2.410677
1.667434
1.138696
2.455871
2.034835
1.670927
1.056800
7.072405
3.434636
2.146981
1.455744
1.272167
2.201140
1.345855
1.192222
1.930204
2.072637
1.136876
3.246207
2.887664
5.788937
1.124253
1.473720
1.934430
0.794267
2.015883
1.782735
0.992632
1.985633
1.933576
1.887295
1.039050
2.872523
4.141854
2.132977
4.961879
1.593583
3.419994
1.416443
3.966366
1.173711
2.732744
1.949937
2.033163
2.155055
1.414487
1.950713
1.652388
2.234264
1.684381
2.562084
1.043394
4.082834
1.446563
0.895358
1.340486
2.281075
0.517035
1.356143
1.688519
1.631884
1.753232
3.729728
2.779383
1.144281
2.548980
1.280961
1.245953
1.750142
1.005714
4.400380
3.877168
1.712874
1.800749
2.613225
2.988647
1.656582
1.274823
1.126116
0.469595
2.873935
1.475898
2.358847
1.637168
1.985425
1.734408
2.134828
1.257866
0.986510
3.385634
1.803296
2.654241
1.925019
2.854838
0.482570
1.817472
2.162569
0.790654
1.718443
1.823346
2.075494
3.173675
1.692383
1.410156
2.812939
3.870018
2.006980
0.846909
1.657187
2.330947
1.219602
2.526764
0.951286
2.129552
3.767943
1.631841
2.341909
1.704243
2.985972
1.118144
3.554722
4.225311
1.745678
2.428343
1.896924
1.746079
2.569864
3.130451
2.132680
1.260006
1.594190
2.648191
2.094639
0.771691
4.473705
3.764070
2.754026
0.286800
2.882015
2.194854
2.055301
2.757403
1.344197
2.372738
2.552127
2.468802
1.122337
2.876699
1.371491
1.810580
2.525511
2.208472
2.134895
1.400661
3.247157
0.778416
1.093654
2.133633
1.623245
4.391325
1.029056
1.288531
2.385058
1.353478
1.592807
2.898021
1.133404
1.584179
1.727661
2.162968
0.790267
1.775962
2.473399
2.262858
1.601106
3.723367
1.185498
2.652114
2.228445
0.833948
3.305866
0.878959
1.248615
1.278510
2.015991
1.721934
2.916086
2.541512
1.263140
2.062031
0.657631
4.308102
1.180364
0.750974
2.043588
4.035659
1.290059
1.914366
3.214495
3.226240
2.665475
3.239123
1.305287
1.053326
1.838148
1.648509
2.161989
0.840063
2.173503
2.064854
1.388563
2.926589
1.899639
1.993011
2.668736
0.778010
1.318608
1.596608
0.914958
1.675147
2.082875
3.024892
1.217172
2.618770
0.894840
2.171708
1.762117
3.017685
1.516570
1.460679
1.827287
2.125767
2.124767
1.636722
1.856382
1.633305
2.360196
2.687473
1.373710
1.154445
1.918157
2.026179
0.861890
0.760055
1.956514
2.372545
0.699024
2.190990
1.848682
2.051253
0.792469
3.222978
2.274118
2.408571
2.097112
3.347397
1.439904
0.797918
1.361011
2.536976
1.164065
1.691403
1.050766
1.910988
3.166756
1.773637
0.545225
2.806580
1.407696
1.655171
3.414029
1.256488
1.095131
2.192055
2.058425
2.266091
3.825677
2.458343
0.748835
1.007279
3.147525
1.670872
2.053635
1.004269
0.231044
1.717558
1.260398
2.028518
1.267403
1.526112
2.574173
1.954959
1.523654
2.128547
1.753786
1.101556
1.281977
5.337463
1.919233
1.779528
1.374622
2.311695
1.365210
0.887254
2.248214
2.192267
1.521993
2.051422
3.938985
1.960810
1.818500
2.032306
1.207695
0.744536
1.893179
2.668665
1.192108
1.988926
1.579943
2.029991
0.674600
1.467659
1.066272
1.527616
3.763598
1.775141
1.537938
1.690023
0.864156
2.586415
1.506043
0.815536
1.400701
2.098936
0.796499
1.527390
2.924822
0.757006
1.792899
2.219688
1.278614
1.215882
1.219210
3.176120
3.351168
2.995618
2.053516
1.180451
4.610492
1.405483
0.842561
1.408417
2.855269
1.025365
1.370891
3.140476
2.030109
1.580327
1.695510
1.633609
2.240647
2.284756
1.371017
2.440124
1.806880
1.753448
1.040548
1.209190
1.526852
1.651231
0.989419
2.300549
1.595980
1.014588
1.087947
2.059608
1.313998
2.276614
1.423039
0.379004
