2.022598
2.247398
1.532943
1.660198
3.354711
2.039090
1.702639
1.231348
2.183342
1.353665
1.260094
1.661035
2.936156
2.095392
1.810452
1.845441
1.582791
1.576090
1.951061
1.711095
2.168604
1.812274
2.000212
1.504790
1.699776
2.031710
1.346849
1.601188
1.690373
2.376618
2.238702
1.910828
1.973435
2.733639
1.363167
3.002052
1.315842
1.967802
2.218000
1.941183
1.571863
1.711415
2.323664
1.961098
1.823047
1.683937
2.091042
1.030005
2.264100
3.464998
1.789532
2.755176
1.938068
2.139825
3.450178
2.391486
2.560791
2.008901
2.596234
1.553203
1.852661
2.272504
1.634208
1.882291
1.126234
1.872393
2.825592
2.936981
1.833482
2.534644
2.297075
0.828968
2.213023
2.852474
1.605275
1.659901
1.525157
3.399029
2.118598
2.021565
3.129546
2.087021
1.979736
1.224839
2.632793
2.165583
1.474084
1.775013
2.276870
2.279825
1.858658
3.238672
1.754447
2.195741
0.800173
1.506396
2.295459
1.473167
2.148594
1.507868
1.851035
2.552752
1.975735
3.158335
2.649357
1.499855
1.934676
1.765674
2.088478
2.081900
1.799077
2.361740
2.133513
1.189108
1.531667
3.012095
2.714655
1.563258
2.190138
2.208939
1.701896
4.051112
2.754733
1.892249
1.862542
1.626709
1.469231
1.971633
1.265402
1.798159
2.759027
1.027478
1.770392
2.428943
1.813063
2.883124
0.573612
0.982547
1.457156
2.966652
1.864006
1.645209
1.073522
2.312936
1.039485
1.681038
2.095718
1.749434
2.837653
2.877411
2.636737
1.698593
2.166713
1.121907
1.730519
2.903814
1.012326
3.283867
2.398403
1.569201
2.453110
1.839146
2.576632
3.412257
1.943584
1.527429
3.152802
1.591346
2.694709
2.504646
1.690873
1.117834
2.678095
1.374706
1.684634
2.018883
1.977927
0.890116
1.516247
2.557603
2.004486
1.324517
2.389365
2.019641
2.657826
1.077937
4.052380
2.109860
2.055355
1.708585
1.947099
1.651772
1.381413
2.028811
1.795829
1.974183
2.702555
1.511361
2.301008
0.874031
2.518897
2.500995
1.772637
1.500642
2.819875
1.923783
1.074085
1.705242
2.674966
2.379574
2.230800
1.872073
1.498829
2.806545
1.495209
1.110913
2.142487
1.884058
1.521751
2.580956
1.835908
1.338308
1.575723
1.171068
2.698387
1.058284
2.513013
1.896050
2.172718
1.741298
1.880804
1.775320
2.538635
2.873736
2.594614
1.977395
1.877952
1.277999
1.523956
2.625376
1.780661
1.605501
2.846157
2.562000
2.241511
1.968204
1.171348
2.151664
1.861374
1.220563
1.269774
2.346160
1.832656
1.889670
1.812664
0.940342
1.245783
2.804869
2.814009
1.626306
1.637555
1.752781
2.600713
1.365405
2.272202
1.456784
1.474874
2.907228
1.587803
1.556495
1.647719
2.098918
1.586025
1.451755
1.326935
2.008992
3.177412
2.844278
1.161351
2.434242
1.424075
1.379377
1.663391
1.982565
1.068096
1.822898
1.671073
1.672064
1.790528
2.245042
1.668258
2.467519
3.233182
1.490759
1.130220
2.104231
2.576083
3.381109
2.189746
2.894925
1.131424
2.024208
1.819774
3.760373
2.715576
2.128623
2.016503
2.556571
2.583883
1.877034
3.024494
1.448094
1.784424
1.389909
1.745626
1.268215
2.137577
3.089967
2.347469
2.489147
1.202922
1.810163
1.615655
2.169956
2.334933
1.264717
1.735529
2.075842
1.966899
2.039531
2.543186
2.949479
2.457561
1.912531
2.441012
1.282197
2.987090
1.581074
2.235914
2.098773
0.570257
1.910336
1.843082
1.213427
2.244543
1.831057
2.533451
2.549231
2.071524
1.283851
1.066106
1.810808
1.386166
2.438130
2.203893
1.484764
2.102354
1.729536
2.412678
2.058548
1.526613
1.456513
3.059002
2.089782
3.210182
1.301766
1.821215
2.859317
1.480415
1.012560
2.263775
2.765193
2.752839
1.182266
2.122422
1.121157
2.106482
1.811972
1.706076
2.162429
1.974904
3.248301
1.771528
1.271894
1.816655
2.438475
2.921849
1.523272
1.373246
1.321680
0.829382
4.042264
2.124041
2.231513
1.442560
1.934242
1.490144
1.729580
2.675209
2.876912
2.088801
2.026656
3.976634
1.630726
2.704539
1.969412
1.176607
1.727640
1.150523
1.550463
1.590792
1.949697
2.210657
1.770795
2.966523
2.208854
2.668184
1.598035
0.772137
1.827253
2.267482
1.753802
1.271016
2.510735
3.697167
0.713584
1.502240
2.034565
1.286547
2.423841
2.964974
0.908722
3.698569
3.154208
1.913122
1.517275
2.255964
1.421183
1.899265
1.354604
1.153953
0.746937
2.068770
1.633758
1.920313
1.506917
2.827882
1.387142
0.573649
2.948476
1.908538
3.366903
1.400505
1.430669
1.839852
1.559878
2.603823
1.349356
1.496189
2.239010
1.597174
0.908394
1.652444
1.041401
1.636253
1.037075
1.830436
1.287292
1.536257
1.207059
2.280321
2.116866
2.086918
1.593691
2.293068
1.944644
1.859939
2.757814
1.861854
1.311986
2.605316
2.047693
3.281273
1.784261
1.418458
1.043346
1.661317
2.540906
1.162423
1.991572
2.181663
1.821241
2.032352
1.745504
2.574745
1.687222
1.705897
1.036566
1.499227
2.011050
2.659382
2.015652
1.952807
2.969900
1.642426
2.116600
1.894783
3.041670
2.851543
1.451632
1.726325
1.050705
1.650201
1.425317
2.172441
1.943268
2.554074
2.175778
1.699176
2.022862
2.513457
1.005041
1.399049
1.828822
1.801908
1.852601
1.878155
2.047587
2.057448
1.141583
1.992646
1.007229
1.823829
1.697752
1.469231
1.694118
2.801230
2.058618
1.102381
2.456025
2.364189
2.229773
2.111417
2.071005
3.265017
1.015522
2.512380
2.019897
2.074823
1.185104
1.456514
2.773754
1.570090
1.967755
2.715342
2.039016
2.049131
2.730076
2.017519
2.491808
0.827391
1.348450
1.751220
1.496004
2.636884
2.443424
1.553055
1.364094
0.978618
1.270871
1.984902
1.565333
1.702413
2.696364
1.598476
1.237461
2.433953
1.493293
2.024157
1.701483
2.004623
2.747307
0.654990
1.445857
3.405682
2.355225
1.590391
2.849526
1.247413
1.666614
2.062187
2.538118
1.799891
1.406798
1.498016
2.276731
0.992451
1.371867
0.976907
2.517822
2.158125
1.062512
2.194409
2.058288
1.505916
1.601651
2.361548
2.751700
2.239777
2.969977
1.808900
2.223649
1.119149
1.786000
1.784745
2.289866
1.636556
1.987389
2.794662
1.608541
1.717210
2.025715
2.253396
3.518277
1.826135
2.043027
1.180467
2.997715
2.293218
4.351545
1.497230
2.113800
2.019131
2.227420
1.741523
1.415742
2.128817
2.874433
1.037790
1.654729
2.638908
2.604374
3.397226
3.660622
1.514019
1.991619
1.343110
1.536865
2.097869
2.359815
1.737778
2.185544
3.001422
1.442098
1.932333
1.664451
2.552209
1.016210
1.933367
1.543557
1.721150
2.462357
1.622413
1.747106
3.251655
1.687101
1.860884
1.732971
1.907213
1.485627
1.694287
1.724934
0.981188
2.052905
2.235705
1.418788
1.831278
1.391725
2.895098
1.223534
3.164288
2.528513
0.921659
1.525876
1.451174
2.799839
2.998289
2.291501
1.796700
2.387468
1.819053
2.014109
1.934245
1.369268
1.251351
1.632087
1.319892
1.760223
1.439585
1.720222
1.411736
2.144247
1.834967
1.666476
1.129406
1.794269
1.510608
1.923718
2.622635
2.192070
1.549093
1.602476
1.711977
3.602925
2.021064
0.810395
1.255503
1.429385
2.956778
1.505270
2.214928
1.692966
0.987480
2.954219
1.388592
3.052502
2.322740
1.674021
2.347320
1.416602
1.644370
1.811020
1.701207
3.119251
2.572985
2.720003
2.246110
2.964904
1.725438
1.611685
2.303218
1.626643
2.028121
2.182859
3.072711
1.896456
2.443614
1.626655
2.926431
1.496042
1.498479
1.920695
1.473134
1.873911
3.386117
2.544841
1.293916
2.060275
1.776274
1.771989
2.470821
1.504296
1.808748
2.800803
1.587052
1.300600
1.295391
2.076317
1.813950
1.539048
1.865886
1.939554
1.105659
1.430392
1.668339
1.975473
1.199778
2.109955
2.057144
2.734468
3.119829
1.954882
1.449122
3.939074
2.176532
1.979207
1.835775
1.514689
1.019914
2.617661
1.496187
1.599808
1.764435
2.772038
1.462234
2.289798
2.023367
1.978795
2.261396
1.694891
1.091397
1.758344
1.290560
1.646772
2.860600
2.579142
2.515723
2.075715
2.603308
1.446887
1.913281
2.397634
1.758523
0.754677
1.995507
1.415766
0.905053
1.030979
1.963050
1.610601
2.092856
1.866929
1.659071
2.309697
2.111685
1.117935
2.694859
1.032396
2.107912
1.522313
3.041422
2.299447
1.596827
1.867189
1.576660
2.709807
4.073798
2.580016
1.957540
2.159891
1.975182
1.419783
2.608760
2.552928
4.413296
2.176403
1.377834
1.545753
2.880893
1.171455
1.399550
2.679888
2.025853
2.252505
3.242148
1.188257
1.085693
1.914741
2.835101
2.094229
1.671188
3.568397
1.930101
0.771683
2.052001
2.563414
1.722666
2.007359
1.263635
3.144024
1.465756
2.175960
2.337482
2.561897
3.006968
2.561278
1.401835
0.851426
2.863565
1.849069
1.836032
1.548006
2.427280
2.861225
1.551415
1.665333
2.205564
1.947825
1.905142
1.366844
1.610091
1.316841
1.693186
2.122533
1.365940
1.409961
2.313738
2.405344
2.057351
1.468552
2.139115
2.101891
1.383909
1.473773
2.129939
2.720272
2.692150
2.324122
1.952071
0.880453
1.607693
1.741169
1.251218
2.323354
1.404725
4.167530
1.373392
2.136069
1.800606
2.123816
2.910222
2.057812
1.398707
1.187376
2.472733
1.334934
1.243036
4.485499
1.887900
2.318538
1.964664
2.048098
3.637993
1.691099
1.930380
1.527380
1.206989
2.150104
1.213033
1.842199
0.760469
2.650985
2.729065
2.694077
1.270302
2.809358
0.829237
2.551215
2.501649
1.880339
1.651024
1.345679
2.233659
0.950683
2.208407
1.352428
2.121691
2.973732
1.689584
3.051557
2.245879
2.104739
2.246477
2.053530
2.051866
2.036066
2.225546
2.217852
1.759285
2.932394
1.901859
2.050196
1.484903
2.516181
1.992977
2.075626
1.529967
1.390884
2.435303
1.046721
1.948724
3.701233
2.049926
3.212619
2.490095
1.190553
1.360447
2.086487
1.412851
1.952643
3.184844
1.042722
3.110004
1.314059
1.426452
2.100147
1.808438
1.502396
1.883299
2.172030
1.838656
1.928478
2.578508
1.256236
2.933287
1.932603
1.577611
4.387908
1.604987
1.739041
1.269190
2.739275
1.812226
2.252350
1.264399
2.146231
1.303691
2.063923
1.457353
2.389654
2.078988
1.732556
2.313362
1.678178
2.269251
1.536756
1.755768
1.629683
1.508041
1.522251
2.725188
2.961220
3.023370
1.831774
2.559210
1.953881
2.322014
1.625101
2.972611
1.284263
1.906631
1.185635
2.217982
1.504143
1.025177
1.814116
2.227609
3.300157
1.750277
1.812318
3.045018
1.259029
1.993667
1.471997
2.132660
2.871443
2.261484
2.184888
2.179088
1.790305
2.326107
2.106787
3.306768
2.507879
2.072164
2.410136
1.079913
1.857281
3.509505
2.707666
2.157141
3.041777
2.650584
1.717533
2.444925
1.972896
1.463760
2.457334
1.191639
1.222769
1.421228
1.973968
2.013986
2.556186
3.051555
1.147514
2.097643
1.940088
1.769654
2.519706
1.200600
2.862499
2.309135
2.670278
1.883368
0.806295
1.154650
2.132130
1.466028
1.322802
2.620644
1.334805
1.954522
2.334702
2.526114
2.183554
3.806923
1.522750
1.872122
1.850530
1.398883
1.797784
2.372745
2.266480
1.925906
2.238593
1.987369
1.784827
2.545849
1.877582
2.010494
2.165029
1.909777
1.585364
2.311808
1.892897
1.177597
1.788196
2.519117
1.864982
2.266696
2.235088
1.980067
1.509228
1.064229
1.535911
2.111980
1.911691
2.703034
1.423218
1.724710
2.177703
1.348426
1.403293
1.326217
3.963377
2.558327
1.338459
2.693495
2.088180
2.285641
1.921370
1.417141
1.976963
2.421515
2.589576
1.455038
3.104118
2.774000
2.760990
2.930828
2.900836
1.791710
3.495103
1.340926
2.938814
2.355148
1.169375
1.754651
3.271093
3.113641
1.602623
2.024578
1.119444
3.067954
1.929820
1.853591
1.692535
1.009183
2.684550
2.137644
2.401128
2.365765
1.790160
2.674101
1.674348
1.503432
2.030290
2.307007
1.884869
1.488998
2.271253
1.969158
2.934378
2.438772
2.203585
1.808535
2.922101
1.081226
2.153397
1.795515
2.713332
1.181791
1.533526
1.540171
1.860394
1.080955
1.650987
2.827214
2.947109
1.776335
2.070648
3.267614
2.919312
1.585652
0.805374
1.644412
1.985922
1.952726
2.098734
1.823639
1.953483
2.276505
1.788777
2.192804
1.873388
2.096632
2.475133
0.791884
3.015156
2.266306
1.484478
2.328492
1.294048
1.920867
3.028168
1.797873
1.643159
2.376150
1.898193
3.608566
1.763691
1.861574
3.042715
1.724174
3.128762
2.601667
1.226883
1.533906
1.283558
1.815256
0.712349
2.140586
1.578087
1.376273
2.155006
2.734699
2.698970
1.999322
2.478107
1.605451
1.298418
1.950355
1.773234
2.712079
2.096217
1.959168
1.500127
1.699735
2.292102
2.959914
2.012094
1.663771
1.660322
1.821532
2.120851
2.401663
1.891697
1.913457
1.723941
2.847773
1.395004
2.387844
2.540201
2.143296
2.942688
1.353799
2.047224
1.388418
1.806932
1.761350
1.203667
2.369889
2.536504
1.981846
1.105735
2.380796
2.523870
1.626748
1.720143
1.970864
1.444328
3.047762
2.558279
2.581313
2.177671
2.178701
2.410119
2.427169
3.411563
2.658756
1.043732
1.997058
1.871481
2.325028
1.875491
1.576526
3.104246
1.917500
2.672109
2.123730
2.096261
2.123988
2.563773
0.890718
2.989535
1.050159
2.614265
2.798153
2.084717
2.165039
1.488092
1.495144
2.308444
1.382066
1.775467
2.335482
1.237049
3.362217
1.310989
2.611254
1.632330
2.306881
1.456401
1.239523
1.605868
1.619428
1.359376
2.062758
2.111237
1.319243
1.169933
1.381836
1.970056
1.524186
1.899321
2.524936
1.819195
1.745211
1.556276
1.455147
1.744569
1.267760
1.596161
1.872250
1.730780
1.689247
2.414858
2.270943
2.770883
1.491462
1.882814
2.863055
1.701798
2.275604
1.726951
1.976222
1.457709
1.525234
1.261371
2.517571
1.159234
2.730084
1.600953
1.940835
2.273275
1.334552
2.641313
1.796174
1.290528
1.218057
1.793708
2.412309
2.619032
1.923530
3.042912
1.657123
2.620257
0.988396
2.149021
1.925635
1.463587
1.618765
1.671424
2.900245
2.237665
2.666287
2.201011
1.627538
2.006026
1.242233
2.011086
2.198310
1.643523
1.615584
2.146006
1.405976
2.957054
1.516982
1.350051
1.713577
2.064649
2.860123
1.259067
1.801009
1.737751
3.193833
1.711430
2.632589
3.116080
2.587133
1.470418
2.569668
1.954315
2.232360
1.595880
2.364979
1.156556
2.438355
1.180355
1.568021
2.464062
2.074467
1.328518
3.453998
0.865519
3.348650
2.863771
2.712694
2.387824
2.325818
1.859164
2.608830
2.258631
1.914507
1.448134
1.485731
0.920735
1.821112
2.751524
1.933036
2.406267
1.320217
1.599227
2.844524
2.114882
1.369910
1.405074
2.318785
0.941795
1.874717
1.711972
1.188689
3.111252
1.410467
1.575956
1.547399
1.046012
1.736015
0.880654
1.296724
1.642608
1.552011
2.263726
2.218822
1.253753
1.885594
2.741415
1.905619
1.238666
1.864496
1.373050
0.905786
2.066262
2.086639
1.588838
2.409530
3.874983
2.125515
4.678065
2.203636
2.101377
1.220206
2.614498
1.487645
2.821950
1.418968
1.158661
0.858245
2.299485
1.479472
2.248550
1.680753
3.348819
1.662597
2.213235
2.440155
1.464345
2.606170
2.432665
1.210033
1.470061
3.035310
1.690078
2.038104
1.082974
2.233399
1.665037
1.623282
1.052227
1.613536
1.586076
2.060605
1.188312
2.491879
2.205249
2.080904
1.426030
2.625602
1.468237
2.040716
1.391846
1.333170
4.269300
1.691649
2.878885
1.527799
3.290762
2.126663
2.535415
2.422431
2.377518
1.449798
3.063806
1.599718
1.823643
1.444529
3.153728
1.558073
2.435672
1.785676
1.663388
1.627145
1.842169
1.703848
1.659570
2.486024
2.593958
1.436038
2.388578
1.887069
1.964010
2.413152
1.981558
2.604251
1.921439
1.918339
0.961543
0.986118
2.429083
1.190733
1.668764
2.281573
1.505069
1.520420
1.569274
1.947683
2.055375
2.869613
2.173686
1.557233
1.770884
1.681350
1.778843
3.077122
3.087444
2.561695
2.284570
3.116407
3.746107
1.776893
1.442249
0.989218
2.009152
3.347079
2.260673
2.163197
1.594807
2.035824
1.269747
3.757369
1.292118
1.543068
1.599405
1.799144
1.778491
1.600904
2.530674
1.261547
1.100347
2.888314
2.213362
2.389208
0.963326
1.270653
2.021566
1.970263
1.713761
1.771894
1.875260
1.387964
2.251038
2.014180
3.850320
2.994682
2.345104
0.861377
1.429454
1.635891
1.910526
1.888842
3.426387
2.573338
2.026103
2.338264
1.619182
1.765940
1.348287
1.711394
1.782754
1.790712
1.202693
1.225212
3.919962
1.648713
1.986267
2.209823
2.499441
2.621246
1.057424
2.426767
1.996809
2.140168
2.008049
2.351745
2.912933
3.585280
2.146388
1.101197
1.950758
1.862103
2.290274
1.675890
3.485094
1.580818
1.742412
3.122312
1.655166
2.567578
1.766463
1.533483
0.914036
0.943472
2.129941
1.503815
1.090856
1.128960
1.841306
1.349883
2.665701
2.122702
1.701195
2.552987
2.231870
1.640211
2.002498
1.720479
2.501036
1.923728
1.467227
1.865315
1.873853
2.266114
2.022021
2.992320
1.486150
1.500900
1.593488
3.091379
2.255617
1.361416
1.542859
2.539178
2.646099
1.141651
2.818679
1.668963
1.593634
1.791149
1.665251
1.569949
1.776751
3.121490
1.730947
1.586195
2.441970
1.672314
1.795505
1.121167
1.843054
1.480179
2.043771
2.515993
1.010453
1.804196
1.296394
2.190677
2.312145
1.494994
0.743438
1.401335
1.169230
2.303500
1.788631
2.275630
2.083157
1.066590
1.057954
2.104186
0.837615
3.243577
2.169057
1.966184
1.777740
2.119155
2.540985
1.355064
2.104476
1.827113
1.363498
1.006417
1.583149
2.214941
1.368394
1.333295
2.452635
1.941139
1.055033
2.501249
2.297491
1.443341
1.926672
2.440080
2.328876
2.759070
2.819816
2.135388
1.835289
1.180574
2.275458
2.061806
2.734987
1.259446
1.342351
2.893378
2.949724
1.233953
2.181546
2.920623
2.424695
2.856105
2.162142
2.418814
1.715838
0.932975
1.904313
1.153028
1.542349
2.613221
1.762392
1.660626
3.104913
1.782520
1.943336
1.909525
1.717672
1.750559
1.819457
2.678861
1.112338
1.438803
1.757968
1.910053
1.493402
3.738367
2.183296
2.378419
2.273031
3.874641
1.845061
2.379271
1.897423
3.092345
3.035932
1.970805
2.419656
3.101494
1.351716
2.521181
1.764169
1.084100
1.975180
1.709885
2.785265
2.031380
1.982543
1.924494
1.988575
2.212074
2.843018
1.816014
2.832667
1.222470
2.759837
1.301035
1.268836
2.833129
2.487012
1.750077
1.244665
1.155585
2.167603
1.347269
1.390021
3.050208
1.568124
1.295220
1.817628
2.056698
1.655478
3.032615
0.735481
2.994447
2.246113
1.832389
0.917513
1.848081
1.240102
3.008684
1.213152
2.317941
2.584829
1.342670
1.779419
1.059054
1.474843
2.027381
2.318065
2.052372
2.076144
1.582955
2.103905
1.015393
2.804346
1.342513
1.615135
1.893788
1.335643
2.080833
2.052429
3.208999
0.903144
2.103985
1.651839
2.093842
1.586008
1.905845
2.197450
2.576188
1.829754
3.153866
1.513497
1.016938
1.655297
1.777808
1.213316
2.101438
2.554349
1.331115
1.914776
2.086166
2.105617
1.935919
2.003728
2.623429
2.619606
2.779393
2.004702
3.028937
1.538494
1.594059
2.190486
2.209252
2.750707
2.039907
1.958158
1.872657
1.484321
1.849746
1.419862
1.184191
2.590061
1.040649
2.194134
2.377495
3.694846
2.267923
1.690403
2.100615
2.038832
2.954862
0.919384
1.453784
2.947586
1.429865
1.602620
3.007895
1.752382
2.247492
1.967605
2.473170
2.113377
2.310540
2.482718
2.294530
3.321019
1.976033
1.541998
1.601757
1.428544
2.579506
1.662460
1.133864
2.353984
1.059115
1.754441
2.003143
2.184448
2.153707
1.889350
2.297061
2.289104
1.961381
1.892781
1.337595
1.316805
1.704977
1.222347
2.650456
3.245655
1.716885
2.385267
1.268858
1.973833
1.041182
3.018753
2.685381
1.777913
1.706742
2.382355
1.492793
2.863726
2.469752
1.656979
1.531802
1.840719
1.844166
2.361971
1.713150
2.484495
1.636916
0.935619
1.982271
1.500106
1.667005
2.882402
2.784459
2.849522
2.067833
2.841186
2.497909
1.390999
2.219929
1.196838
1.888742
2.033014
1.753958
2.211341
1.392363
1.983760
2.440502
1.228559
2.528511
1.593029
2.696021
1.621383
2.663185
1.890924
1.393840
1.418332
1.592973
1.435475
1.777683
2.507601
2.244876
1.898121
2.155555
2.238794
2.255454
1.434093
1.617689
1.343435
1.834639
1.643797
1.314544
2.095789
2.533376
2.200042
1.724406
1.708237
1.615971
1.698593
1.387797
1.473889
1.557724
1.608965
1.656638
3.614212
2.832055
1.377289
1.996404
1.853351
1.624352
1.985985
1.244501
1.753369
2.800272
2.045415
1.750001
1.889671
2.801502
2.866721
2.152598
1.568449
2.036255
1.460810
1.259529
1.321364
2.307341
1.241618
1.315502
2.973437
2.196355
0.710501
2.476680
1.796875
2.533186
4.044065
1.825748
2.779685
2.102467
1.632003
2.290379
2.342365
1.763968
2.818229
1.392715
2.364567
2.088843
2.981415
1.758101
1.564924
1.734714
2.047793
1.668250
2.632665
1.890158
3.215206
1.735300
1.750871
1.691204
1.867397
1.640483
2.591743
2.647037
2.021563
1.418536
1.136252
2.846414
2.916850
1.377243
1.803516
2.058295
1.486809
2.582854
2.083899
2.537252
2.388278
1.068495
2.171796
1.638173
1.488025
2.174964
1.775166
1.121386
1.974615
2.060356
1.888642
3.024852
3.060427
1.488125
1.299422
1.510711
1.978832
2.256730
2.917883
2.116470
1.974931
2.527298
2.044742
1.180566
2.561713
3.122468
2.482487
1.970147
1.698896
2.107882
1.824487
2.662339
1.913297
1.361312
1.284988
1.463526
1.664989
2.872619
1.889250
3.029200
2.275886
2.978234
1.653393
3.442774
1.301290
3.063126
1.984132
1.647387
1.436930
1.584049
2.638582
3.225270
1.123029
2.124574
1.695916
1.856350
1.632185
2.371451
2.683461
2.353025
2.245811
2.335827
1.872691
2.014021
1.556872
0.883552
1.654229
1.775374
2.802237
0.789501
3.265158
2.063524
1.156750
1.344471
2.150313
2.148688
1.088622
1.450816
2.878026
1.236288
2.557909
1.710984
1.348927
0.574293
2.660172
1.631928
1.702337
1.434561
2.178483
2.355252
2.064485
1.784553
1.924262
1.819367
1.865815
1.042896
2.406365
1.844042
2.441441
2.274789
2.185991
1.457824
1.689385
1.190760
0.785125
1.339032
3.168611
2.191214
1.491675
1.870495
1.912964
2.906984
1.435414
2.061731
2.023616
1.546744
2.210839
2.920514
1.779585
2.919171
2.682459
1.100265
1.949355
1.908017
2.047788
0.889997
1.524934
1.921740
1.803657
2.010643
1.375122
1.686908
1.868843
2.811817
2.612351
2.278250
3.280065
1.663794
1.941009
1.488809
1.291494
2.268090
1.886591
1.262397
1.463366
2.784888
2.160298
2.842252
1.888097
1.121671
2.371927
0.938170
1.735503
2.780366
1.475632
2.016649
2.837535
2.699333
2.531008
2.304608
2.036996
1.888835
1.697081
0.932771
1.451715
1.627290
1.671330
2.655500
1.816154
1.852039
3.438086
1.461099
2.127927
0.859494
1.658381
1.701235
2.352608
1.673765
1.890232
2.017877
1.803466
1.664417
2.051158
2.238640
3.201130
2.237211
2.383351
1.577601
1.721461
1.765852
2.228028
2.271334
2.219629
2.355720
1.665718
2.600899
2.157244
1.304875
2.212201
2.277143
1.930282
1.903022
1.204769
2.248147
1.946341
1.481728
1.693652
1.780014
2.025564
2.904256
2.213682
2.543893
2.529196
0.942697
2.292292
2.671377
1.609722
1.564418
2.945404
1.253672
2.161528
1.943111
2.360427
1.095113
2.929638
3.066741
2.739991
2.415203
1.078562
1.874790
4.846416
2.776257
1.439061
2.137884
1.907639
3.851767
2.782278
2.026464
1.648394
2.311695
1.679367
1.934588
2.612802
1.794685
2.190885
2.417927
3.608597
1.676120
1.495907
2.112326
2.864104
2.561996
0.898948
1.710898
1.457743
1.768193
1.800111
2.455431
1.062070
2.997764
1.118932
1.475565
1.344991
2.247629
3.416961
1.052031
2.790158
1.601123
1.514579
0.686088
1.919502
2.636941
1.943057
2.010661
2.081875
2.308044
1.597917
1.546296
2.957458
2.456026
1.220826
3.184042
2.161171
1.677529
2.703554
1.884321
2.140075
1.267487
2.410130
2.024233
1.901606
1.741466
2.714157
1.231068
2.138095
2.580807
1.814537
2.053915
2.374809
0.942676
2.158830
1.606167
3.590747
2.209366
2.677922
1.438228
1.922623
1.992660
1.206851
1.825237
2.605115
3.189843
2.299034
1.798756
3.589953
1.530127
1.558270
1.657624
2.517980
0.664045
2.720488
1.840790
1.330099
1.876520
2.840714
3.568796
1.955676
2.220011
1.316414
1.102896
1.249630
2.744320
1.852397
1.584489
2.431620
2.081887
1.464935
2.401769
1.656825
2.284466
1.020088
1.578489
1.561090
1.498340
2.058961
1.973090
1.516869
3.057493
1.551842
1.492855
1.807552
2.061510
1.796236
1.803178
2.014459
1.646382
2.825532
2.482013
1.775869
2.988924
1.873530
2.014728
2.134420
1.842391
1.905983
1.111583
2.270467
1.413046
2.707415
2.352655
1.569142
1.684208
2.733847
1.454499
2.056904
1.296411
1.729815
1.301407
1.107799
1.613890
0.954875
2.021175
0.916747
1.256321
2.170235
2.482432
1.876373
1.769115
1.851182
1.408844
1.659875
2.208902
2.680308
2.347139
1.836842
1.664463
2.838719
2.576273
2.887405
2.501853
2.563322
2.533270
2.658897
2.146146
2.375886
1.560189
2.415864
1.562036
1.923132
1.542764
1.690126
2.159619
1.824184
2.328741
2.218257
3.314130
1.517375
2.543165
1.721413
3.663315
2.120516
2.499372
2.190604
2.954819
2.286579
2.091692
3.316119
2.038958
2.843750
1.752278
2.359068
2.385800
1.042419
1.704560
1.267350
2.042448
1.748519
2.105123
1.904293
1.891491
1.092644
1.403396
1.725058
2.201743
2.265126
1.708733
1.965357
2.244858
1.955553
2.355417
0.888630
2.054692
2.149905
2.805633
1.446266
1.638415
1.717822
1.748678
1.415248
2.474058
1.142917
1.981606
1.763876
3.185098
1.775796
2.858449
1.052000
1.423261
1.977080
2.056971
1.434471
2.057560
1.343212
1.934337
1.893274
3.529863
1.317047
2.416282
2.312921
2.605402
1.294853
1.468407
0.799744
3.022528
1.611423
1.653549
2.739803
1.242776
1.421913
2.239640
1.452395
1.891989
3.118170
2.161302
1.319943
1.686529
1.427467
3.247742
1.745013
2.707005
1.432963
1.231234
1.763982
2.202924
2.025972
2.594655
1.949661
3.254184
2.551350
1.617313
2.509673
1.578965
1.706893
2.767170
1.593968
1.595142
2.012894
2.427960
1.283262
3.641173
2.281790
2.390038
1.136796
1.972204
1.181501
1.519328
1.540046
2.020522
2.044166
2.039752
0.965444
2.278940
2.995079
0.438909
1.928742
1.300827
1.719952
1.330207
2.217749
3.024958
1.553733
1.971207
1.302601
1.010529
2.092477
2.084157
2.063732
1.845039
2.957150
2.456133
2.306369
1.372724
2.290571
2.847366
2.172588
2.085985
2.146595
2.355353
1.903014
1.639084
1.017579
2.322410
2.707990
2.471250
1.130770
1.882421
1.439763
1.883264
1.310405
2.485364
1.700347
0.922510
2.931088
2.310260
1.978955
2.168268
1.880029
1.541505
1.827274
1.470605
1.081573
2.164316
1.986669
1.642845
2.635624
2.440757
2.612180
1.804111
1.424311
3.494328
2.106704
1.977240
2.019116
1.885690
1.529307
2.496250
2.290009
2.226171
1.552178
1.922696
1.258711
1.961538
3.065870
2.390880
2.253429
1.327284
2.483200
2.864214
1.929473
2.725384
3.617632
1.137721
2.795104
2.371757
2.166657
1.853802
1.138183
2.351125
1.201330
1.645753
1.741650
1.655114
1.805304
2.356374
0.975748
2.084485
1.967644
1.331536
1.632356
2.693491
2.102597
3.672851
3.341288
3.026419
2.351686
1.435512
3.178177
0.850137
1.545692
2.243568
1.942164
1.243816
1.453648
2.379793
2.185764
1.577523
2.742672
3.376758
1.638623
1.807069
2.720518
2.130180
0.963516
1.551327
1.691834
2.921005
1.863504
1.709394
1.491140
1.702200
1.345794
1.720228
2.084525
2.077393
1.812786
3.579208
2.177270
2.587316
3.652510
1.102392
2.113839
1.255271
2.857416
2.463569
1.749424
1.697356
2.682081
1.706076
2.087213
2.616990
1.903543
2.236370
2.165810
2.040924
1.655826
0.997947
1.702455
2.299124
2.396175
2.097081
0.956473
1.882837
3.258947
2.016318
2.615147
2.320541
2.687787
1.605070
1.206694
1.084967
1.273659
2.605431
1.912451
2.290773
1.190204
3.692708
1.299264
1.374283
1.048008
2.605143
1.858883
1.561442
2.407792
2.445562
3.829913
1.588945
2.065499
1.681608
1.218990
1.433244
1.182815
1.321088
2.357593
1.317664
2.018103
2.954125
2.097785
1.636690
1.914082
1.672793
2.398738
1.716366
4.188526
1.726348
1.265045
1.846617
2.095201
2.341884
1.600377
1.822206
2.229138
0.998906
1.841636
2.183296
2.522436
1.622589
1.636744
2.337662
2.204431
1.769309
1.004415
2.049516
2.579961
2.189936
1.242603
2.704916
1.395635
2.093650
3.096301
1.632441
1.969332
2.917166
1.539792
1.648685
2.427429
1.156341
3.747416
3.081636
2.242211
1.909176
1.903302
2.161583
3.037994
3.056730
2.041479
1.486677
2.640418
1.793651
3.045294
3.347993
2.745618
1.716773
2.584603
2.288758
1.961200
2.450275
1.144683
1.931196
2.027173
1.985605
2.147597
1.695292
2.591306
1.491145
2.331765
2.661659
1.562078
1.974390
2.970297
2.177085
2.981995
2.187986
1.604351
1.966362
1.568729
0.949387
1.650779
0.880394
3.175139
1.818576
3.028763
1.495167
1.924137
1.329114
1.482778
1.161297
1.892288
2.156175
1.195763
2.171399
1.070074
2.606023
1.698710
2.275835
1.145954
2.635552
2.097694
3.403063
1.608718
3.278823
2.000498
2.016348
1.673461
1.980360
1.383036
1.771955
0.917866
1.837687
1.664488
1.879500
2.150208
1.278137
1.453084
0.789691
1.741306
1.969268
3.297685
2.586297
1.946391
1.979770
2.138388
1.882251
1.381272
2.082239
2.688612
1.370127
1.274429
1.813389
2.143060
2.968853
1.139433
2.076624
3.928406
1.617195
3.666967
1.914770
1.817413
1.417732
1.922637
1.725194
2.439470
1.201330
1.473866
3.987435
1.726680
1.250626
2.435115
2.089581
1.990227
1.608662
2.474678
2.268558
2.290942
1.723280
1.582588
1.169792
2.053763
4.867748
2.127688
2.981055
1.900078
1.529654
1.670165
1.910100
2.713313
2.241268
2.128338
2.840006
2.024983
1.487851
1.519568
1.470129
1.939945
1.387898
2.839833
1.823841
1.910581
1.445871
1.589175
1.848351
1.671354
1.950096
1.560199
1.115135
1.859370
1.981002
1.519901
1.482692
2.155457
1.875239
2.558896
3.680247
2.264457
1.989738
2.639328
1.234509
1.919316
1.332156
1.701744
2.543280
3.072817
2.284723
1.431835
1.887450
1.955020
1.319477
1.988322
1.665027
1.665790
1.481878
2.043267
2.894342
1.807206
2.137117
1.535597
2.128698
3.106848
1.478789
1.647863
2.501119
2.869803
1.888194
2.142000
1.937344
1.927774
1.482018
2.042272
1.905629
2.662457
1.162126
1.845339
1.639474
1.785415
1.809364
2.334222
1.631839
2.411512
0.402021
1.601546
2.100586
1.740815
1.873362
1.361558
2.371046
1.841538
1.761888
2.827890
1.880890
1.513449
1.822152
2.469118
2.043195
0.816202
2.048270
2.320089
2.373477
2.362736
1.785019
1.473357
2.043733
1.273260
1.533701
1.959270
1.955442
1.670207
1.634103
1.691375
2.227789
2.131294
1.016428
1.613244
2.655855
1.562527
1.775209
1.581192
1.841823
1.310617
2.302800
2.696308
2.378029
1.406262
1.000442
2.097571
1.782292
1.177042
2.244729
1.604512
1.216805
1.880348
3.140737
2.583031
1.178960
3.033827
0.942906
1.116087
0.739464
1.284069
1.294076
2.219282
1.393898
1.447022
2.870591
1.840195
1.696741
1.443010
2.774644
2.255276
1.929964
2.328777
1.707580
2.008714
1.448217
1.617000
1.712659
2.116430
1.724404
2.809750
1.670701
1.772574
1.319484
2.054672
0.929290
2.833145
1.008945
2.102722
1.033495
1.996489
1.927742
1.351734
2.477118
2.890869
1.151874
2.524158
1.737357
2.659364
1.189460
2.337125
2.120636
1.374052
3.117574
1.450263
1.868808
2.154224
1.421779
2.345811
2.086413
1.233689
1.827306
2.591370
2.406473
2.175887
1.827334
1.791655
2.477678
1.583596
1.165705
1.837324
1.893537
0.954609
2.273733
1.660503
2.470352
0.618141
1.663118
1.489923
1.437513
1.662331
1.350864
2.308372
1.745736
1.698169
1.367543
1.515758
2.582229
3.105263
1.480107
1.925924
2.919901
0.991103
1.310769
1.476054
1.633478
1.345318
1.401050
1.566953
2.044293
2.248573
1.726906
1.887871
2.302667
1.343924
1.447540
1.274331
1.523218
2.072222
2.036656
4.452302
2.755664
1.376011
1.530711
1.627895
1.161931
0.993296
1.623838
3.184440
1.908991
1.489657
1.990456
1.682632
1.752554
2.341343
1.297405
4.302510
2.987569
1.970794
1.605288
1.383089
2.051420
2.052671
3.831004
1.971663
1.371115
1.631790
3.489555
0.633929
1.153090
0.950215
2.007727
1.631449
0.634564
2.783281
1.428156
1.662799
1.534752
2.940586
2.340899
1.709176
2.368402
3.501595
1.854648
1.601999
2.537347
1.977840
1.803371
2.656894
1.324204
2.159514
2.220881
2.911710
1.877283
1.209289
2.671965
2.088354
1.506774
1.901469
1.800237
1.837258
2.169953
1.473493
1.776103
1.813080
2.052521
1.933373
2.956354
1.662565
1.937700
2.229692
2.052650
1.562055
2.239264
1.411278
1.244690
1.303407
2.120948
2.589434
1.557724
0.825964
2.540728
1.379803
1.668763
2.605425
1.436824
2.400366
3.300396
1.611260
2.216219
2.760008
2.148299
1.218806
1.929817
2.052528
1.895241
1.340289
3.516351
1.349493
1.657648
2.381891
0.985255
1.059244
2.735521
1.947316
1.233258
2.515445
1.737769
1.348876
1.856151
1.333136
1.745109
1.979897
2.517208
1.978535
2.655227
3.167865
2.683969
2.055613
3.122547
2.610934
1.817314
1.639193
2.381263
2.667083
1.082595
2.538619
1.820209
1.958398
2.040186
2.534256
2.100457
1.925027
1.904088
1.851709
2.504574
1.844754
2.427872
3.016488
0.959025
0.753703
1.259737
1.750758
2.235040
1.389610
1.001854
2.300967
1.856409
2.269776
0.986237
2.044758
2.218392
1.512455
1.359481
1.709983
1.601974
1.658643
1.887033
2.000924
1.167634
1.015701
1.337411
2.714427
2.187865
1.794343
1.823958
3.635556
1.634219
2.479331
3.779427
1.783136
2.036738
0.961067
2.313210
1.663910
1.855893
2.280259
1.389391
2.114700
2.534345
1.423260
2.109083
2.146118
1.075718
1.055644
1.687619
1.321640
2.355579
1.945884
2.507424
2.553961
1.842068
2.284454
2.372667
2.848052
2.130644
2.467471
2.650005
1.304559
0.883448
2.452613
1.984899
1.743421
2.137001
2.000291
1.819787
1.966756
1.746651
1.507760
3.018149
1.973389
2.764203
2.774424
1.327510
1.392753
1.845174
1.698199
1.799396
1.476748
1.580931
1.546190
1.848326
1.705422
3.198524
3.071492
2.144651
1.589143
2.307944
1.685288
1.224183
1.684852
1.091423
0.723492
1.958844
1.496044
1.134162
2.286067
2.598400
1.895172
2.030842
1.470273
1.630250
1.464566
2.761483
1.780679
1.745273
1.872860
1.418129
2.010478
1.914889
2.961983
2.174896
2.640760
1.861936
3.513548
1.987860
1.797268
1.862995
2.535553
2.562214
2.172042
2.325584
1.261803
2.107405
1.591170
1.597804
2.056016
1.591092
1.593067
1.437986
1.845745
1.337420
1.567777
2.363751
1.165678
1.909868
2.038534
1.088585
1.252172
4.130946
2.351637
1.940611
1.744624
2.352917
2.107769
1.659394
1.362899
1.993626
1.489462
1.911816
1.779271
1.494849
2.546428
1.493597
2.029819
2.062187
3.339312
2.195547
1.929586
1.567231
2.627200
2.134739
1.622886
2.554092
1.757483
2.105337
3.470210
3.868486
0.878815
1.910495
2.164457
1.574211
2.182917
1.945402
3.072558
1.220487
1.639041
1.395276
0.974334
1.943065
0.709376
0.634254
2.624140
1.516359
2.454924
2.546720
2.340273
1.641805
1.851685
1.328199
1.718114
1.928321
2.905447
2.741476
2.788899
2.159529
1.811077
1.823294
0.921390
2.088085
2.373402
1.520514
1.215137
3.202721
2.828389
2.435081
1.007771
2.141851
2.913590
1.489509
2.280833
1.571216
3.322065
2.945505
1.678117
2.907093
1.402209
1.315900
1.557878
2.220028
1.705724
1.620872
1.969134
1.250582
3.057401
2.382266
2.808756
1.366693
1.795123
2.083366
2.530926
2.093196
2.532255
2.106949
2.901384
2.240576
1.455391
1.434517
2.135638
2.811495
1.821782
2.523277
1.749712
1.011735
2.252466
1.254819
1.786615
1.573836
1.333742
3.347670
1.889467
2.173680
2.076566
2.973234
2.706099
2.777906
1.141407
1.462849
2.080466
2.198473
3.133541
1.946812
1.567727
2.099466
1.226762
2.327144
2.098695
1.635385
1.791098
2.369923
1.267932
2.041276
1.793381
1.862209
1.349823
2.417079
2.110800
2.432949
2.377295
2.139025
2.422489
1.599444
1.262273
1.972239
1.364217
3.236521
1.953616
1.761292
0.985330
1.866646
2.759079
1.809317
1.038504
1.729349
1.913236
1.762191
2.170198
0.881339
1.874416
1.702479
2.072023
3.125362
1.810614
1.974948
1.451550
1.774269
2.165254
1.240619
2.671121
2.062920
1.844331
0.764013
1.738682
2.496443
1.414013
1.592100
3.146269
1.354645
2.432031
1.878152
2.142760
2.139718
2.586276
1.994332
0.581672
2.331908
1.558401
2.180041
1.834247
2.789281
4.933403
2.489323
1.620727
2.076343
3.524074
1.299476
3.021268
2.009296
2.184697
2.391341
1.838271
2.506175
1.662600
2.047812
2.590679
2.537674
2.063741
1.409732
2.208376
3.139144
1.335126
3.029175
2.446924
2.159148
1.456588
1.428874
1.590147
1.849767
1.183486
1.578864
1.682026
2.895368
1.436091
2.673193
2.626277
1.896032
2.283592
1.236500
2.143582
2.058925
1.938036
2.186055
2.379037
2.731327
3.421831
0.924263
1.419317
1.521782
1.576197
1.696884
2.336353
1.916166
1.435479
1.894640
2.210096
3.905424
3.725494
1.714890
1.138480
4.078028
1.303911
2.757474
2.440278
2.712999
3.288680
1.949337
2.356268
2.870137
1.832944
2.266444
2.867377
2.341516
2.289850
2.198464
2.990723
2.528022
1.016142
2.854662
2.570605
1.919243
1.788083
1.186201
3.093745
2.098405
2.267868
2.187344
2.149818
1.851203
1.576527
2.219705
2.171698
1.811385
1.936328
4.229555
1.436131
0.973340
2.338068
1.186957
1.958569
2.485884
0.836973
1.209651
1.224295
1.810330
3.675226
2.043112
2.506967
3.059959
1.326168
1.590506
2.961185
1.348431
1.144403
3.021462
1.444395
1.116188
3.355181
1.519343
1.875576
1.659158
2.275568
2.239646
1.612056
1.369092
1.661044
1.732436
3.816459
1.795510
1.138862
2.110754
2.494790
1.423079
1.858603
2.505583
1.873239
1.035007
1.788153
2.735233
2.286838
3.015845
1.353707
2.180442
2.611298
1.535199
2.119249
2.431744
2.371219
1.193935
3.043828
1.869117
1.703667
1.785519
2.073424
1.694762
2.069861
2.800700
2.059724
2.402635
2.686149
1.855589
2.603241
1.471566
1.697791
2.166167
2.040338
2.067329
1.701197
2.151306
1.155240
1.473536
2.414055
1.990466
2.570986
1.332996
1.809106
2.869086
1.721361
2.346906
2.000008
2.720875
1.965438
1.970640
1.160582
2.472474
2.620424
2.072718
1.955186
2.505538
2.954630
2.434733
1.238390
2.441307
1.220355
3.093817
1.829003
1.689647
1.726437
1.133943
1.881715
1.733082
1.600523
1.692653
1.147502
1.669408
3.214182
1.617548
2.846404
1.779350
1.465763
2.731211
1.853672
2.742252
1.323693
1.417688
2.325426
2.084737
1.533027
2.242994
1.364032
1.790073
2.002485
1.793860
2.390007
1.493050
0.921202
1.643518
0.973324
1.493435
1.726114
1.891816
2.939086
1.162026
2.107310
1.738603
1.491825
2.069661
1.884316
1.834758
2.031414
2.923615
1.352090
1.834758
0.782909
2.235214
1.364761
0.933063
1.631154
2.244936
2.463699
1.452737
1.891228
2.633326
2.738837
2.759338
2.112412
1.624999
2.383515
2.590298
2.107442
2.047644
3.397686
2.328668
2.341043
1.351832
1.853514
1.019156
0.961226
1.959953
3.063220
1.984867
2.930245
2.181334
3.246038
2.804902
1.264859
2.548482
2.838828
1.288535
1.754095
2.008018
3.843622
1.841479
1.286254
2.041891
2.043179
1.552699
3.145236
2.337782
1.691465
3.044126
1.778795
1.670399
1.528926
1.849578
2.236177
1.947840
2.086841
2.462319
3.608702
1.822277
2.277185
2.131045
2.662438
3.414819
1.564866
2.888496
2.478959
0.919906
1.842727
1.011580
1.546768
1.536316
1.964194
1.421312
2.581389
1.033170
2.522581
3.057226
1.294880
1.477174
1.849452
1.989439
1.761697
1.811725
2.615372
1.387175
1.385654
1.539036
1.129840
2.088102
1.208416
1.405484
1.958858
2.215461
1.805766
1.951745
1.645407
3.244577
1.272934
1.420570
1.616102
1.786729
1.246141
1.565590
1.981809
1.518729
2.200481
1.136814
2.422783
2.815078
2.952476
1.449040
2.143257
1.443297
1.567088
2.821800
2.632445
1.021128
1.924647
2.135400
2.499194
1.775818
3.214693
1.335477
2.941893
1.231570
1.177591
4.101327
1.980896
2.066836
2.556086
1.736232
2.486761
1.658255
1.844416
2.260604
2.097374
1.853477
2.431371
2.127089
2.584573
3.573207
2.282189
3.182855
2.013604
1.420127
1.452608
0.763100
1.481996
0.845087
2.495398
2.808178
2.216713
1.389236
1.653319
1.707571
2.075895
3.242906
2.073572
1.456135
1.041118
2.585109
2.056749
2.801160
1.473342
1.519104
1.357502
1.674897
1.472340
1.707132
2.924907
2.671568
2.098888
1.962815
1.678619
1.229648
1.347114
1.173318
1.924651
3.029492
1.688472
0.937177
1.592088
2.403422
2.127914
2.896324
2.576514
1.811148
0.962093
1.017752
1.890166
3.130461
1.459633
1.629356
1.327227
1.860210
1.898471
1.685954
2.163847
2.779240
1.909737
1.770135
1.379494
0.774912
1.991739
2.182446
1.529721
1.719232
1.703459
1.710195
1.274144
1.512470
1.596715
3.401445
1.564137
1.437280
2.378815
2.063743
2.125367
2.047589
2.123084
3.710115
2.202441
1.746062
1.227266
2.041949
1.463357
1.841754
2.771107
2.965974
1.903432
0.998376
3.856953
1.870294
3.728769
1.835622
2.626921
2.154689
1.589562
1.531000
0.947599
2.144505
1.877511
1.421590
2.304109
2.579839
3.446112
2.952108
1.638407
3.170209
0.722910
2.621011
1.670111
1.031240
1.347748
1.220618
2.056686
2.309272
3.063093
1.174082
1.696877
2.343128
2.477080
1.595529
1.854564
1.655672
1.941205
2.234569
1.160498
1.868239
2.855618
2.700501
2.821996
1.368646
1.840565
2.388400
2.351795
3.048453
2.202259
1.272582
1.157529
1.118917
1.604207
1.653954
1.632192
2.274728
2.157125
1.667622
2.172685
1.726228
1.206406
1.446953
1.465906
2.166666
1.599524
1.729546
1.995174
2.370627
1.317438
2.334795
1.144243
1.955346
2.057969
2.008766
2.710558
1.578656
2.122893
1.339067
1.282132
2.081417
2.179449
1.595773
1.100650
2.160367
1.869463
2.557753
1.785423
1.742463
2.281246
0.982069
2.176854
2.202985
1.958411
2.165307
1.498298
1.241893
2.794786
1.775216
1.461187
1.966929
0.900543
1.810701
2.249400
2.016997
1.329077
2.138628
2.048433
1.294089
2.120026
1.160453
1.705953
1.679194
2.215422
2.058666
1.683556
2.158855
2.465950
1.686751
0.732136
1.925213
3.702286
1.372440
2.897388
1.894985
1.750655
1.755323
1.764322
2.125571
3.234048
2.388414
2.533254
1.318753
1.367920
2.629534
2.745615
2.224045
1.698903
2.420388
2.701658
1.662520
1.975692
2.428850
1.612729
1.675396
2.122778
1.801457
1.518590
3.379284
2.423011
1.605999
1.720704
2.542788
2.768705
0.697468
2.141233
3.674479
1.678602
1.318803
4.489209
1.973072
1.758972
1.525471
2.221151
1.515241
1.836340
1.362417
2.415425
3.372856
1.698425
0.928520
3.880580
2.034410
1.786710
1.884150
2.084031
1.628825
1.465620
1.599542
2.460304
0.846573
1.522819
1.442416
3.158825
1.762182
2.314670
2.098817
1.170368
1.368036
0.752602
2.038968
2.346500
1.978539
1.308164
2.377051
3.625230
3.019139
3.428568
1.724919
2.466826
0.852591
2.074474
2.355173
2.566629
1.313822
1.889527
2.136223
1.870774
3.526974
1.561513
1.894082
1.729718
1.084783
1.552151
2.028915
2.072484
2.067891
2.596412
2.160914
1.361914
1.446241
2.662309
1.561248
3.162963
2.661241
1.958815
2.611927
2.419660
2.926468
3.026690
1.677980
2.790690
1.652173
1.724918
2.180236
1.330161
1.827227
1.724593
1.658977
1.152230
2.007945
2.363597
1.501431
2.070531
2.183368
2.445034
1.795478
2.872993
1.446463
1.626794
1.335522
1.890239
2.152645
2.358733
2.770564
1.961754
1.833245
2.053228
2.128955
2.572188
1.973252
2.280605
2.156465
1.780283
1.823432
2.064208
2.993530
1.558549
1.984101
3.057980
1.484902
1.725841
3.302127
1.346872
2.660758
3.543146
2.471476
1.569931
1.733811
2.085667
1.810365
1.318702
2.269497
1.310680
3.196768
2.997039
3.756478
1.955615
1.901961
2.873187
1.629575
2.760983
1.528092
2.011083
1.709058
2.965218
2.069142
2.154879
2.424356
2.874018
2.861638
2.654792
1.983509
1.291260
1.481034
2.092145
3.001272
1.728066
2.341208
2.858909
2.296872
2.108715
3.450845
0.849211
2.168503
2.146330
1.446482
2.012627
2.187766
2.059608
1.886266
1.567548
3.042357
2.309658
1.447726
3.238346
1.013583
1.728925
1.619744
1.310421
2.878851
2.444589
1.101447
1.351927
1.501224
2.979403
2.674378
1.982512
1.044969
1.120436
1.938110
1.779527
2.279583
2.631791
2.089984
1.702473
1.418258
2.150143
2.378515
1.492650
2.323473
1.401053
1.517663
1.231792
1.971188
2.395621
2.157475
2.650144
2.893856
2.554650
1.127412
1.082060
2.278505
3.215768
1.718132
3.138388
2.836756
1.688610
2.226366
2.523528
2.077621
1.907283
2.380563
1.578455
1.320828
1.937319
1.104249
1.902412
3.831493
2.281581
1.060610
2.364291
1.544903
2.091097
1.037781
1.551858
2.313074
1.859428
1.763144
1.551193
2.504783
1.830540
1.332453
1.900382
2.355292
2.179461
1.544008
1.525101
1.569100
1.545300
1.575721
3.003313
1.638371
2.715038
2.408369
2.231142
1.873259
3.321662
1.803582
3.016187
2.599056
2.278242
1.524901
2.697040
1.914471
2.435758
3.518334
1.946856
2.067603
2.145284
1.249642
1.584850
2.315685
2.974240
2.430805
1.636440
1.463985
2.141151
2.380249
2.780992
2.880249
1.578707
2.404898
1.920815
2.402619
1.335882
1.690913
1.723595
1.142342
0.830751
1.940202
3.532576
2.117304
0.916525
2.656324
0.990026
2.463576
1.945887
1.041131
1.878267
1.961546
1.878895
2.157504
1.343221
2.352876
3.617945
1.357453
3.127671
1.937463
2.110205
2.609992
0.965273
2.693371
3.065985
1.550048
2.314020
2.614061
1.822331
1.258795
2.643003
3.016776
1.603284
1.904094
1.406298
2.079587
1.491415
2.281295
2.502987
2.843080
1.794227
1.014496
1.330301
1.989978
1.643570
1.961985
1.256863
2.667764
2.064765
1.713600
2.652096
2.458999
1.916715
0.760575
2.064602
2.126604
1.672578
2.029385
1.813800
2.917408
1.654452
3.091840
1.627943
1.656965
2.804161
1.218749
1.647399
2.523078
2.337003
2.390466
1.610014
0.804976
2.699885
2.939119
4.579106
1.325947
3.531263
2.433093
3.415993
2.271289
0.735537
1.880990
1.922157
2.022761
1.747404
2.221868
2.057982
1.565903
2.530014
1.416108
1.606473
1.435878
2.055092
1.838198
2.208597
1.852114
3.329187
1.963350
2.382382
1.330566
2.050288
1.189706
2.071943
2.333986
2.226108
1.719227
2.074856
1.676965
0.884807
1.936157
0.923668
1.610177
1.314652
2.113636
2.251322
2.344669
1.150309
1.950731
2.458028
1.746720
1.833396
1.949955
1.699599
2.206829
1.294022
2.507206
2.595472
1.315616
1.679988
3.563534
1.518884
1.279207
1.311996
2.354406
3.185627
1.559583
1.305605
3.506041
4.151717
2.029728
1.852950
2.062014
1.594372
1.960128
2.030170
1.684923
1.252861
2.482086
1.742727
1.381744
1.951993
1.033409
2.869227
2.082003
1.776281
2.941968
2.541184
2.984160
3.441006
1.897467
1.465244
1.991293
2.180828
1.602146
1.379024
1.490454
1.558150
1.954662
1.642902
1.300510
1.670174
1.232745
1.352636
1.295796
1.821840
1.515579
2.169581
2.755672
2.253381
1.635613
2.079068
1.549933
1.209203
2.990705
2.316101
1.989785
1.780586
2.500055
2.052788
2.957378
3.015932
1.621820
2.626914
2.390222
1.383113
1.060099
2.574710
1.557516
1.395993
2.415004
1.818343
2.117921
1.974263
1.767900
2.355476
1.580184
1.859786
2.195239
1.856452
1.759464
1.852530
1.892957
1.968092
1.405046
1.215573
2.705641
1.595856
2.782095
1.412440
3.815144
2.210111
1.082803
1.093612
2.071821
1.993879
3.005517
1.518023
2.342250
0.991311
1.431464
1.912816
2.591371
1.497743
1.954482
2.067082
1.926909
0.898204
2.061475
2.337175
1.229656
2.791363
2.996270
2.363026
1.261953
1.940507
1.636081
1.958280
1.654239
1.835227
2.521163
1.467211
2.474153
1.580481
3.195713
1.553923
2.418784
1.307047
1.585529
2.191717
1.732651
2.445712
2.184527
2.227804
2.941149
1.340841
1.082178
3.304384
2.140283
1.277428
1.343532
2.069928
2.496899
1.336926
3.127846
2.787075
2.222825
2.045373
2.136113
1.565568
2.160588
1.889808
1.207673
2.311058
2.039013
1.407144
1.925041
1.955198
3.148442
2.412281
1.827921
1.021258
1.761651
2.957468
1.996843
1.976442
1.739303
2.334606
1.518442
2.588403
2.229556
3.007247
1.644217
2.381112
1.175529
1.387742
1.332246
1.515537
1.913312
1.713080
2.132704
2.283103
2.380211
1.374952
1.315523
1.107885
2.249748
4.563989
1.859428
1.226278
1.188354
2.355297
1.531170
3.685793
3.221921
1.753668
3.718466
3.498248
3.097489
1.490178
2.132968
1.500581
1.412430
1.690743
1.222343
2.080463
1.428263
2.668261
0.875676
2.421468
2.295011
2.356243
2.077219
3.291309
1.813000
1.088542
1.653128
1.741829
1.572845
3.009415
1.452154
1.984936
0.877587
3.107973
2.020132
1.590409
1.191083
2.100367
1.652629
1.754155
1.012588
1.662167
1.845369
1.560645
4.200159
1.547399
2.475709
1.708075
2.546610
2.825368
1.185675
1.560584
1.774412
2.060619
1.641678
2.162541
2.719428
3.041039
2.128267
2.302763
1.645064
1.702282
1.948770
1.233116
1.796432
2.342913
1.724033
3.771548
2.695185
2.608725
2.620473
2.263991
3.264515
2.834586
1.893961
1.588162
1.321140
1.947274
1.936919
3.223836
2.510546
1.616988
1.022980
1.745921
1.755189
3.165548
2.180802
1.617915
2.239024
3.237341
1.898199
2.070589
2.402570
1.345656
2.499222
1.607368
2.935171
3.372913
1.879079
2.350417
2.554723
1.391493
2.791038
1.363983
1.074775
1.754674
2.351302
2.761442
2.435343
1.805729
2.162004
2.160713
2.340661
1.084872
1.537734
1.444368
2.842971
2.995278
2.012660
1.464999
1.563340
1.156170
1.360905
1.716227
4.246986
2.804528
1.715423
1.985018
1.606718
2.592629
2.264555
2.946038
1.300412
2.368690
1.448122
3.797694
3.225852
1.913451
2.062818
2.343555
2.624439
2.207739
3.748983
1.983269
2.061646
1.891227
1.866197
1.935267
1.406881
1.625781
2.326167
3.238612
1.321999
2.349471
2.105811
2.438090
1.600701
1.528122
2.460148
2.264465
1.428714
2.833938
1.960453
1.192370
1.796266
2.368033
1.380460
2.383394
2.498887
1.375792
1.194026
3.015952
1.569079
1.766966
2.078114
1.043302
1.735407
3.230816
2.931833
1.529751
2.259485
1.272867
1.208029
1.886023
2.213379
2.323881
1.874214
2.404330
0.794873
2.582793
2.622322
1.372498
1.526709
1.763054
2.476428
2.079323
1.105489
4.164982
2.836887
1.658338
2.626778
0.998674
2.268024
3.165316
2.404122
1.320383
1.627824
3.129149
2.047790
2.549538
2.023639
1.653268
2.434981
1.961292
2.177483
1.842416
1.755732
1.908440
2.116652
1.722410
2.483324
1.212964
2.803770
2.191265
2.002995
1.440009
2.571885
1.890616
2.103590
2.563191
1.710613
1.785969
2.226191
2.082646
2.350547
2.251766
1.822358
1.478684
2.015732
1.622611
2.325605
2.366102
1.362063
1.443704
1.834345
2.414198
2.445090
1.772807
1.169206
2.168608
2.586827
1.534994
2.131483
1.028611
1.746977
1.321240
1.126528
2.234634
3.047832
1.596201
1.109242
1.156943
1.502666
1.340863
1.735473
2.353992
1.469830
2.271725
2.044755
1.296662
1.819842
1.898843
2.340584
1.986714
3.174717
2.386877
1.982256
2.147278
1.497773
2.790717
2.891453
2.087347
2.109246
1.850812
1.955433
2.867449
1.438407
1.898826
2.324517
1.802884
3.152112
2.030632
1.867845
3.009234
2.422487
1.696622
1.869533
1.887420
1.655207
2.157711
1.999737
0.755432
2.580757
1.825160
1.500008
2.800618
1.672885
2.978342
1.032651
1.363888
1.495564
2.915396
2.821941
1.917017
2.269907
2.434449
1.283320
2.384870
3.582484
3.028474
1.797919
2.669988
1.532604
2.056976
3.292547
2.368270
2.089445
1.207921
1.943589
2.100715
2.465546
2.071459
3.517812
2.167967
2.613788
2.366949
3.232244
1.708909
1.832957
2.679622
2.966837
1.728780
2.277427
2.448625
1.994252
1.388254
3.500857
1.772796
0.809325
2.221004
1.808901
1.894298
1.371102
2.131140
1.178368
1.970401
1.414952
2.305032
2.032718
0.792242
2.293366
2.826390
2.393196
1.881123
1.394408
1.685207
1.653083
1.835387
2.456152
1.456251
1.427665
2.254405
1.991674
1.663001
1.287544
1.411116
3.424755
2.432291
1.385716
2.109416
0.920693
1.783232
2.208309
1.145342
1.753173
1.565753
2.817014
2.695324
1.068670
1.802846
1.096247
3.048666
3.575084
1.713903
3.582404
2.615725
1.218175
1.251249
1.193303
2.806342
1.869713
2.396844
2.230200
3.373957
1.327704
1.623806
1.307296
2.082854
1.286823
1.207350
2.639495
3.803366
1.519764
1.576173
1.560605
1.985476
2.241600
1.611371
1.608635
1.889865
1.791151
1.179660
1.515327
2.188376
1.720227
1.110313
3.422659
2.333868
2.807769
3.795737
2.196117
2.096351
2.313460
1.449856
1.876948
1.829741
1.840185
1.975677
1.416708
3.909016
1.757586
2.528918
2.897057
2.393490
1.273769
1.043870
1.837352
3.615707
1.710470
2.168278
2.583809
1.416612
0.835555
2.944149
3.993489
0.853194
2.656774
1.752233
1.753691
1.176334
1.241347
1.961927
1.143193
1.830487
1.395963
1.527276
2.377790
0.849230
1.656221
2.978865
1.746496
1.224798
1.831031
1.294250
2.381173
4.019437
1.245360
2.914734
1.366650
1.606026
2.274175
1.277580
2.184388
2.050506
1.871676
1.731819
2.485555
1.786283
2.086989
2.181083
3.257577
2.067896
1.746875
1.494940
2.222255
2.038136
1.565204
1.596693
1.908148
0.920827
2.305148
2.397502
2.233172
2.381473
1.266904
1.371269
1.487097
1.717069
1.202082
1.276620
1.539421
2.642089
1.735748
1.819919
1.052149
1.925466
1.712336
1.597968
2.187742
3.097364
2.108538
1.819493
1.421847
3.378591
1.733460
2.858072
2.363620
2.064488
1.056770
3.234302
0.750389
1.765246
2.055471
1.463503
1.224706
2.542842
1.789544
2.083721
1.981036
2.559430
1.220662
1.203785
1.559267
3.342404
2.086072
1.748495
1.087273
3.643720
2.831081
1.043820
2.690972
3.643042
1.210695
1.056378
2.236026
1.669409
2.120369
2.645109
1.746358
2.169665
2.511206
1.589078
1.481952
1.153027
1.884229
1.882213
1.596760
1.609266
1.246447
1.372915
1.232165
1.809971
2.029644
1.572647
1.539150
3.225343
1.393255
2.042931
1.619397
1.631624
2.551765
1.600187
3.656468
1.705786
2.586522
1.846584
2.166710
1.601712
3.125769
1.962540
1.472853
1.312628
2.221123
3.434172
1.862411
1.779658
1.099909
3.302881
1.480012
1.807425
2.775559
1.464790
1.713102
2.750957
2.933613
1.247713
2.423759
2.165015
1.875781
2.437015
2.505281
1.880348
1.767966
1.314914
2.413270
1.266761
3.147235
2.561321
1.738701
1.343057
1.173577
1.801352
2.726224
1.956114
2.027936
2.432864
1.496334
2.446081
2.001554
2.420353
0.864302
2.245727
2.647645
2.991574
1.919840
2.701341
2.134519
2.040897
1.990985
2.804826
1.742762
1.885971
1.655697
2.074025
4.232774
1.724664
2.142580
1.201806
1.432993
2.577339
2.851353
1.664661
2.295826
1.920099
1.800917
1.996825
1.833967
2.102826
1.391018
2.550731
2.292374
1.393606
1.484621
2.128910
2.195796
2.261361
1.945381
1.950347
2.860085
1.855447
2.679890
1.716657
3.142237
2.077619
2.715732
1.871111
2.713510
0.571649
1.788228
1.651924
2.247281
1.565528
2.075183
3.104828
3.272401
2.888473
1.960108
2.100273
0.915099
0.918344
1.339128
1.359238
1.899117
3.973494
2.593362
1.863254
1.581023
1.714354
1.144928
2.917694
2.231273
2.410027
1.278315
1.426286
2.350753
1.487776
2.445499
2.077624
2.024564
1.938233
3.438358
1.723298
1.193380
2.003372
1.985394
1.684709
1.285405
2.089489
2.151247
1.056449
1.243106
1.597611
3.857903
2.535071
1.679449
1.350582
1.709510
2.547332
1.870469
1.397980
1.555463
3.000988
2.369195
2.058731
1.671338
2.999058
2.305636
0.658504
1.963187
1.490615
1.680147
1.765782
1.571131
2.177510
3.367700
2.062456
1.512900
1.548888
1.667900
1.369421
1.659592
1.236287
3.660045
2.563301
1.624780
3.699747
2.256800
2.197256
2.788665
2.412475
1.155326
1.391293
1.386232
2.390163
2.295748
2.103179
1.168312
1.518344
1.496844
2.203810
2.136851
1.862059
1.967673
2.163002
1.617923
1.837052
1.901942
1.635266
2.589940
1.625713
1.796991
2.012422
1.686197
2.082778
2.193242
2.018646
1.324194
2.333313
1.160023
2.304829
1.106727
2.270655
3.020989
1.820970
2.714536
1.809413
1.927753
1.528206
1.671287
2.588752
2.714448
2.696708
1.884603
2.063138
2.868295
1.904875
2.641295
2.302859
2.944652
1.785345
0.866595
1.402613
1.831075
2.128811
1.609789
1.713810
1.295684
1.681544
1.345725
2.637228
2.175775
1.196240
2.240680
2.339842
0.656968
1.216439
3.195205
1.919638
1.501334
2.021102
1.833368
1.700399
1.876212
1.249652
1.486402
1.260933
2.073443
2.102511
2.177455
1.799190
3.667848
0.955217
2.273319
2.387935
1.868669
2.678467
1.637327
2.362254
1.874343
2.439276
2.399645
2.522585
2.667284
1.893847
1.500720
1.823370
1.978676
1.948996
2.773713
1.506789
0.793304
3.391397
1.371011
2.645650
1.343755
1.789146
1.720518
1.691758
1.653237
2.451001
3.526118
1.379504
3.542764
2.266004
2.868817
2.388138
2.046450
2.116006
2.411632
1.611648
2.009977
1.296823
1.824902
2.033396
3.321381
1.623535
2.408053
2.491288
2.160746
1.229269
2.820339
1.465239
2.230666
2.032644
2.879759
1.322345
3.111701
1.927346
2.325824
1.951488
0.959772
0.860545
2.070148
1.844740
1.124989
2.604891
1.395244
2.110283
2.034954
1.674190
2.137247
4.159737
2.563913
2.818536
0.919463
2.453541
2.703582
3.515274
2.274136
1.691752
2.365486
3.471265
1.676589
1.518413
2.602670
1.809599
2.817197
1.949494
1.751861
2.144568
2.142907
1.906701
2.651061
1.522324
2.959263
2.169824
2.690322
0.998899
2.840193
1.649676
1.008423
1.223117
1.778685
1.766674
1.821385
2.236026
2.379337
1.971028
1.822223
1.471096
2.016006
1.666580
2.155760
2.513151
1.451656
1.974180
1.693922
2.511486
2.954327
1.714801
2.714359
1.743911
2.132367
3.004108
2.492440
3.074753
2.716722
1.860880
1.932645
1.962078
1.510481
2.611254
1.397407
3.552547
2.879625
1.561223
1.829555
1.679603
1.794909
2.110683
2.522404
1.896213
1.521218
3.715693
1.535534
1.900355
1.080586
2.736410
2.187048
1.323256
2.312103
1.540694
3.124194
2.614021
1.557120
2.337069
2.075471
1.521105
1.866358
1.720557
2.003395
2.274734
2.192509
2.579464
3.053866
2.196797
4.921391
1.424929
2.305798
1.319001
1.029366
2.305145
1.639866
2.786804
3.644249
1.874835
2.046647
1.771258
2.454009
2.356311
2.633693
3.335466
2.577899
1.015467
1.845277
1.981237
2.849594
1.094053
0.989303
2.082315
2.152861
1.592185
2.267520
2.176166
1.107949
2.485008
0.886122
1.490395
1.105906
1.403732
3.649079
1.531947
2.069190
2.189265
2.299693
2.064166
2.181847
1.277936
2.216467
2.350927
2.794643
1.563580
1.778614
1.442159
2.497512
2.887278
1.286458
1.313023
1.458385
1.876323
1.779980
1.800950
1.376305
1.520617
2.775760
2.743275
2.959550
2.030300
2.467328
2.361302
2.643625
2.226260
2.521226
2.077482
2.298903
2.461503
2.444682
1.038433
1.912707
2.489242
2.138879
2.282419
1.534170
1.942426
2.579437
2.865564
2.493395
2.095828
1.740526
2.842486
3.118574
2.077253
2.176259
1.982155
2.394762
1.417725
1.084156
1.395072
1.898929
1.844739
1.046536
1.175475
0.827151
1.292891
1.928264
1.656885
0.943198
2.071017
1.721904
2.241400
2.164286
1.961033
2.049530
2.278239
2.483220
1.407880
1.693409
2.199532
1.412188
1.060068
2.005228
2.101314
1.611018
1.393993
1.763015
1.765493
2.637379
2.422763
1.740273
1.865844
2.645526
1.469195
2.347241
1.754132
1.600622
1.899383
1.949613
1.612835
1.772356
1.848106
1.978172
1.171277
2.339630
2.212975
1.079399
1.526104
2.872220
2.302878
1.471622
2.609130
2.193126
2.310223
2.320085
1.813928
2.487234
3.180034
1.727703
1.721489
1.705947
1.742563
2.445262
0.950833
0.749328
1.725422
1.363802
1.896978
1.144767
3.054586
1.957241
0.762244
2.841892
1.167104
1.992940
1.924602
2.726583
2.424723
2.401684
2.530361
1.557326
1.542627
2.737481
1.178277
2.365154
1.703259
1.717905
1.734903
1.239239
1.886695
2.120062
1.733277
1.199023
1.648261
1.198552
1.919082
2.412461
2.030840
2.148527
2.032471
1.698644
1.130111
2.014590
1.297938
1.638023
3.522416
3.517938
1.904515
1.141557
2.340148
2.583168
2.030002
2.046044
3.328086
1.612897
1.202251
1.982397
2.856155
2.615759
1.076521
1.490523
1.539363
1.599967
1.226803
2.414016
2.549485
3.347389
1.966578
2.279211
1.784219
1.500446
2.582102
1.083051
1.401104
1.952950
2.629795
1.358755
1.977546
2.014066
1.569157
1.051452
2.723919
2.626433
2.028929
1.365753
2.389341
0.824542
3.054938
2.784251
1.835190
1.932988
1.335480
1.722935
0.614541
3.164700
1.371830
3.565102
1.065044
2.369173
1.377596
1.546091
2.121109
2.263685
1.389278
2.620005
2.099298
0.625318
2.228156
1.725806
1.215536
2.793311
1.138227
1.649522
4.691742
1.848385
1.889753
1.549206
1.632261
1.339870
1.372587
2.959100
2.198875
2.089870
1.828998
1.519338
1.956489
1.069063
3.289912
1.086420
1.945585
2.767107
1.508634
1.536477
1.992567
2.299794
2.075587
1.782799
2.156510
2.311684
1.760584
1.521048
1.695878
1.764526
1.706462
1.049655
3.153503
1.822379
1.299747
2.213956
2.007174
2.557774
2.487227
2.474999
1.846457
1.806600
1.660880
1.761949
1.317829
3.234113
2.112642
2.487345
1.079361
3.388664
1.678433
1.617670
1.262888
2.530031
1.553750
1.802324
1.620166
1.836056
1.883660
2.555677
1.586518
2.352001
2.374790
2.176366
1.047100
2.035217
1.889389
2.513050
2.213466
2.618352
1.762654
1.658119
1.891345
2.413481
2.263095
2.347671
1.863210
2.663096
1.762179
1.861535
1.652481
1.985153
3.087873
2.097107
1.505866
1.873325
1.838554
1.633012
2.231824
1.545939
2.270688
2.200567
1.832574
1.970338
1.813576
1.635684
2.053172
1.991240
1.487336
1.927255
1.177025
1.877888
1.883872
2.319272
2.085769
1.860187
2.250350
2.117927
1.068875
0.729883
1.711818
1.029076
2.334506
2.075047
1.554218
1.294523
1.270036
2.778945
1.338956
3.215617
1.366387
1.532085
1.747221
1.717243
1.573158
2.634987
1.897153
2.729699
2.495867
0.867823
2.001312
2.639927
2.380113
1.161127
1.486198
1.569061
1.441274
2.382233
1.507009
2.410992
2.079844
1.334715
1.804964
2.587739
1.828620
2.220569
1.863904
2.311341
2.704542
2.446118
1.396789
3.064381
2.318902
1.996722
1.263534
1.530826
2.886934
1.741415
2.773991
2.461536
1.486906
1.077517
2.301183
2.980216
3.120912
2.205561
2.695022
2.953515
1.776721
1.958146
2.018247
1.574721
1.394709
0.921485
2.200561
1.805726
3.420082
1.523774
2.475234
1.940034
1.263831
1.371890
2.364050
2.241927
1.784248
1.571985
1.021501
1.693609
1.704085
2.086938
1.785834
2.512315
2.091944
2.116115
1.346673
3.242162
2.663106
1.270410
2.159937
2.475375
1.355180
2.080380
2.716539
2.795908
1.564983
2.280637
1.416586
2.241832
1.676250
2.171169
2.731988
2.000963
1.241193
1.905829
1.245414
1.817178
1.594505
2.578608
2.378474
1.849451
1.810239
1.876570
1.901216
2.049194
1.058808
1.132162
4.132019
2.237219
2.067408
2.023460
1.868829
1.760240
2.397413
1.713812
1.312778
1.580392
2.529518
2.245833
2.805773
2.560462
1.873037
3.128942
3.159819
1.313356
2.623450
2.218435
1.821574
2.852168
1.668674
1.304246
2.811540
1.945431
2.100304
1.806634
2.086758
1.044363
2.000427
2.364042
1.722570
1.814333
1.180932
2.403260
1.511414
2.987329
2.382925
1.717784
1.980536
2.318861
2.570846
1.767867
2.112688
2.191672
1.531817
2.931947
1.823868
2.196298
1.839239
1.731672
2.673981
1.818051
1.808069
1.298973
2.395544
2.234822
2.810614
3.918102
2.681981
1.885915
2.201920
3.237632
1.460070
1.236348
1.497245
1.297091
2.010737
2.168410
2.021877
2.211629
1.644439
2.248353
1.577426
2.368837
1.965781
2.617368
2.986006
1.380353
1.402689
2.288106
2.065573
1.723440
1.675324
2.383941
1.835996
1.466480
1.852943
2.493747
2.768319
2.041200
3.851644
2.227637
1.654850
2.512512
1.725855
1.831806
1.497605
2.156975
1.948414
1.437558
2.746261
1.872466
2.623775
1.632330
3.195590
2.117399
1.426118
1.378898
1.729636
2.039274
1.433627
1.864723
1.278656
1.605242
2.238733
2.766133
1.297651
1.878264
2.552424
1.577749
2.152294
2.291202
1.792347
2.399457
1.881013
0.940580
1.737942
1.174198
2.517115
2.877532
3.252022
2.684573
2.284615
2.270310
2.838044
2.285320
1.655464
2.403287
1.292476
2.508439
1.102012
1.290829
1.471089
2.065841
1.940364
1.208828
1.557213
2.342397
3.384523
2.433698
1.929145
2.454021
2.568351
2.779647
1.437758
3.092969
3.639066
1.934178
3.418335
2.736528
0.866002
1.862344
1.756105
3.458550
2.097361
1.875440
1.516416
1.113677
2.203554
1.853579
1.792473
3.121875
1.845254
2.168917
1.538575
2.011014
1.363857
2.073175
2.238424
2.075417
1.547328
2.892090
1.824383
1.865239
2.227446
2.829480
1.062755
3.097279
1.888602
2.165646
2.479133
3.209971
1.633871
1.179536
1.572633
2.031522
1.829931
1.568542
1.751312
1.494231
2.066570
1.359421
2.286929
2.179278
3.194939
1.959653
2.382419
0.982066
3.346888
1.434590
2.355527
1.129545
1.432006
3.004560
1.479134
2.371446
2.313870
1.939193
2.515115
0.926088
3.064827
2.264197
1.060377
2.779051
2.194905
1.775605
2.978648
1.726826
2.744602
2.460946
2.116826
1.091377
1.349540
1.275449
1.565372
3.057412
1.834616
1.759743
2.384304
2.343272
2.243049
3.549819
2.709130
0.960999
2.878156
1.827829
2.289403
1.586028
2.641268
1.399783
2.391608
1.527408
2.231432
1.914794
0.920108
2.927566
2.073436
1.650451
2.612422
1.173952
2.940351
1.519594
1.108676
1.354150
1.844518
2.138528
1.530837
1.703093
1.654025
1.827279
1.988009
1.083806
2.735661
1.670947
1.492155
1.423585
1.421552
1.980238
2.153121
2.624639
1.609575
2.157441
2.284465
1.197639
2.756622
1.446822
2.137122
3.330022
2.673688
1.105952
2.095134
2.334864
2.093109
1.655717
2.560931
1.897188
2.248342
1.777347
2.381467
2.231132
2.115420
1.471848
1.444089
2.555873
1.020367
2.081777
1.629830
1.959389
2.149898
2.272138
3.702324
2.139656
2.141316
2.287510
2.815556
1.363541
2.273984
3.794441
2.070097
1.345391
2.807180
1.773653
1.931575
1.513073
1.681022
2.251971
2.970160
1.795330
2.283853
1.402892
2.438983
1.132419
2.288269
2.185303
1.866117
1.883356
2.680777
3.167808
1.411702
1.416777
2.076791
2.748769
1.920044
2.358589
2.535112
1.873879
1.904685
1.543146
2.594881
1.733440
1.858319
1.873527
1.565587
1.175433
3.903305
2.116981
1.914568
1.942055
2.064306
2.162742
1.284145
1.293906
2.145264
1.522634
2.682006
2.083851
1.483923
2.469441
2.564270
1.815030
1.717972
2.996656
1.600954
1.942965
2.095704
2.002107
0.671170
2.346700
3.241583
2.825983
1.459242
2.151342
2.113652
2.041563
1.446741
1.934307
1.697756
1.924059
1.484575
2.086414
2.213920
2.120881
1.960703
2.068792
2.178440
1.767291
1.335774
1.659564
3.560423
2.371339
1.742649
2.219494
1.811401
2.236245
1.979002
2.732829
2.961152
2.355642
1.563314
2.478386
2.857459
2.143788
2.045012
2.147552
2.260899
1.539352
2.743734
2.178240
1.778396
1.987152
1.922551
2.469269
2.228147
1.540743
3.108947
2.038220
0.723783
1.959278
2.092219
1.682264
3.362295
1.154807
2.326027
1.361971
1.207346
2.494380
1.663492
1.899143
2.352251
0.842369
1.769584
1.681168
1.571711
2.609483
1.833158
1.471629
1.864063
1.501807
1.565129
1.406423
1.701794
2.357980
1.799389
1.309095
2.002174
1.302082
2.692033
2.494499
2.581225
1.217103
3.071413
2.065918
1.311948
2.291163
2.579212
2.294028
0.429774
1.231753
1.273231
1.211411
3.151774
2.680818
1.595085
1.532789
2.154056
1.433876
1.929821
1.225871
1.912061
1.110189
1.253820
1.599917
1.761827
2.216237
1.886656
1.502176
1.860429
2.070599
2.656796
3.001783
1.980858
1.493957
1.893663
1.676726
1.272521
2.824149
1.713039
1.686285
2.703015
1.159416
1.167632
1.641371
1.133894
1.278153
1.662799
0.806723
2.894456
1.391422
1.577839
1.449406
1.741291
2.388342
1.921869
1.122958
1.226006
1.908347
1.292546
1.410767
1.765298
2.415094
0.813853
5.217105
1.501357
2.186733
2.018455
1.977097
1.227961
2.237610
1.697769
1.675741
1.605968
1.643413
1.943819
1.163823
1.102041
1.660967
1.434832
1.865007
1.314739
1.645884
3.097272
2.175455
1.908569
2.615237
2.175139
1.711017
1.896460
1.903166
1.692716
0.895529
2.714486
2.865789
2.918098
2.324502
2.181662
2.255667
1.873376
1.699715
1.786149
2.505084
2.501538
1.981445
1.423515
2.198516
1.587124
1.955294
1.686180
2.377886
1.765084
2.722846
1.936899
2.199331
1.781563
1.519616
3.902164
1.179839
1.940904
1.151314
1.998996
2.692035
1.699824
3.285879
2.028337
3.049472
2.133255
3.015563
1.289326
1.131229
3.811896
1.614119
1.954033
1.252288
2.270964
1.586892
2.149329
1.955327
2.401328
2.365723
2.195299
0.980460
1.660901
1.824220
1.866234
1.232840
2.112763
1.726359
2.790227
3.514961
2.134922
2.267714
1.751967
1.508266
2.190656
2.090788
1.928774
0.950983
1.854220
2.579774
1.017299
1.862875
1.221885
2.181090
1.300549
2.454695
2.233551
2.953038
1.630897
3.235574
2.812848
2.322110
2.507390
2.046800
1.036566
1.639328
1.341600
1.198069
1.937713
2.467829
2.686773
1.760801
3.148521
2.768951
2.316543
2.729171
3.369051
2.553116
1.767567
2.444957
2.604599
3.309409
2.026951
1.640440
2.228912
1.998850
1.395568
2.328936
1.278547
1.591063
1.549669
2.662274
3.084046
2.276400
1.713692
1.142731
1.672393
2.432106
1.439174
1.446001
1.209214
3.183356
0.869483
2.019455
2.324202
1.780025
2.178946
1.357198
2.521020
1.583086
2.417306
1.316433
3.106333
1.572308
1.329802
1.278187
1.759101
2.531551
2.383425
1.749537
2.135597
1.332217
2.469567
1.761593
1.769635
1.967246
2.425444
1.445858
1.483346
2.079699
1.664866
1.137321
1.407498
1.723363
0.760128
2.383464
1.922641
2.251339
0.639618
3.172958
4.190306
2.790591
2.643303
1.448290
3.168470
1.668127
1.974804
2.123221
1.656058
1.608203
1.680686
2.846888
1.420204
2.003646
3.731233
1.013192
2.015972
2.328640
1.743568
1.700195
1.910691
2.592821
1.663815
1.493619
2.239382
3.971688
1.403918
2.496869
1.879143
1.520940
1.449756
1.473994
1.892941
3.536833
2.765628
2.287860
2.327513
1.847192
2.232733
1.911414
2.711752
1.468699
2.143919
2.479881
1.481521
3.665827
1.256608
1.476162
1.462321
2.143659
2.871206
2.758778
1.549242
1.787020
3.124208
1.520655
0.830366
1.629853
1.538452
1.903656
1.880663
2.203278
2.352724
2.904451
1.562185
2.488755
2.361741
1.258467
1.496635
2.906887
3.280030
2.135326
2.138455
0.801242
2.926939
2.097468
1.704249
3.106814
0.949345
2.191944
2.614960
2.612598
2.516396
1.186909
3.318066
2.192651
1.397808
2.051504
1.376467
1.483851
2.782361
1.265829
1.513803
2.077919
4.071119
1.679255
3.150057
1.994430
3.656716
2.745624
4.014543
1.732009
1.432390
1.775206
2.282666
2.915082
1.918789
2.690303
2.991186
1.949454
2.168577
2.483169
2.076903
2.331824
2.269203
2.075415
1.066014
2.802652
2.373710
1.704367
2.025974
2.569375
1.805730
1.966802
1.342566
1.319017
1.176029
1.116126
1.730263
1.406132
2.043830
1.585568
2.615204
2.215886
1.580176
1.769912
2.365361
1.875159
1.805769
1.499923
1.631961
3.112784
1.166509
2.019805
0.883167
1.003453
3.441934
2.066608
2.332103
1.129553
1.507518
4.154396
1.879896
2.367322
1.568488
2.105440
2.143712
2.487036
2.795276
2.183795
2.951123
2.760892
2.519959
1.993963
1.942022
1.557678
2.631032
1.692709
1.154822
1.053327
2.144706
1.925346
2.616691
1.023453
3.116044
2.157778
1.415985
2.007745
0.817670
1.336356
2.486724
1.279439
1.410342
2.471077
2.329445
3.075257
2.008839
2.133020
1.131139
1.666980
1.895847
1.022610
1.632951
1.944083
1.304647
2.083419
1.767514
1.983875
2.777907
1.545930
1.909428
1.358859
3.985129
2.357721
2.175366
2.301885
2.279495
1.988840
1.751918
1.624308
1.893147
1.592643
2.375357
3.111457
1.644391
2.443166
2.917860
2.614602
1.767725
2.060802
1.503283
1.439157
1.907593
2.428731
2.413734
2.152154
1.461932
1.254443
1.347113
1.603196
2.160978
2.526305
3.653005
2.519061
1.417343
2.039309
1.978013
0.866068
2.677933
3.019531
0.920305
2.556141
2.809421
2.710360
1.082482
1.827271
1.675708
2.090780
1.272816
2.507083
2.098054
2.976367
3.812428
2.706401
1.685253
2.214209
2.803274
1.742416
1.674987
1.796254
3.002338
1.075453
2.233039
1.052922
1.588416
2.286351
1.179564
1.486968
1.410061
1.644839
1.531254
2.173709
1.905744
2.334734
0.828379
2.254338
2.846397
1.633406
1.418453
2.049584
1.747899
2.151262
1.927620
1.707591
1.436114
2.200409
1.755159
3.331292
4.404146
1.123328
1.300683
3.376490
1.552400
1.473191
1.936028
1.419789
1.407517
1.740273
1.792005
1.296185
2.631018
2.599555
1.589836
1.193521
1.916032
1.720781
1.258959
1.264228
1.355584
2.377870
2.342966
2.547963
2.758307
1.309531
0.753998
1.633314
1.233142
1.340672
2.231384
1.588163
1.461568
1.732494
1.593831
2.037431
1.311644
3.611470
1.196462
2.422221
2.505153
2.739071
1.795241
1.517552
1.691997
2.669587
1.847186
2.024520
2.458148
2.262865
1.844490
1.497525
3.245972
1.795377
1.063741
2.420378
2.425261
0.962885
1.718614
3.021703
1.942488
1.037496
1.397159
3.590180
1.736286
2.239658
3.307757
1.028485
1.971683
3.045870
2.693728
1.853985
3.281913
1.780896
1.281405
1.585106
2.719874
1.704464
1.661327
1.432748
1.183373
3.303394
1.537561
2.777419
1.817037
2.004872
2.380103
2.035847
2.506841
2.203888
1.667027
2.174105
2.084246
1.600981
1.768853
2.116806
2.794928
3.369768
1.155136
2.246799
2.269028
2.939835
1.719347
1.146346
1.880727
1.208869
1.271877
2.147050
3.717836
2.995709
2.657100
0.844688
1.470075
1.410769
1.289246
1.149035
2.503695
2.000328
3.031293
1.923771
2.615663
1.272523
1.094985
2.697224
1.739940
2.007614
1.547190
2.192449
2.138934
2.422198
2.034078
1.761756
1.610863
1.633955
2.218377
1.780950
1.249553
2.033278
2.185133
1.338744
2.810509
1.633274
1.958323
3.400123
2.108283
1.345286
2.732277
3.390302
0.905293
1.355568
1.795718
0.912432
2.407058
2.281861
1.808502
2.621626
2.062578
1.113547
3.435926
2.640719
2.210218
1.725370
1.388688
0.982286
1.688775
1.683349
2.372578
1.089235
1.451348
1.935630
2.156601
2.283786
1.866845
1.853241
1.266917
3.018165
2.002627
1.530788
2.597794
1.413196
1.824744
2.332486
1.777641
1.741817
1.715141
2.863708
1.630941
1.314416
2.241995
2.230651
2.276865
3.244009
1.918282
1.267615
1.992148
1.542061
2.309285
2.479641
2.240792
2.318109
1.135524
2.150767
1.422727
2.477995
1.795070
1.455465
1.289229
2.278007
2.104407
2.600727
0.991977
1.733895
2.677870
2.471107
3.861705
3.144853
1.570696
1.528763
1.995997
3.189698
2.919013
1.503983
2.092408
1.931603
2.861619
1.558951
1.860471
1.322203
2.351920
2.393954
1.320195
1.012745
1.689002
2.860097
1.549354
1.764750
3.009379
1.676292
1.309571
1.632673
2.513883
1.348812
1.499087
0.976923
3.138932
2.928284
3.080541
1.917528
2.421752
3.483635
2.083595
1.130866
1.487211
1.806717
1.808060
1.678909
2.257900
1.812083
2.475974
1.535016
2.377641
1.759961
1.663588
2.617821
1.596710
1.943781
2.929283
1.770455
2.646688
3.023066
2.000354
2.441796
2.248484
1.905200
1.251804
1.360067
1.418641
1.509930
1.911850
2.397648
2.203696
1.019287
2.246956
1.541798
1.852101
1.669124
2.690963
1.720189
2.233527
1.304997
1.678132
2.521734
1.392385
2.388310
0.997568
1.906125
1.211980
2.272959
4.068175
3.536637
1.936489
1.869641
1.323450
2.636855
1.195343
0.916554
1.948021
2.561243
1.529649
1.089030
2.629408
2.484463
2.393180
2.150747
1.789528
1.718240
2.559479
1.483768
3.330648
1.214497
2.270772
2.526191
2.058458
1.982203
1.237696
1.682037
1.894231
1.987720
1.529691
3.058226
2.123675
1.443773
0.903846
1.812663
1.922377
1.192535
2.488811
1.946850
1.844068
1.759909
1.454776
1.673312
2.055736
1.669025
2.924926
0.861833
1.147805
2.434854
2.731936
1.859534
2.588471
1.182245
2.283177
2.539566
0.915412
2.415983
2.406816
1.080844
1.385269
1.329538
1.888413
2.335415
1.201409
2.104426
2.156247
1.586724
2.734541
2.347692
1.703639
1.446147
2.493898
2.592938
2.809082
2.696369
1.581982
1.304792
2.087974
1.422997
2.290484
1.453674
2.218585
2.010988
0.917247
2.095220
2.121520
2.062285
1.710120
1.909856
1.308124
1.311305
2.198680
1.108295
3.284137
4.013470
1.687962
1.746312
2.619638
2.487680
2.535784
1.524235
1.941943
1.339063
2.432946
2.373645
3.616081
1.918384
1.939451
2.073902
2.543328
2.428075
1.822851
1.667106
2.019219
2.041696
1.453427
1.886619
2.575677
1.223510
1.891477
2.195745
2.099624
2.092058
1.571549
2.096305
1.576700
1.978848
2.286699
2.122512
1.253997
2.222801
1.259504
2.218134
2.311872
1.272848
2.588714
2.683173
2.613839
2.550553
1.482795
1.355423
1.189977
2.332481
2.226247
1.307723
4.008996
1.248172
2.260576
1.301561
1.750110
1.689123
1.813601
2.240784
2.341433
3.026252
2.721929
1.397498
2.515962
2.120180
2.040896
2.460548
2.160353
1.365952
1.985809
1.112526
1.721345
2.947640
4.429521
0.909921
1.385913
2.330544
1.642811
2.611467
2.509394
2.307304
2.205890
2.254430
1.877263
2.019426
1.977413
1.257166
2.279686
3.863681
2.788791
2.325435
1.871908
2.207515
2.479810
2.077880
2.893421
2.757073
1.897239
2.154940
2.549836
3.692805
1.982020
1.716510
1.431617
1.636167
2.398001
2.561497
1.670124
1.818938
1.972591
1.482863
3.103623
1.234654
1.765451
1.319746
1.290841
1.909605
1.529614
1.908101
2.066706
2.569328
2.637724
1.539774
1.781628
3.652606
1.396471
1.911479
1.758178
1.408461
2.899127
1.345057
2.143653
1.980579
2.092867
1.680752
1.374621
2.583191
1.794826
3.786180
1.822419
1.186183
2.324522
1.979078
2.347514
3.292434
2.890069
3.158625
1.420651
3.179411
1.617721
1.787290
1.656255
2.172205
2.345301
3.119251
1.648072
1.634926
2.680237
2.017487
2.494141
2.192194
1.545295
1.373149
2.251702
1.347072
1.576258
2.404435
1.593459
1.782845
2.162385
3.291588
1.689281
1.464412
1.173584
2.050997
1.599600
1.975957
0.862864
2.967989
2.397043
2.272307
3.391852
1.653349
1.674563
1.483240
0.888182
1.757765
1.707749
2.469336
1.935130
1.241535
3.181351
0.783512
1.842266
1.457816
1.796765
1.917596
1.056272
3.887508
3.904673
2.256736
1.246701
1.924461
2.153113
0.857207
1.213749
1.445319
3.800533
1.581437
2.911261
1.335911
2.309525
1.487176
1.496808
1.911279
2.369857
2.311998
2.096399
1.496365
1.119938
1.518739
2.245030
2.346567
1.632252
1.121544
2.101247
2.762246
2.259674
1.777117
1.992604
3.458571
1.245052
2.132198
2.297056
2.967309
1.646161
1.846488
1.700902
1.449995
1.670021
1.602490
1.436851
2.006307
3.268417
1.297305
2.945313
2.405881
1.898935
2.760501
2.199943
3.018629
1.221224
2.424936
1.312704
1.729933
1.865068
3.264949
1.519940
1.807697
2.456745
2.135896
1.645362
2.730150
2.614970
1.388265
1.394185
2.291975
2.865130
1.388766
1.290050
1.630641
1.723018
2.319318
2.120463
3.064137
2.235510
2.489928
1.963732
1.890663
2.306007
2.931915
1.215258
1.822782
2.280708
1.655046
3.337857
2.018734
2.936405
1.787983
3.126376
1.892083
3.090595
1.164593
0.801594
1.018310
1.506740
2.597808
2.647107
2.651355
1.392253
1.392471
2.905898
0.838359
1.804005
2.554949
1.035490
1.298466
1.810689
1.612274
2.099025
1.526392
2.310061
2.248725
1.775963
1.817468
1.663883
1.951150
1.904985
1.255004
2.254285
0.897080
3.204764
1.475443
1.551218
2.468798
2.199406
1.741392
1.539900
2.470262
2.653706
2.475577
2.306478
2.122791
2.067345
1.092392
2.046978
1.218655
2.074836
0.956939
2.265218
1.329769
1.968955
2.531956
1.512449
1.760146
2.038571
0.929573
1.693689
0.989726
2.954596
1.179900
2.625099
2.506658
0.695355
1.362180
1.706815
2.240437
0.881510
1.437501
1.196535
2.146458
2.366738
1.134344
1.960894
2.297927
1.272871
2.529936
1.380947
3.060617
1.688297
1.773302
2.104354
1.965921
0.957280
2.879413
2.486421
1.477539
1.460132
2.386023
0.868888
1.628973
3.188332
1.926185
2.199170
3.083792
2.193165
2.170784
1.373126
1.897189
1.198337
2.795346
2.517848
2.956379
1.311442
1.624463
2.888330
1.379316
2.489902
2.227034
1.531522
2.240496
1.934207
2.790010
2.014280
2.686278
2.313712
2.285970
1.910746
2.043527
2.620035
2.725189
2.161249
2.278208
2.049505
1.777055
2.758155
2.207258
1.369817
1.941292
0.477300
2.504242
2.947369
1.081143
1.276594
1.892409
1.844880
1.526431
1.821165
2.673432
1.380691
1.833201
2.761758
1.936851
5.105430
2.608715
2.078553
2.129470
1.509407
3.478749
1.198938
2.168133
2.816110
2.315305
2.686529
2.507074
1.585142
1.082556
1.784532
2.394471
2.861728
1.929745
2.308888
1.735491
1.794606
2.089829
1.095175
1.867732
1.578897
1.704518
2.084756
1.586031
1.909739
2.822501
1.677490
1.297698
2.392859
1.421242
2.142995
3.083962
1.646127
1.618061
1.637682
1.737157
1.390416
2.252605
1.918237
1.843969
1.036337
1.851408
1.602994
2.358403
2.306523
3.350744
1.701840
0.926171
2.408181
2.827896
0.912891
2.812783
2.361843
2.072154
1.403898
1.823852
1.738612
1.639031
2.224743
2.502304
2.259012
1.500509
1.213391
3.817117
1.283334
0.995977
2.656936
1.807128
1.266664
2.779933
1.292259
1.573367
1.914142
2.540541
1.779332
1.817719
0.809265
2.111589
1.874308
1.415956
1.440106
1.529037
3.557240
1.802009
1.340542
1.977752
1.919215
1.539269
2.285167
1.831092
1.467223
1.658455
2.861796
2.143312
1.456741
1.699267
3.402184
2.796959
2.215657
0.687943
2.103583
1.321389
2.977922
1.998131
1.448953
3.988530
0.551811
1.251574
1.195291
1.549134
1.810037
1.532845
1.948614
2.354960
1.328841
2.514557
1.300079
1.198386
2.797437
3.465675
1.592900
2.390259
1.499386
1.845053
1.993116
2.349313
2.304426
1.562760
1.808262
2.137405
1.874281
2.373772
4.301298
1.993121
2.706590
2.596855
1.657120
1.618604
3.110634
2.552388
2.382438
1.684139
2.251895
2.093852
1.719051
1.834932
2.215895
3.098171
1.173676
3.152827
1.630850
1.910626
2.129865
0.586320
2.851228
1.699837
1.503949
1.552401
1.914656
2.197802
2.446603
1.396984
1.909516
3.424909
0.902266
2.273022
2.343208
1.052637
1.931312
1.679983
3.372037
1.729855
2.101237
1.727231
2.831755
1.684172
1.651581
1.615745
1.572339
2.509370
1.363057
2.333443
3.896575
3.195801
3.065343
1.035341
2.135532
2.802335
2.078999
2.056369
2.632974
1.669677
2.313702
1.084495
1.401244
2.321297
1.471363
2.786535
3.176746
1.439606
2.558874
1.711057
1.005336
1.843486
2.110416
3.464919
1.199206
1.288861
1.844516
4.026448
1.806537
1.539475
2.010975
2.069321
2.029535
2.100297
1.200991
1.527658
2.947218
1.203047
3.103592
1.900887
3.243686
3.517893
1.277492
2.287444
2.044591
2.232296
2.371868
2.913152
2.545583
2.622039
1.047677
0.800503
1.343876
2.194509
1.200873
0.875173
1.517504
2.043572
1.746279
1.808540
1.020683
1.879559
1.625214
2.446806
2.370509
1.197139
2.496467
3.105451
1.705444
2.719532
2.329451
2.738400
2.259732
2.756072
2.738625
3.120895
1.567271
1.509728
1.200182
1.509086
3.158804
1.346771
2.097112
1.888813
1.333590
2.220615
1.701042
2.202910
1.727132
2.313486
2.373801
2.981982
2.043939
1.817069
2.799023
2.069948
2.503138
0.913958
1.178174
1.696647
1.966061
2.466690
1.387567
2.074691
2.389650
1.941855
1.097155
2.098333
2.030250
2.500145
1.419960
2.169973
0.866950
2.405266
1.843690
1.811381
1.490587
2.058162
1.478631
1.557707
1.530942
1.900126
3.150281
2.038247
2.858315
1.924982
1.917517
1.495180
2.527029
1.087467
1.779634
0.458123
2.594697
1.352420
2.719674
1.167076
2.340298
1.864141
1.597059
3.134599
2.380178
1.586634
1.396414
0.927464
0.871187
2.008419
1.981094
2.087009
1.453958
2.504463
2.710393
3.426026
2.716565
3.174983
3.228495
1.703933
2.111797
2.491239
1.256846
2.357681
2.602843
2.001637
3.170091
2.574913
1.175463
2.273484
2.605022
2.896832
2.663225
1.701983
1.291352
3.079237
3.866412
2.399678
2.954026
1.546889
2.153590
2.826540
1.373367
1.517098
2.421904
2.981163
1.334127
1.263139
1.552543
2.491829
1.557929
3.678786
2.207003
2.261675
2.233817
2.846809
3.396219
2.310108
2.105020
1.685533
1.241244
1.433404
2.428494
1.735475
2.108503
1.701088
1.886623
1.521944
1.174397
1.316989
2.596378
2.225109
2.381757
2.302888
2.827790
2.012253
1.788586
1.996835
3.015475
2.013751
1.667823
1.947150
2.365446
2.596281
0.991589
2.628798
1.184289
1.621714
1.335614
1.554798
2.003385
1.850777
2.591011
3.142184
2.229782
2.537233
1.550002
1.275963
1.141249
2.030296
1.695069
1.774276
1.891342
2.381939
2.313159
1.437820
2.198571
2.829600
1.542673
2.871146
1.700097
1.569002
2.043599
1.698766
1.184252
2.800140
2.506696
2.646146
1.915628
1.552550
2.241805
1.710397
1.868759
1.380379
1.400562
2.540705
2.035814
1.480850
2.154996
2.079670
2.673383
0.790871
2.073387
1.642458
1.778532
1.184724
2.604890
2.038106
0.852163
1.412065
2.311163
1.485778
1.575252
1.620994
1.497113
1.423662
2.071696
1.416024
1.995251
1.494306
1.465080
2.371357
2.186352
1.962880
1.936618
1.331090
1.940714
2.038593
1.658165
1.784669
2.539434
2.153257
1.011189
1.791675
1.753144
2.628230
2.914326
2.804235
2.667567
1.788060
1.759260
2.149567
2.428027
1.842561
1.143177
2.381451
2.725338
1.318144
0.989685
1.741991
2.759761
1.594857
1.217380
1.775710
2.503656
1.567179
1.701330
2.129050
2.238676
1.175873
2.183750
3.165579
1.446392
2.216184
1.662348
2.118197
2.193319
2.249956
2.676859
2.418053
1.454424
1.465066
2.240220
2.475343
3.735068
2.298457
1.767938
2.405454
1.566823
1.558188
2.123305
2.599821
1.058632
2.254332
1.277661
1.471376
1.779329
1.349790
1.186863
1.649093
2.768299
2.488229
1.270727
1.844609
1.534314
2.564589
1.179225
1.778806
1.947773
1.202959
1.474692
0.814881
1.432574
1.871270
0.698476
1.541336
1.081928
0.701827
1.445725
2.277248
1.339310
1.959103
1.560873
1.307679
2.592256
2.028239
4.227233
2.493174
2.566593
2.302277
2.156805
2.425558
2.473772
2.667643
2.866198
1.604112
3.122185
1.852051
0.768749
1.211398
1.964668
3.457967
1.245817
3.359724
2.191023
1.752017
1.580817
1.301976
2.698523
3.497975
2.131057
3.360695
1.279381
1.552822
2.403586
0.968336
1.522021
1.992774
1.829424
3.491683
1.369151
2.258553
3.021476
1.791108
1.741194
2.528004
1.379803
1.836976
1.162179
2.795312
2.198152
1.039075
1.820635
2.283878
2.348867
2.925588
2.234374
1.369609
1.626574
1.940201
2.444851
2.504934
2.078235
1.896512
3.007908
2.505614
2.503704
1.910276
2.632882
1.866592
1.877346
1.496080
2.226952
1.118208
2.157835
2.241721
1.418584
2.548194
2.265163
2.042361
2.747168
2.000592
2.894908
1.900466
1.576249
1.136525
1.453612
1.869490
2.497483
1.537313
2.218176
2.995204
2.627244
1.402815
1.772132
2.066528
1.479346
1.163574
0.900423
2.702704
1.184197
2.285960
1.239007
1.229166
2.303103
1.420438
1.005408
2.076597
2.039721
1.806382
1.224347
2.421275
3.342782
2.831737
1.611835
2.125392
1.728548
1.333293
2.253374
1.534881
2.515804
0.719121
2.221227
1.387718
1.522851
1.748139
1.076395
2.371616
2.480379
2.579068
3.309549
2.459072
2.215211
1.986131
2.500571
1.943037
2.386250
2.326283
2.021694
1.216648
1.308092
1.581091
2.208922
2.414814
1.684360
2.564442
1.902875
1.629233
1.576929
2.185549
1.122121
2.457006
1.218847
1.582583
2.532347
2.334350
2.129514
2.954193
2.760526
1.580053
1.628411
2.085843
2.104161
2.010102
2.478338
1.388730
1.969369
1.532403
1.283888
2.058305
2.005020
4.701565
3.670667
1.103563
2.473878
1.813198
3.078817
1.362863
2.925209
1.501654
0.867671
1.478820
2.862149
2.049273
2.079575
1.939870
1.679493
2.074710
2.946803
2.690552
1.165099
1.571090
1.653220
1.175105
1.325599
2.032879
1.734857
2.812261
2.610651
1.848848
2.665210
2.084928
1.285286
0.835916
1.194160
2.115712
1.511768
2.554609
2.750381
2.361668
1.471911
2.109521
1.840009
1.243050
0.964751
2.136947
1.594292
2.143060
2.773301
1.932624
2.683976
1.374134
2.675100
2.575769
1.483650
1.059926
2.968576
1.292030
1.752074
1.584474
1.043829
2.194070
2.563412
1.836275
2.559554
2.032456
2.466222
2.295707
1.942287
2.439994
1.247199
0.890524
2.160314
2.220469
1.877116
2.008873
2.051133
1.504442
2.242213
1.517335
1.523583
1.640936
3.385139
1.602602
1.404054
2.229364
0.931190
2.257461
1.421933
1.536260
1.889930
1.562535
2.691720
0.949127
1.407537
2.379960
1.788461
1.699150
2.450114
1.800936
0.999690
2.773876
2.495304
2.389396
2.256446
2.567125
1.717960
1.792879
2.126024
1.797241
2.704671
1.236133
2.957281
1.545494
2.660478
1.374320
2.086824
2.029334
0.949655
3.348329
2.542546
2.086134
1.825113
1.639516
2.544770
1.370093
2.149137
1.525502
1.706329
2.191699
1.686291
2.242688
2.886355
1.435009
1.298921
2.541045
1.221898
2.078152
1.248886
1.278065
3.142600
3.024197
3.184686
2.137964
1.930074
1.809852
1.800824
1.139565
1.477645
2.707002
2.291281
2.330354
2.612833
1.746407
1.182807
3.657382
2.482797
2.596663
1.806613
2.042005
2.103771
1.648311
1.954737
2.114339
1.808862
2.178876
2.158506
3.252530
2.113184
1.767303
2.632173
1.730417
2.402470
1.540123
2.028888
4.468938
2.275403
1.579527
1.487604
2.487278
2.830633
1.726897
3.022357
1.826919
2.396429
1.228260
1.443083
2.099940
1.214377
1.471144
2.693598
2.511207
1.487344
1.001727
2.070203
2.077163
2.518634
2.452601
2.706343
2.070204
1.284939
2.710498
1.526770
1.221961
1.570557
2.337702
2.473359
2.815233
1.692031
2.242598
1.296370
1.367914
0.937553
3.255172
3.402839
1.911819
1.112907
2.190361
1.472662
1.277308
1.745432
2.025138
3.176955
2.434456
1.180068
1.188075
2.166320
2.077878
1.675576
2.623927
1.002775
2.071166
1.725335
1.663487
2.484839
0.823797
2.566873
1.950046
1.118248
2.113761
2.567108
2.951032
1.619571
2.468044
2.402615
1.289582
1.664811
2.511396
2.312696
1.963662
1.933741
1.104343
0.842517
1.868652
1.141700
2.502125
0.850633
2.128902
2.908946
2.155288
1.592155
2.621230
1.277227
1.635310
1.458088
1.242119
0.725535
1.737402
2.025776
2.219560
3.326142
2.153895
1.836778
1.757549
1.877330
2.272801
2.100286
1.457987
1.870507
1.705291
1.668877
1.955914
2.949681
1.654751
1.054640
2.005674
1.054427
2.391273
2.396373
2.801018
1.644650
1.970920
4.017564
1.904146
1.239764
3.295384
3.313842
1.687973
1.475798
1.614661
2.338934
1.771281
2.590363
0.975447
2.498810
1.330760
1.246501
3.472632
3.250422
2.378070
2.163381
2.420807
1.392647
2.113297
2.673518
1.657825
1.090547
1.946786
2.351390
1.595148
2.981230
1.536753
1.849046
2.447360
2.507743
1.953313
2.001914
2.030642
2.483557
1.567713
1.344142
2.472954
1.299968
3.659125
2.300396
1.447868
2.270726
1.628158
3.001865
1.925488
1.987636
2.957166
1.098104
1.221404
1.516000
0.842266
3.318139
2.352732
1.181715
1.448479
1.886450
2.194987
1.884749
1.387072
1.805896
2.079170
1.561499
1.359377
2.773031
2.472501
1.786354
2.996804
1.210950
2.783416
1.316346
2.461122
2.544920
1.622297
2.107291
2.348595
1.453591
2.920668
2.032660
1.649513
2.225224
2.482052
1.492517
2.540139
1.228415
1.749618
2.006953
2.511734
1.724864
2.046019
2.156198
1.894107
1.057029
1.667148
1.854112
2.476046
1.138441
2.463130
1.658993
1.648305
2.592459
2.166934
1.620186
1.733819
1.505213
3.517592
3.478547
3.075036
2.546690
1.700676
2.300228
3.602647
1.442324
1.346246
2.037199
1.163321
2.402364
3.462586
1.674686
2.109173
3.277107
3.598849
1.332765
2.289492
1.450750
1.528080
1.662938
2.304763
1.889584
1.484906
1.506460
1.276129
2.111365
2.144121
1.506222
1.617098
1.988446
0.741367
1.264341
1.795975
1.769929
1.237525
1.542120
1.254177
1.900270
1.691720
1.814560
2.721025
1.334991
1.458114
3.169720
0.760611
1.715130
2.416765
1.866507
2.261612
2.674782
2.601313
3.683415
2.558889
1.925807
3.626731
2.284832
2.536144
2.129518
2.269521
1.411271
1.289522
2.030066
2.405767
1.133549
3.802412
2.667248
0.996646
1.859786
1.949331
2.111166
2.579265
2.841243
1.840194
2.484159
3.559467
1.574688
0.926534
1.380118
2.022676
1.582847
1.447973
2.790250
1.290794
1.431411
1.840913
1.513524
1.860152
1.857533
2.373883
1.976382
2.658302
1.648466
1.568014
2.273816
2.762767
1.252132
1.583288
1.196868
1.489463
0.935117
2.095263
1.826133
2.157989
2.859975
2.452043
1.923248
2.080621
2.088218
1.960952
2.162284
2.026222
1.346245
1.219593
2.121732
1.217664
1.513420
1.996222
1.734874
1.924953
2.123888
1.343579
1.664748
2.112296
0.657957
0.758017
1.621298
2.457849
0.931961
1.726494
1.431494
1.488804
2.180589
2.541522
2.087822
1.924515
2.152916
1.617005
1.253467
2.349209
2.273679
2.494473
1.028043
3.623571
1.731382
1.035319
2.567640
2.070430
1.693129
2.846240
2.503422
1.936850
1.248522
1.761865
1.510877
1.894296
1.915413
1.969415
1.526857
1.885293
1.953265
2.425552
1.865813
2.123585
1.764498
1.079654
0.923317
1.325352
2.060596
1.339228
1.544936
1.613125
1.658661
1.537844
3.845184
3.008712
1.412574
2.253040
2.126358
1.919087
1.962767
2.527225
1.557629
2.463349
2.198426
1.322096
1.291674
2.569105
2.905638
1.738054
1.360165
1.935197
2.903802
2.119454
1.282615
3.260335
1.702792
2.464635
0.999989
2.203550
1.071113
2.449441
1.781441
2.245963
1.484599
2.417850
2.276250
2.193408
1.714748
1.248443
1.101888
1.813446
1.196164
1.557552
1.453046
3.362682
2.055125
1.521166
2.528495
1.977395
2.089789
1.273019
1.612287
3.125708
2.550744
2.292660
1.916426
2.952345
2.347354
1.772421
2.963165
1.523337
3.541018
2.227255
1.384915
2.499076
1.785701
2.116901
1.911398
1.538491
1.937841
1.576457
2.217263
1.626032
2.203234
0.820007
2.528071
1.727847
1.601471
1.670589
1.112227
1.359972
3.089677
1.039593
2.070124
2.193882
1.432728
3.144268
1.311973
1.084722
2.866707
2.186182
1.552731
1.310187
2.397756
2.396242
1.940360
1.499970
2.263412
1.425981
1.986086
1.805782
1.301379
1.800556
1.782959
2.316751
2.801244
2.292234
1.362355
2.605721
1.605056
1.189945
1.319050
1.536129
2.365237
2.910614
1.453344
1.927017
2.302194
2.611728
3.069658
1.910694
1.297025
1.784319
2.076905
3.345476
2.359086
1.592818
2.029545
1.971901
2.254555
1.146918
1.938883
2.276994
3.360542
1.255588
1.486011
1.673695
3.618891
3.727455
2.560953
2.673979
2.164632
1.378252
2.277388
1.411571
1.500024
1.241249
1.144456
1.874315
3.830586
1.971367
2.796052
1.817451
1.979799
2.170957
2.594745
2.307332
1.533405
2.320689
1.663486
1.492963
1.016551
1.444691
2.276242
2.103925
3.579006
2.092969
2.093253
1.693455
2.951133
1.240469
1.827133
1.314314
2.441872
1.073713
1.325548
2.869283
3.130309
1.402584
2.790384
2.195003
2.204696
1.601098
1.112593
2.749095
2.686129
1.746510
2.420471
2.306315
1.892952
3.393205
2.616500
2.634867
1.843988
1.945588
2.374202
1.949283
1.996487
1.579705
2.263554
1.961653
2.352896
1.880089
1.242755
1.224373
1.941734
1.761418
1.640669
2.378331
1.983533
4.028836
2.698728
1.993721
2.565058
2.416044
1.962146
2.450584
1.684898
2.658309
1.375429
3.899969
2.121218
1.131217
1.602242
2.010803
1.819010
1.337726
2.113041
1.805827
2.148908
1.328568
1.202672
1.192712
2.267236
2.006830
1.482897
3.725361
2.735719
1.297910
3.065367
1.939699
2.670779
2.216518
2.405300
1.310236
2.203315
2.660909
2.214512
1.232497
1.519080
1.209365
2.290902
1.881145
1.442037
1.124790
2.491090
1.644292
2.744887
2.815008
2.050191
2.663552
1.359070
1.270044
1.158906
1.015601
1.951982
1.685093
2.872560
2.549809
2.489081
0.845195
2.422814
2.131364
2.128494
1.852257
2.730433
1.521759
1.718332
1.932024
3.359390
0.749088
1.405546
1.127674
1.621444
1.881298
1.284107
3.137604
2.149111
3.815121
2.238849
1.587648
1.790938
1.426878
2.497733
1.790344
1.931557
2.862656
1.843912
1.152392
2.138778
1.415157
1.486116
2.032191
1.150519
1.329374
2.980520
2.531879
2.029267
1.038099
1.836546
1.006928
1.536733
1.494530
3.082639
1.947468
1.586709
3.364821
1.317161
2.002240
1.360475
2.753985
2.243886
1.946317
3.182473
1.696559
2.588782
1.729302
1.544702
2.967625
2.319360
1.266989
2.844362
2.449343
3.492726
3.936753
2.145231
3.167952
2.654526
2.083731
1.231662
2.441213
2.138963
1.384750
1.789153
2.412298
0.825225
2.807863
2.727606
2.714192
1.731344
2.683076
0.801877
1.463494
1.376521
2.074456
2.528972
1.346883
1.778968
1.824372
1.931773
3.387579
2.793347
1.390562
3.427728
1.504303
2.878151
1.583267
1.643724
1.763802
1.896925
1.845265
2.087358
2.042438
1.844266
2.456762
0.978707
2.044841
1.643613
2.042039
1.718966
2.930342
1.750896
1.401052
2.212976
2.150174
1.136845
1.296768
2.382060
1.538473
2.007225
2.589445
1.784768
1.754884
1.676864
2.104777
1.146450
1.631597
1.240811
1.540361
2.448148
2.011252
1.716092
1.347106
2.297068
2.483938
1.945364
2.144909
1.895204
2.982479
1.672234
2.505799
2.953563
1.186586
1.599320
2.087359
1.301139
1.053619
2.549413
1.210618
2.334458
0.765061
2.660858
1.519569
1.107567
1.187557
1.703820
