1.964313
1.973503
2.142438
1.969729
1.946476
1.919324
2.019305
2.000119
1.942961
1.898288
1.971790
1.952774
1.930573
2.050547
2.058855
1.948137
2.002397
1.961950
2.171321
2.023925
1.976375
2.037258
2.114366
2.007404
1.921356
1.962411
2.039825
1.961564
1.993143
1.907033
1.947506
1.904957
1.917938
2.006152
2.064628
2.054392
1.988903
2.032996
1.981935
2.081481
2.041963
1.979883
1.961679
1.963700
2.057720
2.115181
1.879644
1.999113
1.892542
1.979694
1.982952
1.957360
2.052789
2.116143
2.048462
2.066392
1.997206
2.158348
1.877048
1.976329
1.905995
1.947944
2.037526
2.065443
2.031629
1.979070
1.959746
2.040464
1.981195
1.861282
1.979520
2.186154
1.963425
1.925726
2.099927
1.928075
1.904983
1.956911
1.978431
2.052658
1.995056
1.909380
1.963819
2.037013
1.960770
1.970044
2.093543
2.055532
1.857066
2.039872
1.875462
2.115365
2.024742
2.013757
2.056366
2.020599
2.004991
1.965733
1.969118
2.087256
1.968821
1.987024
2.044212
2.063860
2.059279
1.965118
1.941247
1.937197
2.031138
1.959533
1.988106
2.009665
2.052715
1.937705
1.979849
2.070065
2.015276
2.059522
2.009371
2.076392
1.972991
2.042966
2.043826
2.103855
2.003070
1.969975
1.980267
2.037066
2.052652
1.900696
1.959418
1.931754
2.119374
1.958062
1.979634
1.982455
2.010510
2.071104
2.004930
2.073271
1.993133
1.937529
2.088371
2.064017
2.039395
2.059706
2.051302
2.053018
1.937673
2.053819
1.975105
1.952545
2.052445
2.033756
2.090897
1.872677
1.948610
2.050504
1.984984
2.066885
2.049994
2.051351
2.029995
2.049667
1.948425
1.962361
1.978340
2.126306
2.072200
1.940212
2.094663
1.952349
1.980464
2.008571
2.039019
2.003560
2.044046
2.023030
2.123501
1.986504
2.122720
1.965909
1.904575
1.970245
1.974718
2.072531
1.980637
2.030222
2.047187
1.956253
1.976653
1.945414
2.112373
1.918714
2.025182
1.956618
2.055457
1.948860
1.932967
1.928599
1.997268
1.994424
1.916901
1.917665
2.043405
1.980391
2.110313
1.942979
2.082689
1.967563
1.957041
2.011599
1.900068
1.893947
1.916647
1.940609
2.017728
1.968356
1.939602
2.016897
1.971549
2.072950
2.107017
1.980331
1.943784
1.984235
2.114731
1.986313
2.052631
1.957942
2.012920
2.107088
1.930605
2.050358
1.908112
2.053210
1.969614
2.042402
1.967297
1.919619
2.034261
2.029315
1.945372
2.060901
2.044839
1.980757
1.979367
2.055302
2.021860
1.980889
2.024062
2.011339
2.034111
2.013770
2.058562
2.043750
1.971181
1.964436
1.977790
2.012893
1.888171
2.115118
1.986777
2.032697
2.012893
1.869596
1.916342
1.969646
2.043866
2.106726
2.022099
1.983004
1.961446
2.039282
1.948578
1.929294
2.018073
2.018567
2.032188
1.997829
2.057030
1.952663
2.078538
2.079425
2.116663
2.002127
2.019871
1.938241
1.951525
2.009329
2.056053
2.050393
1.975259
1.907379
1.967777
1.986341
1.991533
1.933866
1.923413
1.938369
1.947063
2.006104
1.958428
2.017267
2.087271
2.060204
2.010255
1.973276
1.942663
2.032175
2.033527
1.976877
1.974484
1.972447
2.073869
1.998842
2.116652
2.075895
2.021840
2.073789
2.002534
2.093954
1.961720
2.066211
1.963952
1.989034
1.992619
1.947113
2.022520
2.035916
2.037662
1.994599
2.045797
1.955420
2.049335
1.946655
2.091801
2.051053
2.002778
2.017531
2.009052
1.939688
1.953450
2.010467
1.922318
2.045990
2.029703
1.986009
1.934726
2.051355
1.931294
1.936947
1.982377
1.977608
1.953236
2.038820
2.078107
2.032672
1.953252
2.011750
1.903013
1.981748
1.978214
2.020307
2.103292
1.986465
2.016144
2.203738
1.997207
2.054902
2.069073
1.912360
1.977976
2.038407
1.957469
2.093127
2.040304
1.956894
1.944473
2.065242
2.069931
2.090318
1.944997
2.137097
1.904132
2.041049
1.994788
2.033834
2.017864
1.939533
2.073498
1.981197
1.964916
2.080135
2.098872
2.022431
1.986364
2.058406
2.035629
2.043025
1.982367
1.948170
1.919147
1.958311
2.072619
2.053647
2.091239
2.084457
2.022557
2.029643
1.939668
2.131073
2.112981
1.977634
1.916041
2.060111
1.972872
1.933864
1.916206
2.023552
1.952667
1.937854
1.947615
1.840001
2.093478
2.009477
2.066809
2.057663
1.979807
2.044364
1.939228
2.103332
2.105345
2.005796
2.005511
1.937290
1.986807
1.934144
2.067717
1.995892
2.111720
2.032804
1.922689
1.943852
1.924572
1.945561
2.046690
1.996671
1.949344
2.025351
1.974392
2.007954
2.015741
1.967377
1.888152
1.984385
1.915451
2.003734
1.940795
1.996965
1.982765
1.902045
1.982388
2.029276
1.948743
2.010201
1.993709
2.035676
2.052119
1.965397
1.990286
2.001290
1.981732
2.026687
1.990356
2.011003
1.936671
1.977015
1.976670
1.959686
2.026475
2.013885
2.046876
2.061194
1.993719
2.108439
1.981877
1.942132
2.008934
1.948221
1.879061
2.038713
1.987536
2.081053
2.016828
2.079996
1.975110
2.049309
1.930605
2.125055
1.982559
1.973803
1.844781
2.050082
1.978861
1.947550
2.005970
1.969854
2.070614
2.067064
2.026695
1.990811
2.079006
1.950884
2.024965
2.015081
2.152819
1.981396
1.980525
2.010437
2.006904
2.084755
2.098721
1.960589
2.039979
2.023543
1.997466
2.000144
2.020189
2.022531
1.938403
2.015827
2.026272
1.957476
1.912602
1.942274
2.048441
1.924871
1.835965
1.985772
2.069053
2.029023
2.029664
1.983849
2.009314
1.922381
2.065116
1.991039
2.012340
1.992601
2.030922
1.976696
2.008444
1.947728
1.933267
2.047253
1.989618
2.011089
2.042056
2.068576
2.008840
2.078582
2.008852
1.946893
1.915034
2.026977
2.013576
1.959472
1.997416
1.989462
2.075840
2.061223
1.934313
1.967955
1.838552
1.950326
1.957076
2.011016
2.048733
2.005448
1.982067
2.002396
2.025111
1.990890
1.918349
1.904500
2.060525
1.984026
1.955707
2.035623
1.973870
1.979312
1.946777
1.968370
2.059630
1.968550
2.001187
1.958431
1.980920
2.029101
2.004598
1.933590
2.058854
1.936859
1.985751
1.971503
2.068997
2.028889
1.972759
2.006688
1.901787
1.948699
2.100008
1.950267
2.006684
2.064381
1.980265
1.970520
2.027988
2.094226
1.962941
2.205992
1.973378
1.915497
1.994075
1.993911
1.997384
1.953835
2.014151
1.914271
1.945870
1.974017
2.021142
2.097463
1.992196
2.015293
2.016021
2.063205
1.962818
1.990620
2.043785
2.062455
1.914440
1.916458
1.965252
1.982865
1.916139
1.947529
2.142713
2.035751
1.839065
1.934895
1.992813
1.967315
1.919947
1.946394
2.126212
1.974209
2.132004
2.017565
1.982819
2.087004
2.148876
1.964201
1.958776
2.002420
1.933178
2.076514
1.931540
1.999341
1.998829
2.039081
2.041276
2.059905
1.954806
1.801701
2.049534
1.964168
2.010592
1.934780
1.897702
1.990326
1.993812
1.974040
2.001796
2.026245
1.909012
2.016781
1.939278
2.134938
2.013939
2.011950
1.968059
2.073495
2.074642
2.078962
1.933259
2.152869
1.931247
1.997046
1.940472
1.889768
1.986523
2.097867
2.010145
2.086959
2.065490
1.942709
1.865798
2.058955
2.057065
2.089970
2.053761
1.969375
2.115822
1.964918
1.963110
1.984227
2.108590
1.899584
1.900641
1.970244
1.882271
2.128165
2.051788
1.909897
1.994954
2.074207
2.042458
1.923433
1.971288
2.011023
2.245871
2.022506
1.951627
1.954960
1.960071
2.029555
2.028475
2.026077
1.933106
2.137107
2.088622
2.088973
2.025740
1.894542
1.954885
2.075410
1.875116
1.997758
2.005699
1.908565
1.980553
1.952836
1.992139
1.979858
2.028522
2.088259
2.000159
1.942453
1.962408
1.966077
2.006228
1.973505
2.016878
2.043090
2.053168
2.063796
2.125853
1.866375
1.975124
2.091579
1.959873
2.001840
1.967736
2.070979
2.004333
1.876519
2.103293
1.972197
2.002391
2.034066
1.948433
1.973548
1.975502
1.963195
1.901061
2.069807
2.040817
2.027585
1.956405
2.012614
2.061413
1.937694
2.032954
1.958879
2.083441
1.957059
1.899561
1.946519
2.052331
2.024581
1.882866
2.046750
2.073939
2.060120
2.062006
2.100547
2.026869
1.932937
1.968143
1.876765
2.038115
2.033972
1.946227
2.058242
2.095487
1.992728
2.065776
2.026746
1.903095
1.883950
2.059102
2.031314
1.799606
2.095858
2.015487
1.975077
2.031947
1.883516
1.989147
1.930759
1.997037
2.012849
2.005287
2.102586
1.939992
1.962631
2.065587
1.889289
2.000603
1.912048
2.022774
1.896206
2.004971
2.000804
2.142964
2.010172
1.957584
2.074805
2.069077
1.969278
1.969198
2.010869
2.070824
1.962089
2.049437
1.904539
2.083700
2.039577
2.094799
2.010290
2.038816
1.904510
1.904922
1.985749
2.056597
1.989699
2.014365
1.954402
1.938459
1.996344
2.090749
1.960817
2.021911
1.960274
2.062074
1.969568
1.895425
1.910115
1.976974
1.999242
2.011053
1.925476
1.985256
1.999598
1.981367
1.974048
1.968359
2.028766
1.909420
1.991002
1.960583
2.002581
1.989535
1.975811
2.002110
2.005952
1.962595
2.042510
2.039559
2.061446
1.939376
2.075886
1.991510
1.977263
1.940633
1.939045
2.018883
1.996332
1.945620
1.971918
2.002785
2.001605
2.045667
2.004069
2.018789
1.948788
2.061359
1.944199
2.087029
1.932965
1.976515
2.002718
2.020773
1.979770
1.987183
1.890579
2.041087
1.876753
1.995926
1.886980
2.117949
2.038202
2.072050
2.007027
1.892936
1.966879
2.030955
1.942847
2.030692
1.970954
2.103165
1.975745
1.938469
1.960022
1.944202
2.028871
2.092080
2.007947
2.011908
2.056233
1.971106
2.071333
1.999132
1.997464
1.955135
2.106488
2.023598
1.994342
1.955799
1.979184
1.995997
2.015552
1.989549
1.922860
2.020792
1.958535
2.088458
2.021636
2.137834
1.979264
2.076849
2.025810
2.029667
1.991150
1.964768
1.941730
1.945474
2.050036
2.016871
2.024652
1.996793
1.937593
2.112176
1.938908
2.026716
1.951614
1.974316
1.893537
1.962673
1.992506
2.026659
1.999564
1.948886
1.944813
1.902210
2.043597
1.953101
2.079327
2.007870
1.999599
1.885377
2.125841
1.978871
1.956836
2.036698
2.005447
1.963250
2.092868
1.971778
1.994066
1.947485
1.943786
2.016036
1.905259
1.951181
1.881795
2.150362
1.990441
1.805680
1.963273
2.014807
1.993651
1.996962
2.007553
2.068117
1.843975
2.037087
1.943375
1.955563
1.956979
1.979681
1.909729
1.877507
1.953483
1.978422
1.967538
1.924990
1.990527
2.130749
2.014917
2.048301
1.893374
1.986299
2.010714
2.094813
1.927032
1.956201
2.064236
1.944333
1.908944
1.954192
1.996690
1.917980
1.985489
1.887836
2.042129
2.003164
2.047073
2.012359
2.040032
1.862566
1.986111
2.100945
1.940154
1.909778
1.980242
2.070379
2.016346
1.927128
1.963410
1.939325
2.022946
2.075580
1.993708
2.122098
2.016438
2.072325
1.923809
2.014193
2.113088
2.084388
1.956269
1.986497
2.007051
2.054501
1.951987
1.956361
2.024698
1.943619
1.974610
2.018361
2.024443
2.003771
2.023999
1.930375
2.028591
1.994606
1.998679
2.024975
1.955258
1.937995
2.070789
1.992387
1.975876
1.960668
1.912812
2.012595
1.952311
1.972657
2.054476
1.997448
2.025065
2.155124
2.005729
1.982447
2.020213
2.042070
2.033795
2.018749
1.982870
1.982522
1.976515
1.961243
2.027404
1.934946
1.966466
2.072057
1.995334
1.940756
2.012599
2.076069
1.859029
1.970131
2.035894
2.075512
2.039514
2.043832
1.933677
2.064939
1.989230
1.972442
2.063402
1.938753
1.974611
2.015397
1.959451
2.001068
1.890080
1.912371
1.992881
1.984039
2.139951
2.084482
2.131335
2.066275
2.022053
1.902048
1.897046
2.032577
1.918221
2.038828
1.963210
2.005857
2.062748
1.967617
1.948316
1.948273
2.001920
2.082905
2.052886
2.066692
1.885450
2.006453
1.966975
2.076622
1.877337
1.963665
2.019971
1.930260
1.920752
2.128307
1.907546
2.048050
1.891597
1.980525
2.073272
2.023619
2.033520
1.993112
1.908535
1.982759
1.927630
2.118415
2.000826
2.010088
1.951342
1.980551
2.061188
2.061805
1.978679
2.034213
1.959464
2.075429
2.005031
2.032734
1.996926
2.032639
1.981051
2.037098
1.984387
1.942501
2.060395
1.983608
1.948635
1.960435
1.986854
2.001058
1.897056
1.995173
2.009202
2.024639
1.955252
1.981290
1.997868
2.079159
2.025628
2.021878
2.030638
1.992609
1.945333
2.113637
1.991162
2.035556
1.974168
2.170174
1.990443
1.999567
1.968155
2.019013
1.988601
1.948052
2.003900
1.977086
2.020574
2.043248
2.016151
2.015659
1.994826
1.884487
1.973010
2.079375
2.017136
2.021629
1.951416
2.066256
2.023913
2.119473
2.069114
2.045690
1.971904
2.001137
2.001207
2.054820
1.993861
1.956848
1.973958
1.984216
1.986242
2.039179
1.980979
2.091469
1.979584
1.926612
1.957433
1.914593
1.942038
1.947062
1.983168
1.982678
2.096121
1.994824
2.028956
2.108578
1.933120
1.981982
2.022586
1.895111
2.146651
2.024052
2.048074
2.061032
2.014750
1.959917
1.910766
1.933740
2.002500
2.045420
1.989748
2.003414
1.894250
2.063869
2.041091
1.980736
2.118978
1.995851
2.019503
2.125938
2.000755
1.968990
2.141821
1.977839
1.998774
2.135851
1.931726
2.026853
1.960015
1.846095
2.003950
2.065903
1.950547
1.972520
2.067923
2.074493
1.923316
1.928761
1.871658
1.866671
2.010934
1.963270
1.980679
2.056215
2.028470
2.019739
2.072285
2.042912
2.005763
1.917547
2.059635
1.890986
1.891354
1.940995
1.931167
2.001650
1.877178
1.948961
1.932741
1.910350
2.039580
2.052106
2.026567
1.954903
2.010745
2.035332
1.953561
2.187365
2.021124
2.011699
2.036539
2.052119
1.989899
2.062120
1.931892
1.942365
1.957101
2.026898
1.982369
1.997351
2.008041
1.949107
2.012155
1.952332
1.871864
1.922321
1.962489
1.976419
2.044102
2.003511
2.035019
2.092932
1.971015
2.002311
1.975563
2.011290
1.990254
1.958797
2.169442
2.064471
2.075295
1.937202
2.000584
1.935449
1.992679
2.037895
2.132132
1.911932
1.966816
1.947544
2.015250
1.954884
2.020896
2.019526
1.893127
2.127097
2.032758
1.960834
1.986821
1.981774
1.906309
1.871796
2.071960
1.978104
2.007866
1.909170
2.051826
1.988812
2.010217
1.933618
1.954966
1.846037
2.035815
1.974001
2.004971
2.035127
1.927246
2.040895
1.976333
1.987379
2.110734
2.022251
1.909453
2.122404
1.954062
2.008927
2.104131
1.996008
2.032206
2.091037
1.972502
1.983123
1.994943
2.082555
1.976659
2.044858
1.955985
1.971200
2.013331
1.941353
1.912134
1.999983
2.035320
2.007965
1.935762
1.900625
1.986796
1.960743
2.040497
2.028973
2.022894
2.003256
2.054171
1.986805
2.101743
1.917338
1.935772
1.947968
2.113601
2.115728
2.066276
2.134008
2.032474
2.073387
2.029412
1.982126
2.039336
1.973587
1.936891
1.998550
1.999388
2.032392
2.003158
1.953587
2.023214
1.956130
1.993195
1.955337
1.972762
2.019746
1.968336
1.904530
2.045923
2.006867
2.078914
1.985303
1.909856
2.067586
1.981966
2.002109
2.015817
1.969653
2.055419
2.090192
2.040645
2.033167
1.960580
2.015100
2.021180
1.998830
1.947376
2.007862
2.030598
1.989566
1.925990
1.957264
2.006340
2.064208
1.999719
1.907319
1.898229
1.992909
1.949805
1.940298
2.027998
2.077074
2.077795
2.120896
2.051126
2.061384
1.984361
2.065613
2.036030
1.974988
1.983665
1.851608
2.162142
2.009087
1.989140
2.016225
2.000271
1.984694
1.945926
1.918664
1.972792
2.068923
2.058773
2.063153
2.054254
1.940265
2.051873
2.064934
1.953328
2.015403
1.943075
1.971312
1.979310
1.917318
1.979861
2.041311
2.047396
1.954100
1.977133
2.049867
2.022427
1.978663
2.074154
1.976657
2.034980
2.026566
2.025735
2.048324
1.888605
1.969495
2.019756
2.013103
2.121072
1.981084
1.945391
2.024386
1.956794
1.858810
2.069627
1.995644
2.045269
1.992195
1.971166
1.979166
1.935871
2.050687
2.096045
2.032901
1.937916
1.881480
2.066960
1.960316
2.006180
1.838983
1.865867
2.106915
1.923319
1.946656
2.068783
2.027808
2.111260
2.059650
2.016598
2.040447
1.997722
2.006192
1.986674
2.054190
1.943876
2.028232
2.143096
2.001433
1.878331
2.014071
1.889355
1.915692
2.043302
1.972633
1.951264
1.930836
2.009122
2.049982
2.017535
1.954277
1.922241
1.945813
1.926568
2.052442
2.041731
1.994159
2.022233
2.068979
1.966046
1.926336
1.950577
2.076490
2.010677
2.078282
1.919906
1.924778
1.930158
2.057988
2.137547
2.088638
1.953129
2.014805
1.930019
1.988021
1.993363
2.004254
1.946569
2.132961
2.000631
1.937748
1.990708
2.004069
1.983969
1.989552
2.028056
1.959081
1.995164
2.157776
2.053685
2.064271
2.023410
2.046182
1.919143
2.124693
1.965415
1.968691
1.954711
2.051292
2.069914
1.994125
2.045886
1.950508
2.048067
1.905369
1.942221
1.873931
1.988099
1.824708
1.900513
2.030595
1.964427
1.938805
2.126764
1.961148
2.058487
2.063310
1.881062
1.948623
1.954348
1.926143
1.860712
1.935417
2.182644
1.854622
2.027248
2.038994
1.978186
2.068399
2.050639
2.070671
2.069138
1.992273
2.085512
2.082330
2.047394
1.953219
1.877236
2.088759
1.951554
2.025257
1.963445
1.963181
1.917429
2.031226
1.951912
2.002399
1.994270
2.078644
2.011492
1.919276
2.174565
2.031681
1.909222
1.900885
1.952609
2.037958
1.967736
2.086239
2.033858
1.912794
1.950250
2.053277
2.116261
1.978797
1.998724
2.085648
2.017525
2.078029
1.980442
2.088208
2.023543
1.969436
2.067034
1.981052
1.967603
2.016690
1.928357
1.982600
2.018323
1.902208
1.945422
1.890841
2.027086
2.044083
1.873908
2.110923
2.062623
2.036910
1.912212
1.988354
2.000840
2.055058
2.039634
2.105774
2.011144
1.911575
1.951886
2.025691
1.926662
1.989756
1.899044
2.097304
1.962104
2.020713
1.988279
1.973042
2.002358
2.008616
1.892589
2.023316
1.941381
1.994085
1.976020
1.907978
1.976257
1.897656
2.030559
1.936352
2.029405
1.983644
1.976118
2.049070
2.047530
1.964251
2.037975
1.896535
1.943642
2.009216
1.976055
2.061793
2.200225
2.007280
2.098354
1.999575
1.943425
1.953378
2.011759
2.166187
1.929875
1.970631
1.987963
2.105262
1.976532
1.953415
2.105114
2.046240
1.999114
1.954130
1.979724
1.958749
2.006719
1.987279
2.039983
2.074171
1.983549
2.021869
2.044064
2.195431
2.015874
2.046011
2.065378
2.009301
1.958269
2.101910
2.079161
1.931754
2.009268
2.034564
2.090275
2.026923
2.007843
2.048115
2.125385
2.077850
1.991057
2.171542
1.920402
1.949968
1.920198
1.929309
1.981960
2.017154
2.029903
2.086786
2.059229
2.106286
1.851244
1.985762
1.973914
2.047961
1.999849
2.055945
2.049200
1.991728
2.028394
1.898355
2.029482
1.959809
1.932752
2.113820
2.053654
1.981040
1.949453
2.127375
1.939229
1.984533
2.055554
1.967098
2.010890
1.975797
1.948192
1.920235
2.009245
1.981084
2.025923
1.993018
2.115443
1.973478
1.903522
1.982682
2.149684
2.028611
1.985815
1.888616
1.945469
1.978866
2.094887
1.921207
1.979756
2.066431
2.079726
2.004443
1.959051
1.989804
2.059548
1.839978
2.093670
2.009665
1.900677
1.980465
2.013444
1.957512
1.995810
2.064020
1.890513
1.964219
2.081579
1.941910
1.991156
2.006802
1.956160
2.055870
2.131063
1.958664
2.003170
1.986185
2.072470
2.046992
1.960069
2.055658
1.940156
2.028000
1.979340
2.144962
2.011852
2.016465
2.008973
2.093787
2.017654
2.038667
1.980063
2.042270
2.013313
1.900822
1.980526
2.024484
1.973570
2.002707
1.999516
1.998179
1.957850
2.100394
1.987592
2.117858
2.017737
1.994767
2.015546
1.901470
1.954554
2.017137
1.922375
1.853764
2.139422
1.928966
2.078279
1.941227
2.035751
2.011648
2.092852
2.002086
1.983594
2.033156
1.989842
2.042411
2.039829
2.085574
2.029048
1.984391
2.005206
1.923059
1.938792
1.988047
1.941580
1.984049
2.135985
1.971062
2.122700
2.007866
2.007610
1.946300
2.042164
1.869193
2.067440
1.964065
1.916255
2.061930
1.916055
2.022243
2.115231
2.068831
2.018110
2.032952
1.995081
1.953014
2.056706
2.094998
2.021058
1.910610
1.922784
2.036242
1.956850
2.001732
2.002089
2.054271
1.978863
2.024321
1.896431
1.957251
1.980509
2.031989
1.992589
1.984474
2.010502
2.010161
1.969633
2.047940
2.048519
1.963886
2.038310
1.926670
1.988984
1.971119
2.019590
1.957978
1.966213
1.990608
2.039858
2.002737
1.965576
1.970919
2.041597
2.033784
2.025925
2.036458
1.948669
1.979156
1.851843
2.008915
2.055841
1.888179
2.024708
1.977553
2.092096
2.014645
1.974149
2.007311
2.097778
2.014835
1.990403
1.974329
2.111317
1.942536
1.945113
2.057788
2.018861
1.893603
1.986547
1.927853
2.027245
2.002971
2.001065
2.022122
2.052686
2.049014
2.069883
2.061696
1.983728
2.068142
2.010820
1.955031
1.928957
2.064018
1.904186
2.023644
2.023748
1.969818
1.938339
1.962192
2.043341
1.945666
1.948546
1.964834
1.900498
1.931925
2.049866
1.898800
1.964534
1.997812
1.989255
1.945123
1.972752
2.060250
2.090273
1.980575
1.968832
1.969763
2.015002
2.028072
1.927649
1.981145
2.048763
2.102176
1.984870
2.028468
1.923339
1.994732
1.870062
1.988644
2.072476
1.947041
1.914153
1.980609
1.895075
2.029913
1.916272
1.929437
2.058092
1.999194
2.011241
2.014726
2.020160
1.922123
1.994737
1.974666
2.035892
1.968658
1.995546
2.003090
1.925318
2.064494
2.027199
1.910404
1.983604
2.018831
1.929541
2.026179
2.017506
2.077440
1.855125
2.073607
2.031490
1.962205
1.961987
2.034024
2.020320
2.075539
2.067520
2.039604
2.024988
1.961524
2.006515
1.915391
1.980400
2.040268
2.076700
1.950327
2.138808
2.142799
2.040749
2.071361
1.927352
2.020404
1.996751
2.054659
2.077824
1.956009
2.081675
1.980936
1.995454
2.098311
2.005782
1.942245
2.029538
2.003456
2.011039
1.962608
1.935290
2.017969
1.990931
2.047861
1.890946
2.025596
2.072577
1.981775
1.875617
1.874371
1.990835
1.888455
2.027567
2.023150
1.974500
1.952260
1.914467
1.951050
1.971771
2.005419
1.949031
1.990960
1.926326
2.062194
2.020541
1.948068
1.955423
1.998193
2.004690
1.996817
2.019851
1.968295
1.989720
1.945634
1.996031
2.015458
2.021922
2.011944
2.028381
1.924347
1.995466
1.981603
2.035685
2.008329
1.920767
2.079761
1.955036
1.993900
2.000430
2.040054
2.055062
2.148506
2.047135
2.033232
2.027350
2.062178
2.003498
1.976484
2.056373
2.124897
1.947306
1.968730
1.924232
2.049823
2.037774
1.954177
1.999252
1.984948
1.943342
1.980594
2.015391
1.969722
2.110783
2.013913
2.005387
2.046264
1.956907
1.940062
2.058888
2.105167
2.042927
2.066555
1.985020
1.846882
1.979549
1.957600
1.938187
1.972020
2.029903
2.073711
2.050702
2.040274
2.147237
2.040027
1.982709
2.048978
1.959979
2.010820
2.060989
1.948195
2.038656
1.989731
2.089855
1.986520
1.985942
1.894620
2.020735
1.970018
2.081170
1.952589
2.048663
2.004696
2.058056
1.961847
1.975124
1.941979
1.899145
1.921767
2.091424
2.046089
2.063888
2.048182
1.967520
1.973103
1.947520
2.035451
2.066559
1.965547
1.971284
1.978808
1.936223
2.100754
1.996772
2.015446
1.943077
2.021926
1.979676
1.830231
1.986564
2.138497
2.042279
1.930157
2.131920
2.013813
1.934418
1.991075
2.076173
2.041848
1.977737
2.005749
1.924633
1.922264
1.963998
2.044587
2.010825
2.047881
1.988583
2.059170
1.904623
2.003113
2.082357
1.921990
2.110442
2.017554
2.012148
2.027153
2.053321
1.879292
2.000310
1.956380
2.045197
2.040105
1.917458
2.060306
2.007146
1.983116
2.143220
1.927400
2.056880
1.974655
1.954501
1.973583
1.988233
1.975457
2.050676
1.987298
2.079160
2.000138
2.041701
1.936631
2.006308
2.031167
2.038689
1.984499
1.964181
2.066149
1.974634
1.933088
1.970155
2.036655
1.881196
2.069215
1.951282
1.963528
2.033598
1.994565
1.986699
2.021927
1.981429
1.980004
2.005650
1.967981
1.892133
1.954022
1.899260
2.015111
2.007853
2.053660
2.107182
1.852874
1.920687
1.924890
2.116255
1.915930
2.128944
1.951504
2.067216
2.094592
2.064766
2.104659
1.942270
2.021382
1.900067
1.963046
1.981650
2.030078
2.016349
2.081056
2.089374
1.932876
1.970134
1.995026
1.987978
1.880834
2.073638
2.059192
1.998075
1.960218
1.869090
2.162532
2.005947
2.003936
2.023144
2.037064
2.018280
1.996459
2.086152
1.841784
2.028984
1.994202
2.016146
1.993695
2.049122
1.987403
1.986091
1.915967
1.935398
1.906185
1.989722
2.062883
2.032979
2.029857
1.852501
2.030420
1.916910
1.921273
1.868660
2.076502
2.181428
2.049107
2.051505
2.008164
1.969772
2.075909
1.891400
2.032500
1.928432
2.068436
2.046717
1.971207
1.957612
1.980594
1.978458
2.006515
1.945273
1.972867
1.908170
2.073722
1.966213
2.006343
1.944197
2.060944
1.972487
2.098835
1.967905
1.994349
2.084449
1.982909
2.062882
1.927630
1.996652
1.980262
2.066977
2.088354
1.984577
1.886532
2.004300
1.981890
1.919234
2.021852
1.936160
1.992715
1.965061
1.989208
2.031818
1.937478
2.075249
1.911924
2.068162
1.999164
2.010772
1.957571
1.995002
1.967891
2.048707
2.019285
2.063183
2.041191
1.972744
2.013650
1.968503
2.000886
1.995448
2.096337
1.995170
1.887325
1.968915
1.963901
2.047961
1.975547
1.977342
2.027305
1.989434
1.943513
2.047086
1.952394
2.092730
2.053316
1.942772
1.899514
2.016732
1.983961
1.993638
2.082838
1.902277
1.916650
1.959526
1.918410
2.096873
2.042817
1.985390
2.045212
1.941483
1.963296
1.943494
2.018625
2.087617
2.051539
1.980145
2.123329
2.124244
2.006476
1.954388
2.062825
2.002753
1.924422
2.085156
2.006182
1.918935
2.084681
2.022230
1.972026
1.961077
2.065737
1.949130
1.982884
2.075867
2.015117
2.087287
1.944331
2.042510
1.866603
1.912584
2.014197
1.997311
2.001345
2.180534
1.892488
2.075952
1.963029
2.070638
2.099129
2.001543
1.978775
2.006841
1.910792
2.011701
1.952377
2.132674
2.098191
2.050854
2.038002
2.035221
1.903562
1.977335
2.007632
2.006617
2.142150
1.966033
1.975024
2.005203
1.981965
1.927073
2.102995
1.957520
2.029645
1.996603
2.101658
1.973030
2.062577
1.994664
2.033916
2.066387
1.898333
1.992637
1.990340
1.979236
1.919194
2.061418
1.938158
2.016078
1.934677
1.943241
1.947095
1.895961
1.981623
2.003883
1.943714
1.941082
2.008146
1.935392
2.035658
2.069167
1.949263
2.053397
1.932235
1.967281
1.928685
1.961697
1.966520
2.072334
2.064456
2.033144
1.934194
1.919565
2.123367
1.926559
1.971888
2.073377
1.988839
2.109214
2.096605
1.868960
2.078525
1.930478
1.972528
1.917114
2.079689
1.880893
2.081563
1.934931
1.885496
2.004653
1.959795
1.973834
2.032442
1.870908
2.015190
1.854954
2.098899
1.982581
2.052200
2.018534
2.073808
1.965544
2.048802
1.946986
1.971041
2.110257
1.932919
1.904959
2.000429
2.075262
2.038605
1.962418
2.006539
1.917967
1.999852
1.922361
2.073986
2.072122
2.091897
1.966930
2.007690
1.979898
2.101967
1.979404
1.900593
1.964543
1.958237
2.108391
1.976763
1.969252
2.084229
2.008859
2.068835
1.970444
2.129800
1.959827
2.031344
1.993717
1.916122
2.131376
1.982301
1.919295
2.056765
2.067579
2.085053
1.982013
1.998943
1.950184
2.074990
2.179896
2.055511
2.079925
2.080901
2.033799
2.116808
2.096883
1.996077
2.021880
1.906891
2.056606
1.966057
1.904429
1.922303
2.021649
1.904930
2.074553
2.015866
1.953842
2.072302
1.979623
2.043468
1.944290
1.998367
1.989296
1.972032
2.011968
2.018909
1.986806
1.939623
2.028529
1.990385
1.977563
2.002459
2.114882
1.948655
1.864273
2.064489
2.015980
1.925176
1.960448
1.987122
1.965915
1.999868
2.040584
2.019988
1.966498
2.023743
2.009050
2.038973
2.005790
2.059188
2.027884
1.977056
2.136707
2.050093
2.029834
1.960656
1.988346
1.954157
2.031819
2.061204
2.002094
1.869174
2.145152
2.019924
1.977344
1.919837
2.015151
2.082005
1.920064
1.936968
2.015780
2.044604
1.914888
2.008893
2.021235
1.989914
2.071110
1.874129
2.015855
2.001735
1.899237
2.063017
2.015690
1.960345
2.019393
2.051675
2.091276
1.988684
1.942812
2.002398
2.109320
1.979718
2.081479
2.029903
2.077897
2.090306
1.980933
1.968698
2.015310
2.079601
2.015803
1.984030
1.989853
1.920106
2.060946
2.062802
2.004283
1.926349
1.925119
2.053604
2.006003
1.848184
2.055015
2.067986
1.969617
1.988870
1.919167
2.022558
1.957301
1.985856
1.981923
2.076461
1.956459
2.029288
1.970980
2.060341
1.946433
1.959394
2.056603
2.116303
1.998050
1.986664
1.910982
2.037225
2.146474
2.005000
2.033308
1.966132
1.982987
1.885022
1.939145
2.145060
1.932633
2.007124
1.946293
1.916186
1.966523
2.032056
2.195884
2.065550
1.967864
1.964073
2.023892
2.088210
1.981767
1.939586
1.918520
1.887948
1.941802
1.944365
2.054147
1.959878
1.981968
1.974612
1.981523
1.980616
1.926955
2.011828
2.100432
2.062712
1.942031
1.966481
1.978828
1.928224
1.957892
1.967407
2.045137
2.051693
2.013045
2.047576
2.040313
1.947401
1.987477
1.995877
2.028738
2.010041
1.936980
2.084818
2.003909
1.980027
1.959185
2.113774
1.982951
1.969435
1.976931
1.923461
2.042773
2.020125
2.053128
1.969685
1.894425
1.991322
2.013500
1.999196
2.015989
1.925534
1.959844
1.979518
1.964965
1.990074
2.010884
2.004470
1.972067
1.907914
1.942765
2.113355
1.872247
2.065430
1.989206
1.991224
2.064068
1.892592
1.892069
1.929055
2.068426
2.204751
2.013352
1.998792
1.990383
2.058154
1.939727
1.951535
1.950709
1.931664
1.965237
2.022454
1.893761
2.079532
2.100814
2.042953
2.029267
1.996184
1.955186
2.017150
2.112903
2.054766
2.034141
2.000423
2.003462
1.884879
1.916986
1.970823
1.992896
2.166289
1.977840
2.092571
1.885024
1.910684
2.065198
1.968934
2.116296
1.994440
2.056057
1.966543
2.032465
2.014669
2.105042
1.860766
1.976711
1.853629
1.995334
1.954619
1.904290
1.956014
1.997689
1.922119
2.054287
1.939563
2.092153
2.072675
2.042956
2.031734
2.007743
2.002460
2.006570
1.935901
1.941544
2.055612
1.955363
2.037024
2.045315
1.990754
1.947462
1.893131
2.035643
2.016159
2.004900
1.957153
2.054879
2.173860
1.962452
2.009773
2.005168
2.058728
2.008037
2.045190
1.893823
2.052476
1.931945
1.935720
2.033753
2.030944
1.993835
2.144301
2.059201
2.058491
1.990970
2.009567
2.002339
2.114610
1.980344
2.038609
1.911595
1.993361
1.978171
1.973280
1.991084
2.047780
2.052223
1.931472
2.035938
1.992047
1.874737
1.953167
2.031565
1.949619
1.959856
1.995575
1.944184
1.999780
2.057692
2.039556
1.964341
1.832270
1.935570
1.977012
2.041867
1.980366
1.929254
2.163851
2.004310
1.989296
2.017990
1.951132
1.946445
2.039300
2.007139
2.031079
2.038469
2.062402
2.049180
1.997759
2.103519
2.015148
2.092299
1.980009
2.001059
1.986507
2.039660
2.017977
2.068525
1.955967
2.000904
2.005687
1.987918
1.943370
1.954625
1.979785
2.086381
2.032708
1.978332
2.085720
1.883776
2.011780
1.968799
2.048256
2.004976
1.945527
1.985596
1.970918
2.045517
2.012562
1.961756
1.996947
2.114987
2.055319
2.084185
1.979822
2.037189
2.011223
1.870990
1.936938
1.869276
2.008798
1.922087
2.068874
2.024065
1.978556
2.078261
1.928803
1.946370
2.056695
2.034259
1.993496
2.099883
2.108191
1.949645
1.998253
2.096776
2.004290
1.968929
1.946133
2.062636
2.008059
1.935712
1.971729
1.955845
1.951243
1.968492
1.907240
1.920967
1.965356
2.062036
2.054115
1.971507
1.949173
1.909411
2.045448
1.978216
2.053236
2.025657
1.944434
2.059011
2.088721
1.939843
2.086226
2.069958
2.080089
1.989923
2.092623
1.976120
2.230976
1.979881
1.999147
2.051212
2.067309
2.077971
1.838244
1.973786
1.962974
1.937130
2.076735
2.033668
2.021224
2.072506
2.094892
1.960248
1.940398
1.957987
2.039614
2.044374
2.012062
2.068778
1.971722
2.001416
1.929969
1.917644
1.994263
2.040836
2.115223
2.030530
2.012181
1.961599
2.051695
2.032600
1.958417
2.021380
2.095088
2.030311
1.980886
1.985107
1.889540
2.113499
2.021798
2.052439
2.050720
2.058299
2.078864
1.981022
1.984075
1.925294
1.932482
1.958055
2.134548
2.012206
2.060298
2.092623
1.893096
2.112357
1.960052
2.014588
2.014008
2.022682
2.130678
2.070437
2.080903
2.024938
2.104064
2.043610
1.940910
2.161907
2.060074
2.012241
1.993951
1.928687
2.085930
1.970065
2.006811
2.047499
2.032038
2.006025
1.972579
1.963924
1.918698
2.045597
2.098075
2.073892
1.982673
1.971530
2.062257
1.911471
2.026623
1.928766
2.033435
2.017612
1.981777
1.974159
2.074988
2.084901
1.992298
2.038843
1.999764
2.023336
1.969935
2.037039
2.083667
2.103375
2.001787
2.071108
2.010561
1.960925
2.023692
2.076671
1.990474
2.011656
1.960618
2.084882
2.039816
2.054034
1.932501
1.959311
1.861238
2.047442
1.897164
2.096444
1.999290
1.915444
2.116493
1.989733
1.975599
1.928529
1.991720
1.995711
1.970103
2.097546
2.091247
2.139761
2.061147
2.108017
2.010760
2.081281
2.046039
2.070847
1.890328
1.963919
2.010614
2.013919
1.922681
2.005819
2.007793
1.930743
2.013740
2.137711
2.002694
1.932628
1.870159
2.006742
2.045376
1.954452
2.008366
1.946137
2.006476
2.094500
2.010882
2.000698
1.956302
1.953198
2.076110
1.900526
1.911954
1.970592
1.978450
2.056610
2.020788
1.950690
2.004651
1.981041
1.958954
1.936618
1.961600
2.109945
2.116170
1.967260
2.117381
1.955356
1.950573
2.000501
1.998654
2.019870
1.978322
2.130396
2.041911
2.003072
2.234830
1.933823
2.094244
1.962045
1.916238
1.978742
1.915528
2.037050
2.047322
2.044372
2.030267
1.974957
1.939070
2.042829
1.999062
1.866183
2.039396
2.095549
1.932536
2.072798
1.877341
2.106719
2.107920
2.048650
1.982385
1.939662
2.060582
2.011182
1.932578
2.081707
2.023866
2.052997
2.019952
1.938337
1.924804
1.994295
1.914794
2.058393
2.072545
1.937128
1.977015
2.133337
1.970113
2.102790
2.028942
2.020175
2.038895
1.962677
1.997369
1.820532
2.071715
2.075430
1.985927
1.912795
2.038416
1.961794
1.987387
2.015195
1.984728
2.052524
1.945375
2.019238
2.019157
2.027440
1.991655
1.996922
1.909117
2.105129
1.969802
1.967234
1.900774
1.972449
1.983815
1.907686
2.041271
1.992680
2.002866
2.103136
2.034723
2.029982
1.899569
1.880647
1.961892
1.964082
1.970471
1.930091
2.025897
1.928425
2.083004
2.042085
1.946180
1.918565
2.022700
2.024719
2.010277
2.048849
2.062913
1.998211
2.036250
2.112632
1.918911
2.065775
1.959930
2.004731
1.965612
2.012456
2.034665
1.948426
1.957574
1.949602
2.085659
2.218325
1.839550
2.037998
1.886664
2.091016
1.976741
2.061648
2.001343
2.073293
1.989744
1.920794
2.070084
2.039203
2.059146
2.002292
1.999747
1.945568
2.035473
1.985352
2.014036
1.971881
1.905869
1.991601
2.058229
2.031256
1.954177
1.825833
2.030206
1.977215
1.969707
2.148094
1.975002
1.953976
1.962954
1.959625
2.055763
2.075987
2.032105
1.914263
1.834549
1.984054
1.980203
1.981585
2.044276
1.985407
2.038087
1.989270
1.912444
1.979857
2.149615
2.129121
1.952686
2.020134
1.963903
2.075444
2.027559
1.954317
1.959188
1.987502
1.942921
1.967081
2.086310
1.934407
1.911022
1.930622
2.104999
2.047335
1.950789
1.947827
1.911918
2.044856
2.082910
2.018207
2.007128
2.094770
2.044669
2.028109
2.014212
2.026941
2.038935
1.909305
2.082946
2.012691
2.007507
1.908718
2.069976
2.037543
2.072039
2.109181
2.024714
1.916573
1.940542
2.032893
1.947976
2.014341
1.974115
2.041211
2.020344
1.982855
1.967273
2.095280
1.909320
1.984357
2.083926
2.122622
2.001697
1.937375
1.956217
1.984549
2.115408
2.101668
2.044793
2.126781
2.043543
2.046616
1.983863
2.062438
1.994572
2.006419
1.965771
2.093305
2.013638
1.925761
1.885199
1.970207
1.852792
2.049414
1.950566
2.008312
2.028661
2.035937
1.990146
2.057380
2.045773
2.001879
1.964175
2.120718
1.949730
2.040592
2.038401
1.929049
1.943009
1.962953
2.016853
2.007489
1.972073
1.981083
1.940975
2.104148
1.936534
1.992031
2.176081
1.969961
2.077545
1.993155
1.984738
2.001262
1.944151
1.961793
2.159679
1.909067
1.901857
2.077135
2.076321
1.975517
1.972222
1.992196
1.907607
2.076643
1.917656
2.049479
2.019416
2.002981
1.877821
1.953434
1.933667
2.014369
2.032620
1.919078
1.995674
1.980538
1.950915
2.010221
1.960399
2.121554
1.956706
1.984643
2.015479
2.099165
1.991777
1.933854
2.019062
2.196318
1.968975
2.120429
2.032560
2.023476
2.047986
1.900476
1.982783
1.970124
1.971122
1.978769
2.004919
1.991800
2.033075
2.018045
2.026828
1.964299
1.979202
1.951637
1.963840
1.927395
1.886965
2.047496
2.141949
1.930006
2.004755
1.961204
2.101145
2.070188
2.074302
2.064330
2.095763
2.057582
1.972263
2.056295
2.043119
2.039846
1.849254
1.965495
2.003226
1.975453
2.041042
2.017970
2.081189
1.978016
2.071801
2.036787
2.000349
1.915181
2.099344
1.965338
2.017746
1.899445
2.079504
2.129266
1.981619
1.950225
2.047941
1.998576
1.950419
2.056378
2.021512
1.844387
1.957627
1.976801
1.951017
2.162036
1.965591
2.143266
1.971719
1.906605
1.990803
2.018778
2.050046
2.026954
2.023196
2.075154
2.062713
1.980071
1.994186
2.038617
2.016109
1.933699
2.032966
1.987982
2.026599
2.075647
1.960188
1.973929
1.945118
1.986016
2.130473
1.937423
1.935807
2.019865
1.942411
1.968076
2.064853
2.055112
2.082560
2.081055
2.032739
1.929727
2.024452
2.027667
1.917789
2.017445
1.984220
1.876196
2.098458
2.053342
2.052543
2.072083
1.974001
1.982530
2.053438
1.979886
2.024906
1.936410
1.943479
2.035630
2.030677
1.998309
2.048179
2.052097
2.074771
1.891139
2.071609
2.062148
1.972907
2.059078
2.034692
2.021398
1.947667
1.894975
1.927988
1.987454
1.947817
1.929859
2.009776
1.962589
2.048102
1.890957
2.056858
1.866721
1.932300
2.112593
2.005683
1.922558
1.957033
2.062346
1.841789
1.985056
1.979139
2.041102
2.054150
2.063969
1.962672
2.055613
2.060413
1.951888
2.033317
1.954202
2.042935
2.012144
1.894510
1.859871
1.900742
1.965610
1.879244
1.933580
1.944782
2.009582
1.972852
2.212871
2.020662
2.169842
2.028361
2.190795
1.844156
2.005263
1.893043
1.918512
1.968995
1.950400
2.031406
1.914569
1.975593
2.034743
2.036840
1.972092
2.054400
1.982656
2.006699
2.028622
1.898833
2.020289
2.060199
1.985473
1.971086
1.991898
2.076207
2.079679
1.896154
1.979578
2.101765
1.978519
1.889884
2.023147
1.975923
1.990593
1.957551
2.096710
2.101237
1.927031
1.956944
2.039540
1.954009
1.977047
1.940047
1.992531
1.987183
1.971271
2.019869
1.968042
1.932064
2.076969
2.009307
2.033159
2.015563
1.890721
2.068139
1.949800
2.065851
1.968368
1.989808
1.946762
1.984778
1.978497
1.991601
2.043957
2.086646
2.024553
1.965900
1.938362
2.042886
2.050022
1.997675
1.953115
2.110347
2.078936
1.959534
1.938875
1.947621
1.951818
2.052837
2.061029
2.003030
1.868751
1.969774
1.980736
2.007266
1.990012
2.026492
2.012298
1.950471
1.959991
1.982075
2.135014
2.019606
1.989685
1.950040
2.041647
2.070274
1.987785
1.990923
2.020304
1.867064
1.971010
1.987159
2.056461
1.990856
1.875552
2.021846
2.040107
1.921338
1.916680
1.963751
1.917105
1.978187
2.073061
2.004447
1.929239
2.007989
2.014544
1.941492
1.930848
1.975982
1.954167
1.934985
2.044274
1.890135
2.032902
2.037556
1.998879
2.063910
1.999690
2.028502
2.025869
1.951709
1.929652
2.022018
2.055117
1.962216
2.055467
1.949989
2.004949
1.963631
1.804677
2.047620
1.928890
1.926381
2.052415
1.984772
2.147347
1.942005
2.013951
1.919923
2.037461
2.098482
1.962954
2.031863
1.967933
1.930320
2.041607
2.001673
1.967400
2.012751
2.066173
1.987628
2.024732
2.084295
1.911060
1.989717
2.029646
2.098196
1.953632
2.053423
2.127839
2.112340
1.931572
2.107489
2.074232
1.976419
1.983088
1.980931
2.053726
1.868743
1.973655
1.980949
1.885960
1.953993
1.919273
1.986484
1.980648
2.093377
1.984757
1.929100
1.921364
2.080159
1.990930
2.074243
1.968796
1.916932
1.998056
1.982729
2.014013
2.119296
1.988156
1.875978
2.089616
1.969410
1.949079
1.945271
1.961210
2.111321
1.880902
1.871023
2.094388
1.968984
2.004148
2.049779
2.030788
1.961733
1.973346
1.971580
1.927336
1.890657
2.061631
2.011319
2.037344
1.993861
2.048988
1.948435
2.017412
1.982073
2.005969
2.098883
2.130453
2.025979
1.962396
2.015468
2.042314
1.889983
2.002137
1.982995
1.948982
2.018182
1.958171
1.931309
2.027967
2.096187
1.917938
1.920662
2.049160
1.996676
1.914646
1.951125
1.870459
2.041120
1.931104
2.171742
2.050487
1.973658
1.968250
2.018006
1.991365
2.029443
2.100096
2.040321
1.866421
2.052322
2.070364
1.923637
1.943281
1.859954
1.967486
1.984148
1.999290
1.879582
1.970443
1.902240
2.108620
1.998186
1.896798
2.022023
1.896576
2.062275
1.989658
2.020668
2.006700
2.064803
1.955681
1.858135
1.969688
1.928443
1.971953
1.903633
1.843709
1.921119
1.972156
1.991273
2.019265
2.081171
2.050979
1.948174
1.916686
1.985006
2.056808
1.959384
1.999184
2.137265
1.955333
2.047638
1.956692
1.912866
1.981130
1.987125
1.994903
1.989688
1.946462
2.106105
1.931418
2.039461
2.040412
2.027373
1.911524
1.997645
1.926440
1.957227
2.002997
1.987912
1.943975
1.949138
2.078919
2.093341
1.944243
1.941131
2.064713
1.926498
1.886637
2.001346
1.998154
2.019098
2.012790
2.075299
1.826775
1.998309
1.902730
2.032087
1.997707
1.891643
2.065212
2.092938
1.943700
1.938113
2.089153
1.988758
2.050146
1.996582
1.946190
1.926411
1.986157
1.953013
2.017902
2.000156
2.032086
1.967696
1.983081
2.031971
2.077688
2.082590
2.037040
2.021035
1.961459
1.879471
1.874642
2.023067
2.002621
2.033279
2.030566
2.018794
2.044239
2.062292
1.996947
2.070784
2.007321
1.942910
1.936129
1.977224
1.988936
1.920003
2.048059
2.066555
2.047865
2.034959
1.975436
1.968972
2.012794
2.054353
2.020555
2.053611
2.118136
2.002316
2.091744
1.935845
1.926587
1.982605
2.204640
2.003785
2.013294
2.036092
2.010189
2.072271
2.075949
2.030119
1.987160
1.867802
1.921204
1.938462
2.003096
1.850223
1.976285
1.985173
1.982259
1.950538
1.979512
1.949691
2.005965
2.113149
1.971120
2.005242
2.023491
1.912433
2.165314
2.023289
1.968475
2.107214
2.004108
2.031870
2.043210
2.084772
2.089399
1.980898
1.918668
1.931386
2.064102
2.055840
2.000634
2.023218
2.006757
1.992509
2.161620
1.978507
1.969131
1.925332
2.019755
2.005936
2.045218
2.035330
1.968693
1.994004
2.103881
2.000746
2.004659
1.957438
2.017553
2.121117
2.034359
1.892794
1.956109
1.930830
2.080556
1.992170
2.013301
1.958378
1.930587
2.148039
2.041268
2.097440
2.003055
2.020402
2.109816
1.817810
1.965492
2.008739
2.057342
2.063606
1.944151
1.935185
1.921765
1.844550
2.042191
1.964630
1.916430
1.988856
2.032786
2.030844
1.984500
1.979157
1.923550
2.038243
1.969531
2.087905
1.916666
1.984602
1.996152
1.950661
2.093913
2.064777
2.021006
1.976500
2.042189
2.015214
2.109798
2.023923
1.988777
2.024119
1.967927
1.930382
2.074279
1.978682
1.989001
1.972695
2.065925
2.039073
1.908264
2.006010
2.074936
2.057267
1.879491
2.043600
1.955561
1.937127
1.944495
1.987541
2.051856
1.933447
2.059667
1.956769
2.030341
2.141898
2.073511
1.915778
1.938768
2.035484
1.988039
1.970918
2.126871
1.941899
1.942307
2.027555
2.023856
1.930697
2.072963
1.906260
2.148100
1.964440
2.063070
2.024798
2.049150
1.989673
2.104933
1.856444
2.067334
1.998570
2.047773
2.007816
1.899946
2.022760
1.996818
1.959455
2.083361
2.013822
1.986344
1.992523
2.033547
1.959510
1.950777
1.936745
2.035162
2.077855
1.946806
1.995032
1.989116
1.989195
1.976874
1.868364
1.996535
1.964293
1.977934
2.085645
2.102842
1.937127
1.922456
2.068891
2.013545
1.971261
2.040504
1.983378
2.061683
1.980493
2.091438
1.885970
2.078196
2.085276
2.066179
2.053593
1.950760
2.037867
1.947586
2.038230
1.995939
2.050152
2.008886
2.024830
2.011047
1.988547
2.120530
1.976121
1.998204
2.134591
1.891202
2.104342
2.028016
1.939336
2.023036
1.955439
1.929908
2.017392
1.903853
1.895149
1.929341
1.894212
1.997395
1.922410
1.963877
2.035689
1.963216
1.947718
2.009154
2.074775
2.031023
1.972040
2.071191
1.993995
1.987048
1.966836
1.964005
1.982960
1.928808
2.002821
2.009099
1.912293
2.009456
1.923905
1.914351
1.938120
1.984856
2.041323
1.959237
1.995433
2.000126
1.860582
1.995356
1.850352
1.960285
2.055786
2.080120
1.994872
1.919376
1.966154
2.033066
2.003042
2.055178
2.007273
2.003531
2.032757
1.954292
1.989960
1.935520
2.078682
2.025558
1.955060
2.063574
2.022195
1.962285
1.972594
2.063745
2.003073
2.030375
1.942045
1.979050
1.991697
1.928431
1.877319
2.039941
2.073237
1.949844
2.100001
1.941453
1.942880
2.039038
1.892223
1.889235
2.103889
1.898722
1.935859
2.073470
2.000642
2.003528
1.982877
1.946983
2.071468
1.960049
1.994831
1.917265
2.032254
2.091782
1.999044
1.890001
2.027470
2.052681
2.022249
2.044595
1.946143
1.880848
2.033579
1.969472
1.931163
1.944691
2.112743
2.089863
2.054119
1.882621
1.928243
2.035401
1.981841
2.015186
1.908588
1.953861
2.140224
2.052523
1.956861
2.050276
1.933767
2.131157
2.020053
2.008432
2.040436
1.869773
2.046833
1.989878
2.064520
1.996419
1.940004
2.013846
2.022387
2.027144
1.980807
2.008203
1.983781
2.004952
2.040668
2.062534
2.124393
2.155590
1.898236
1.952000
2.106992
1.996649
1.966032
1.960728
1.984756
2.017276
1.937688
1.949613
2.056177
2.101077
2.014381
1.925837
2.006672
1.968205
2.019587
1.990175
1.949208
1.986895
1.964991
1.965954
1.985782
1.893754
1.988093
1.961157
2.012184
1.964593
2.006646
1.935710
1.995830
1.930428
1.940005
1.964234
2.118039
1.765492
2.078647
1.937357
1.952098
2.081699
2.004479
1.950110
1.919493
1.923154
1.957546
1.967935
1.906058
2.001907
2.101745
1.949229
2.075180
1.939017
2.020106
2.027807
2.156811
1.884801
2.081898
2.051258
2.050060
2.054014
2.057504
1.986457
1.995556
1.966693
2.036835
1.953139
1.994551
1.963980
2.005380
1.959996
2.016694
1.952618
2.135351
2.048474
1.991173
1.837036
2.041976
2.011663
1.945084
2.097177
2.060854
2.027244
2.061326
1.995125
2.047067
1.990429
1.926635
2.023987
1.983305
1.979494
1.868542
1.963566
2.006990
2.086709
1.968287
1.986747
2.037468
2.010273
2.073968
2.032103
1.905208
1.893575
2.033678
2.138932
2.038281
1.981331
2.088932
2.065026
1.965974
2.089730
1.950497
1.959751
1.949048
2.032921
2.040474
1.983409
2.002361
2.009045
1.992859
1.955274
1.967807
2.056838
2.044379
1.936806
2.031515
1.959518
2.166016
2.021594
2.005572
1.958842
2.038933
1.964297
1.946733
1.946518
2.018794
1.970945
1.909558
1.894182
1.912370
2.057810
1.951870
2.012292
1.992055
2.027861
1.945927
2.033619
2.019396
2.010356
1.971940
1.941041
2.044886
2.053420
1.921157
2.028493
1.939803
2.075716
1.982104
1.975543
2.109020
1.934780
2.124980
1.978849
1.997261
2.039199
2.036861
2.021446
1.947889
2.103882
1.986138
2.083154
1.910920
1.965846
2.052363
1.959748
2.081430
1.959889
2.056133
1.931523
2.058758
2.041330
1.992930
1.870226
1.892677
2.074482
1.985003
2.146645
1.997260
1.944851
2.113434
2.063428
1.971997
2.098692
1.899537
1.970447
1.964294
2.054535
2.042433
1.965281
2.046208
1.901966
2.010236
1.962446
2.068915
2.060491
2.086256
2.103774
2.044037
1.978250
2.072975
1.991275
2.001426
2.049363
2.017198
2.008439
2.027729
2.022852
1.952739
2.110071
1.968957
1.976722
1.922792
2.017515
1.949949
1.985713
2.015836
2.025232
2.075444
2.077971
1.896327
2.026616
2.018019
1.848912
1.983762
1.894804
2.027169
2.004321
1.980211
2.007689
2.082970
1.973946
2.064913
1.999252
1.972909
2.017575
2.003730
1.835630
2.075330
2.093243
2.036256
2.034803
1.946493
2.067964
2.001503
1.956821
1.962679
1.990146
2.124339
1.992185
1.919114
1.994799
1.933487
1.931172
1.960565
2.009131
1.890274
1.939192
2.069917
2.151472
2.011279
2.000914
1.977018
1.989767
2.013352
2.034187
1.943372
2.054955
2.070069
2.076262
2.084657
2.053126
1.956655
1.994723
2.139959
2.004466
1.957403
2.069907
2.002442
1.980828
2.035751
1.971863
1.975592
1.915900
1.949237
1.992413
1.932625
1.975892
1.907357
1.980173
2.047400
1.936228
2.052859
1.917967
1.832124
1.957740
1.960591
1.985861
2.038597
2.043939
2.001292
1.925944
1.921946
2.075921
2.008460
1.933912
2.094799
2.042341
2.016831
1.975801
2.014843
2.004891
2.053009
2.029359
1.933785
1.983983
2.008355
1.975523
1.991247
1.970057
1.964672
2.040527
2.000807
1.891037
1.953869
1.984809
2.104329
1.967599
1.994549
2.076933
2.036766
2.009548
2.007898
1.964512
2.089750
2.064288
1.862165
2.010814
2.004028
1.974825
2.025696
1.969315
2.055002
2.014219
1.932333
2.001911
1.893465
1.951826
1.984697
1.952342
1.912540
1.975819
2.055947
2.007679
2.061766
1.925124
1.911139
2.029678
1.993892
1.940451
2.023258
2.011854
1.934292
1.984114
1.975468
2.082029
1.972565
2.129218
1.935634
1.972398
2.037645
2.053337
1.979563
1.997215
2.023434
1.981215
1.994106
2.087402
2.026315
1.990345
1.929277
2.038520
1.959472
2.091481
1.951475
1.958566
1.947702
2.074630
2.040833
1.973727
2.022229
2.000591
2.097352
2.023145
1.979181
1.930036
1.948791
2.039511
1.959876
2.021341
1.841680
2.024187
2.064417
2.024311
1.973138
2.007381
1.990194
1.934065
1.812308
2.019118
1.870285
1.975284
2.026206
1.949194
1.895927
2.157474
1.867009
2.014278
1.922314
2.013994
1.951474
1.949383
1.952070
2.107086
1.948233
1.917106
1.912734
1.941153
1.990532
1.990737
2.028114
1.993749
2.076084
1.899567
2.080158
1.954166
2.024997
1.982884
1.978342
1.965799
2.086623
2.035212
1.891183
2.031359
2.001555
2.047227
1.926244
2.088724
2.041737
2.043867
2.125524
2.020404
2.037252
1.952397
1.977044
2.019097
2.083769
1.922316
1.973852
1.910171
1.938575
2.028950
2.074617
2.023134
2.102133
2.059904
1.970556
1.858968
1.941374
1.974740
1.975683
1.950201
2.084959
2.038699
2.050027
2.022842
1.914128
1.975073
2.093325
2.188032
1.921308
2.021956
2.042662
1.991686
2.008134
1.991320
1.974473
1.950248
2.050002
2.096625
1.931185
2.109973
2.016518
1.970187
1.995483
2.048727
1.959239
2.004979
1.944659
2.062290
2.009574
2.106617
2.068768
1.991006
2.035559
2.000559
2.065144
1.943074
1.973404
2.036489
1.939437
1.975874
2.016322
2.039063
1.924461
1.993928
1.929541
2.029804
1.982423
1.964440
2.054156
1.898785
1.966306
2.040303
1.939376
1.998856
2.056146
1.985938
1.987238
2.030086
1.967556
1.902850
2.046120
2.162454
1.974849
1.913683
1.972320
1.964070
2.039017
1.884182
2.034019
1.931972
2.008624
1.870546
2.139574
2.124827
2.062241
2.000845
2.092300
1.999797
1.959727
1.935303
1.975070
2.058337
2.067934
1.944222
1.950743
2.084290
1.995651
1.996173
2.036568
1.839266
1.940390
2.010994
2.010692
1.958333
1.992332
2.088249
2.023903
2.012717
2.053125
1.930820
2.032471
1.987358
2.003653
1.994944
2.042938
1.952949
2.059400
1.891825
1.982388
1.970329
2.101293
2.068726
2.028477
2.022430
2.006207
2.038417
1.971976
1.977474
2.000424
2.096036
1.921902
2.024521
2.044719
2.020293
2.032577
1.923021
1.980740
1.936710
2.060451
2.085964
2.013396
1.999303
1.969455
1.917986
1.978690
1.896501
1.905694
2.005974
2.017503
1.969168
2.088352
2.138147
2.078261
1.884646
2.114545
1.986714
2.093105
2.000367
2.038864
2.014213
1.957576
1.973822
2.016102
2.063944
2.011530
2.154405
1.961081
2.100800
1.971303
2.029423
2.087098
2.035827
1.943794
1.927382
1.923600
2.061150
2.007356
1.973673
2.101331
2.022064
1.998688
2.064461
1.920415
2.040213
2.024405
1.984764
2.061194
1.925727
2.009196
1.962944
1.999330
1.964631
2.004901
2.052917
1.940762
1.957113
1.931329
1.950722
2.079947
2.089653
1.971620
2.094361
2.010302
1.889177
2.045218
2.119359
2.075171
2.071417
2.077890
2.078866
2.010355
1.939382
2.034074
1.949146
2.020466
1.925114
2.051158
2.063056
1.895427
2.029244
1.946865
2.015943
2.011823
1.920010
2.019052
1.979545
1.960824
2.070269
1.918179
2.071923
1.996910
1.869236
1.876085
2.071285
1.961367
1.957977
2.010430
2.041342
1.989883
1.972610
2.041268
1.975277
1.993611
1.971758
1.997583
2.063613
1.988259
2.012705
2.094213
2.008923
2.010730
1.979148
2.056983
1.970384
2.123073
2.023992
1.974216
2.058166
2.068190
1.965116
1.971098
2.026330
1.975479
1.954663
2.001100
1.886195
1.919008
2.043476
1.983163
2.016519
1.873200
2.089793
1.971150
1.941129
2.055704
1.995028
1.964329
1.985179
2.001839
1.940886
1.996050
1.961076
1.986485
1.943022
1.989808
1.959200
2.004448
1.978705
2.010643
2.054101
2.015782
1.968493
2.054075
2.067087
1.918284
2.051267
1.829225
2.025977
2.070140
2.044969
1.998840
2.052081
2.118831
1.983420
1.927429
1.940479
1.949200
1.926247
1.978326
2.083479
2.102024
1.894642
2.065373
2.041897
1.956858
1.860001
2.040563
2.019371
1.915848
1.957408
2.025184
2.023824
1.995148
1.980419
2.096528
2.065307
1.984363
1.953089
1.966153
2.019699
2.005255
2.016807
2.102753
1.907647
1.962325
1.898710
1.916950
1.930568
1.973870
2.027311
1.939995
1.977581
2.050295
2.026063
2.079600
1.957539
2.073355
2.124635
1.999745
2.029234
2.036597
1.960421
1.884774
1.987075
1.996107
2.071326
2.010563
2.017809
1.809369
2.038154
1.941750
2.024946
1.899837
1.900847
1.986051
1.937939
1.979874
1.997368
1.923791
2.026842
2.016683
2.004237
2.019122
2.073241
2.047058
1.945476
1.965815
1.964344
1.982781
1.969406
1.950667
1.953654
2.061100
2.011625
2.001463
1.921290
1.936732
1.941065
2.084632
2.085188
1.947088
2.043241
1.911221
1.937836
2.101555
2.059381
2.062928
1.975755
1.932005
2.048987
1.911006
1.999059
2.008917
1.921157
2.006069
1.971320
1.939644
1.956191
1.989841
2.126008
2.125108
1.984217
2.052405
2.063335
1.943914
1.868597
1.986958
1.978640
2.155714
1.956854
2.036971
2.009988
1.935746
2.015302
2.014279
2.024144
1.986900
1.993684
1.900475
2.040700
2.013784
1.880848
2.164260
2.048090
1.991388
2.023831
1.949955
1.945704
1.950080
1.953590
2.084400
1.993031
1.914639
1.917072
2.060590
2.050879
2.150450
2.042742
1.954180
1.977969
1.951849
1.937259
2.054562
2.053137
2.128705
2.126745
1.921367
2.058351
1.947841
2.016235
2.006990
1.982970
1.960703
1.921848
2.012245
2.034959
1.966039
1.965281
2.020699
1.912659
2.029874
2.083560
2.047073
1.878016
1.945563
1.970335
2.028967
2.027817
1.947144
1.982355
1.981337
2.023572
1.944800
2.061693
2.016847
2.084042
2.029239
2.077630
1.929659
2.038619
1.982406
1.995112
1.951966
2.029259
2.038849
2.012013
1.960334
2.115864
2.031922
1.949813
2.004322
1.992295
2.032200
1.908417
1.944884
1.998789
1.977019
1.998153
2.079718
1.960930
2.023622
1.963831
2.149343
1.999891
1.993120
2.035412
2.019720
2.020170
2.039242
1.978456
2.005866
1.981211
2.153198
2.007773
2.006334
2.010608
2.030953
2.018249
1.882201
1.913987
2.040025
2.052131
1.940864
1.982219
1.961313
2.018576
1.990374
1.915940
1.938570
2.065697
2.089827
1.947684
1.955724
2.132634
1.998860
2.000977
1.930390
1.982449
2.125825
2.011181
2.029656
2.018020
1.954477
1.985354
2.019799
1.946575
1.951772
1.967314
2.138899
2.026653
1.958726
1.929132
2.006679
2.005375
2.069131
1.942727
1.996630
1.976896
1.990792
2.096939
2.008457
2.018038
2.089242
2.036303
1.962034
1.963211
2.001448
1.904224
1.887972
2.014595
2.080649
1.942474
2.162150
2.003016
1.987289
2.014968
1.949493
2.055368
2.094858
1.915539
1.953230
2.040310
1.969349
1.946498
1.910896
1.960627
1.983792
2.062332
1.943754
1.858831
1.999066
2.004002
2.052939
2.011055
1.892810
2.030647
2.018369
2.075538
2.181286
1.981799
1.889816
1.934710
2.025532
1.942343
2.044767
1.950882
2.025921
2.118251
2.003094
2.023423
1.963836
1.889276
1.975768
1.973762
1.984137
2.061981
2.081615
2.052510
2.003634
2.042535
2.045656
2.006905
1.940221
1.977770
2.050900
2.086462
2.007750
1.910168
1.908560
2.119240
1.972854
2.016557
2.019236
2.058946
2.078752
1.981549
2.098877
2.091959
2.080179
2.095629
2.103546
1.982424
2.045124
2.062109
2.094476
2.047431
1.946054
2.057459
2.054662
2.044367
1.945745
2.047190
2.006208
2.009054
2.022704
1.980110
1.926266
2.002296
2.068515
1.986993
1.920913
1.990408
1.888618
1.991595
2.046069
2.062100
2.025252
2.049246
1.870289
2.011540
2.069431
2.046713
2.087997
1.937088
2.111307
1.934279
1.932966
1.944363
2.009103
1.942239
1.947619
1.933616
1.953097
2.082536
2.001710
1.969669
1.969185
2.040896
2.090632
2.118279
1.936967
2.038690
2.027470
2.062997
1.971250
1.985417
1.921191
2.031642
2.066378
1.922667
1.907309
2.035964
1.986394
2.026793
1.934354
2.042612
1.975284
1.939643
1.994271
1.973778
1.975869
2.070441
1.968524
1.981212
1.953661
1.870452
2.006256
1.984539
2.004689
2.049037
1.963385
2.044345
2.037820
2.041298
1.997138
2.023138
1.998964
1.930447
2.018049
2.053404
1.984954
1.962878
2.009894
1.947779
2.059238
2.082748
2.024889
2.086306
2.055511
1.870840
1.955100
2.156811
1.843018
2.018168
2.009806
1.953120
1.949450
2.032820
1.935790
1.987936
2.091202
2.046094
2.034971
1.944632
2.077418
2.029361
2.030990
2.111190
2.112410
2.015555
2.012252
1.946428
1.985472
2.111732
2.044464
2.089010
1.990298
2.106370
1.900567
1.963831
2.006038
2.052078
2.002499
1.939676
1.996387
1.843721
2.008598
2.110257
1.992585
2.002590
1.997284
1.978835
2.010002
1.957186
1.967106
1.914335
2.009278
2.035363
1.980574
1.948199
2.060576
1.967046
2.025951
1.962102
2.000576
1.955867
1.984605
1.977952
2.006882
2.027828
1.965116
1.971066
2.009878
2.008384
1.986516
2.016602
1.966283
2.023640
2.015501
2.074679
1.986607
1.917919
1.968616
1.978182
1.916254
1.955877
2.059620
2.008979
2.057732
2.014781
2.140437
1.915357
1.969090
2.041140
1.927002
2.099936
1.914782
1.942138
1.965935
1.919780
1.967686
2.085059
2.047808
2.024163
1.983859
2.127433
2.008921
2.013766
2.019981
1.963072
2.088411
1.972677
1.939792
2.077461
1.898108
2.021941
2.039437
1.950913
1.980336
1.841153
1.999115
1.924417
2.137338
1.946950
2.072311
1.991783
2.047231
1.994020
1.973398
1.971007
1.922707
2.017244
1.973318
1.927629
1.963451
2.051145
1.920064
2.028479
2.014045
2.045660
2.047858
2.053449
2.129827
2.039928
2.020916
2.046084
2.031088
2.015151
2.015196
2.032632
2.019599
1.992184
1.954838
2.013672
2.012702
2.143606
1.960115
2.074503
1.984069
1.936908
2.075556
2.113247
2.018644
1.979551
1.978317
2.096428
2.037020
1.862601
1.977254
1.928358
1.948410
1.983826
1.976344
1.957435
1.970555
1.950009
2.045937
1.985354
1.891411
1.980510
2.063813
1.989978
1.969773
2.013640
1.923887
2.038276
2.050539
1.974051
2.041920
1.884018
2.051502
1.946383
2.064356
1.971777
2.048188
2.102201
2.020809
2.081465
1.930805
1.995087
1.866112
1.914755
1.990885
1.960529
1.857913
2.044929
1.981416
2.026042
2.005515
1.869262
2.045538
2.026603
1.995549
1.989829
1.982640
1.899956
2.012740
1.961529
1.993431
2.067460
1.927849
2.015514
1.946147
2.021879
2.055513
2.034205
1.922106
2.027632
2.093182
2.130231
2.037941
2.130729
1.973552
1.954816
1.939756
1.999686
2.035868
2.121460
1.999858
2.063759
2.018665
2.119516
1.955613
2.019632
2.066527
1.995257
2.010573
2.024743
2.034887
1.894267
1.971895
2.059183
2.049086
1.962143
1.918411
1.959265
1.882499
2.027906
2.087483
1.963645
2.007049
2.084003
1.921663
2.058887
2.007738
1.957814
1.893080
2.118658
1.958526
2.037170
1.918223
1.938439
2.040472
2.083928
1.948946
1.986003
1.997524
1.986359
2.008180
1.988905
2.057800
1.909698
1.971926
1.971679
1.976623
2.077264
1.891640
2.012534
1.876652
1.978310
1.946246
2.012480
1.972400
2.086865
1.968865
1.964410
1.990116
1.960054
1.921226
2.069564
2.028218
2.019280
2.046684
1.845239
1.993134
1.904544
1.898716
1.976551
1.978433
1.985076
2.100044
2.005648
1.961423
2.014430
1.967428
1.998135
1.933260
1.980387
1.896123
2.106883
1.967612
2.056150
2.017943
1.930271
2.119712
1.859059
2.014340
1.939425
1.964704
1.955648
2.092648
2.032426
1.896942
2.096542
2.073492
2.056662
2.089026
1.999136
1.993992
1.917481
2.048904
1.973030
1.938999
1.928930
1.931474
2.022633
1.974935
1.971083
2.042034
2.043604
1.964303
2.010688
1.946668
2.032468
2.087767
1.983287
2.007573
2.023610
1.983801
1.918252
1.966712
2.008304
1.877057
1.866361
1.952991
1.979558
2.082011
1.950348
2.044416
2.078427
2.067490
2.039140
2.080189
2.027301
1.994721
2.014343
1.925700
1.993912
1.963116
2.032449
2.074752
1.972834
1.984357
1.970398
2.012888
2.037283
1.962615
1.952251
2.087627
2.030368
2.200349
1.951013
1.986304
2.020278
1.972196
2.031012
2.080901
1.921034
2.000983
1.999030
1.913294
1.836925
2.032714
1.893017
2.005915
1.979123
1.998495
1.859846
2.016759
1.932914
1.919726
1.986918
2.094279
1.941257
1.932354
1.979684
2.029851
2.002707
1.970097
2.159451
1.965112
2.070222
1.971161
2.016116
2.073861
1.955154
1.947519
1.969301
1.923471
1.939403
1.804747
2.061762
2.094669
1.943860
1.991429
2.066942
2.000220
2.010241
1.927692
1.932064
2.036184
2.016004
2.017734
1.924840
1.975898
1.956876
1.906345
1.896349
1.984784
1.957030
1.959420
1.989892
1.871218
2.013579
2.030606
2.029466
2.033570
1.961061
2.044304
1.962518
2.009393
1.998537
2.157351
2.045365
1.979050
1.983807
1.968555
2.071925
2.075662
2.094431
2.015953
2.016457
2.046165
1.987503
1.960238
2.063566
2.076426
1.954756
1.988073
1.968079
2.100950
2.091084
2.028913
2.061118
2.023659
1.949485
1.914173
2.113641
1.947080
1.977451
1.972151
2.033819
1.929260
2.070897
2.069355
2.046408
1.985256
2.092064
2.001828
2.076019
2.011106
2.020985
2.019398
1.887556
1.984107
2.003747
2.031681
2.154574
1.990117
2.023960
1.966184
2.009035
2.074524
1.969345
1.914918
1.959842
1.939837
1.981100
1.926208
1.985151
2.000321
2.087986
2.109385
2.038428
1.861810
1.986722
2.040643
2.020781
2.152452
1.895280
1.985872
2.079276
1.956644
1.987726
1.994269
1.931119
1.995765
2.007222
2.031298
2.047502
1.984490
1.937636
2.051395
1.994280
2.064961
2.009824
1.948718
1.958285
2.004903
1.989426
1.928435
2.082717
1.994021
1.909960
1.941042
2.048514
1.985278
2.024851
1.904219
1.971633
2.051111
2.023969
1.937092
2.083325
1.980364
2.009554
2.097385
1.992766
1.970965
1.903467
2.068047
2.065326
2.070504
1.990387
1.857509
2.018685
1.900407
1.895820
2.087143
2.082449
2.021489
1.994738
1.976842
1.995053
2.004161
2.049732
2.011606
1.997349
1.923567
1.997383
2.071634
2.027462
2.045310
2.093133
1.970142
1.958212
2.041376
1.983526
2.038257
1.911391
1.968909
2.000039
2.025887
1.995149
2.001941
1.913416
2.031979
2.044160
1.967003
1.930856
2.062029
1.863093
1.875122
2.137784
2.005757
2.027065
1.910587
1.996727
2.002132
1.986297
2.025519
1.981436
2.108520
1.902976
2.026395
2.040115
1.999922
1.974795
2.104643
1.913411
2.033127
2.111176
2.053638
2.000455
2.050431
2.086732
2.025698
1.911340
2.069795
2.062800
2.045803
2.024189
1.976292
2.009818
2.016619
2.068644
1.916627
2.021681
1.911951
1.993382
1.983284
2.029589
2.017355
1.947414
2.038645
2.051340
1.925610
1.993968
2.032914
1.913735
1.985039
2.059964
1.992492
2.027020
1.996133
2.026283
1.931747
2.072576
2.001389
2.020238
2.016250
1.976521
1.878580
1.931110
1.934867
2.008703
2.046500
2.107266
1.841113
2.028636
1.953367
1.998226
2.119668
1.990231
1.980752
2.082440
1.997690
1.960404
1.970342
2.022750
2.043590
1.964842
1.962524
2.055549
1.925757
2.138133
1.962419
1.993564
2.025849
1.985963
1.933144
2.082389
1.928293
2.000291
2.011488
2.005805
2.011490
2.154783
1.874598
2.117420
1.938253
1.971397
1.976847
1.966763
1.972926
2.047196
1.971133
2.082653
2.048783
2.011999
2.006982
1.897830
2.025328
1.949180
1.904430
1.992189
2.024452
2.078942
2.054033
1.983124
1.956612
1.939937
1.953195
1.922287
2.002542
1.950333
1.992693
1.931530
1.938032
2.081112
2.136494
1.943809
1.926788
1.971914
2.001233
1.945543
1.953034
1.911035
1.974868
1.956159
1.985839
2.002043
2.033419
2.000914
1.967814
2.010079
1.996427
2.002429
1.906148
2.073346
1.939807
2.043902
2.082217
1.977599
1.953761
2.016748
1.951449
1.947518
2.123642
1.916188
1.880036
2.068112
1.996116
1.952769
2.059409
2.039604
2.079725
2.076501
2.022496
1.984277
1.983902
2.033221
2.065372
2.011654
1.946294
2.006212
1.965628
2.046857
1.865201
1.982426
2.156284
2.004922
2.000861
1.996836
1.899393
2.038040
1.930790
2.073883
2.025451
1.868085
2.141904
2.019848
2.015252
1.973245
1.907871
2.036385
1.939895
1.921630
2.093652
1.954497
1.970379
2.022750
2.140350
1.973470
2.026336
1.917358
1.976390
1.999673
1.943622
1.968073
1.986492
2.097274
1.964722
1.945731
2.062744
1.989040
1.996072
1.992890
2.000262
2.080053
2.004113
1.859454
2.072562
2.125780
2.066041
1.930910
1.889640
2.089570
2.131724
1.978121
1.960320
2.118823
1.994214
2.056144
1.923931
1.906675
2.091743
2.149746
2.056059
1.986286
2.008001
2.011774
2.011132
1.970943
2.013419
1.929636
2.029672
2.139206
2.013082
2.056838
2.072392
2.076602
1.994892
1.880362
2.042664
2.039894
1.871274
2.051343
1.892442
2.102510
2.002822
1.951457
2.021183
1.963775
1.988113
1.926322
2.020530
1.908860
2.079475
2.066526
1.920609
1.959785
2.039468
1.941278
1.984387
2.011471
2.037226
2.004755
1.921405
1.911290
1.957550
2.030397
2.030975
1.955312
1.977069
1.990941
1.977860
2.022891
1.957580
1.935680
1.991412
2.112243
2.079409
2.036240
1.952266
1.994700
2.015449
1.936553
1.977188
2.054891
1.984300
1.843425
2.067737
1.992019
1.935236
1.989185
2.026638
2.014029
1.907321
1.929983
2.101809
1.877935
2.012233
1.979882
2.079881
2.107336
2.075707
2.029918
1.928057
2.053860
1.993725
2.047644
1.996477
2.112826
2.053505
2.041603
1.935950
2.047734
1.977660
1.987922
2.037601
1.958451
1.911357
1.920127
2.118705
2.046977
1.975510
1.994201
2.004194
2.080467
1.947039
2.037852
2.076408
2.056123
1.947380
2.002317
1.831428
2.030373
1.918620
1.992833
2.011437
2.021948
1.988159
2.024320
2.000728
1.976592
1.948583
2.115754
1.796469
2.011023
1.886726
1.976168
2.001912
2.039518
1.959916
2.078419
1.893511
2.066396
1.960640
1.896139
2.060553
2.066652
2.038593
1.961312
2.046579
1.945643
2.085242
1.862067
1.950474
1.923953
1.932539
1.961073
1.921961
2.044970
1.937523
2.041656
2.007083
1.992475
2.073826
2.012894
2.027259
2.008206
2.005997
1.987844
1.926892
2.061784
1.999686
1.935585
2.103471
1.918159
1.976503
1.908082
2.110829
1.997020
1.976562
1.982235
2.094648
1.971425
2.013772
2.094457
2.027939
1.948844
1.984971
1.972065
2.096496
2.046285
1.969082
1.957880
1.836350
2.013277
2.031679
1.995474
2.074223
2.022739
2.106672
1.997308
1.976955
2.123868
2.051820
1.956197
1.898889
1.892028
2.104579
2.010377
2.034010
2.090447
2.014525
2.096379
2.051269
1.857421
1.985359
1.959862
2.074330
1.906793
1.949442
2.016162
1.989737
2.046342
1.992406
2.095521
1.916701
2.049813
1.947415
2.050572
2.078026
2.066434
1.955264
2.076566
1.998966
2.045730
1.918043
1.944798
1.964153
1.950808
1.963296
2.006661
2.022874
1.915285
2.009153
2.041632
2.218171
2.046701
2.077457
1.912110
1.894439
2.028859
1.872201
2.066888
2.045826
2.067692
2.015719
1.977382
2.010461
2.034330
1.995693
2.013448
2.011347
1.992003
2.033995
1.976013
1.951118
2.085315
2.036967
2.008304
1.995512
1.881312
2.008149
1.972089
2.029675
1.945381
2.051856
2.097470
1.933974
1.894912
2.050078
1.993058
2.010981
1.957544
2.024803
1.970252
1.891158
1.974768
1.935076
2.047107
1.982322
2.009419
1.939532
2.036269
2.026955
2.084585
1.994420
2.012030
2.033266
1.983081
2.056679
1.968036
2.001915
2.028164
2.034473
2.006760
1.971680
2.016745
1.953107
1.915552
1.966260
1.936043
1.904033
2.074087
2.068750
1.969488
2.092699
2.026403
1.901120
1.981906
1.913045
2.154482
2.033550
1.897493
2.054778
1.971726
1.995667
2.012498
1.957214
1.979939
2.004668
1.880209
1.957814
1.958997
2.084628
2.037308
2.097213
1.980546
1.917514
1.989707
1.997049
1.917822
1.905648
2.089084
2.007794
2.076332
2.019319
1.953428
1.972280
2.004340
2.063700
2.077768
2.022046
2.002213
2.067130
1.868032
1.994762
2.030215
1.936880
1.960898
2.010651
2.021622
1.903680
1.996208
2.030152
1.973798
1.947926
1.945896
1.921587
2.077111
2.039453
2.033171
2.037754
1.970255
1.987953
1.986903
1.964516
2.015195
1.880563
1.941762
2.006306
2.052946
2.027016
2.093396
1.959994
2.050061
2.005414
2.073635
2.057094
1.931841
1.964064
2.003735
2.129610
1.987859
1.913487
1.955780
2.072107
2.083639
2.087803
2.024910
2.079602
1.905308
2.104853
1.931957
2.005615
1.993022
1.958042
2.016945
2.028582
1.987929
2.068483
2.013197
2.038106
1.992332
1.942423
1.940350
1.986718
2.095466
1.954208
2.015694
1.990985
2.081166
2.018773
1.959963
1.928640
2.001010
2.048710
2.029055
1.901969
2.003865
2.079353
1.939855
1.991972
1.994669
1.979799
1.896794
1.867739
1.962331
1.989157
1.989123
1.929690
2.092590
2.026201
2.027436
1.913410
1.998324
1.998760
1.975322
1.957204
1.966404
2.129383
1.966080
2.060523
1.955428
1.999404
2.156605
1.866384
1.821234
1.940639
1.827527
2.045863
2.039381
2.004534
2.009386
1.971539
2.007247
1.898983
2.017925
2.067447
2.013245
2.089862
1.952074
1.979120
1.998710
2.073820
1.917600
1.987619
2.019476
2.061601
2.079841
2.019740
2.024724
2.070224
1.991224
1.954489
1.996154
1.964257
1.945363
1.970740
2.003154
1.956276
1.956915
1.938669
1.940000
2.108974
1.961575
1.952072
2.035864
2.035371
2.011766
2.039231
1.996626
2.221883
1.974713
2.044900
2.156387
1.951979
2.055978
1.968098
2.111626
1.968611
1.911230
2.111765
1.963878
2.022272
1.892687
2.005638
2.078961
1.884061
2.023937
1.943285
1.979306
2.124566
2.039577
1.995186
2.071187
1.919012
1.810038
1.922949
2.099847
1.973964
2.013681
2.071998
1.971971
1.959876
2.011749
2.153650
2.128560
2.050421
1.971172
2.032087
2.038611
2.024679
1.961828
2.010640
1.909495
1.984312
1.956918
1.897109
1.974366
1.918716
1.939417
1.916906
1.917769
2.100456
2.034306
1.843936
2.086227
2.036250
1.949103
2.026418
2.024691
2.053174
1.980653
2.072217
2.066364
1.967053
2.055571
1.918006
2.055487
2.015466
2.041526
2.044625
2.091699
1.990940
2.068046
2.040384
1.945829
2.000662
2.035889
1.940877
2.133121
2.056420
2.049090
1.864661
2.071196
2.018791
2.171779
2.062383
2.060120
1.949329
1.918167
1.893012
2.097369
1.996949
2.062575
2.002205
1.873903
1.959283
2.020649
1.951540
2.083081
1.935417
2.048348
2.071784
2.030305
1.959410
2.020691
2.102340
2.063569
2.014591
2.056538
1.945419
1.935902
1.949714
1.962406
2.011051
2.090390
2.021699
1.974745
1.974044
1.924355
1.914996
2.086944
1.967729
2.067862
2.041485
1.988667
2.059337
1.916125
2.024181
2.059128
2.006529
2.032449
2.049882
1.967429
1.905036
2.067795
1.949644
2.120893
1.994698
1.985044
1.892912
2.030560
2.005288
2.052708
1.966791
2.007928
1.960997
2.093238
1.923279
2.010069
1.931420
2.123133
1.896162
1.972343
2.024768
2.041430
2.065685
2.008017
1.929660
2.045975
2.001658
2.065532
2.010507
2.063985
1.947831
2.006094
2.000674
1.951213
1.867017
1.991598
2.055971
2.199429
1.984641
1.894128
1.986275
2.054407
1.971303
2.083452
2.069953
1.994865
1.920438
1.972301
2.178595
2.008249
1.938674
1.942489
1.937366
2.019192
1.915555
1.955914
2.043149
2.015862
2.132012
1.995526
1.988368
2.118130
1.997786
2.004608
2.038574
2.081726
1.992406
2.042284
1.962479
2.008666
2.013991
1.994965
2.109532
2.065989
2.021346
2.014606
1.890641
1.994335
1.955120
1.951869
2.049594
1.955341
1.997207
1.954719
1.953505
2.032525
1.895657
2.023353
1.959393
2.007348
2.042671
2.093835
2.018573
1.870415
1.976041
2.006603
1.996328
2.011930
2.147865
2.038094
2.172495
1.931046
2.016375
2.003877
2.041560
2.074265
2.006775
2.067981
1.891170
2.001942
2.020762
2.023427
1.884825
1.927374
2.068309
1.972963
1.942750
2.021156
2.051474
1.978825
2.019637
1.976691
1.928905
1.997963
2.029441
1.956578
2.007661
1.974422
1.992416
1.919060
2.035460
1.956455
1.937216
2.007045
2.065308
2.006400
2.036228
2.002358
2.049056
2.027864
1.942403
2.016800
1.955031
2.075912
1.982853
1.992218
1.991755
2.011841
2.001638
2.048154
1.990463
2.115274
2.036415
1.993289
1.915791
2.101590
1.984505
1.990556
2.007276
1.982444
2.033993
2.038827
2.085313
1.966030
1.982089
2.100905
2.026071
1.902878
2.035440
1.859643
2.076321
2.048483
2.020038
2.010779
1.903262
1.967659
1.910550
2.012607
1.945040
1.918320
2.063939
1.908674
1.944959
2.022548
1.933670
1.996155
2.038950
1.972276
2.058445
1.964165
2.048283
1.998921
1.984177
2.046076
1.930886
1.974773
1.934482
1.900959
2.150046
2.008608
2.003873
2.003858
1.943432
1.977134
2.124369
2.076515
1.949397
1.971434
2.007382
2.015526
2.064514
1.980356
1.952290
2.080066
2.059769
2.119005
1.923194
2.058000
1.937696
2.057719
1.899539
1.944891
2.005280
1.976042
2.040588
1.965416
1.963351
2.150760
1.950716
1.987489
2.026763
2.061345
1.937721
1.976126
2.000460
1.956618
2.009212
2.010622
1.973376
1.962417
2.047974
1.946185
2.039744
1.917550
2.002805
2.098384
2.004582
1.994948
1.924166
2.090403
2.035172
2.007779
1.987191
2.139728
2.012008
1.920409
1.933759
1.941361
1.946394
1.932156
2.001581
1.953789
2.037038
2.033180
1.935490
2.020807
2.110042
1.995353
1.861870
1.985695
2.025564
1.889881
2.046311
1.912509
2.016466
2.001186
1.959257
2.045630
1.994324
2.093779
2.021223
2.132200
1.908393
2.132451
1.901800
2.074920
1.932588
2.093762
2.065637
2.022580
1.924410
1.952492
1.968226
1.956579
2.028144
1.989829
2.083878
2.009482
2.055798
2.018994
2.004156
2.010207
2.054526
1.942766
2.014430
2.011031
2.012130
2.079559
1.985640
2.124827
1.963664
2.021188
2.007309
2.138663
2.022642
2.076806
2.060725
1.915526
2.038351
1.919199
2.084886
2.091802
2.021471
1.868078
2.026640
1.941221
2.007855
2.070254
2.022341
1.913634
1.994586
2.135947
2.014269
2.000905
1.983710
1.944851
1.993692
1.990032
1.966607
1.973207
1.968175
1.940708
2.011562
2.103005
2.011761
2.086734
2.051924
2.032164
2.021466
1.909212
1.976267
1.982810
2.098336
2.036893
1.956756
2.038526
1.830068
1.991849
1.956608
2.047108
1.918542
2.080356
2.021146
1.966417
2.063433
2.059961
2.081941
2.104421
1.905030
2.058312
1.973725
2.032551
2.068873
2.070694
1.910242
1.959719
1.950438
2.042195
2.124045
2.052794
1.932522
1.959700
2.150950
2.049582
2.012931
2.024204
1.986822
1.967827
1.978666
1.891103
1.982310
1.942679
1.997206
2.001215
1.942515
2.018075
1.904600
2.028965
2.016080
2.055612
1.941764
1.933934
1.961616
2.034438
1.972876
2.026024
1.951202
2.010438
2.055065
1.900642
2.065417
2.022326
1.869963
1.963305
2.022402
1.987762
2.015555
1.993087
1.981002
1.954114
1.949782
2.031601
2.050728
1.926700
2.031748
1.987154
1.940170
2.045063
1.970334
2.035864
2.052793
2.042510
2.059292
1.906907
1.941177
1.986132
2.065641
1.996925
1.889830
2.086736
2.118068
1.996664
2.040883
2.013580
2.005845
1.903082
2.115447
2.049108
1.937089
1.886808
2.045580
2.000609
1.930058
1.912909
2.086436
2.041257
1.976808
1.947821
2.016948
2.058640
1.982826
1.988285
1.981208
1.927488
2.015783
2.025746
2.002878
2.031170
2.067300
2.005395
1.946263
1.994603
2.020165
1.969183
2.041332
1.930152
2.062656
2.009287
2.068904
1.950493
1.938072
1.973376
2.026292
2.075326
2.125070
1.955806
1.910616
2.007186
2.014343
2.073532
2.021534
1.938888
2.066064
2.147941
2.076698
2.046063
1.915015
2.078145
2.112134
2.012534
2.020939
2.046916
2.162464
2.044059
2.022947
1.992625
1.920685
2.007682
1.914558
1.950365
2.050820
1.963268
1.984804
2.047071
2.023962
1.961588
1.913631
1.973765
1.950000
2.144008
2.035154
2.002963
2.083588
1.975692
1.870488
1.942838
2.112357
1.915137
2.053352
2.099932
2.013670
2.055253
2.023920
2.035134
1.997634
2.006596
2.053816
2.058001
2.075824
2.124415
1.948583
2.007830
1.977767
2.003814
2.032301
1.952496
1.987367
2.080868
1.993019
2.150669
1.885190
2.041667
1.999430
2.003896
2.026210
1.925902
1.949068
2.123738
2.116751
1.847133
1.974159
2.017214
1.913723
1.940230
2.102191
1.961939
1.963181
2.047809
1.980776
1.928895
1.960864
1.987147
2.106539
1.879643
2.011086
2.019306
2.110090
1.945649
1.935868
1.973805
2.068233
2.058190
2.071867
2.045923
2.034516
1.954611
2.146086
2.030568
1.938543
2.075979
2.025318
1.963169
1.994036
2.071797
1.915416
1.925617
2.029620
2.132825
1.936087
2.003996
1.946266
1.984423
1.930625
2.013379
1.879372
2.103880
1.929192
1.881543
2.025462
1.975739
1.991073
1.993260
2.049654
2.041442
2.045648
2.075759
1.890459
2.032425
2.118266
2.023491
2.017693
2.037748
2.070738
1.988836
2.051894
2.036137
2.140939
1.896664
1.947244
1.910146
2.027807
2.016776
2.038814
2.028333
2.002460
2.016903
2.022147
1.971855
1.985201
2.044907
1.944098
1.983224
1.980579
1.978543
1.983907
2.030850
2.159847
1.939282
1.988928
2.106279
2.052510
2.121760
2.024807
1.919149
2.073536
2.051539
1.988935
2.029414
1.993265
1.969904
2.038704
2.038315
2.031311
2.077028
1.972736
2.084808
1.899858
2.025362
2.085971
2.083386
1.919500
2.030092
2.033707
1.919996
1.995222
2.014519
2.041573
2.009197
1.948468
2.095685
1.926572
1.957409
2.080171
1.887568
2.021393
1.975913
1.987685
2.004450
2.030645
1.944669
2.053387
2.119397
2.018925
1.902540
2.022812
1.942422
2.012369
2.019365
2.098780
2.031643
1.857958
1.879573
1.923956
1.989153
2.053630
2.033480
1.903831
2.022155
1.994557
1.948371
1.971836
1.928527
2.033885
2.003405
1.959332
1.904352
2.037839
2.064090
2.078131
1.968582
1.935592
1.955757
2.014748
2.056504
2.070483
2.025342
1.881206
1.837161
2.067421
1.940374
2.044987
1.965258
1.951720
2.108756
2.184572
1.918529
1.998168
2.040529
1.954961
1.982983
1.959563
1.963395
2.026306
2.122005
1.964086
2.021906
2.007843
2.052872
1.892698
1.958682
1.925990
2.051195
2.030389
1.998867
2.020520
2.032754
1.951756
2.063081
2.010218
1.952505
2.004815
2.010045
2.074865
2.020043
2.076370
1.936337
2.030050
1.960402
1.996426
2.132171
1.883849
2.023870
2.087847
1.968185
2.069529
2.012399
2.089759
1.896688
2.079364
2.053877
2.098028
1.969376
2.062763
1.960110
1.980945
1.939144
1.972544
2.016304
2.066273
2.070373
2.075920
1.981158
2.019410
1.989417
2.063144
1.923730
1.817167
1.993480
2.014661
2.005253
2.115369
2.107918
2.015055
1.922992
2.052287
1.913461
2.072065
2.107592
2.023155
2.012684
1.974650
2.024735
2.036946
1.944165
1.999945
2.079280
1.966764
1.985125
1.904384
1.989735
2.035239
2.087511
1.983201
2.020030
2.097339
2.035067
2.050709
2.076839
1.960700
1.989008
1.902127
1.999152
2.028464
1.950871
2.007859
1.935023
1.954198
1.952818
2.067497
2.036029
2.035466
1.998035
2.044527
2.071039
1.937521
2.035378
2.022274
2.044345
1.998285
2.000070
1.941648
2.047325
1.912048
1.933562
2.090948
2.008266
1.963423
1.939772
1.982065
2.010443
1.964075
2.166032
1.983943
2.043680
2.203404
2.097138
1.962465
2.033180
1.964866
1.967111
2.032331
2.068946
1.976641
1.968344
2.071168
2.025734
1.981956
1.989446
2.040316
1.927092
1.919351
2.013421
2.001495
2.090577
1.944495
1.981430
2.060371
2.011866
1.935831
1.939534
2.021525
2.017866
1.974153
2.095237
2.032621
1.944104
2.119082
2.041178
1.996890
1.903062
2.057933
1.968409
1.985041
1.903885
2.059523
1.928791
2.058325
1.981197
1.981082
2.098301
1.979480
1.954717
2.009782
2.001818
2.073450
2.032474
1.966146
1.957368
1.889052
2.064503
2.030569
1.917701
1.890428
2.086213
2.061168
1.964781
2.025277
1.972186
2.013651
1.904279
2.088454
2.011794
1.982396
1.874903
2.040454
1.934157
1.987831
1.979545
2.014214
1.913870
1.998435
2.007770
2.025301
2.071842
1.896978
1.960434
2.079422
1.923768
2.025984
1.926585
2.108982
1.981460
1.988932
1.903469
2.021298
1.919453
1.879525
2.125581
2.121081
1.994668
2.032360
1.953170
1.907840
2.071080
1.991223
1.925863
1.983284
1.991246
2.050368
1.962219
2.117744
1.940441
2.057812
1.963832
1.965116
1.912354
1.974551
1.939391
2.027144
1.923309
2.051795
1.916166
2.089222
2.034616
1.950820
1.912701
1.943229
1.966677
2.052567
2.082420
2.034083
2.047972
2.086477
2.034496
1.915883
2.005948
2.069673
2.037118
1.978604
1.881837
2.027165
1.937228
2.079844
1.970989
1.956326
1.988101
2.070881
2.172557
1.902353
1.966365
1.992577
2.000807
2.036528
1.967172
1.977403
1.988210
1.923921
2.060443
2.002860
2.073100
1.997873
2.027507
1.970947
2.110354
2.005084
1.957633
2.102869
2.026183
2.014662
1.959827
1.950935
2.058441
1.976764
1.952077
1.969082
2.086819
2.028044
1.932637
1.999013
1.976637
2.062775
2.004042
2.079918
1.956765
1.956587
2.014087
2.009923
1.978136
1.937698
2.042932
1.979884
1.983738
2.050095
1.999201
1.989491
1.962088
2.000685
2.009299
1.963422
1.878899
1.916276
1.948176
2.010959
2.037191
2.048826
2.120472
2.096524
1.897252
2.051036
1.963241
2.006509
2.012090
2.017032
2.043408
2.076657
1.886249
2.028135
2.072352
1.930217
1.999030
2.011042
2.019941
2.096673
1.960314
1.990674
1.957498
2.006705
2.114900
1.903684
2.071186
1.949459
1.948900
1.954099
2.101182
2.003977
2.001063
2.040296
2.056861
1.992756
2.019337
2.028392
1.879026
1.997298
1.962974
1.992997
2.034993
1.942459
1.922679
2.050563
1.974289
1.992811
2.003247
2.004976
2.134055
1.984587
2.007261
2.030412
1.965733
2.089414
2.030704
1.973769
1.903965
1.992479
1.961054
1.901999
2.110913
2.003459
1.979068
2.012662
2.037085
1.997756
2.059155
1.993978
2.038035
1.866829
1.926277
1.911440
1.940285
1.963840
1.998154
2.093286
2.019089
1.979367
1.925380
1.996980
1.938828
1.991322
2.102931
1.977561
1.916735
1.927209
1.941182
2.057990
2.007339
1.930567
1.927308
2.166336
2.122531
1.959236
1.901976
1.970635
1.998200
2.058559
2.031642
2.021813
2.069383
2.062045
1.958644
1.998592
1.943563
2.072659
1.998682
2.036860
1.945762
1.949791
1.989462
2.018064
2.067384
1.959197
2.025540
1.927588
2.010500
1.934364
2.034787
1.935239
1.944373
2.062430
1.963794
2.008837
2.033836
1.938044
1.965091
1.929640
1.993580
2.051136
2.092789
1.990382
1.952509
1.987567
1.975432
1.930932
1.927967
1.924558
1.954188
2.024769
1.959133
1.987785
1.860853
2.012228
2.091578
2.056624
2.005032
1.888786
2.051207
1.972579
1.994217
1.987790
1.982099
2.016500
2.073095
1.896215
1.915323
2.117405
2.057692
1.869523
1.977447
2.002224
1.975282
1.976598
1.973222
1.927012
2.030485
1.891193
1.971359
1.983969
1.953391
2.033212
2.017406
2.002072
1.979762
2.080696
1.967843
1.974624
2.018903
1.991025
2.052864
1.923129
1.902236
2.034866
2.003528
2.012528
2.044627
1.932011
1.919955
1.943232
1.968359
2.010164
2.001704
2.042226
1.868087
2.064723
1.997990
1.958118
2.042397
2.022641
2.098194
1.997135
1.931911
1.879388
2.044921
2.128031
2.008703
1.921904
1.874218
2.119592
1.981901
2.008819
1.986312
1.999079
1.972246
1.978206
2.061620
1.944995
1.953416
1.944921
1.979407
1.967673
2.053257
1.837211
1.990165
2.023790
1.925263
1.950439
2.043195
1.963293
2.120353
2.099815
1.954592
1.978251
2.038813
2.145700
2.012555
2.101674
2.051783
1.960328
1.928914
2.058094
1.903619
1.969121
1.978347
2.045580
1.946060
2.056553
2.034492
1.998208
2.060723
1.949256
2.005028
2.045602
1.978966
2.076180
1.953614
1.935407
1.974321
1.986071
1.980802
1.997651
1.929787
1.989808
2.064619
2.027663
2.044076
2.002791
2.039715
1.912278
1.984265
2.005802
2.004360
1.960525
1.979424
2.050712
2.077961
1.999292
1.994804
1.941782
1.968496
1.966782
1.911640
1.924770
1.828357
1.972219
2.004170
2.034879
1.990194
1.889033
1.961863
1.890517
1.946785
1.961119
1.848025
2.095953
1.971051
2.079628
2.033830
1.993350
1.890314
2.062831
1.938326
1.959260
1.976865
1.991022
1.959706
2.044258
1.928917
2.010234
2.014540
2.077265
1.946299
2.044490
1.968221
1.917533
1.924996
2.104507
2.040002
2.016030
1.909547
2.089521
2.038995
2.041728
2.067377
1.888303
1.999423
2.053966
1.933353
2.041874
1.977991
1.971989
1.943893
2.013453
1.857116
1.908705
2.082339
2.034121
1.911458
2.092731
2.017535
2.017117
2.041560
1.956859
2.108696
2.047261
1.930465
1.993602
2.023080
2.027281
1.995954
1.986047
1.920867
2.068920
2.029139
2.011285
2.042394
2.099422
2.088137
1.969460
2.007139
1.895275
1.944098
1.980446
2.007507
2.031328
2.002265
1.885492
1.952401
2.020830
1.870848
1.904563
1.983469
2.015471
1.928325
1.995678
1.948581
2.017907
2.079202
1.980371
2.115267
1.994248
2.004762
2.044735
1.925723
1.925594
1.945461
1.993293
1.959800
2.076314
1.957859
2.025563
1.985540
2.135296
1.993647
1.968488
2.058965
1.979041
2.056467
1.951618
1.994277
1.919830
2.059948
2.015688
2.099818
1.951728
1.933886
2.141251
2.042112
2.097951
1.979019
1.989909
1.898140
2.009958
1.936721
1.896938
2.010812
2.026682
2.089667
1.955969
2.129372
2.059008
1.962225
2.024953
2.030300
2.073429
2.086435
1.971578
1.953712
2.002524
1.978138
1.971879
2.124794
2.036920
2.002469
2.030407
1.959256
2.028377
1.902122
2.042356
1.947886
2.078862
2.050412
1.918990
1.930349
1.902496
2.076473
2.053145
1.986869
1.891301
2.045670
1.965204
1.986273
2.080262
1.981434
1.917996
2.018919
1.944819
2.005442
1.974556
1.940063
2.048234
1.894466
1.904815
2.052658
2.015251
2.048617
2.026796
1.967221
1.992291
2.000147
2.056778
2.045231
1.894655
2.043998
1.951082
1.841135
2.027814
2.107937
2.011617
2.084219
2.035446
2.054740
2.025352
1.999309
1.974860
2.016953
1.967672
1.976366
1.972850
1.930438
1.890384
2.051520
1.965854
2.023802
2.032977
1.915352
2.118696
2.022686
1.993355
2.008736
1.978214
1.964808
2.017387
2.024524
2.013076
1.952111
2.041023
1.948401
2.108105
2.083143
1.957563
2.041220
1.945618
1.927999
1.965964
1.999633
2.079288
2.005217
2.031683
1.937842
1.999755
1.893689
2.001453
2.044233
1.966208
1.962805
2.055932
1.971136
1.954982
2.020457
2.006538
1.919780
1.927040
2.028891
2.101171
2.097452
2.141297
1.972204
2.009719
1.968129
1.966535
1.916386
2.049568
1.867368
1.895597
1.994034
2.122083
2.055047
1.931793
1.977727
2.062064
1.970332
1.893818
1.987768
2.028940
1.940786
2.059573
1.950320
2.011344
1.944968
1.954879
1.984829
2.010769
1.951009
2.004809
1.984133
2.068122
1.926501
1.981345
1.969221
2.020082
1.987573
2.034357
2.080624
1.908856
2.000414
2.045723
1.940127
2.018492
2.073802
1.902789
1.946850
2.186535
2.010169
1.975255
2.007955
1.962977
1.980262
1.903310
1.940847
1.972542
1.990428
1.945661
2.033477
2.044644
1.924354
2.007224
2.023698
1.926704
1.908781
1.901415
1.957868
1.981537
1.998413
2.020735
2.056996
2.124704
2.063640
1.893937
2.063345
2.114308
1.929411
2.008569
2.022927
2.005167
1.940321
2.056765
1.995207
1.956658
1.958060
2.040145
1.938932
2.002708
2.077681
1.963895
1.913986
1.941267
1.865321
2.089305
2.008834
2.087202
1.956499
1.992260
1.970502
2.035305
2.052162
1.926270
1.969972
2.045238
2.024924
2.037170
2.076246
1.962491
1.984425
1.959205
2.010672
1.991767
1.965621
2.006713
1.974993
1.984814
2.020934
2.063920
2.027341
1.978977
2.002324
2.010181
2.033191
1.889514
1.980124
1.935081
2.126899
1.856059
1.963055
2.050302
2.000498
1.880884
2.102967
1.909504
2.007478
2.055629
1.982750
2.145889
2.071443
2.027129
2.082480
1.973813
2.014560
1.890124
1.970030
1.991598
2.011449
2.027198
1.997958
1.994565
1.901748
2.029478
1.970271
2.077302
1.968236
2.043928
1.879644
1.942989
2.067742
2.013809
1.821131
2.001957
2.050851
2.022286
2.013678
1.977743
1.925637
1.964585
2.173733
2.030169
1.977462
2.014582
1.954542
2.034079
1.942838
2.081908
2.041889
2.000578
2.138131
2.027361
1.891293
2.112500
1.998591
1.924767
2.023875
2.047183
1.924848
1.935952
2.010462
2.080504
1.962696
1.983319
1.997772
2.011482
1.978356
1.975489
2.072613
1.961440
1.963694
2.037121
2.084005
2.048202
2.126798
1.905421
1.987685
2.097521
1.946787
2.060088
1.979608
2.036728
1.915133
2.011457
2.110251
1.927562
2.069468
2.024059
2.032124
1.959506
1.980421
2.031176
1.983350
2.039200
2.148560
1.978039
1.998775
1.920376
1.827540
1.983367
1.896047
2.035732
2.093688
1.961617
2.049761
1.984383
1.883352
1.818334
2.107259
2.138730
1.872246
2.056261
2.030254
2.011898
2.083092
1.892551
1.968914
1.957565
1.965427
2.012434
2.047399
1.887649
2.023996
1.945351
1.998230
2.072549
1.974016
2.080485
2.023616
2.097402
2.004134
2.100483
1.972923
1.952889
1.937982
1.946827
2.063771
2.108487
2.007253
2.107223
1.956989
2.003756
1.920699
2.106963
2.039121
1.963881
2.119551
1.933465
2.061875
1.914922
1.912288
2.049834
2.013778
1.961816
2.048732
1.920118
1.973090
2.002958
2.121037
2.101228
2.011268
2.025969
1.976414
1.965292
2.070177
1.993398
1.960336
2.043178
2.068043
2.033686
2.083485
1.919524
2.016023
1.912772
1.968453
1.860987
1.993186
2.033279
1.995944
2.101674
2.046372
1.907191
2.032573
1.941917
2.064883
2.050309
1.898345
1.894464
1.905806
2.005799
2.029443
1.880093
1.988707
2.079161
2.067373
1.939064
2.069767
1.973759
2.033195
2.015004
2.019696
1.961028
1.938569
1.990520
2.041703
1.952271
1.925975
2.060865
2.039748
1.927479
2.105397
2.004155
1.965078
2.139848
2.052331
1.944064
2.041115
2.024296
2.084982
2.130333
1.957278
2.034716
1.967242
2.041083
2.092621
2.120777
2.134386
2.020385
1.925638
2.001595
1.943863
1.992598
1.987356
2.029151
1.987352
1.955254
1.943934
1.980438
2.037745
1.999538
2.117983
1.940249
1.991939
2.006271
1.898804
1.989554
2.004318
1.965237
2.081493
1.901252
1.954335
2.094054
1.988539
2.125769
1.995889
1.962681
1.926094
1.935801
2.104718
2.049439
2.032471
1.949618
2.063285
1.885060
1.978142
2.033980
1.917875
1.961200
1.967614
2.014013
1.929119
1.908515
2.077020
1.974702
1.920448
1.965163
2.108020
1.956276
2.064154
1.922986
2.017057
1.960294
1.981241
2.011304
2.003088
2.051535
2.003836
1.957125
2.009603
2.123288
2.056385
1.979634
1.975561
1.885598
1.981288
1.922670
2.057739
1.990985
1.933528
2.038227
2.112133
1.971081
1.979665
2.055183
2.024904
2.042056
2.093379
1.893620
2.001482
1.955691
2.025693
1.925802
1.963293
2.044503
2.025985
1.856213
1.927508
1.981696
2.048767
1.964748
2.012196
1.988116
2.179913
2.019614
1.991334
1.918043
1.917392
2.179041
1.896431
1.950496
2.026275
2.010476
2.044129
2.066235
1.992138
1.999819
1.983316
1.988472
2.119163
1.993575
1.915757
1.921374
2.010596
2.046520
2.067220
1.928669
2.036707
1.932650
2.097844
2.006316
1.921823
1.964957
1.909190
1.932186
1.994391
1.994733
1.941196
2.038109
1.850767
1.958111
2.009782
1.962684
2.103464
1.978465
1.983511
1.915379
1.916493
1.918783
1.930663
1.974269
1.987184
1.981328
2.118268
2.069816
2.000014
1.873396
1.937053
1.957183
2.152088
2.050882
1.945852
1.935205
2.058842
2.052022
2.103398
1.956526
2.031351
1.818095
2.049073
2.153886
2.057388
2.048206
2.076707
2.019310
2.026660
1.953793
1.902039
2.036390
1.978865
2.090072
2.040960
2.036950
2.057728
1.955637
1.982727
2.008599
2.065503
1.887873
2.160065
1.939504
1.972379
1.994105
2.061505
1.958866
1.961155
2.062002
1.954077
1.926806
1.914995
2.046665
1.886456
2.049497
2.057816
2.078366
1.978106
2.044422
2.035457
1.959075
2.027031
1.974110
1.959763
1.795275
2.058927
1.990454
1.926098
1.984239
1.946387
1.945843
2.012341
1.969540
1.979445
1.866977
1.982330
1.989564
2.044020
1.944153
2.077597
1.827899
2.077901
1.964982
2.001213
2.141505
2.044441
2.018439
2.002883
2.070941
1.925655
1.932971
1.944861
2.029023
1.931584
2.039001
2.034782
2.037937
1.988352
2.006771
1.970461
2.132555
1.887321
2.077819
2.043555
1.969238
2.013669
2.050337
2.077953
2.172810
2.086025
1.959617
1.984961
2.108050
2.129322
2.016785
2.074164
1.943973
1.949835
1.959508
1.979208
1.996196
1.916051
1.833212
1.992030
1.944517
2.009664
2.062158
1.983190
2.077771
1.995886
1.984467
2.097051
1.992649
1.890034
1.976378
2.100290
1.933068
2.045212
1.957622
1.957037
2.026645
2.029199
2.003354
2.029022
2.040538
2.042814
2.022484
1.988647
2.043948
1.959113
2.017963
1.972368
2.111934
1.935355
1.973884
1.986921
1.983720
1.943069
1.995761
1.975030
2.000719
2.004382
1.994257
1.978163
1.970981
1.948445
1.889885
2.126994
1.982537
1.883006
2.000119
2.049179
2.036149
1.972977
1.931357
2.006019
1.917603
2.005113
2.115261
2.005642
2.015350
1.986720
1.992913
1.966242
2.046841
2.073297
2.060002
1.870182
1.942024
2.042941
1.909493
1.965789
2.009726
1.985191
2.019649
2.067299
1.930007
1.978955
1.943783
2.032512
1.983276
2.024326
1.969673
2.045955
2.082393
1.919973
1.912075
2.057454
1.975974
1.970226
1.921169
1.979244
1.912263
2.025131
2.042634
1.976152
2.013357
1.962847
2.059164
2.085459
1.893815
2.017809
2.102427
2.057173
1.948605
1.907357
1.964453
2.055998
1.910876
2.165943
2.014151
1.978858
1.996512
1.986532
1.913207
1.974524
1.920394
1.962072
1.931257
1.976173
1.978608
1.991557
2.080863
2.039772
2.105202
1.985397
1.959600
1.969256
1.911408
1.988743
1.910588
2.060553
1.902546
1.915463
2.012084
2.069699
2.017573
1.988508
2.048959
2.029547
1.976403
2.023820
1.942098
2.076955
1.935282
1.984046
1.971453
1.945517
2.054661
2.121522
2.032642
1.973773
2.006628
1.972640
1.999494
1.926029
1.984803
2.030196
2.049546
1.958991
2.076897
1.924203
2.017926
2.011717
2.055304
1.985952
2.025905
1.999112
1.937006
2.063193
2.018286
2.041680
1.965033
1.992886
1.996302
2.024802
1.994006
2.003509
1.940790
2.114633
1.984789
2.064936
1.969448
2.103664
1.961119
2.001519
1.949748
1.940517
2.030231
1.865044
2.042425
2.047860
1.939886
2.003027
2.012155
2.027336
1.984759
1.967539
2.012349
2.143296
1.958621
1.950280
2.082925
1.970017
2.055021
1.957880
1.992165
2.070798
1.949913
1.973085
1.977596
1.998587
2.045203
2.061396
1.967721
1.899097
1.950383
2.006191
2.043181
1.922028
1.974366
1.991662
1.949010
2.052450
2.167197
1.965003
1.926911
2.035026
1.936926
2.017177
1.932460
2.001558
1.952090
2.037273
2.053358
1.888834
2.021409
2.050891
1.984067
2.014679
1.910209
2.067123
2.022404
1.935014
1.961552
2.119976
2.001592
2.036530
1.955025
2.017225
1.981697
1.986836
1.937435
2.095516
1.972306
1.988654
1.925990
1.883158
1.962662
2.016554
2.002770
1.962710
1.857341
2.063315
2.100498
2.125888
2.001268
1.940531
2.007389
2.018989
1.941373
1.976621
2.120171
2.033123
2.035715
1.964791
1.981249
2.016578
2.030055
1.920970
1.936097
2.103510
1.951135
2.011552
2.018522
2.092775
2.057681
2.077654
1.969297
1.957099
1.876561
2.024753
1.927175
2.016276
2.020916
1.991052
1.938785
2.059510
2.029482
2.012953
2.037174
1.932083
1.918675
2.005315
1.997066
1.921489
1.987738
2.084247
1.978002
2.017973
1.972652
1.949743
1.906424
1.925142
1.965192
2.021991
2.054529
2.130034
1.999549
2.038350
1.996669
2.021823
1.921969
1.994858
1.959122
1.978231
1.995522
1.987908
1.989603
2.072144
1.949199
2.048469
1.990822
2.016602
1.992381
2.006714
2.023818
1.897372
1.926894
1.964100
2.002892
1.967470
1.888468
1.928932
1.896462
2.077363
1.956361
2.072060
1.933130
1.998944
1.992881
1.979187
1.963565
2.023333
2.072429
1.970587
1.959076
2.015258
2.004542
2.123400
1.974750
1.928318
2.103174
1.946149
2.011922
1.921725
1.970831
1.983124
2.033037
2.041094
2.009502
1.987551
2.042039
1.942327
1.979011
2.077060
2.039793
1.920971
2.025777
2.089010
1.887809
2.019183
2.048407
2.065901
2.032781
1.964919
2.069945
1.978692
2.012041
1.952373
2.128948
1.951813
2.020376
1.952018
1.933846
2.013741
2.014581
2.070744
1.966393
1.953608
2.012114
2.046755
1.950250
2.095903
1.988084
1.936494
2.058868
1.989645
1.931746
2.048134
1.994920
2.055139
1.963898
1.863037
1.909235
2.035911
1.972826
2.155779
2.042329
2.086483
1.947324
1.955426
2.002744
2.077372
2.061535
2.005064
2.017860
1.901295
1.989678
1.923312
2.128511
1.937668
1.977967
1.938089
2.012517
1.982955
1.867825
1.917678
2.167218
2.003570
1.934195
1.989506
2.007303
2.067677
1.948134
2.114206
1.968774
1.948861
2.065495
1.998774
2.011979
2.129896
1.873870
1.949431
2.031252
1.919958
2.016636
2.000446
2.075717
1.850040
2.104630
1.920608
2.128182
2.153313
2.020785
1.968851
2.000502
2.025738
1.941056
1.931253
1.991231
1.988923
1.846708
2.006967
