2.041479
1.941007
1.791775
2.275750
1.848855
2.013783
2.038449
1.716666
1.741569
1.757875
1.963194
1.930018
2.086548
2.163852
2.386716
1.955434
2.234410
2.033081
2.095564
2.279290
1.721896
2.590788
1.603216
1.656192
1.859122
1.962741
1.908995
2.123003
1.979651
1.785975
2.163508
2.065641
2.086424
2.011339
1.976608
2.034912
2.006657
2.299906
2.069306
2.287762
1.855725
2.305392
1.982618
1.797609
1.620977
2.350090
1.884927
2.345047
2.072734
2.037425
2.088722
1.994997
2.229154
1.798853
1.942528
2.099430
2.189799
1.884058
2.294282
2.162584
2.156733
2.047845
1.899816
1.805095
2.426887
1.712893
2.320980
1.954609
1.593367
1.875286
2.080753
2.089489
1.632516
1.950713
1.949671
2.004017
1.740894
2.384323
1.900744
2.114065
1.841626
2.033584
1.852729
2.166133
1.793457
2.404840
1.703406
1.908276
1.963615
2.084480
1.982200
2.013826
2.016896
2.182732
2.018505
2.068649
2.264120
2.060020
2.125522
2.103650
1.797852
2.069275
1.657752
2.460681
2.142132
2.105673
2.033063
1.557243
2.115871
2.026550
1.767755
2.091704
1.490394
2.061894
2.013050
1.807551
2.013528
1.908885
1.952202
2.036615
1.900442
2.058446
1.980353
2.300471
1.856282
2.042239
2.187132
1.937428
2.264977
2.030119
2.205612
2.126145
1.916984
1.903288
2.092063
2.175196
2.276137
2.028522
2.079426
2.060265
2.067369
2.219849
1.749558
2.095084
1.959798
1.771807
1.878490
1.962173
2.398094
1.974976
1.913392
2.024106
1.868403
1.897663
2.353153
1.975068
2.131385
1.869814
2.170350
1.979058
1.933313
2.027247
1.903871
2.385546
2.000887
2.133301
2.191956
1.703510
1.838078
1.586163
2.154976
1.799238
1.941523
1.884931
1.758832
1.928509
1.994660
1.975087
2.135700
2.147045
2.408894
2.338086
1.784614
2.140019
2.315046
1.787651
1.953480
1.806933
2.001922
2.172744
1.899497
2.021550
1.891536
2.120993
1.681440
1.684607
1.998366
1.836169
2.319343
1.825800
2.373891
2.128811
1.919217
2.023973
2.084395
1.935282
2.058351
2.266754
1.770544
1.924102
2.042465
1.692403
2.146664
1.967849
1.917467
1.798244
2.102169
2.053289
1.892838
2.151036
1.903731
1.959801
2.020353
1.775873
1.679695
2.111900
2.107972
2.053922
1.999978
1.800492
1.647146
2.032288
1.703886
1.927840
2.213471
1.954208
1.939801
2.299726
1.890169
2.062707
2.140980
2.039020
1.978049
1.990787
1.908914
2.045553
2.015741
2.064564
1.706302
2.122049
1.792714
1.978421
1.975805
1.950732
1.927064
2.160552
2.407473
2.057376
2.250951
1.604716
2.053807
1.913779
1.703965
2.107076
2.255175
1.909470
1.746886
2.004299
1.711516
2.069784
2.024796
2.281210
2.025445
2.123035
2.503498
2.142985
2.061434
1.580982
2.217192
2.102427
2.135357
2.241713
2.027566
1.835173
2.052080
1.819835
2.161792
1.880334
2.153146
2.271169
1.998556
2.025273
2.093688
2.024373
1.995096
2.129923
2.046504
1.864264
1.690108
2.012425
1.770435
2.002331
2.067182
1.688497
2.075767
2.237944
1.629633
2.347020
2.000265
1.882094
1.905464
2.270289
2.311652
1.877458
1.902634
1.456517
2.356355
2.051555
2.121905
1.959671
1.840873
2.238441
1.729522
2.367040
1.968828
1.886121
1.860864
2.101581
1.812147
1.938687
1.809553
2.190052
1.952484
2.356093
2.216723
1.682426
1.847064
1.625552
1.858029
2.249869
1.809895
2.125987
1.850262
1.786662
1.735858
2.172940
1.844965
2.124060
2.309280
1.889541
1.920417
2.057524
1.970966
2.038028
1.900744
2.195755
2.136158
2.018340
2.491479
2.016757
2.441007
1.785489
1.955265
1.939333
2.132943
1.969222
1.815892
2.043032
2.400323
1.957380
1.962549
2.070086
2.040693
2.198989
1.675614
2.019119
1.894220
1.806130
2.141217
1.785640
1.971703
2.010910
2.392091
1.999355
2.139042
2.191381
2.123382
1.870385
2.149852
1.977073
2.199070
1.960558
1.906886
1.868081
2.151832
2.041626
1.940038
2.108467
1.897330
2.052735
1.997114
2.082729
1.814158
2.188860
2.188661
1.798508
1.957353
1.827827
1.990395
1.768229
2.060276
1.973832
1.687970
2.085851
1.875595
1.523245
1.947427
1.850948
1.919858
1.682746
1.963376
1.828754
2.081108
2.169219
1.716175
1.889236
1.875307
1.888229
2.173105
2.251158
1.704002
2.002714
1.828859
1.703008
2.224835
1.755349
2.186332
2.298527
1.957111
2.225152
2.376706
2.126720
2.124701
2.094190
1.867897
2.177004
1.944338
1.887343
2.426929
2.123438
1.855677
2.204524
2.022069
1.866060
2.158317
2.332300
1.861784
2.042076
2.092293
2.072519
2.129461
2.507168
1.772621
1.887669
2.265377
1.885513
1.871707
2.529230
2.142681
2.178254
1.931717
1.953794
1.986837
2.030395
1.991034
1.833161
1.925269
2.087000
1.955120
2.101337
1.975156
1.620126
1.614927
1.922889
2.273243
1.893057
2.050854
1.987008
2.041300
2.471406
2.460716
1.754524
2.406953
1.786517
1.979112
2.071381
1.775907
2.280728
2.310107
2.147802
1.737863
2.394785
1.550909
1.993769
2.266185
1.906783
1.980609
2.111487
1.783391
1.951368
1.778366
1.718012
1.613907
1.998887
2.084511
1.698897
2.374765
2.326380
2.006517
1.991803
1.970132
1.946190
2.051245
2.206828
2.207274
1.784372
1.888870
1.801032
1.987884
2.287646
1.744378
2.261048
1.927778
2.310523
1.715733
2.104921
1.872099
2.208870
1.754026
2.069785
1.972733
2.117562
1.947825
1.780397
2.023841
1.918979
1.737585
1.932907
2.314560
1.981604
2.145577
2.290424
2.006812
2.032943
1.990860
1.786517
2.263901
1.651580
1.971166
2.004008
2.060357
1.908834
2.154399
1.853350
1.986597
1.930183
1.853821
1.679911
1.766210
2.137890
2.069081
2.145802
2.095028
1.965004
1.945383
1.953307
1.600175
1.738629
2.118746
2.433441
1.696741
2.234253
2.138612
1.807877
1.993913
2.399985
1.839255
1.979371
2.090402
1.894215
2.183689
1.911941
2.442610
1.922702
1.924330
1.919228
2.058739
1.808469
2.097169
1.977927
2.106851
2.077717
2.081954
1.836577
1.973880
1.899568
1.767694
2.115699
1.809992
2.017493
2.108846
1.846670
1.912196
1.939824
2.016409
1.805553
2.130317
2.176145
1.861071
1.949421
2.185626
1.917268
1.798976
2.040647
2.053582
2.580836
1.987005
1.699977
1.982203
1.922951
2.389932
2.011322
2.005015
1.627163
1.937001
1.822943
1.775171
1.900039
2.063206
2.275962
2.256121
1.905665
2.005569
1.830596
1.982953
1.989931
1.645567
2.068984
1.804705
1.791034
2.325530
2.025708
2.072349
2.034288
1.961795
2.141767
1.811298
2.063133
1.885272
2.525361
2.315562
2.165187
1.983148
2.508401
1.977799
1.724918
1.942224
1.940230
1.799746
2.299782
1.613430
1.946146
1.930689
1.794387
2.363830
1.897952
2.006843
1.896778
1.957966
2.332395
2.000109
2.416956
2.118122
2.045064
1.681623
1.838958
2.088313
1.943406
2.346578
1.953440
1.941525
1.998685
1.981651
2.369339
2.428437
1.749701
1.785010
2.093190
2.138601
1.811470
2.008575
1.968084
1.981544
1.870526
1.982120
1.922114
1.701692
2.220303
1.709593
2.173329
2.262155
2.010464
2.065656
1.845249
2.076776
1.662407
2.264797
2.034501
1.915326
1.810161
2.321312
1.702364
1.951800
2.174570
1.910367
2.116016
2.033048
2.316357
1.793411
1.579584
2.230973
1.934992
1.926372
2.093541
1.917292
1.837961
1.793124
2.135645
1.896484
1.984132
2.124778
1.984159
1.802891
1.707097
1.893280
1.622882
1.988946
2.158023
1.950554
2.119141
1.931686
1.982369
2.309731
1.863047
1.986642
2.121820
1.881496
2.383119
1.871318
2.207913
2.056916
1.854498
1.941362
1.897591
2.176856
1.742868
1.960786
1.906889
2.086969
1.947331
2.281262
2.061742
1.940813
2.102730
2.061838
1.937236
1.828613
2.371214
2.223767
2.375909
2.303408
1.825946
2.166721
2.033453
1.896211
2.313894
2.171421
1.920681
2.064239
2.119460
2.209750
2.107412
2.443457
1.557594
1.944627
2.641350
2.183251
1.864738
1.920234
2.527892
1.918202
1.973726
2.004767
2.180478
1.940371
1.852242
2.228958
2.227744
1.927972
2.199122
1.963501
1.907077
2.095732
2.083715
2.005260
1.931573
1.717902
1.803743
1.679456
1.811997
1.823085
2.000476
1.974082
1.973938
2.094701
2.099167
2.181809
1.895835
1.911388
2.153256
1.987949
2.353812
2.214097
1.993235
2.108605
1.967319
1.692170
2.206289
2.119138
1.805103
2.179021
1.929094
2.078634
2.459177
2.162125
2.311777
1.563574
2.289851
1.930224
2.152586
1.694310
1.832691
2.252418
2.057128
2.306485
2.163832
2.111535
2.052132
2.015524
1.929047
1.956502
2.034227
2.123879
1.949315
1.734860
1.548351
1.987917
2.528986
1.966620
2.040623
2.351468
2.113902
1.788662
2.146014
1.909730
1.962588
1.821282
1.922675
2.194117
1.966879
1.826470
1.562266
2.143411
1.975257
2.286112
1.936478
1.724411
2.045859
1.914599
1.943873
2.094073
1.983405
1.951759
2.168672
2.018422
1.597155
2.080021
2.166470
2.167830
2.151921
1.899262
1.864515
1.991865
1.668310
2.028377
1.940981
2.424225
1.890323
2.064469
2.077165
1.858409
1.856324
2.322067
2.072677
2.034790
2.291861
2.002661
1.946135
1.783020
1.520334
2.042061
2.009079
1.898942
1.816476
1.803047
1.997372
1.985467
2.372410
1.634588
2.149006
1.972674
2.067732
2.201688
2.053202
1.773082
1.786316
2.028902
1.749975
1.892972
1.998188
1.633794
2.189465
1.945784
2.025559
1.845423
2.026266
2.023070
2.130847
1.852054
2.003532
2.160979
1.842211
2.443018
2.272388
2.139564
2.353151
1.838066
2.275748
1.828648
1.830472
1.978020
2.053761
1.840299
1.605812
1.765917
2.151197
1.985916
2.118895
2.074941
2.258544
2.085473
1.999939
1.895707
1.896232
1.983366
2.044203
2.054168
2.040819
1.941960
2.172402
1.902104
1.801559
1.606525
1.992643
2.038972
2.274425
2.376102
2.205392
1.805076
1.971390
1.916570
1.982911
2.045930
1.821259
1.622875
2.143492
2.031424
1.739463
2.158976
1.880046
1.863286
2.219393
2.107111
1.599326
2.091697
1.694387
1.852765
1.856930
1.916932
1.895582
1.820325
2.307831
1.901199
1.638586
2.000947
1.739292
2.040029
2.247728
2.073535
2.010318
1.632969
2.080340
2.234764
1.980240
1.996695
1.907459
1.782420
2.227710
2.089213
2.167046
1.744889
1.874606
1.762393
1.993928
2.158268
1.883182
2.102520
2.341491
2.049321
2.161129
1.886143
2.003378
2.257883
1.831183
2.091979
2.174303
1.736794
1.955191
1.915826
1.901584
2.512442
1.705535
1.798308
1.813111
1.847512
1.905997
2.044592
2.184879
1.943802
2.044015
1.732022
2.345564
1.995933
1.816086
1.857571
1.826874
2.309776
2.398928
1.801321
2.189353
1.953936
1.672716
2.257636
2.011721
1.963556
2.106490
2.279111
2.178303
1.876762
1.987097
2.444263
2.415442
2.078866
2.113148
2.001774
1.980466
1.925021
1.694273
2.340873
1.904526
2.168526
1.857792
1.908158
1.862406
2.030568
2.092720
2.206110
2.002941
1.845109
2.417854
2.639087
2.116460
1.813051
1.791729
2.371708
2.118348
2.254314
1.835550
1.911859
2.010645
1.924273
1.894722
1.932885
2.342185
1.764711
2.376133
2.234806
2.270092
1.895958
2.131974
2.016900
1.797714
1.737520
2.350305
1.900000
2.399077
1.982505
2.030954
2.077396
2.068121
2.063348
1.685681
1.846829
2.065657
1.979792
2.084128
1.919548
1.920557
1.810155
1.932853
2.165869
1.812807
1.983149
1.977315
1.903110
2.283917
2.175869
2.008910
2.012266
1.865213
2.135733
2.094689
2.040161
2.004080
2.106562
2.342972
1.949216
2.058761
2.015108
2.046091
1.732147
1.935258
1.911045
2.134991
1.726314
1.728595
1.941057
2.163898
1.983793
2.230823
1.988655
1.977575
1.602342
2.035994
1.621802
1.754454
1.948324
1.828046
2.099846
1.605613
2.145661
1.955502
1.735453
2.031205
1.862554
2.112643
1.761766
2.004847
2.442577
1.975752
1.937920
1.804133
2.155226
1.728417
2.113346
1.867044
2.094890
1.892093
2.383575
2.245143
2.145262
1.965713
2.098500
2.319226
2.198320
1.860545
2.131134
2.040033
1.963647
1.754011
1.944266
2.261927
2.006128
2.046062
2.018785
1.835871
1.798796
1.778696
1.998778
1.941430
2.181355
2.148078
1.955575
2.266031
2.085192
2.246959
1.905491
1.812813
1.946034
1.852011
1.918325
2.078853
1.942828
1.926729
1.964504
1.957004
2.582608
2.349299
2.250334
2.274931
2.014322
2.355275
2.066407
2.264091
1.875119
2.057290
1.934274
1.946086
2.034267
1.963837
2.245095
1.776578
2.064030
1.950599
2.082410
2.068328
2.045536
2.201073
1.711469
2.267198
2.229251
1.842965
1.996285
1.925867
2.185282
2.013137
1.824077
1.777274
2.089925
1.935286
2.419112
2.004226
2.256349
1.888338
2.159881
1.843577
1.894865
1.921594
1.787947
2.375332
2.234683
1.897038
2.266499
1.467976
1.734025
1.727206
1.958708
1.991368
1.697423
1.850887
2.094035
2.277334
1.721270
1.740374
1.787424
1.699055
1.915225
1.950211
1.911462
1.708256
1.882121
1.949061
2.201103
2.267779
1.887537
2.106498
1.654788
2.446067
1.995438
2.295906
1.895949
1.686403
1.847855
1.889420
2.144219
2.132828
1.711854
2.038532
2.160936
1.823224
1.735656
1.870209
1.688966
1.919579
2.234033
2.302649
1.995710
1.936595
2.123192
2.077505
1.894728
2.103002
1.642656
2.352346
1.753591
1.786339
2.076423
2.006695
2.002108
1.586507
2.138763
1.719742
1.754531
1.688658
1.990511
2.105276
2.051310
2.051511
1.857394
1.691220
1.736130
2.157614
1.753193
2.255002
2.371739
1.748304
1.856008
2.252162
1.995072
1.926440
1.891209
2.101288
2.354616
1.864212
1.840915
1.906302
2.004382
2.201385
2.014548
1.972797
2.303046
2.417118
2.240488
2.182204
2.185378
2.306024
2.295128
1.699534
1.860323
1.631313
1.742868
2.111524
2.197284
1.909473
2.021319
2.279593
1.676156
2.101124
2.023731
1.946324
1.953673
1.627264
1.801771
1.531999
2.220207
1.734276
1.844367
2.461682
1.843597
2.085600
1.942402
2.239091
1.780817
1.858638
1.978740
2.091932
2.308731
1.951870
1.813948
2.022743
1.990405
1.926887
2.145936
2.121516
1.713992
1.750110
2.078858
2.104771
2.014073
1.964420
2.074163
1.615072
2.290538
2.011318
2.681103
1.749738
1.891344
1.929763
2.162559
1.811736
2.168218
2.249656
2.333336
2.211186
1.703958
2.266202
1.913578
2.407872
1.947771
2.118473
2.305157
1.881069
2.357635
1.967350
1.875542
1.915319
1.918168
2.129257
2.181676
1.646417
2.027836
1.821868
1.830518
1.715875
1.997675
1.876747
1.822873
1.624019
2.336966
2.046751
1.625056
1.850395
1.825685
1.716912
1.950413
1.776640
1.712509
2.020320
1.983740
1.844848
2.053283
2.170087
1.867852
1.736060
1.832564
2.117360
2.056567
1.838037
1.603286
1.593247
1.784611
1.900891
1.797594
1.897294
1.848078
1.801643
1.868842
1.889236
2.147955
2.286480
1.795385
2.102385
2.047005
1.694143
2.039289
2.113974
1.798191
1.712007
2.248522
1.804909
2.189968
2.005978
2.114243
1.879533
1.778534
2.376279
1.975011
1.826842
2.176611
1.861545
1.781110
1.861208
1.769476
2.000862
2.322847
1.946096
2.250416
1.860794
2.289566
1.836763
2.290512
1.973444
2.490365
2.111433
2.291532
1.910555
1.839996
1.742761
1.875890
2.040167
2.160306
2.112676
1.749386
1.770153
1.654052
1.841344
2.114642
1.975151
1.735256
2.390055
1.874910
2.227916
2.159292
2.179927
2.193916
2.154900
1.657284
1.917319
2.054612
2.149782
2.289859
2.084548
1.895106
2.480838
2.084739
2.498117
2.109993
2.108525
2.166436
2.080778
1.961067
1.901067
1.572293
2.023213
1.928829
1.847938
1.651880
1.775854
1.915097
1.995019
1.791236
2.264072
2.086616
1.673448
1.954857
2.151142
1.917685
1.970880
2.211930
2.113870
2.176533
2.019711
2.096074
1.913994
1.986172
1.863560
2.233155
2.118513
1.763633
2.350640
2.116682
2.088329
1.655568
2.277243
1.850758
2.478294
1.891874
1.936511
2.366085
2.139924
2.139078
2.181361
1.967739
1.705146
1.835225
2.081271
2.161973
2.060222
2.167582
2.325607
2.384873
1.887136
1.920572
1.914227
1.888361
1.977698
2.412833
1.763511
1.856993
1.736513
2.373267
1.764075
2.161034
2.174018
2.132233
1.837234
1.891225
2.088251
2.103604
1.937280
2.002105
1.671110
1.751636
2.415949
2.008590
2.033554
1.940367
1.908220
2.136655
2.316589
2.402333
1.922439
1.869752
1.830715
1.716372
2.155773
1.989119
2.228089
1.697267
2.071881
1.909951
2.035665
1.990552
1.969338
1.839693
2.014601
1.837242
2.224322
1.876067
1.908817
1.481394
1.686175
2.107718
1.947118
2.101315
1.989744
2.062894
1.787868
1.919426
1.868797
1.821864
2.136520
1.883755
1.902354
1.820748
2.015085
1.827190
1.799639
1.891201
1.968119
2.111587
1.835211
1.787888
2.402018
2.004420
1.798883
2.026386
1.983469
2.102180
2.043539
2.021591
1.987568
1.653860
2.225560
1.790254
2.302765
1.851602
1.810251
1.872650
1.806417
1.904465
2.146225
2.325632
1.906632
1.940249
2.353818
2.136630
1.975922
1.489356
2.202261
1.753893
1.821870
1.920643
1.832793
2.039463
1.984642
1.756345
2.207475
1.745605
1.913176
1.793547
2.319881
2.084284
1.927334
2.353076
2.372128
2.015272
1.625313
2.040064
2.326229
1.782498
2.186257
2.265714
1.958020
1.989704
2.078702
2.302337
1.682196
1.808169
2.111151
1.805906
1.925667
2.266658
2.232198
1.923211
1.602538
1.734506
2.090194
1.894821
2.038526
2.047796
1.820053
1.821010
2.136754
1.810236
2.124774
1.975128
2.149896
1.844080
1.472666
1.862755
1.754173
2.061488
1.997414
2.063926
1.824969
1.802914
1.770764
1.388559
2.012190
2.012549
1.649750
1.808096
1.807707
1.998295
2.150058
2.213583
1.543356
1.843692
2.039704
2.372609
2.336573
2.098743
2.299278
1.534180
1.932800
2.016499
1.915524
1.796783
1.772523
1.940718
2.196400
1.703628
1.550615
2.068523
2.042961
1.773706
2.226978
1.819283
2.269529
2.072756
2.007836
2.132488
1.719373
1.971748
1.805625
1.979240
2.034358
1.597382
2.156060
1.981266
1.881163
2.387098
2.270231
1.918422
1.980542
1.988110
2.021238
1.632229
2.119014
2.244892
2.094416
2.231099
1.976064
1.878913
1.808447
1.761680
2.065746
1.966479
2.043467
2.165179
1.987351
2.322614
1.791645
1.904051
1.884598
2.027370
2.107739
1.757648
1.873844
1.895532
1.960854
2.035542
1.807828
2.202352
1.969464
2.203390
2.349529
2.536615
1.835048
1.887844
2.250133
1.875915
1.959424
2.349249
1.687584
2.064676
2.246644
2.062709
1.923029
2.131993
1.957091
2.271378
2.389082
1.900450
2.055094
2.021395
1.945617
1.955883
2.187389
1.979443
2.274075
2.043082
2.373036
2.635111
1.912286
1.710892
1.904208
2.135501
1.710869
2.210877
2.327236
1.902624
2.237462
1.901667
1.785775
1.967289
1.914277
1.998362
1.977376
1.842955
2.088307
2.089772
2.109997
1.781971
1.875176
1.993988
1.775668
2.017137
2.266902
2.050606
1.977487
1.972435
1.637172
2.203366
1.893835
2.136315
2.422541
1.682679
1.994187
2.099235
1.874849
2.002660
1.940088
2.355575
1.815652
1.965002
1.435828
1.930269
1.726487
1.965214
2.416540
2.109913
1.907661
2.060041
2.020800
2.070016
2.101328
2.026903
2.201324
1.909088
1.797636
1.894999
1.886774
2.109227
1.638964
2.107698
2.049383
1.874149
2.099113
2.217819
1.725742
2.100361
1.693973
1.928268
1.869491
2.549450
1.837972
2.040088
1.912259
1.842705
1.962024
2.116030
1.868791
1.889219
2.060288
2.066378
1.947952
1.734239
2.280200
2.177302
1.831885
2.068422
2.049305
1.696809
1.703117
1.741577
2.014684
2.073339
1.605951
1.746695
1.797102
2.163132
1.526542
2.387829
2.234388
1.956095
1.771834
2.088037
1.786295
1.872350
2.096615
1.950120
1.846367
2.080277
1.679459
1.882419
2.415542
2.186285
1.842714
2.280052
2.112709
1.978683
2.103087
1.807004
2.124273
2.376448
1.937926
2.110708
1.996019
2.307279
1.587429
1.810144
2.258302
1.841149
2.011293
2.233703
1.952216
1.869939
1.992275
1.825551
1.959383
1.986507
1.870286
2.165034
1.916504
2.398664
1.950398
2.117141
2.098237
1.831442
1.748964
1.774613
2.007862
2.090537
2.172717
2.215488
2.757152
2.332498
1.751432
1.972714
2.085545
2.059157
2.104614
1.907911
2.180300
2.091187
2.015240
1.928772
1.899387
1.587983
1.909215
2.194932
1.840840
1.904937
1.837011
2.215740
1.797957
2.031637
1.946272
2.066810
1.895067
1.973214
1.742820
2.109475
1.951676
2.084933
1.738883
2.128692
1.906647
1.775590
1.797520
2.242792
1.909260
1.846804
2.140584
1.940803
1.858899
2.024975
1.932839
1.869750
1.619334
2.017452
1.930672
1.830252
2.057292
1.875077
2.155637
1.792977
1.832841
2.083703
1.783751
2.053732
2.030395
2.009120
1.645404
1.803409
1.827489
1.885254
1.633753
2.174259
1.680858
2.104076
2.036239
1.622065
1.736674
1.791376
2.032897
2.353573
1.915022
1.778627
1.767348
1.990199
1.961424
1.820797
1.975434
2.390135
1.949520
1.716107
1.876345
2.372369
1.752750
1.979972
1.707716
2.183602
2.240735
1.786057
1.892933
1.848670
2.195593
1.736916
1.944486
2.252017
1.768882
2.402792
1.674111
2.029191
1.878705
1.992836
1.917582
2.205408
1.992388
1.993683
2.129544
2.203717
2.314622
2.250754
2.045609
2.019563
2.042483
2.189751
2.028258
2.098488
2.242160
2.080960
1.730038
1.933845
1.903708
1.903548
2.141929
2.310294
2.137255
1.871517
1.946835
2.076833
1.887304
2.096366
2.047467
2.206288
1.789969
1.828593
2.000958
2.049526
2.117964
1.936939
2.158282
1.995751
2.007601
1.714643
2.041690
1.837480
2.455752
2.293349
2.236434
1.876294
2.117623
2.037663
2.001415
2.063505
1.799646
1.933642
2.015936
2.114008
2.145499
1.691728
1.474283
1.704783
1.720820
1.811475
2.034845
1.639497
1.720745
1.775401
2.208852
2.408071
2.162276
1.787761
2.032052
1.964753
1.686166
1.819068
1.816195
2.232181
1.914908
1.971695
1.728257
2.027121
2.249245
1.900734
1.895007
2.125277
2.138003
1.903460
2.146780
2.174858
1.734648
2.257613
1.720948
2.253455
2.251554
2.050328
2.317461
2.129242
1.975650
1.725427
1.963183
1.762653
2.193527
1.614726
2.241868
1.889205
1.900519
2.216766
2.275255
2.123647
2.067924
2.168986
1.961869
2.019116
2.222212
1.889390
2.166179
1.936797
2.142684
1.904119
1.857061
1.982602
1.859780
1.569366
1.925918
2.151207
1.989680
1.635331
2.118371
2.237737
1.822496
2.130109
2.189347
2.054561
1.878336
1.941607
1.732982
2.295454
1.687507
1.667118
1.775500
1.802364
2.191339
2.139862
2.049583
2.121347
1.866200
1.770420
2.511006
2.360289
2.132742
2.043873
2.128887
1.845692
2.188240
1.915723
1.811666
1.959451
1.964483
1.890984
1.623016
1.762132
1.623885
1.854137
2.161651
2.002966
1.978049
2.229425
1.948425
1.723948
1.933853
1.953539
2.096649
1.865793
1.856350
2.153782
2.233153
2.353689
2.308633
2.161139
1.756148
2.056386
1.979163
2.070688
1.839957
1.931903
1.574033
1.951662
1.906141
1.923849
1.900410
1.901415
2.251912
1.794262
1.619460
2.313541
2.468838
1.771644
2.142420
2.014369
1.930696
2.145765
1.929290
2.002375
1.989635
2.022148
2.034836
2.400480
2.414911
2.180341
1.914081
2.026560
1.726584
1.854965
1.537442
2.206278
1.675375
2.047482
2.453024
1.935421
1.670431
2.191593
2.244832
1.701566
2.054193
1.822282
1.792208
1.961954
1.933760
1.720574
1.614896
2.230683
2.084998
1.849715
1.841291
2.317996
1.863748
2.338106
1.749540
1.955411
1.778132
2.496192
2.466922
1.637076
2.313891
1.938199
2.493769
1.642100
2.101362
2.397836
1.925442
2.180791
1.659384
2.163004
1.873027
2.231996
1.883789
2.066453
1.901923
2.045203
2.224037
2.111748
2.124240
1.985857
1.683974
2.223025
1.978040
1.890639
2.290348
1.765086
2.097683
2.207434
1.827131
2.263355
1.942189
2.108138
1.955456
2.060620
2.027264
1.990613
1.920589
1.788442
2.074161
1.976537
1.876748
1.737208
2.492692
1.850221
2.149160
1.770807
1.941440
2.280764
2.137678
1.756972
1.825967
1.808141
1.927767
1.710013
1.871562
1.644703
1.932436
1.967885
2.035465
2.046222
2.203457
2.093349
1.937837
1.934317
1.728397
2.141310
2.071992
2.246327
2.147868
2.059272
1.791745
2.078687
1.931819
1.541713
2.392823
2.279753
1.808069
1.729114
1.992216
2.278143
2.071731
1.539511
1.873508
1.955524
1.694356
2.140127
1.988290
1.996040
1.952408
1.943664
2.026589
2.085253
2.099988
2.201270
1.792657
1.912312
2.059456
2.016742
2.043122
2.160169
2.364304
2.078912
1.875074
2.252354
2.143395
1.862686
1.868484
2.049364
2.158843
1.726152
1.673718
2.082377
2.029436
2.067315
2.311975
2.115880
1.856437
2.249160
2.361847
2.100772
2.201768
2.144835
2.149112
1.820982
2.093931
1.783279
2.200774
1.978456
2.080234
1.931261
2.173743
2.005049
1.935373
1.711265
2.183782
1.754898
2.372926
1.545756
1.949557
2.158630
1.733880
1.865384
2.211686
2.146820
2.143219
1.945744
2.124437
2.009841
1.892977
1.926765
2.023014
2.009676
2.539532
1.775517
1.816793
2.603828
2.447324
1.827131
2.188771
2.144901
1.667325
1.710541
1.749859
2.145964
1.954241
1.626770
1.951265
2.045221
2.015601
2.085277
1.869907
1.891918
1.952760
2.312700
2.003208
2.027331
2.255923
1.601503
2.084889
1.734594
1.876290
1.886614
2.085445
1.857199
2.125022
1.887894
1.909707
2.157006
2.067383
2.140803
1.945216
2.189248
2.173105
1.985629
2.072237
2.253713
1.907004
1.972694
1.970437
2.358713
1.899634
2.098953
1.737327
1.931930
2.163160
2.043532
1.893420
1.973729
2.062803
1.937436
1.924735
1.800444
2.178560
1.865544
1.978681
1.652049
2.361507
2.118621
2.021850
2.055439
1.893858
1.845071
2.011349
2.233622
2.147830
2.021061
1.920685
2.227793
2.174329
1.942327
1.926881
2.072087
2.052749
1.860450
2.166090
1.802643
1.831788
2.042868
1.982371
2.223877
2.144919
2.188673
1.891660
2.124444
1.792669
2.173239
1.734762
2.113564
2.085121
1.876010
1.833243
2.020905
2.165921
1.868262
1.715801
1.659506
2.174671
1.967986
2.128789
1.878203
1.836900
1.589647
1.948918
1.778716
1.862818
1.838081
1.867923
1.845516
1.972626
1.931918
1.819526
1.978666
2.065592
1.923590
1.832771
2.297479
2.015489
2.126766
2.013176
1.656725
1.591951
2.161498
1.960679
1.822374
2.089130
1.821907
2.126113
1.751251
1.976698
2.113121
1.892108
2.020170
2.285287
2.341816
2.020228
1.997038
1.950274
2.003779
2.166841
1.847877
2.030417
1.981294
2.106850
1.781761
1.848622
2.153551
2.179340
1.900701
2.183850
1.815212
1.903226
1.965952
2.346252
1.842632
1.906591
2.186892
2.161860
1.929326
2.238698
2.243478
1.996000
2.047210
1.759602
2.268756
1.909832
1.919951
1.912369
1.800684
1.998238
2.371607
1.949677
1.838493
2.435176
1.850616
2.006056
1.893548
2.018963
1.972773
2.205084
2.200968
1.929515
1.908814
1.922690
1.751885
1.740582
2.136309
1.945044
1.882028
2.143975
1.853797
1.857809
2.201002
1.624278
1.902655
1.667445
2.267309
2.038097
1.862774
1.912055
2.018098
1.989287
1.989206
1.757329
2.012508
1.784154
1.577098
2.106589
1.896109
2.046463
1.771134
1.924756
2.116041
2.194004
2.032024
1.920705
1.714392
1.713978
2.535428
1.894349
1.852566
1.785359
2.228017
1.756844
2.064917
2.516187
1.521787
2.029855
2.125742
1.973001
2.319958
1.698421
1.695845
2.309906
1.773835
2.089626
1.988744
1.757737
2.017013
1.877939
2.128596
2.273377
2.170089
2.317542
1.746528
1.996396
1.914950
2.093917
1.799393
1.963388
1.853273
2.154481
2.098281
2.261308
2.058220
1.701048
1.788902
2.014244
1.991558
1.863149
1.956177
1.762402
1.692445
2.313940
2.151969
1.968627
1.962407
1.852797
1.791863
2.236663
1.867623
2.367788
1.912256
1.743093
1.771980
2.022014
2.053387
1.892174
2.113854
1.993339
1.986617
2.176038
2.251037
1.933608
2.058986
1.664738
1.876553
2.171136
1.881021
2.042502
1.661976
1.788524
2.256622
1.752534
2.039624
1.719927
1.801519
1.900643
2.017625
2.124621
1.760549
1.963918
1.765535
1.724880
2.120712
1.864944
2.125413
1.939179
2.133090
1.883382
2.435958
1.887618
1.987473
2.046347
2.264481
2.387195
1.910620
1.883585
1.827769
2.233534
2.048374
1.943157
1.883043
1.699242
1.912833
1.689454
2.000421
2.224474
2.101613
2.009656
1.826948
1.941690
1.997653
1.798644
2.124022
1.729459
2.094802
1.993223
1.673426
2.274701
1.759149
1.819413
2.363852
1.607808
2.401506
1.771464
2.178456
2.148088
2.317915
1.816872
2.104256
2.238767
2.078503
2.095888
1.651371
1.911057
1.760894
2.114702
2.037852
2.282918
1.759275
1.710126
1.978341
2.247577
1.771996
1.980765
2.187868
1.899156
1.682376
2.171839
1.964583
1.883527
2.180409
1.787721
2.022333
2.055191
1.842420
1.967196
1.930447
2.297737
1.949338
1.825645
2.037246
1.972164
2.180325
2.305552
2.038775
2.060708
2.339457
2.170448
2.252294
2.408307
2.001726
2.113566
2.117800
2.120318
1.772444
1.691179
1.952105
2.317190
1.903855
1.807491
1.899170
1.803153
1.968101
2.002118
1.829774
2.072013
2.110010
2.053280
1.824237
1.941122
2.268370
2.108037
2.145541
2.238355
1.790772
2.121776
2.079739
1.761916
1.888283
1.991781
2.176481
1.912197
1.708278
2.169553
2.275470
1.961844
2.138583
2.126530
1.775545
1.667150
1.766962
2.309577
2.257695
1.699428
2.119872
1.834009
2.029155
1.959600
1.948201
2.011625
2.230474
2.076096
2.025514
1.989532
2.331493
2.141276
1.899471
2.205104
1.920794
2.085827
2.250859
2.107588
1.980293
1.497539
1.971512
2.107959
2.177883
1.969691
2.006267
1.869941
1.977766
1.947255
1.997158
2.243271
1.979387
1.529647
2.038096
2.014853
2.040454
1.823765
2.200055
2.046729
2.082950
2.132605
1.934832
1.955789
1.830789
2.009000
2.134299
2.228592
2.027496
1.720520
1.785451
1.895441
1.821466
2.035012
2.124821
2.001657
2.172605
2.158964
1.916575
2.139454
2.137265
1.878148
1.993718
1.639618
1.997591
2.330611
2.086046
1.819462
2.195805
2.102559
1.869456
1.771567
2.197999
1.802622
1.717558
1.835002
2.492292
2.149466
2.222166
2.205802
1.820183
2.146653
1.936787
1.928092
2.368356
1.831895
2.360402
2.216622
2.209619
1.969673
2.153320
1.585982
2.019484
2.041412
2.384510
2.290486
2.276466
1.783230
2.016079
1.889412
1.691622
2.095025
1.881632
1.973261
1.876708
2.072578
1.962578
2.184365
2.373872
2.226322
1.942956
1.796954
1.806171
2.009985
1.734012
1.681622
1.889227
1.769887
1.735737
1.853676
1.967193
2.283911
1.850835
1.908334
2.063202
1.806206
1.733506
2.193193
1.696253
2.333305
1.813864
1.908951
2.009903
2.066119
2.162176
2.009092
2.115056
2.340536
2.089439
2.172827
2.055225
2.231804
2.120152
1.852681
2.030341
2.448008
2.064116
1.863310
1.823533
2.117691
1.686383
1.844048
2.169519
1.908376
1.968048
1.938813
2.175476
1.915988
2.126366
1.795217
1.876206
2.025846
2.090842
1.831402
1.836242
1.953187
2.282876
1.864053
1.789496
1.834716
2.100576
1.905315
2.039855
2.240368
1.948389
2.192273
2.016660
1.964334
2.065543
1.768080
1.946000
1.928639
1.841949
2.068830
2.231952
2.182334
2.176511
1.865220
1.996021
1.794642
1.973321
2.052079
2.019657
1.819244
2.026573
1.906440
1.865395
1.970738
1.846558
1.919226
1.725778
2.040917
2.238741
1.949510
1.773913
1.986728
1.814165
1.944018
1.970903
1.882822
2.042170
2.101250
2.037638
2.226803
1.901155
2.226615
1.791201
2.045544
1.682040
2.158259
2.367701
1.701352
1.824037
1.950735
2.166082
2.335527
2.016276
2.189870
2.134747
1.682351
1.965418
2.215228
2.160106
1.941152
2.168883
2.059708
2.281211
2.252995
1.962499
2.076627
1.841701
1.797316
2.339569
1.921277
1.910508
2.242520
1.865876
2.156266
1.730585
1.985907
2.108945
2.120872
2.053532
2.069408
1.868820
2.207942
1.922303
2.321453
2.262800
1.933357
2.131474
2.109364
1.595696
2.273194
2.128470
2.128166
2.005276
1.777974
1.782559
1.776095
1.672600
1.924701
2.040032
2.102323
2.012094
2.082618
1.751639
1.649643
2.224442
1.566284
2.392752
1.889983
1.606961
1.949043
2.053266
1.931547
2.274452
1.673673
1.530485
2.133643
2.229708
2.263105
1.919107
2.329476
2.242638
1.818204
2.552145
2.039613
2.624058
2.582451
2.404284
2.121682
1.994932
2.047343
2.177113
1.848269
1.691666
1.910014
2.027839
2.169654
1.812268
2.317511
1.933931
1.939421
1.815283
1.821461
1.952263
1.922470
2.219345
1.776138
1.777201
1.900234
2.288365
1.909725
2.089600
1.829090
2.145156
1.760083
2.190139
1.917095
1.931611
2.269961
2.140055
2.117763
1.812980
1.927066
2.126133
1.931413
2.063100
1.979951
2.059059
2.087105
1.847866
2.256418
1.795502
2.126400
1.994101
1.774200
1.686931
2.084452
2.014440
2.283543
1.667427
2.032548
2.368410
1.785621
1.813377
2.158452
2.063352
2.026771
2.099489
2.042389
2.215427
1.886629
2.008016
1.726518
2.096080
2.234732
1.841852
2.444120
2.160687
1.712493
1.723221
1.829616
2.100340
1.862109
1.591919
1.643364
1.915422
2.241246
2.102900
2.279788
2.010888
2.048551
2.639726
2.116333
1.892103
2.417433
2.282170
1.831554
2.245931
2.493748
2.074715
1.865411
1.742497
1.948517
1.740324
2.149643
1.941867
1.882951
2.093837
1.970542
2.425433
2.107161
1.926837
2.180132
1.944382
2.035408
2.053411
2.012557
1.853313
2.200877
1.861566
1.921543
2.031499
1.659992
2.129156
1.733920
2.148488
1.844139
1.938968
1.826562
1.907313
2.106036
1.932017
2.058213
2.130938
2.219912
2.082806
1.745468
1.713800
2.362724
1.992564
2.271453
1.887527
1.989240
2.123908
1.800267
1.954771
2.080243
2.086426
1.853086
2.188959
1.683311
2.214694
2.219278
1.714619
2.082449
1.840076
2.241158
2.068903
1.913587
2.237950
2.129427
2.122439
1.929100
1.928267
2.030617
2.094425
2.146650
2.142379
2.148014
2.090504
1.857758
1.844568
2.263858
1.843216
2.155536
2.028854
2.148143
1.941233
2.247626
1.939910
1.673874
2.141935
2.261906
2.077924
1.971164
1.639993
1.868946
1.921682
1.581955
1.767052
2.102796
1.986780
1.713777
1.882376
2.019804
1.805704
1.855692
1.884923
1.676510
1.613761
1.535099
1.675868
1.847635
1.863225
2.016251
2.033923
1.710532
1.956593
1.551826
1.908179
2.091951
1.916872
1.689383
2.142001
1.969127
1.618169
2.025273
1.813025
1.609977
2.133159
1.687533
1.960750
1.653366
1.880509
1.865917
1.863009
1.715434
2.001541
1.878856
2.160636
1.751258
1.914114
1.963086
2.150854
1.856299
2.355670
2.004802
1.918829
2.012911
1.858968
2.552423
1.955864
2.147674
2.017878
2.347298
1.919150
1.868743
1.861471
1.758060
1.967999
1.753898
2.027661
2.232044
1.825957
2.214574
1.654172
2.043414
1.597208
2.071607
1.842730
2.095101
2.167912
2.348715
2.083485
1.976083
2.155833
2.114030
1.860000
1.789035
1.769242
1.980486
1.949466
2.156262
2.008546
2.013547
1.820577
1.960989
2.415112
1.925876
1.597841
1.968315
2.032334
1.981750
2.084213
2.284881
1.878935
1.969660
2.382409
1.862103
2.203699
2.008274
1.888853
1.807313
2.241122
2.213336
1.960124
1.984825
2.139225
1.870807
2.237373
1.964557
2.000504
2.433033
2.006250
1.577085
1.752454
2.452992
2.049656
2.172452
2.669670
1.980707
1.583025
2.192714
1.783950
1.871542
2.095264
2.102751
2.247225
2.036197
1.956666
2.196386
1.971445
1.942900
2.025167
2.078439
1.863310
2.070897
2.034545
1.696558
2.318898
2.053383
1.777152
2.037114
2.208428
1.969665
2.214009
2.045393
2.205199
1.852204
1.795390
1.747885
1.762347
1.914794
2.053354
1.905817
1.775009
2.171475
1.920511
1.850076
1.952618
2.078067
1.877112
2.372601
2.408047
1.798352
2.269181
2.026859
2.078592
2.065605
2.304978
2.002491
1.718571
2.019451
1.906987
1.622281
1.988910
1.819711
1.605507
1.853919
2.084639
1.850601
1.849565
2.108755
1.995258
2.362650
2.108706
2.143784
1.938425
1.866716
2.015686
1.960578
1.818330
1.710718
1.941173
1.846478
2.049878
1.659710
1.789167
1.958084
1.735464
1.921650
2.055514
1.860178
2.253592
2.006110
2.005221
2.122650
1.615650
1.657040
2.014684
2.638387
1.781356
1.933617
2.008461
2.062315
1.995131
1.833226
2.278016
2.233512
2.039481
2.074304
1.823957
2.129638
2.162549
2.260886
1.805516
2.139480
2.327176
1.946101
2.078390
1.923273
2.049006
1.838289
1.809415
1.869142
2.007719
1.914496
1.977281
2.539707
2.104914
2.156811
2.192037
2.408247
1.973416
1.693243
1.967928
2.024675
2.220540
1.819305
1.848768
2.232158
2.229124
2.322891
1.942355
1.971647
2.108896
2.495616
1.948400
2.070603
2.232572
1.829245
1.950775
1.611041
2.144758
1.636641
2.215812
2.150775
2.007021
2.559016
1.899616
2.168490
2.253861
1.841260
2.014551
2.104940
2.070496
1.892349
1.970605
1.983632
1.906919
2.161208
1.904301
2.125426
2.006238
1.666537
2.424080
2.029620
1.910105
1.970547
2.239562
1.936293
1.854048
2.094524
2.098028
2.011505
1.999381
2.285212
1.969212
1.768191
1.762008
2.211515
2.114937
1.857771
2.087746
1.955985
2.138226
2.144246
2.017719
1.790634
2.518383
1.956748
2.247136
2.077240
1.604993
2.111027
1.748183
2.417564
1.934074
1.492641
2.016506
1.912013
2.066540
1.891173
1.845195
2.332596
1.517776
2.169926
1.827486
2.076512
1.903988
1.974512
2.062396
2.122571
1.967912
1.577589
2.457678
1.923139
2.041246
1.889049
1.881890
1.881257
1.961603
2.093886
2.195568
2.098877
2.153798
1.923882
2.325277
1.836170
2.090513
2.002082
2.331287
2.010809
2.039493
1.681751
2.263947
2.012970
1.689790
2.416861
2.620666
2.065084
2.017085
1.916963
1.853054
2.199239
2.103198
1.572796
1.915152
1.854569
1.921295
2.016959
2.129352
1.739341
1.918634
2.130821
2.084073
1.841192
1.799923
2.236926
1.943167
1.873377
2.061845
2.158960
2.048404
2.264365
2.580577
2.017729
1.990133
1.920141
2.042890
1.832146
1.691236
2.055852
2.012270
2.136612
1.870751
1.959318
1.830748
2.157466
1.916216
1.676386
2.141801
2.251791
2.156724
2.378936
1.983991
2.059588
1.934365
2.158466
2.003640
2.039009
2.171313
1.905863
1.850879
2.428852
1.995245
2.066575
1.997304
1.687331
2.098769
2.344504
1.759142
2.004804
1.910386
1.929329
1.790062
2.264640
2.405375
1.936752
2.178248
2.165374
2.004473
2.196119
2.041134
1.628208
1.965506
1.970584
1.912506
2.201825
2.072102
2.031574
1.920607
2.285851
1.989650
2.245703
1.874376
1.925724
1.665385
2.165265
1.941444
2.591986
1.901736
2.323547
1.762836
2.277891
2.100630
1.877787
1.912786
1.966481
2.282671
1.867844
2.181534
2.186545
2.065966
1.871013
2.180547
1.947009
1.792406
2.062720
2.240699
1.811493
1.752591
2.017054
2.210221
1.994691
2.029392
2.079246
2.373479
1.764399
1.685795
2.034989
1.907854
1.804551
1.798187
2.161091
1.778905
1.852064
2.056911
1.988390
1.956893
1.632620
2.336658
2.284106
2.026153
1.861657
1.817415
1.828292
2.227799
2.168894
1.981086
1.724202
2.218949
2.069857
1.938369
2.113394
1.892875
1.878525
1.873313
1.958271
2.048798
1.989854
1.928135
2.010094
2.261927
1.808594
1.815187
2.115268
1.879852
2.072273
1.681142
2.070891
1.831313
2.110701
2.069196
2.014446
1.891722
2.105291
2.066058
2.231573
1.633949
2.192751
2.234350
2.117237
1.910775
1.762286
2.208692
1.911597
2.031775
1.651939
1.765173
2.256820
2.111696
2.004568
1.652513
2.413009
1.877378
2.184822
2.023340
1.718713
1.781114
1.724122
1.757467
2.467905
2.185522
2.169070
1.724737
1.821604
2.430127
2.242947
2.111324
1.881399
2.178142
1.910353
2.112565
2.005291
2.085849
1.774668
2.219903
1.804110
2.000144
2.050493
2.516943
1.961269
1.977387
1.900499
2.194267
1.911057
2.077070
2.043428
2.123237
2.032296
1.832629
1.816239
2.431939
2.247658
1.793649
2.095528
2.268264
1.796164
2.127729
2.052437
2.280132
2.131766
1.997543
2.100824
2.009704
1.989984
2.092535
1.827263
1.707199
2.295586
1.923023
2.151889
1.766566
1.843862
1.865496
1.698308
2.034240
1.865688
2.085211
1.920682
1.795517
1.794199
1.676011
1.886226
1.974985
2.024936
2.167880
2.046441
1.732659
1.952241
2.132927
1.974565
1.824599
2.069342
1.995430
1.869280
1.796504
2.291543
2.228799
1.924332
2.157178
2.221703
1.587733
1.642846
2.066068
1.867571
1.895317
2.304845
2.147624
2.123789
1.972011
2.449607
2.044549
1.773299
2.045140
2.214896
1.959390
2.006078
2.484991
1.876297
2.171652
1.872999
1.724205
2.084930
1.803461
2.171069
1.741579
2.337404
2.331082
1.881897
2.349930
2.204261
1.931681
2.054197
2.261463
2.185048
2.014981
1.884835
1.885925
1.673321
1.980949
1.988136
1.715652
1.946435
1.883773
2.170699
2.196445
2.052054
1.858906
1.975007
1.785670
2.263129
2.131069
2.067279
2.022619
2.009530
1.692911
2.139324
2.026990
1.889813
1.828130
2.149690
1.521633
2.009362
1.830503
1.959943
1.922498
1.741731
2.067415
1.860654
2.148049
2.228952
1.696448
2.036537
1.890722
2.287025
1.777305
1.762132
1.988037
2.017523
1.952937
2.343441
2.006221
1.840532
2.045389
1.749220
1.954885
1.554989
2.068116
1.904358
1.758940
1.764724
2.147753
1.867908
2.169171
1.966770
2.159206
2.083647
2.154241
1.847291
2.085821
2.017246
2.076226
1.849249
2.101221
2.155749
1.870920
1.936530
1.700644
1.986602
1.796702
1.930048
1.732096
2.237823
2.008571
1.942414
1.872520
1.813409
1.563057
1.896753
2.106601
2.105718
1.986323
2.125895
2.112969
2.330362
1.918793
2.043505
2.082227
1.994381
1.909345
2.205801
1.756609
2.179655
2.643418
2.111564
2.017796
2.177376
1.825308
2.088215
2.104944
2.336306
1.961964
1.765750
2.153279
2.243508
2.012493
1.923628
1.870894
2.019860
1.819789
2.079887
2.223683
1.909022
1.849958
2.307577
2.328358
2.114770
1.818396
2.009315
1.767666
2.426548
2.152541
2.006566
1.917105
1.860325
2.159044
1.890090
2.149204
1.655758
1.777360
2.128677
2.091914
2.073581
1.957935
1.901096
2.072273
1.646260
2.015718
2.463069
2.045998
1.947630
1.669951
2.159851
2.086724
2.029047
1.988668
2.186718
2.240603
2.055675
2.217587
2.109276
2.080284
1.900177
1.977998
1.887975
2.548468
2.085055
2.374769
1.879486
1.726943
2.040978
2.059560
2.011365
1.809511
2.285442
1.965859
2.033096
2.090506
2.361222
2.157328
2.124227
1.836625
1.978748
1.682820
1.933143
1.737025
2.226791
2.023122
2.092981
2.041374
1.973342
1.546347
2.018275
2.060356
2.141578
2.157987
2.550657
1.882761
2.132176
1.578904
2.248980
1.754599
1.861115
2.048932
2.055880
2.014259
1.758414
1.952078
2.216475
2.158994
1.981958
1.978120
2.112997
2.468637
1.781367
2.013138
1.869789
2.070776
1.764294
1.961160
2.038178
1.789817
2.071730
2.057727
1.902314
2.073678
1.900070
1.751480
1.407853
2.025022
1.992123
1.881667
1.865073
1.850776
2.209247
2.251862
1.677636
2.029741
1.683102
2.192637
2.475682
1.783260
1.980951
2.335284
1.931636
1.913620
2.322598
2.181367
2.230533
2.141448
2.277786
2.161132
2.326305
2.093293
2.055246
2.132345
1.589989
1.925621
2.241127
1.919807
1.913797
2.035834
2.272502
1.686639
1.825195
2.141984
2.231883
1.820074
2.140509
1.856805
1.973458
2.305620
1.920624
2.144882
2.042316
1.942472
1.673866
1.945463
1.813621
2.391913
2.002883
2.037985
1.874002
2.000834
1.956158
2.117917
2.232191
1.749564
1.756810
2.023802
2.223064
2.003901
2.459247
1.495321
1.884004
1.966539
1.817522
1.907875
1.729876
2.152877
1.946111
2.082156
2.185531
1.952001
1.935287
1.955546
1.786343
2.086707
1.919561
2.344344
1.935988
2.006579
1.975791
2.006864
2.055536
2.170151
1.786161
1.975031
1.949277
1.926804
2.193891
1.745410
2.229773
1.926703
2.222018
1.987282
2.032893
1.637608
2.190936
2.105260
1.719251
2.024119
2.395354
2.216518
2.189184
1.740814
2.331178
2.028110
2.492049
2.123402
1.873406
2.094733
2.365058
1.890246
2.351899
1.893513
2.163772
2.030608
1.942975
1.755208
2.220304
2.498571
1.813064
2.042417
1.918867
2.013844
1.924157
2.028232
1.971320
1.846130
1.995706
1.765589
1.830477
1.572512
2.169011
1.934302
2.035681
1.738444
2.465536
2.062852
1.750907
2.169255
1.908502
2.155522
1.900714
2.168763
2.087207
1.881157
2.052814
2.023629
1.825034
2.204665
2.061957
2.039156
1.931777
2.211792
1.958812
1.928445
2.055386
2.107606
2.079041
1.813957
2.175378
2.178484
2.248641
1.647311
1.734699
1.812708
2.048589
2.027493
2.037964
2.199457
1.700915
2.152612
1.532000
2.076906
1.829915
1.832135
1.953961
1.931320
2.197507
2.055535
2.048363
2.132596
2.247426
1.999378
1.832700
1.923629
2.194453
1.999130
1.791501
1.845756
1.999894
1.772460
1.685949
1.869702
1.925396
1.722365
1.689416
1.870462
1.988732
2.102471
2.062955
2.133697
1.940546
2.170123
2.291197
1.838463
1.758898
2.048967
2.085364
2.115834
1.754962
2.296719
2.189742
1.975623
2.101360
2.013652
1.850549
2.371444
1.871221
1.746862
2.008291
1.968839
2.410721
2.112432
1.775656
1.932876
1.974797
2.014565
2.063370
1.945378
2.022943
2.338169
2.185611
2.172510
1.780396
1.711629
2.316507
1.913765
1.952023
2.018596
1.842952
2.147129
1.898712
2.103885
2.477632
2.159801
1.794029
1.740085
1.882051
1.982246
1.890466
2.284378
1.778954
2.090120
2.054407
2.124366
1.711829
1.844094
1.769599
1.983919
2.079900
2.223214
2.040991
1.811313
1.988077
2.101317
2.161712
2.110419
2.007607
2.267427
2.458277
1.942903
2.039933
2.110512
1.944774
1.967977
1.895968
2.177356
1.720461
1.923386
2.332194
2.269737
2.219950
2.053952
2.022143
1.779275
2.145679
2.144317
2.239153
2.111908
2.327230
1.598379
2.292493
1.831344
1.704614
2.035084
2.090975
2.150167
1.865375
2.059253
2.030248
1.841345
1.916578
1.869098
1.712060
1.949716
2.157413
1.887164
2.246940
2.005813
1.912668
2.009099
2.137487
1.711735
2.038497
1.679610
1.808727
1.972372
2.194562
2.180977
2.131045
2.216713
2.006216
2.010422
1.883889
2.005468
1.944464
2.030569
2.162464
2.102918
1.930367
2.123642
2.157424
1.969011
1.997609
2.085525
2.143582
1.848645
2.558211
1.913784
1.947316
2.339108
1.896011
2.010214
2.043169
1.767132
2.020485
2.027315
1.977494
2.109082
2.223551
1.893635
2.071619
2.023722
2.103845
2.101620
1.803781
2.221221
2.011203
1.753480
1.805106
2.018345
1.891392
1.760185
2.067550
1.839282
2.039274
1.928559
2.141996
1.837752
2.055760
2.144048
2.081200
1.797936
1.914668
2.130843
2.062882
1.778465
1.921816
1.935496
1.963135
2.043796
1.779367
1.747864
1.751990
1.949317
1.585712
2.196267
2.121798
1.661397
2.120544
2.549931
1.848049
1.932152
2.024517
1.765219
2.271436
1.870942
1.702703
1.922626
2.102329
2.271343
2.006489
2.123214
2.115153
1.855896
2.143989
1.946480
1.965074
1.815981
2.010422
2.105065
2.183677
2.053322
1.874121
2.318278
2.012349
2.249744
1.825337
2.097586
1.853745
2.262348
2.018358
2.286399
1.887281
1.983391
2.250443
1.739501
2.059911
2.007264
2.338667
2.357846
1.730165
1.945720
2.147682
1.967588
2.515835
1.973256
1.911584
1.815746
2.251877
2.088118
1.847818
2.007712
1.879717
2.051305
2.087605
2.091689
2.289519
1.680507
2.022106
2.103273
1.813010
2.104225
1.903853
2.161616
2.267599
2.074452
2.239097
2.282015
1.847521
1.918714
1.846827
2.086386
1.973703
2.122633
2.079547
2.005984
1.922127
1.846169
1.605739
2.357428
2.250567
1.843893
1.895036
1.899917
1.828636
1.809934
2.018712
2.032114
2.247184
1.837683
2.208590
2.373988
2.119463
1.860726
1.696441
1.562253
1.925730
2.351605
2.236825
1.900805
1.906459
2.022644
1.819797
2.344344
2.168901
1.876952
1.886867
1.896750
1.940396
1.908321
1.745224
2.270149
2.426253
1.930757
1.995909
2.102489
2.246989
2.302657
2.019291
2.167311
1.992872
1.933955
1.906339
1.932765
1.742818
1.977244
2.213952
1.756003
1.846027
2.279152
1.695717
1.896504
1.822702
2.088676
1.947462
1.952098
2.484332
2.341284
2.101775
1.899031
2.337048
1.980868
2.099317
1.792120
2.009463
1.801633
2.230262
1.991893
2.209029
2.099310
1.803317
1.664516
1.725799
1.704849
2.010914
2.497843
2.082322
2.080715
1.941832
1.748901
2.191110
2.107728
1.997373
1.776085
1.842661
1.930136
2.084319
1.987608
1.960575
2.082615
2.043958
1.812167
1.772513
1.927482
2.155922
2.055435
2.181394
2.114853
2.074244
2.163246
1.987594
1.790698
1.798259
2.120668
1.910281
2.044648
2.403110
2.395474
1.820109
2.075291
2.038524
1.883298
1.740483
2.054002
2.291342
1.677924
1.795365
1.972957
1.542384
2.236257
1.773035
1.973309
1.864147
1.872625
1.877591
2.092485
2.081559
1.907947
2.038945
2.116420
1.855280
1.856460
2.258202
1.984043
2.392899
2.116860
1.860871
1.945479
2.157861
1.842597
1.777792
1.932416
2.103171
2.274627
1.639652
2.179403
2.391933
2.149301
2.144827
1.909745
1.695611
1.929228
2.104076
2.136846
1.843321
2.125656
1.968035
1.694282
1.842492
1.815013
2.367603
1.490898
1.975836
1.680320
2.009115
1.720563
2.009551
2.143412
1.715685
1.781660
1.996165
1.816269
1.866047
2.167433
1.855121
2.009513
2.073041
2.112136
2.206721
2.042158
1.876734
2.177076
1.963135
1.787529
2.009184
2.267777
2.277721
1.697749
2.121949
1.900227
1.910725
2.164540
2.278372
2.043970
1.755841
2.253384
2.038607
2.332079
1.864341
1.615423
1.984968
2.005894
2.035815
1.551934
1.779636
1.910045
1.699302
1.929889
2.078128
1.995636
1.809240
1.706188
1.829235
2.264826
2.042282
1.885632
1.677737
1.704317
2.145551
2.039350
2.319511
2.315911
1.884164
2.080981
1.860115
2.065186
2.142565
1.832742
1.773493
1.983895
2.194239
2.047600
1.883330
1.820979
2.001190
2.104311
2.037261
1.743490
2.202362
2.146023
2.076614
1.876625
2.115425
2.490007
1.888849
2.001460
2.118055
2.130803
2.244506
2.375378
2.033602
2.596928
2.167085
2.106622
1.923623
2.281462
1.879580
2.217545
1.933013
2.115897
1.827784
2.213178
2.095932
1.956761
2.015918
1.957579
1.866169
1.680328
2.094263
2.106033
2.104154
2.365522
2.140721
1.876158
2.340017
2.272247
2.128055
2.271989
2.062453
1.850394
1.710800
1.746772
1.757239
1.958456
2.172880
1.855055
2.076802
2.212574
1.971977
2.106095
1.935903
1.995528
2.071662
2.001598
1.853996
1.875412
2.239609
2.230570
1.971962
1.669919
2.057089
2.066453
1.739382
1.814151
2.225300
1.784173
1.933446
2.218387
2.247559
1.911678
1.941254
2.334339
1.890054
2.174588
2.088124
1.918849
1.751794
2.109399
2.410672
2.049243
1.727858
2.043767
1.874184
1.926118
2.281297
2.100887
2.135310
2.517177
1.938987
1.900650
1.824395
2.439060
1.965309
1.819685
1.863940
1.817923
1.988470
2.004210
2.355200
1.744442
2.103557
2.130889
1.783941
2.297442
1.880487
1.761885
2.364196
2.119557
1.804766
2.001990
1.921200
1.705727
2.036082
2.013801
2.189191
2.140705
1.662777
2.245498
1.795332
2.028731
1.953525
1.849370
2.020186
1.712065
2.349970
2.113994
1.855002
2.254420
1.887510
2.207232
1.909024
2.013147
2.349916
1.600836
2.328702
1.852106
1.735118
2.656458
2.008257
1.687278
1.630137
1.992131
1.814372
2.298846
1.807184
1.999716
2.114776
1.967028
2.099198
2.233035
2.025476
2.026759
2.070213
2.196261
1.739291
1.830978
1.788124
1.935067
2.193049
1.852326
2.064878
1.698913
2.152124
1.759120
2.087842
1.945660
1.777619
1.659207
1.742269
2.111304
2.160000
2.192969
1.765887
2.108368
2.033983
2.223020
1.858124
2.142140
2.165966
1.978754
1.941946
1.738476
2.237963
1.674500
1.965237
1.943313
1.890990
1.868391
1.896370
2.185692
2.036639
1.816596
2.036755
1.882948
2.302513
2.009602
2.083956
2.179884
1.826969
2.023445
1.842414
1.888914
1.673179
2.113992
2.123397
2.137636
1.988122
2.016643
2.181849
1.673929
1.740399
1.712199
2.418592
1.997613
2.137120
1.929814
1.853203
2.032110
1.838353
1.877874
1.974823
2.001693
2.130016
1.633349
1.884179
1.688091
1.787090
1.865735
2.311349
1.957997
2.201054
2.120036
1.889074
1.973310
1.891838
1.874348
1.984188
1.884143
1.635734
1.811592
1.921977
2.283655
2.124782
1.862211
2.021166
1.990952
2.134555
1.978169
1.696469
2.004519
1.872198
1.768314
2.744995
2.210927
2.076908
2.112934
2.014159
2.092532
2.059341
1.972053
1.953507
2.160544
2.071186
2.281224
2.177399
2.472870
2.175537
2.116419
2.013683
1.913123
1.952710
1.755004
1.910126
2.032672
2.104690
1.713575
2.269716
2.289999
1.722855
1.945442
2.410201
1.681082
1.908529
1.905950
1.730823
1.914974
2.146894
1.980205
1.832113
2.043911
2.039293
1.765822
1.986797
1.730401
1.943042
2.048118
1.897059
2.266130
2.077383
1.999670
1.817018
2.102401
2.058765
1.884601
1.880323
1.930079
2.172879
2.050081
2.170222
2.223067
2.049850
1.757492
1.683207
2.374916
2.601480
2.302344
2.032566
2.211163
1.929929
2.008332
2.486667
2.142452
1.956111
1.777675
2.391231
1.912213
1.974846
1.927630
1.777825
2.255500
1.908588
1.591510
1.982284
1.959835
1.993223
2.076736
1.905806
2.074526
1.947579
1.615578
2.026075
2.060179
1.816673
2.271317
2.432758
1.838785
1.923083
1.866268
2.008679
2.283785
2.237155
1.997466
1.972632
1.813200
1.970416
1.872133
1.774601
1.686513
2.027184
2.004641
2.009675
1.901893
2.080661
1.759668
1.871138
2.159930
2.214975
2.001446
1.787539
2.106643
1.683776
2.082289
1.995761
2.144387
2.246017
2.058436
2.051429
2.213198
2.002346
1.772585
2.048787
2.026716
2.529012
1.790964
1.972188
1.967945
2.114067
2.150217
2.196664
2.106258
2.353445
2.361267
1.931762
2.265828
2.233028
1.909192
2.110504
1.964807
1.794229
2.005668
1.484999
1.879794
1.975551
1.966607
1.926066
1.924570
2.465502
2.161452
1.883681
1.973575
2.002068
1.921828
2.114619
1.875353
1.953303
1.906714
2.084197
2.425674
2.291118
2.140208
2.127701
1.843947
1.930916
1.764063
1.906122
1.987587
2.099711
2.170964
2.101385
1.912776
2.136726
1.789575
1.992161
2.404069
2.057001
1.642110
1.833539
1.508955
2.040929
1.931589
2.469013
1.818529
1.918540
2.052780
2.318683
2.101406
1.752025
1.787126
1.732035
1.974623
2.135318
1.709763
1.721603
2.109305
2.107880
1.952221
2.161039
2.058864
1.856766
1.682372
2.317246
1.947994
1.790782
2.238290
2.123007
2.062533
1.930134
2.024399
1.923228
1.606718
1.645711
2.148350
2.178227
1.904103
1.861257
1.783754
1.874783
2.243056
1.818676
2.106037
1.970043
2.091517
2.128646
1.773179
1.812032
1.885397
2.205163
1.752280
1.734861
2.133769
2.255914
2.064980
2.040381
1.838048
2.192172
2.020945
2.171237
1.723926
2.004483
1.992928
1.751356
2.164859
1.970023
2.114008
2.249928
2.253151
1.953360
2.253850
1.961489
2.122599
2.036923
1.742811
2.002527
1.932089
2.143749
1.984146
2.027633
2.101142
2.212536
1.832285
1.871755
1.664939
1.903636
1.924584
2.060679
2.065354
1.926368
1.704399
2.112292
1.643793
2.153400
1.622418
1.890043
1.668751
2.007376
2.051272
2.027599
1.894426
1.711244
2.112907
1.918589
2.291169
2.059875
2.096879
2.183326
1.793845
2.011772
2.034883
2.086371
1.917239
2.159448
1.720417
1.762868
1.794660
2.140253
2.033330
2.233150
1.745664
1.999975
1.893688
1.887854
1.965441
1.762066
2.507083
1.791881
1.971332
1.704245
1.902784
1.810938
1.952230
1.868647
2.245771
1.993136
1.714485
1.869415
1.879675
1.789362
2.046089
2.072674
1.776800
1.996933
1.802001
2.045594
1.909215
2.089346
1.878454
1.909970
1.595008
1.986124
1.981822
1.451077
1.868712
2.022626
1.720547
2.328675
1.630127
1.970562
2.090313
1.959259
1.720931
1.823802
1.723458
2.252966
1.701055
1.817885
2.222805
1.726049
1.774951
1.911492
2.139000
2.069318
1.851344
1.738360
2.102326
1.927988
2.277595
2.265482
2.000887
2.147661
1.701493
1.884839
2.119655
1.821909
2.185682
1.642836
1.995621
2.012783
2.045378
1.913566
1.695818
1.860130
1.874072
2.136505
1.783273
1.800627
2.140420
2.123924
1.986084
1.746798
1.820724
1.854150
2.013075
2.144253
2.028213
2.030908
2.190746
2.088528
1.820145
1.865172
2.753796
1.953518
1.937638
1.565273
1.677671
2.407474
2.208341
2.032822
2.007570
1.819253
1.963854
2.088060
1.964619
1.859630
1.928271
1.839402
2.173485
1.897393
1.986794
1.942396
1.957579
2.072273
2.108470
2.032640
1.917846
2.109817
2.058858
1.753378
1.747566
1.829540
1.727857
2.166371
2.003335
1.877563
1.738983
1.910967
2.223791
1.755056
1.866999
1.616651
2.132988
1.852472
1.993206
2.032206
1.603390
2.053426
1.540089
1.926964
2.126475
1.493956
2.007149
2.018680
1.736779
1.981688
2.152081
2.135836
2.140292
1.932139
2.240600
1.851532
2.209419
2.254106
2.187490
2.539704
2.507451
2.058128
1.898962
1.749385
2.182526
1.882929
1.900769
1.923569
2.177061
1.601184
1.761580
1.759166
2.024416
1.809857
2.568492
2.042892
2.040109
1.994327
2.123601
2.132734
1.446238
2.155362
1.868500
2.362909
1.766192
1.862696
2.195059
1.855172
1.841346
1.801859
2.072481
2.080355
2.229739
1.846774
1.934795
1.722621
1.924490
1.707346
2.190489
2.047804
2.111554
1.709674
2.112580
1.917256
1.820612
2.152187
2.117824
2.035412
1.911224
2.142343
1.867840
1.922446
2.123997
2.185374
1.881969
1.646953
2.059469
2.088727
2.129587
2.250801
2.205071
2.095847
1.688256
1.780632
2.209036
1.983119
1.946820
1.897738
2.017922
2.117376
2.147789
1.805072
2.030854
2.044070
2.043258
1.936545
2.402866
1.783235
2.001913
2.231849
2.249173
2.169177
1.852041
1.777550
1.927005
1.856053
2.175502
1.967384
1.980733
1.751669
2.077658
2.334005
1.979552
1.943539
1.994624
2.087179
2.104989
2.059058
1.735691
1.816220
2.221061
2.467353
1.566084
1.800955
2.014307
2.196966
1.838074
2.175990
1.870509
1.995841
1.945011
2.019654
1.748938
1.710769
1.777611
1.794644
1.911086
2.134893
1.935537
1.849770
2.027358
2.073633
1.821670
2.248050
2.134214
1.842104
1.556708
1.771378
2.091961
1.977187
1.978490
1.904901
2.077460
1.867099
2.332805
2.240924
1.658233
1.891844
2.075005
2.072962
1.687821
2.005651
2.056356
2.247806
2.048514
1.821928
2.032275
1.733391
2.019576
2.231409
1.666259
2.300442
1.806112
2.350543
2.105941
1.654700
1.800834
2.165318
2.081381
1.975976
1.841927
2.101222
1.911865
1.838116
1.883688
2.266314
1.846972
2.458944
1.713393
1.983065
2.025968
1.880805
1.997674
2.121985
1.875143
2.481251
1.748121
2.240629
1.982367
1.768135
2.036334
1.889322
2.018525
2.254370
2.155072
1.984403
2.056639
2.085315
2.089360
1.611751
1.863738
1.755462
1.695441
1.640600
1.852858
2.133802
2.026415
1.585370
1.726003
2.256253
2.270564
1.865017
2.289103
1.906437
2.044391
2.007980
1.912132
2.327182
2.118701
2.327512
1.928323
2.144065
2.013079
1.801632
2.374916
2.115448
2.419556
1.809642
2.219827
1.854584
2.477324
2.176442
1.975038
2.399279
2.316500
2.463233
1.947819
1.740961
1.796217
1.747852
1.828237
1.927074
2.033146
1.747152
1.750345
2.126877
2.378843
2.182479
1.859128
2.196752
1.967254
1.890392
1.983575
2.399323
2.158673
1.824372
1.970927
2.051635
2.307407
2.356525
1.817122
2.109157
2.090929
1.692695
1.962274
2.070747
1.501033
2.110407
1.917890
1.794503
2.128852
2.067603
1.622153
1.985087
1.925820
1.774925
1.851531
1.952985
1.962354
1.703169
2.167777
1.924028
1.922499
2.306937
2.102117
1.824222
2.084907
1.730439
1.923613
1.892644
1.698781
1.814105
1.834727
2.167427
1.974695
1.872798
2.029005
1.729109
1.808970
2.579603
2.109243
2.296024
2.122507
2.294519
2.088249
2.020896
1.958659
1.656157
1.907314
1.714743
2.129204
2.102619
2.283875
1.929036
1.929247
1.989086
1.967860
2.119438
2.004745
2.168067
2.088496
2.197317
2.334278
2.018107
2.044653
2.169787
2.181421
2.032902
2.225444
2.079666
1.643072
2.176835
2.323062
2.110757
1.943093
1.493607
1.805100
2.011453
1.871156
2.099476
2.079735
2.146220
1.748573
1.768189
2.128693
2.011037
2.182536
2.139030
1.902095
1.914089
2.112017
2.520345
1.950313
2.291083
1.826978
1.918951
1.676261
2.023640
2.026797
2.042187
2.042049
2.077689
2.214756
2.142435
1.949261
2.127204
1.723380
1.784112
2.036562
2.271544
2.072741
1.923135
1.532853
1.837676
2.129453
1.823060
1.887065
1.948264
1.876310
2.525694
1.778421
2.189842
1.965260
2.532668
2.107386
2.176393
2.068848
2.288101
2.239407
2.211769
1.982105
1.733884
2.578608
1.900840
1.884263
1.758060
2.276698
1.855390
2.063261
2.295990
2.316589
2.023680
1.805026
1.962122
2.346778
2.066844
1.821744
1.884476
1.982769
2.130795
2.104921
1.973068
1.879857
1.975215
2.495454
2.075836
2.088930
1.635291
2.060432
1.986132
2.181361
1.929930
1.758295
2.043585
1.842535
2.093819
1.690105
2.060225
2.089567
1.957241
1.734624
2.188624
1.832090
1.911578
1.977084
2.172671
1.886628
1.714937
1.970824
1.659048
1.759275
1.971298
1.956097
2.186477
1.991416
2.078679
2.227585
2.076399
2.070908
2.058812
2.363944
2.022187
2.001542
2.042191
2.276041
2.025606
2.136361
1.840754
1.737464
1.993260
1.851943
2.022868
2.075492
2.011682
1.854664
2.143831
1.910229
2.346325
2.288527
2.072459
2.040505
1.881632
2.142781
1.995430
1.711957
2.169312
1.696641
2.043630
1.962364
2.148757
2.136708
2.188722
1.695487
1.893724
1.921652
2.029317
1.761242
2.437827
2.560517
1.649647
1.731354
2.309103
1.929348
2.128314
2.021244
1.911327
2.240836
1.904290
2.209267
1.785870
2.255703
1.768705
2.215068
1.989694
2.038646
2.151142
1.767227
1.941197
1.840001
2.296850
2.398985
1.801310
2.297230
1.569915
2.055021
1.897408
1.809758
2.147068
1.535767
1.713363
2.398918
1.916903
2.126922
2.395056
1.811393
1.923055
2.266372
2.268694
1.861584
1.624782
2.051548
2.115579
1.887258
1.963490
1.989721
1.977062
1.953793
1.816287
1.701398
1.843114
1.943200
2.056298
2.115923
1.979739
2.026164
1.857624
1.931984
1.953878
1.729301
1.978713
1.865802
2.193283
2.151474
2.130670
1.807702
1.902611
1.599740
1.704871
1.889622
2.192897
1.973251
1.469342
2.044977
2.146837
2.017244
1.990722
2.008280
1.977959
2.152500
2.095138
1.890016
1.826946
1.885979
1.851195
2.205099
2.023882
1.922853
1.889976
1.839622
1.948768
1.871162
2.383913
1.858586
2.398638
2.122264
1.457987
1.808973
1.823291
1.916406
2.168878
1.940321
2.081033
2.051321
1.983435
1.691298
2.350538
1.789409
2.209477
1.880423
2.363986
1.859715
1.820882
2.146567
1.778688
1.655382
2.269456
1.917608
2.206526
2.131632
2.309177
1.975571
2.350598
2.037407
1.900253
1.989830
2.021350
2.128493
1.751051
1.758269
1.829826
2.202787
2.188797
1.944244
1.894690
1.882481
1.988675
1.947617
2.101461
1.658852
2.240276
2.202774
2.118576
1.802753
2.373088
1.845205
1.850448
1.835815
1.845915
1.944134
1.943146
2.010951
1.750898
2.013753
2.059363
2.020327
1.946117
2.297771
2.124369
2.171089
2.045806
2.186965
2.281169
1.942681
2.261763
1.893423
1.830617
1.798538
2.139712
1.810227
2.132984
1.957277
1.907334
2.058037
2.129446
2.063987
1.708958
1.977533
1.941399
1.741686
1.870434
1.744226
1.709290
2.266691
2.003624
2.190889
2.294478
1.892720
1.616771
1.849081
2.043720
1.905410
2.025081
1.731254
2.017448
2.297225
1.640428
1.873985
2.263051
2.076654
2.093826
2.149264
2.039295
2.209043
2.241500
1.955857
1.686101
1.977688
2.309959
2.001963
2.021848
1.851008
1.939353
2.030304
1.770837
2.206549
1.789055
1.909308
1.937964
1.946907
1.743487
1.842502
1.861288
2.205905
2.396917
2.048825
2.265966
1.999997
1.870183
1.824181
2.199411
1.902677
1.912092
2.150515
1.950872
1.865986
1.761308
1.973961
1.954383
2.049992
2.396390
2.464434
1.803364
1.934491
1.918795
2.222803
2.004569
1.835598
1.819291
2.139755
2.010068
1.630687
1.662528
2.098816
2.365498
2.121452
2.050969
1.980913
1.953622
1.969318
1.785044
2.209918
2.054486
2.289683
2.170456
1.791536
2.221191
2.052521
1.796436
2.181292
1.610733
1.945628
2.064512
1.953663
1.918282
1.703519
2.017209
1.821548
2.069363
2.069971
2.294614
1.878395
2.006288
1.837326
2.210329
2.020059
1.949567
2.290784
2.003827
1.859139
1.977358
2.056736
2.072137
2.263509
1.854529
2.175517
2.296488
1.832126
2.181333
2.098005
2.283022
1.904732
1.619819
2.016585
2.022215
1.609404
2.155640
2.174944
1.691573
2.176975
1.986484
1.852070
1.817059
1.741089
2.120512
1.803040
1.737093
1.836704
2.300627
2.217080
2.140352
2.263499
1.738612
2.297766
2.250901
2.197810
2.404573
2.246891
2.127433
1.878482
2.309688
1.858198
1.917647
1.815264
2.120514
2.303589
1.972498
1.723041
2.254447
2.065211
2.133520
2.234555
2.091706
2.281555
1.903174
1.934563
2.226056
1.920314
2.098518
1.899382
1.681825
2.105643
2.240013
1.524112
2.261062
2.119435
2.425579
2.061139
2.115206
1.940003
2.053413
2.033501
2.259984
1.802466
1.822645
2.296343
2.143412
2.063991
2.044538
1.652414
2.047861
2.337974
2.028077
1.774126
2.050589
2.023360
2.109662
1.958754
1.962661
2.006870
2.158894
1.670508
1.736632
1.721215
2.244464
1.686799
2.604445
1.700328
1.851423
1.952999
1.874683
1.952018
1.737324
1.923145
1.791639
2.248930
1.804126
2.013478
1.942488
2.286132
2.246297
1.412404
1.717719
1.688876
1.929991
2.287231
1.959027
2.013991
2.077480
1.474028
1.838171
2.063318
2.095224
2.306830
1.843473
2.160233
2.500797
2.190501
2.147133
2.345866
2.044398
1.928222
1.727922
2.143905
2.110962
2.592532
2.203921
1.882936
1.898414
1.829808
1.774381
1.760553
1.761069
1.720433
2.111705
1.956116
1.951160
1.899748
1.875797
2.184164
1.765976
1.845923
1.866181
1.755883
1.842115
1.792573
1.747502
1.800782
2.027147
1.968419
2.265344
2.060572
2.295990
2.293127
2.223878
1.825454
1.808850
2.123337
2.181658
2.452126
1.841155
2.047931
1.952761
1.822332
2.061960
1.847619
1.968379
1.688457
2.157357
2.161703
2.034257
2.122085
1.937814
2.148091
2.079989
1.859788
2.110878
2.100812
2.259306
1.663458
2.151380
1.630437
1.730154
2.204894
2.401015
1.987955
1.698728
1.741811
2.058568
1.832537
2.120185
1.872375
2.015531
2.506378
2.120402
2.289664
1.940707
1.937942
2.001384
2.049147
1.869512
2.141967
2.140263
1.738086
2.047762
2.031255
1.917333
1.851562
2.045900
2.286245
1.855783
2.358590
2.081434
1.866776
2.274666
1.931302
2.149898
1.957922
1.808328
2.145374
1.920404
2.000444
1.912928
2.192344
1.874267
2.309849
1.964352
1.808233
2.226720
2.223125
2.013140
2.086058
1.918935
2.070546
2.610862
1.631891
1.710529
2.218365
2.084000
1.870736
2.103666
2.281840
2.026407
1.680137
2.027890
1.890061
1.847101
2.052087
2.329610
1.933274
1.642342
1.893943
1.957654
2.408200
1.915787
2.178841
1.976411
2.076583
1.884132
2.326401
1.797526
1.729465
1.870649
2.079570
1.986124
1.901097
2.086498
2.197043
2.037264
2.339374
1.983234
2.203756
2.236896
2.395048
2.054995
1.686609
2.361860
1.778183
1.782088
1.751641
1.924716
1.865562
2.176489
1.923964
2.117689
1.991354
2.256765
2.236106
1.874192
2.243114
1.941835
2.415636
2.228955
1.853062
1.715929
1.843583
1.907481
1.822104
1.658211
1.832287
1.730063
2.435748
1.893327
2.110974
1.732455
2.072403
1.742974
2.114415
2.101336
1.763231
1.994006
2.374828
2.415176
1.680840
2.312289
1.900643
2.028229
2.202318
2.613117
1.985139
1.868763
2.284372
2.173805
1.974832
2.281242
1.926816
1.682414
1.713033
1.756379
2.157444
1.826787
2.119600
1.826070
2.468162
1.804777
2.176419
2.449788
1.714183
1.846800
2.106459
1.648435
2.026370
1.920047
2.143107
2.241608
2.007792
2.202953
2.147329
1.777312
2.147018
1.847897
1.953439
1.843142
2.129396
2.303192
1.945212
1.928993
2.295180
1.896279
2.029192
1.638341
1.933869
1.737502
2.100819
2.121028
1.686761
1.895661
1.635406
1.790047
1.644776
1.863418
2.208569
1.680065
2.074306
1.948227
1.798868
1.863167
2.122386
1.707884
1.646990
2.154649
2.115812
2.358937
1.877546
1.818075
1.754859
2.166019
1.915062
2.236711
2.266560
1.688720
1.841173
1.911211
2.210203
1.962814
2.036337
2.253711
2.005758
1.790295
2.089988
2.279125
1.952014
2.110253
1.993678
1.997130
2.714178
1.918586
1.806836
1.854444
2.116973
2.394170
1.799336
2.114031
1.806927
1.795556
1.918619
1.793922
2.126699
1.729910
1.858760
2.103294
1.929433
1.894587
1.932759
1.917768
1.969570
2.131559
1.906549
1.914877
1.909082
2.147216
2.185336
1.612089
1.829040
2.520254
2.076577
2.162034
1.682305
1.972768
1.896298
1.899676
2.070468
2.023996
2.075251
2.057937
2.233448
2.189334
1.892395
1.879348
1.937699
2.430125
2.063208
2.165582
1.796960
1.881857
1.919194
1.857162
2.308739
1.816611
1.799523
1.891224
2.056467
2.087679
2.285956
1.652891
2.076223
1.906497
2.591958
2.050589
2.099942
2.076684
2.058401
2.011785
2.197523
2.035830
2.358732
1.658487
1.813026
2.036332
2.165133
1.833542
1.985560
1.979544
1.648325
1.757802
1.921142
1.878240
1.863072
1.888728
1.988428
2.001385
1.856498
1.567308
1.886331
1.923065
2.111200
1.677775
2.117025
2.354635
2.039998
1.949929
1.956348
2.194323
2.166213
2.221909
1.590170
2.186371
2.215195
1.938266
2.148869
1.913425
1.905550
2.067061
2.152348
2.218775
1.871732
1.882246
2.355482
2.160869
1.989019
1.834639
2.070420
1.678724
2.133631
1.887404
1.821586
2.366010
2.094968
2.088403
2.020510
2.131944
1.993599
1.842582
2.071830
1.991294
2.084828
1.662524
2.132792
1.840652
1.975787
2.006153
2.229501
2.271662
1.794156
2.144866
2.080079
1.926148
1.941255
2.285066
1.806744
1.925421
1.853679
1.833788
2.004946
1.807303
2.217052
2.426562
1.940715
1.929600
2.259344
2.027921
1.973560
2.643101
2.399182
1.915389
1.919802
2.210648
1.934989
1.882250
2.057709
2.126459
1.729087
1.641986
2.251984
1.713907
2.070521
2.064654
1.788904
2.118883
2.387891
1.650588
2.092467
1.702932
2.412014
1.842308
2.035559
1.920964
2.137407
1.794807
1.781800
1.922498
2.149163
1.704047
2.003883
1.912195
2.215225
1.837037
2.298398
1.873118
2.002866
2.011824
1.895029
1.943011
1.726157
1.815960
1.714405
1.694970
2.137469
2.037737
2.069050
2.360206
2.167775
2.127744
1.788551
1.978329
1.890405
2.252454
2.127198
2.239023
2.059906
2.118635
1.998489
2.006588
2.433701
1.910782
2.065299
2.119773
1.956268
1.808303
2.042386
1.808291
2.033063
2.085265
1.829146
1.824885
2.390936
2.188506
2.070533
1.885060
1.641459
2.134041
2.155976
1.573435
2.032847
2.052105
1.871968
2.060037
2.125595
2.136212
1.897855
2.203343
2.544218
2.033942
2.103795
1.886997
1.748287
1.780255
2.179438
2.128045
1.898604
1.788362
1.996840
1.846914
1.896218
1.760991
1.911710
2.041821
2.082218
1.797843
2.074995
1.945399
2.145141
1.778337
1.822647
2.026917
2.085327
2.005643
2.101913
1.830214
1.725830
2.302322
1.992978
1.941523
2.145623
2.034115
1.959723
1.755923
2.176862
2.024809
2.041365
1.987632
2.027068
1.930522
2.091066
1.701722
1.620547
1.932181
2.049287
2.038221
2.342820
1.997762
1.837356
2.121913
2.153295
1.816617
1.683877
2.173402
2.088892
2.045626
2.050055
1.944228
2.254048
2.131088
2.066800
2.373657
2.025933
2.157605
1.944143
1.786846
1.796511
2.303308
1.679769
2.188944
1.971383
2.162669
1.957381
1.939495
1.983167
2.245290
2.306903
2.229607
1.897390
1.603539
2.003942
1.880415
2.111489
1.638717
1.925166
1.440002
2.078168
1.897320
2.133047
2.028467
1.794174
1.819427
1.950538
2.104241
2.107801
2.467843
1.923886
2.256052
1.929449
2.258009
2.037363
2.300667
1.420633
1.794072
2.421076
2.217860
1.949371
2.150473
2.114007
2.035104
1.856551
2.220165
1.637452
2.375865
1.968706
2.203448
1.743066
2.184072
1.911775
2.400824
1.956702
2.117524
2.136030
2.050810
1.867191
1.800506
1.892383
2.266431
2.096048
1.964197
1.903339
1.735619
1.857945
1.820586
1.810521
1.782405
1.828482
2.010057
2.150872
1.941302
1.752440
1.930422
1.897198
1.808780
2.090745
2.699971
2.257633
1.615220
2.095080
2.067576
1.900049
2.368741
1.908735
1.798591
1.844117
1.783339
1.779402
1.952441
2.042029
1.788562
1.824295
1.570216
2.024153
2.018371
1.789562
1.992514
1.845616
2.127821
1.862742
1.866007
1.822956
1.603563
1.909223
1.573326
1.934731
1.996376
2.206205
1.640599
2.258900
1.854982
1.873299
2.280271
1.848820
1.832557
1.912713
2.450090
2.122479
2.149682
1.995528
1.768749
1.910563
1.917773
2.092622
1.829993
2.283160
2.073822
1.869921
2.144093
1.765052
2.056361
1.800373
1.872022
2.371692
1.737040
2.125456
2.223094
1.784753
1.855573
1.888384
2.302439
1.963111
2.051718
2.169486
2.011644
2.002519
2.108601
2.293330
1.743096
1.919283
2.064848
1.895452
2.117240
2.075313
2.147068
2.238952
2.285234
2.030731
2.203519
2.238347
1.833343
1.927661
1.946893
1.830039
2.003107
2.099999
1.956287
2.550220
2.113077
2.140220
1.897256
1.895420
2.105305
1.941549
1.975931
2.136383
1.580468
2.101041
2.179426
2.308191
2.121916
1.854403
1.935977
1.624499
2.081054
2.175598
2.233073
1.831947
1.900981
1.934893
1.717242
1.859381
2.267159
1.780064
1.939289
1.841025
2.386839
2.170950
2.297128
1.817355
1.908806
2.121357
1.880982
1.963993
1.666795
1.824971
1.627099
2.019940
2.191889
2.020462
1.958219
1.909642
2.148463
2.031428
1.822320
2.133767
2.298170
2.179176
2.261076
2.362652
1.778518
2.119473
1.470998
1.867533
2.135083
2.207105
1.831273
2.191529
1.914039
1.841518
2.063395
1.976421
2.180379
2.011853
2.246372
2.243580
2.163766
1.811744
1.812513
2.055604
2.131383
2.260388
2.069001
2.168080
2.113994
1.650347
2.306877
2.841200
2.071576
1.981404
2.116552
1.851021
2.073868
1.719283
1.758242
2.236512
2.205956
2.075397
1.814228
2.033157
2.363448
2.215964
1.621380
1.826598
2.099869
1.808797
1.701083
2.031605
1.914297
1.865723
1.954208
2.083920
1.939241
1.626643
1.591612
2.028189
2.094018
2.048336
2.131600
1.503695
2.152864
2.025893
2.140703
1.866831
1.710950
2.266828
2.270141
1.986857
1.822003
2.234581
2.353652
2.236252
2.028544
1.931130
1.871707
1.783716
1.707321
1.917560
2.093216
1.948896
1.963333
1.675412
2.224954
2.128495
2.077711
1.981636
1.721612
2.059012
2.079884
1.882159
2.074366
1.928107
1.950275
1.960081
2.169943
2.172101
1.881488
1.798716
1.882079
1.957557
1.792313
1.929781
2.076574
2.004368
1.893592
1.692031
1.838041
2.084422
1.936835
1.803200
1.967036
2.144179
2.078903
1.802308
2.027877
1.843212
2.098828
2.052864
2.324569
1.995702
1.769079
1.931428
1.680022
1.978881
2.129471
2.079346
1.904061
2.275792
2.053504
1.985734
1.635378
1.859253
2.022700
1.991656
2.283862
1.912610
1.941024
1.949027
1.644936
2.172263
1.827333
1.964628
2.077990
2.081496
2.083250
2.202879
1.752857
1.695940
1.582230
1.876986
1.874948
1.714422
1.942731
2.062956
2.048953
2.017750
1.777222
2.105580
2.037926
1.977188
1.927224
2.073125
2.139917
2.451418
1.852582
2.352545
2.103655
1.610632
2.137492
2.224820
1.701880
1.790890
2.074157
2.086678
1.645889
1.988927
1.583429
2.273717
2.042486
1.924745
2.126083
2.322973
2.144034
2.288978
1.918657
1.884345
1.975975
1.972721
2.305054
1.782754
1.645157
1.848390
1.928122
2.051124
1.648105
1.979013
1.857249
1.655758
1.996850
2.212863
1.671039
2.164608
2.113276
1.968106
1.874933
2.103459
2.026480
2.301631
2.289156
1.862131
1.965782
1.763718
2.136755
1.773021
2.059770
1.725414
2.043894
1.776595
1.977980
1.955796
2.091491
2.035347
1.885430
2.066644
1.747846
1.990749
1.917326
2.171607
1.868946
2.210557
2.045645
2.244035
2.260263
1.706907
2.245445
1.613968
1.730816
2.103595
1.739790
1.838098
2.040407
1.786732
1.965197
2.222926
1.691372
2.060247
2.101525
2.111930
1.956220
1.963391
2.214131
1.769985
2.068345
1.985226
1.601821
1.885573
2.278715
1.847620
1.684410
2.133696
1.864242
1.835290
1.855570
1.941194
2.621737
2.166544
1.661730
2.268579
1.687762
1.705077
1.937618
2.358199
1.773143
2.422733
2.195055
2.008202
2.073501
1.849991
1.900495
1.841147
2.096062
2.027523
1.922374
2.291244
2.213793
1.920542
2.196830
2.288430
2.094247
1.859550
1.932824
2.188472
1.729450
2.289123
2.142544
1.957073
2.251627
1.960074
1.706577
2.119690
2.003149
1.616272
1.709768
1.926693
1.826978
2.010823
2.410577
1.547754
1.680697
1.849506
1.960643
1.666397
1.999217
1.866480
2.107898
2.430960
2.072845
1.883382
1.874583
2.050038
1.957058
2.018042
1.388874
1.790110
1.735100
2.152052
1.898298
2.127267
2.095343
2.329926
2.084600
2.114094
2.121349
2.051349
2.376239
1.577460
2.024798
2.212473
2.103582
2.058851
1.930491
2.286222
1.573503
1.968206
2.217846
1.938117
1.994066
2.309664
2.115879
2.172495
1.854547
2.251450
1.869456
2.051223
2.070062
2.015890
2.000588
2.033188
2.089644
2.207944
2.196876
1.788008
1.999800
1.848185
2.028878
1.757886
1.894109
1.821756
1.810367
1.667111
1.885548
1.998188
2.055788
2.074724
2.372605
2.192694
2.170766
2.114869
1.879243
2.265640
1.937767
1.731806
2.741420
1.867516
2.613067
2.148029
1.909458
1.933606
2.217597
1.815563
1.815459
1.912531
1.876168
2.222631
2.251895
2.344473
2.141213
2.276507
1.931596
1.984642
1.874824
1.837367
2.330971
2.098809
2.039719
2.307561
2.148468
1.960460
2.081636
1.986468
2.018302
1.883912
2.263660
1.816926
1.794852
1.997241
2.443025
2.195039
1.928375
1.918794
1.800005
1.936595
2.491387
2.196853
2.007165
1.875095
1.670817
1.950520
1.893460
1.834615
1.799101
1.913364
2.050736
2.039459
2.021389
2.163540
2.106966
1.649237
1.823992
1.859631
2.143154
1.970410
2.120721
1.752772
1.873928
1.786044
1.788172
1.960672
1.823655
1.840140
2.334838
1.925218
2.316090
1.784648
2.510280
2.129875
1.811558
1.856564
2.317114
1.816261
1.932773
2.251210
2.032610
2.312983
1.880107
2.037742
1.761431
1.881482
2.148432
1.886574
1.856590
1.993467
2.474003
2.171569
2.312122
2.214094
2.271871
1.710293
2.216585
1.809867
1.999150
1.582307
1.960558
2.129594
1.888992
1.822141
1.943462
1.787364
1.914722
2.033998
2.084734
1.856073
2.278903
2.177997
1.870993
1.949607
1.631228
2.375078
2.140783
2.021969
1.883308
1.881034
1.974105
2.046154
1.839047
1.861795
2.174427
1.914708
1.858757
1.939223
1.900679
2.137801
2.058095
2.043185
1.843139
2.068630
2.222779
1.829742
2.406767
1.874549
1.532461
1.782869
1.606076
2.100838
2.088744
2.259151
2.293468
1.781202
2.043883
2.032158
2.205296
1.955211
1.817110
1.886100
2.667335
1.825983
2.100803
2.129305
1.734507
2.344106
2.230081
2.148543
2.110523
1.966930
2.069295
2.133621
2.354017
2.028494
2.187805
2.148896
2.302800
1.838014
1.970095
1.628365
1.932710
1.818886
1.905323
1.822329
2.222249
2.105663
2.425376
1.634847
1.995764
1.788485
1.693291
1.809041
1.945054
2.345245
2.530604
1.973225
1.967072
1.571461
2.256631
2.095273
1.859940
1.911605
2.131132
1.631485
2.186491
1.878185
2.213358
1.928772
1.960499
1.746536
1.950621
2.390629
1.806396
1.893166
1.860815
1.848647
1.972792
2.095628
2.312197
1.832038
1.952832
1.761721
2.020920
2.173219
1.955279
1.651791
2.166512
1.963032
2.145064
1.847071
2.044407
1.959796
1.969567
1.781073
1.916152
2.565852
2.000179
2.062472
1.581920
2.144244
2.094842
1.947956
2.705338
1.989497
2.209247
2.205795
2.283415
1.877017
1.909384
1.974375
1.819685
2.229955
2.344226
1.893137
1.833609
2.006474
2.512744
1.588840
2.093242
2.008764
1.826915
1.850496
2.234362
1.822827
2.444580
2.021392
1.945219
1.860046
1.726654
2.226899
2.181472
2.213226
1.957047
2.184617
2.405614
2.056084
2.376882
2.205239
2.441651
1.850110
1.945411
2.217408
2.116390
1.945708
2.045149
1.906088
2.152804
1.929669
2.019175
1.987047
1.776006
2.024766
2.156009
1.912667
1.887052
2.093379
2.413636
1.812652
2.125203
2.196807
2.283598
2.077512
2.279589
2.196178
1.704760
2.031933
1.904656
2.141923
1.851656
2.256673
2.193292
1.739205
1.817017
1.982498
2.084362
1.921823
2.047921
2.232106
1.788390
2.093060
2.079767
1.652665
2.021098
2.065423
1.972546
2.158804
2.151308
1.835724
2.046109
1.804693
1.953746
2.109619
2.000718
2.175945
1.726718
2.028078
2.005057
2.214259
2.001103
2.037809
2.158801
1.838733
2.180845
2.167562
2.048065
2.060238
2.265617
2.098085
2.166416
1.818984
2.177437
1.998521
1.679901
1.919748
2.218944
1.839591
2.172630
1.783602
1.819449
1.957513
2.203524
1.914531
1.892520
1.818128
2.061443
2.189627
1.999513
1.981059
1.855884
1.911938
2.150065
2.184233
2.000487
1.657349
1.885763
2.003145
1.875741
2.161470
1.872033
2.133370
1.766493
2.042104
1.927859
1.656229
2.381952
1.991067
1.678884
1.953640
1.875000
2.115402
1.876063
1.725986
1.904307
2.123331
1.865401
2.007016
1.762851
2.119500
2.062059
1.931493
1.788210
2.133506
2.316170
1.866029
1.722360
1.976473
2.075275
1.899029
1.952098
2.111408
2.370071
1.841273
1.704107
2.065867
2.188685
2.238653
2.231008
2.013077
2.008623
2.258030
1.883912
1.895140
2.105685
2.151275
1.833129
2.045504
1.867518
1.524774
2.086565
2.031640
1.812596
1.979320
2.056179
1.926767
1.955860
2.094881
1.895066
1.904050
1.964350
2.046625
2.426521
1.891936
2.028375
2.044394
2.221351
1.886207
2.241641
2.168295
1.673499
1.961995
2.072488
1.767871
2.292099
2.005251
1.803149
1.996814
2.044621
1.897414
1.963321
2.146345
2.098297
1.935601
2.030851
2.126904
2.053428
2.333228
2.148845
2.064917
1.796721
2.178447
2.102254
1.969636
2.124227
1.983760
2.248816
2.233841
2.008022
1.828008
1.733541
1.967796
2.006526
2.157891
1.879286
2.235233
1.708261
2.090448
1.929839
1.695378
1.830883
1.939848
1.838983
1.766928
1.973050
2.181346
2.165348
1.964733
1.990799
2.137612
1.927088
2.225518
1.997129
2.120178
1.755548
2.072915
2.194510
2.162744
2.025528
2.160383
2.075874
1.800456
1.848702
1.705722
1.894224
2.180854
1.969041
1.843069
2.035731
2.260883
2.045643
1.690181
2.073138
1.851035
1.964846
2.157360
2.203775
1.826978
2.216842
1.924210
1.965082
2.189398
2.153015
1.949203
1.913564
1.852362
2.062441
2.011081
1.943261
2.359958
1.868718
2.231178
2.353283
2.011220
2.105056
2.052327
1.796115
2.115332
2.109009
2.238239
1.859152
2.247888
2.091296
1.905076
2.334139
1.736650
1.765345
2.039390
1.777128
2.104417
1.959898
2.253664
1.610383
2.085597
1.767251
2.230686
2.087989
1.784825
1.820525
2.121218
1.801601
2.044740
2.362713
1.838234
2.020334
2.179522
1.831296
1.955310
1.994983
2.057270
1.914128
2.241047
2.266113
2.141657
1.785635
2.024226
2.188265
2.034536
2.360987
1.870758
1.863002
1.658151
1.744412
2.078749
2.307461
2.037897
1.881686
1.874345
1.530363
1.798540
1.841866
2.355427
1.955379
2.266879
1.884563
2.141294
1.772481
1.916650
1.872959
1.994130
1.891654
2.099606
1.796565
1.855177
2.480409
1.870168
1.999991
1.994889
1.838403
1.948612
2.017923
2.207909
2.252376
1.961800
1.971907
2.188232
1.858998
1.978092
2.318109
2.050438
1.919150
2.015045
2.325454
2.615203
1.815350
1.900801
1.710530
1.768842
2.054743
1.987033
2.090922
2.002584
2.084951
1.980662
1.843988
2.079639
1.743719
2.517231
1.859991
1.886033
1.876113
1.943807
1.886089
2.061051
1.914566
1.903455
2.087175
2.113097
2.183968
1.983065
1.815836
2.061625
2.130048
2.146785
1.816818
1.954125
2.203040
1.990009
1.923251
2.082127
1.775628
1.776000
2.158034
1.696268
2.246278
1.918148
1.442897
1.855808
1.791955
1.999747
1.868244
1.822143
1.734243
2.086932
2.330919
2.099937
1.628862
2.287106
1.578394
2.035672
2.036820
2.281721
2.246083
2.226493
2.071085
1.878515
1.976756
1.992699
1.760985
2.042582
1.873134
1.782926
1.890368
2.000719
2.024443
2.060015
2.008751
2.094564
2.258000
2.614800
1.490274
1.939414
1.812790
1.774042
2.039999
1.850500
2.016567
1.790708
2.029479
2.007381
1.647642
1.858119
1.926055
1.917652
1.789821
1.719195
2.173341
1.887776
2.331075
1.995938
1.705435
1.830448
1.985522
1.900046
1.832459
2.096636
2.012332
1.953507
1.705313
2.262123
2.180905
1.658363
1.786239
2.131450
1.949070
1.732307
1.998748
1.984030
2.046907
1.857592
1.968001
2.156489
2.212135
1.868386
2.147983
2.000693
2.050007
1.858512
2.109682
2.296905
1.896522
2.291593
1.952572
2.069807
2.104562
2.269124
1.747204
1.889771
2.610085
1.822323
2.193044
1.769709
2.201404
1.928450
2.145501
1.947122
2.235673
2.086732
2.109315
1.878010
2.494014
1.989333
2.229632
2.069681
1.892571
1.947610
1.732911
1.881684
2.034044
1.608937
2.268183
1.980040
1.978222
1.846011
2.091526
1.770812
2.090095
1.872827
1.858595
1.819544
2.418732
2.111466
2.378409
1.852356
2.203169
2.230608
1.921308
1.586580
1.988519
2.011938
1.626527
1.886064
1.903424
2.507118
1.880873
2.047502
2.052246
1.934763
2.151172
1.872368
2.048109
2.109967
2.190733
1.900332
2.187039
1.985107
1.921378
2.232796
1.924777
1.582805
2.130108
1.721419
2.385603
1.962890
1.990331
2.523648
1.941968
2.346496
2.142946
2.092531
1.989045
1.876686
2.031913
2.276251
1.741689
1.819618
2.287959
1.866067
1.834670
1.620923
1.591150
1.787001
2.073699
1.935340
2.127692
2.005521
2.134078
2.079726
2.191887
1.801106
1.861970
2.217196
1.976328
1.836939
2.438064
1.999086
2.048996
1.851756
2.289095
2.291394
2.052737
2.025882
1.868940
2.274783
2.129488
1.594649
1.994191
2.122602
2.105208
1.917337
1.963001
1.490466
2.064914
2.061068
1.706484
2.111736
2.060418
1.825300
2.151916
2.269219
1.844355
1.962188
1.826038
2.119425
2.124654
1.984913
2.220090
2.163995
2.268597
1.866705
2.307976
2.034093
2.004582
1.684372
2.102271
2.050685
1.981837
1.683360
2.151898
1.848065
1.855260
1.867316
1.910408
1.824464
1.979047
1.878095
1.997565
2.116992
1.976175
2.169502
1.919333
1.711599
2.144376
2.223480
2.019657
1.688553
1.897659
1.901988
2.194105
2.185328
1.844978
2.105876
1.765911
1.899070
1.723419
1.665044
2.214359
1.822003
2.031740
2.144306
1.925509
1.948391
1.839525
1.993541
2.302974
2.043678
1.903480
1.917454
2.194419
2.340493
2.253095
2.008331
1.989327
1.746266
1.910352
1.995961
2.102263
1.587330
1.942310
2.131668
2.354638
1.921650
1.824243
2.380866
1.687058
1.693844
1.904289
2.205041
1.934349
1.832052
2.060849
1.995742
1.868540
1.772989
2.274429
1.775717
2.104373
2.182149
1.722789
2.251908
2.013389
2.175049
2.097255
1.889003
1.818311
2.164263
2.074379
1.618310
2.220865
1.816573
1.654975
1.917979
2.005225
1.966475
2.151497
2.101077
1.742158
2.084175
1.786909
2.247230
2.034802
1.858473
1.817140
1.879483
2.411214
1.860632
1.903899
1.899669
2.260947
2.118241
1.945144
2.172725
1.967417
2.026888
2.143427
2.188921
2.019055
2.001665
1.922560
2.048356
1.839101
1.977209
2.074134
2.014273
2.009322
2.166499
1.925041
2.087388
1.869710
2.287217
2.025093
2.170531
1.876876
2.154870
1.752594
2.482870
2.090556
2.147144
2.130484
2.073105
2.114904
1.902190
2.316259
2.194265
1.897793
1.982728
1.980136
2.024173
2.199004
1.869067
2.147589
2.192588
1.710452
2.047211
2.008506
2.311842
2.220071
1.939840
1.958862
1.996719
1.825120
2.045884
2.338648
1.882924
1.857691
1.964885
1.991974
2.395225
2.236663
2.230741
2.259283
2.011939
1.764652
2.019155
2.146916
1.888346
2.205734
1.987006
1.751339
1.740194
2.274447
2.061072
2.179619
1.745592
1.911238
2.194240
2.131750
2.149080
2.090912
2.334118
2.067645
1.756913
2.091773
1.593077
2.304847
1.944952
2.101288
2.049160
1.690890
2.083986
1.897367
1.880870
2.132817
1.956753
2.362602
1.975216
1.838909
1.892787
2.175328
2.212146
2.360701
1.837589
1.721707
1.932819
2.050933
1.998634
2.008382
1.896132
2.718418
2.011762
1.987425
1.871528
1.969143
2.004619
2.109770
1.601817
1.915984
1.970684
2.301440
2.020308
2.020638
2.285274
1.530262
1.584496
1.850779
1.927874
2.079177
1.982739
1.795404
1.993422
1.843161
2.014445
1.818637
1.986099
1.896077
1.770655
1.825039
1.867798
2.040917
1.909372
2.250309
1.789346
1.853151
2.243699
2.029334
1.754006
2.012039
1.913416
2.047621
2.322340
2.085236
2.233524
2.083943
1.979830
2.207091
2.185645
1.714888
1.783058
2.201076
1.984372
1.896395
1.858868
2.183002
1.963742
2.112416
2.521017
2.209528
2.069537
1.874686
1.650097
2.332822
1.931690
2.022171
1.631070
1.798872
1.866888
2.148093
1.680588
2.047863
2.089223
2.350457
2.003181
2.109912
1.992893
1.728968
2.117064
1.731661
1.515541
2.021246
1.849611
2.343279
2.001726
1.664272
1.731334
2.032181
1.925325
1.822185
1.952284
2.201995
2.072089
1.857720
1.596040
2.036985
1.963762
2.255658
1.578150
2.058483
1.983342
2.115955
2.187395
2.075052
1.744140
1.952962
2.302445
1.735694
2.035429
2.493701
1.988719
2.305635
2.113490
2.276040
1.601373
2.250590
2.049031
1.481853
2.198871
2.005367
2.277996
2.171632
1.811107
1.989787
2.140197
2.385605
1.912522
1.957167
2.129160
2.176992
2.377100
1.713404
1.990577
2.095916
2.047649
2.067644
1.941140
2.390598
2.320987
2.112752
2.275324
2.107794
1.964053
1.884503
1.834829
1.979742
1.796245
1.909625
2.213298
2.159606
1.833767
2.089593
1.978884
2.320610
1.766449
1.832465
1.712057
1.840806
1.795534
1.798251
2.376732
2.045076
2.600997
2.104155
1.915295
1.931007
2.354975
1.928576
2.058730
1.992760
2.350499
2.055814
2.268138
1.839704
2.098320
1.739265
1.999450
1.866215
1.753728
2.073913
2.099005
1.826189
2.097043
2.155944
1.756521
1.790187
2.284566
1.810442
2.093356
1.975530
2.033067
1.896806
2.067781
2.056647
1.891086
1.887068
1.855666
1.816936
2.236358
1.994141
1.871612
2.466728
1.909284
1.712478
2.278316
2.204852
1.756868
2.104526
1.938952
1.845699
2.363972
2.119182
1.890267
2.047592
1.848757
1.695018
1.863477
1.951996
2.089335
1.751492
2.051017
2.159466
1.938307
2.121832
2.161334
1.965406
1.853075
1.824440
2.027648
2.117286
2.251521
1.768866
2.118872
2.043064
2.226647
1.924596
1.842313
1.738434
1.919034
1.946974
2.160528
2.132717
1.687135
1.574123
2.373476
2.120841
2.158460
1.885954
1.907232
2.205101
1.948439
1.948748
1.874957
2.026997
2.298477
2.162935
2.255520
1.730563
2.096372
1.970019
2.106423
1.774404
2.073055
2.214166
1.480982
1.971711
2.430399
2.033852
2.162638
2.050464
1.915062
1.653403
1.958299
1.898394
1.872441
2.010135
2.065218
2.168864
1.894332
2.415194
2.225027
1.991937
2.105197
2.016747
2.300496
1.580698
2.233913
1.706449
2.010483
2.167178
1.973610
1.906857
2.311034
1.873346
2.319292
1.864806
2.045237
1.948375
1.684643
2.061709
2.203904
2.212900
1.973423
1.979804
2.230663
2.023162
1.988763
2.027367
1.851190
1.894649
1.790856
2.224609
1.834000
1.521548
2.365068
1.745158
1.913187
2.489208
2.100975
2.081339
1.827491
1.856851
1.975503
1.796467
1.936282
1.793775
2.017407
2.237920
1.865561
1.707068
1.827387
2.126212
1.759720
1.905372
2.337339
1.676720
1.637040
2.103459
2.213378
2.119496
2.101937
2.000806
2.090868
2.037465
2.203654
1.694151
1.671363
1.606711
2.007091
2.120193
2.251697
2.592405
2.647526
1.786301
2.011089
1.822787
2.167192
2.381073
2.026828
1.793010
2.345604
1.905441
2.302708
1.675416
2.250867
1.741635
1.963891
2.267036
1.764116
2.032022
1.658082
1.995827
2.248855
2.102156
1.999133
1.630158
2.185333
2.347964
2.613964
1.923291
1.874856
1.756585
1.563770
2.384648
2.129906
1.777962
1.841236
1.690847
1.931179
1.778435
2.083693
1.878751
1.881967
1.979667
1.980025
1.879102
2.005714
2.234135
2.190753
2.129604
1.959231
2.104874
2.139587
2.091536
1.926124
1.832098
2.171204
2.025813
1.912014
2.293163
1.872752
1.832361
1.981020
1.950572
2.161253
2.207959
1.882692
1.865294
1.917876
2.030953
2.069102
1.694616
2.139199
1.848327
2.132039
1.813022
1.803366
2.008876
1.950364
1.791800
1.873805
2.090126
2.079508
2.215537
1.832884
1.634368
1.935828
1.921903
2.181044
1.715095
2.046745
1.694937
2.487027
2.024688
2.082474
1.665169
2.079561
1.647589
1.868148
2.037630
2.132151
2.255231
1.963472
2.255504
1.972241
2.114476
1.830576
1.927854
1.698810
2.363264
2.376104
1.858625
2.086542
1.825285
1.976759
1.807109
2.429724
1.976605
2.201448
2.085453
1.825903
2.043923
1.950281
2.029957
1.868989
2.286171
2.178205
2.044520
1.975772
1.935175
2.035864
1.767620
1.923841
1.886745
2.148801
1.719074
2.125649
2.064378
1.911366
1.752337
2.265224
1.764101
2.138015
2.349453
2.269098
2.232485
2.298870
1.761833
2.029221
2.128730
1.896430
2.148484
2.201968
2.101183
2.365802
2.041990
1.888052
2.110632
2.145013
2.050231
2.117005
1.901044
2.340164
1.781815
2.461944
1.923183
2.002509
1.896545
2.153245
2.027439
1.785473
1.968196
1.606218
2.165815
1.906184
1.767107
1.942223
2.029078
1.793355
1.884772
2.359255
2.197040
1.684931
1.954023
2.094661
2.010944
1.584217
1.842679
1.982177
2.037656
1.743418
1.756520
1.881734
2.021088
1.779311
2.025920
1.808614
2.206818
1.857195
1.872760
2.093146
1.937657
2.302123
1.951710
1.934078
2.070739
2.096170
2.046276
2.054861
1.964928
1.803577
2.144567
2.017191
2.132443
1.760705
2.185900
2.063763
2.174434
2.259770
1.683538
2.087529
1.884955
1.746360
1.823503
1.876911
1.916362
2.275412
1.978582
1.885984
2.072333
2.144869
2.084302
2.224058
1.907101
2.104205
2.039401
1.765526
1.788818
2.371843
1.961960
1.919758
2.024017
2.152037
2.309437
2.024221
1.802728
1.605976
1.996818
1.823926
1.732188
2.047892
1.723587
2.438318
2.017415
1.915465
1.787104
1.896031
1.960464
1.999247
1.869004
2.213321
1.970383
1.779394
1.906734
2.181286
2.036878
2.386024
2.044482
1.862360
1.829812
2.400508
1.953304
2.165729
1.971733
1.842420
1.741068
2.252078
1.812047
1.889328
1.586689
1.905173
1.993025
1.887030
2.036441
2.086010
2.020372
1.893924
1.951364
2.024613
2.135914
1.920248
2.328767
2.369112
2.117845
2.265365
1.972651
2.325747
2.214555
2.342401
1.996178
1.863222
2.134069
1.874318
2.065942
1.997487
1.999974
2.152106
1.890002
1.999336
1.845118
2.224248
2.228688
1.910171
1.981944
1.745442
2.036661
1.971205
1.768566
1.825292
1.642429
2.159143
1.708965
2.000098
2.092018
1.752908
1.984578
2.277912
1.944371
1.715506
2.093541
2.103740
1.672970
1.706372
2.560142
1.973819
2.044576
2.273038
1.921410
2.519504
1.893500
1.915706
2.175709
1.944594
2.029609
1.853301
1.896393
2.001276
1.801292
1.943436
1.496125
1.951289
1.774959
2.157418
2.272513
1.861833
2.217882
1.921047
1.831343
1.871929
2.242491
1.979661
2.102083
2.199745
1.776043
2.171168
2.049747
1.822771
2.091137
1.874441
2.101885
1.898980
2.081942
1.958655
2.023620
2.065524
2.092288
1.966670
1.939477
1.813651
2.013017
1.946781
1.718555
2.427089
1.726546
2.488832
1.850395
1.983197
1.853523
1.854840
1.914734
2.145493
2.073257
1.884730
2.027114
1.895955
1.675078
2.191243
2.039978
1.833582
2.036440
2.067316
2.040289
2.088596
2.041959
1.840787
2.121304
2.121508
1.689227
1.999527
2.227957
1.747934
1.674747
2.237885
2.100637
2.296326
2.116174
2.199134
1.996468
2.101520
1.761415
1.654677
1.926757
1.703769
2.071595
2.031168
1.767042
2.023053
2.099472
2.175679
1.806828
1.708326
2.469091
2.190770
1.750010
1.837830
1.946928
1.839627
1.927104
2.032744
1.826706
1.994060
2.033895
1.834599
2.383111
2.088334
1.793994
2.147818
2.128335
1.611467
1.689154
1.768322
1.574778
2.032397
1.960280
1.881752
2.205412
1.713684
2.220640
1.911375
1.986675
1.946652
2.120587
1.720054
2.152957
1.949288
1.818108
1.770236
1.793945
2.042317
2.088217
1.863437
1.805410
1.878142
2.022181
1.919163
2.007926
1.968039
2.206589
1.963257
1.901349
1.463969
2.003061
1.781517
2.134737
2.290018
2.241382
2.092228
2.113675
1.996729
1.704555
1.769345
2.380257
2.358886
2.618502
2.137801
2.116517
1.883716
1.811814
2.215630
2.351956
2.044005
1.810409
1.808268
2.235859
2.180819
2.093911
2.011045
2.071033
1.745444
1.790938
2.263639
1.601620
1.844479
2.019378
2.024333
2.078417
2.021727
1.988658
1.920256
2.024418
1.832398
2.254962
2.115077
1.972543
2.255005
1.674044
2.170219
2.042088
2.135238
1.806513
1.953693
1.728514
2.313720
2.087054
1.900782
2.075650
1.630397
2.183736
1.895289
2.107452
1.778211
2.112452
1.889647
1.986196
1.975952
2.295259
2.461536
2.443098
1.937223
2.075331
1.765786
1.758969
1.800429
2.287962
1.827077
2.152226
2.140896
2.036485
2.465161
1.704369
2.219205
1.724862
2.057823
2.042002
1.932240
2.242269
2.087576
2.122509
1.926826
1.971025
1.808948
2.500258
1.786672
2.054007
1.696857
2.158482
1.866817
2.375823
1.759102
1.737553
1.971268
1.951640
2.439701
1.833452
1.696080
2.133357
1.878716
2.084690
1.739032
1.927442
1.892610
2.353023
2.161017
2.467234
2.084918
2.064823
2.022330
1.969848
1.969211
2.122111
2.259927
1.626241
1.639081
1.897375
1.744776
1.881224
2.056099
2.275798
1.709062
2.142696
2.259648
1.985640
2.393131
1.802662
1.618250
1.939983
2.286892
2.096510
1.683936
2.219029
2.037657
2.247945
1.568252
1.991018
2.001016
1.742728
2.254615
2.259589
2.123473
1.770416
1.608769
1.480547
2.055032
1.853307
1.928910
1.893835
2.144616
1.954028
1.856245
2.266031
1.718721
1.944810
2.331125
2.448460
1.919349
2.160528
2.063864
1.816795
1.517966
1.898429
1.793223
1.897476
2.434711
1.983905
1.756959
2.206953
1.935905
1.971384
2.112765
2.139693
2.145668
1.832062
2.147471
2.212345
1.692658
1.852480
2.317904
2.122174
2.029125
2.105468
1.936644
1.967598
1.867550
1.720565
1.837172
2.004224
