1.288538
2.530605
1.680935
5.756243
0.897118
2.147454
0.470188
0.494808
7.711248
1.608703
0.891968
3.569440
4.253184
2.485877
2.316349
6.809858
5.057137
9.288888
1.555634
1.583984
0.440614
1.519728
1.475892
2.140409
2.668235
1.575002
1.129953
0.492102
3.041409
0.936487
1.691475
1.983961
3.744944
1.452326
1.437385
0.814280
3.952941
3.751328
1.993380
8.059016
0.990351
1.194233
2.538641
0.687430
3.100797
1.484053
0.345832
0.513550
2.139239
2.076889
1.799246
0.566424
0.615621
2.787380
0.233460
1.178884
1.421600
3.754639
2.053771
1.621315
3.867205
3.548409
1.828505
4.347835
3.819711
4.352906
0.713910
1.774126
4.134642
0.532334
1.135285
0.676900
1.359456
1.900918
1.569996
1.606984
2.120113
2.338790
1.558477
0.392006
1.287638
1.815172
1.723735
2.398373
3.387352
4.601200
3.638353
2.006928
1.966799
0.975828
2.362903
0.392181
1.793199
3.625412
3.022357
2.664104
2.110129
2.789508
1.511773
0.874244
3.136427
1.538272
1.727525
0.225085
2.183831
0.138390
0.741466
3.565795
1.978406
1.312764
0.887394
0.711716
4.885912
2.535419
0.542421
0.233510
2.436033
2.871982
0.853942
1.296015
1.063053
0.388354
0.266392
1.734808
3.454792
2.585323
5.329077
0.206411
0.685928
0.672170
0.857805
5.299112
1.127903
3.035369
2.854841
0.257610
0.697034
3.271910
1.373728
0.819838
0.451177
0.731565
1.038715
0.299076
3.742636
0.812996
1.342019
1.310100
0.980291
3.456072
1.402721
0.063814
0.351329
3.062858
1.523917
2.278559
0.386578
1.575619
0.799219
1.440826
1.837131
1.403056
2.033309
1.383427
0.877544
1.192519
0.757962
0.508856
4.934461
4.098475
0.732557
3.882501
1.031213
1.015247
3.137067
2.196275
0.766765
1.027092
2.735467
0.353411
0.259173
7.331841
2.273257
3.246321
1.153348
2.913058
1.953399
3.966762
1.642220
2.641886
4.342339
3.035040
0.897754
1.356657
2.708959
0.425345
2.619252
3.902831
0.420364
1.986969
0.359208
0.653589
5.100067
1.245607
1.667272
6.219087
1.359402
1.567817
0.759714
1.867569
2.516652
2.514000
3.762099
0.636955
1.715879
3.133103
1.679233
4.437557
1.173398
6.647491
0.513444
3.178210
6.096834
0.704478
1.896438
1.106902
1.131830
4.067655
0.852021
1.359031
1.709168
2.342676
1.687379
0.887766
0.576717
1.984269
0.626622
1.226950
2.450008
2.514438
2.919749
3.656059
2.582532
2.565619
1.409814
1.729514
3.335406
1.494981
0.665992
1.281427
1.601225
0.719341
1.448412
2.493808
2.031202
1.434586
2.249374
2.456814
5.501718
5.516288
1.118557
4.985794
4.041099
3.135157
1.106803
0.961362
1.360258
0.989573
5.594669
1.785294
1.362472
4.000862
1.342770
2.180413
1.480671
1.023219
1.695412
1.965201
1.788710
0.791217
1.161196
0.897073
3.799906
2.880529
5.273968
1.121895
2.387601
4.013073
2.378413
0.500907
0.870342
1.037140
5.411131
1.260872
0.415244
1.299548
0.492030
2.492401
2.788700
0.718609
2.804426
0.888724
1.200252
0.674667
1.376721
0.811778
2.758956
0.279135
3.084740
2.114373
1.866095
0.413572
3.040858
1.486244
2.299573
2.880040
5.137940
3.182697
0.799175
1.155170
0.682678
1.436600
6.271852
0.510835
1.615193
0.858894
1.540362
0.575260
3.895763
2.401807
0.776852
0.576966
6.714850
2.524392
1.388608
3.135516
4.568791
0.573883
4.324198
1.016403
1.015823
1.122194
1.339948
3.369221
3.113988
0.192330
2.548820
0.722570
2.017097
0.735207
1.817874
0.868713
3.196284
2.720121
2.060007
1.408695
1.594756
2.778369
0.759095
0.553818
0.777088
0.747060
0.499747
1.363406
1.271261
1.502459
0.728974
1.441626
0.427988
1.869146
1.135314
2.759780
0.726018
2.549747
1.839649
1.916357
4.066078
3.751635
1.992896
1.294081
1.817622
0.904627
6.450282
1.112544
2.096768
1.359002
1.859387
2.350321
0.260238
7.571560
2.000830
5.956104
0.795686
2.833019
2.127010
0.074868
2.620348
1.393236
0.975281
1.858219
1.349385
0.528527
4.125432
0.812343
0.105939
0.920099
1.737694
2.058803
2.551360
0.764030
0.828279
1.189914
1.212437
0.481128
2.294272
1.646720
0.850308
0.468492
1.015992
1.732684
1.050417
0.936425
0.480473
3.511487
2.990205
2.791278
1.271412
1.677732
0.858035
1.906668
1.190358
3.928055
4.179526
0.508574
2.359669
0.295203
1.177435
1.431814
0.883659
0.604535
1.390141
1.901841
0.352710
2.026253
0.950271
1.273274
0.934258
2.650910
1.212477
2.592448
1.898922
0.879181
3.631156
0.851621
1.531026
1.697079
0.685348
0.666852
3.602193
1.471366
3.665199
1.527341
3.324538
1.020046
1.586062
1.780863
0.800555
0.880526
1.116555
2.110940
3.507367
1.453322
3.192068
0.834956
1.018520
1.523073
0.478209
1.830556
3.819577
0.735945
1.127916
2.375052
1.300017
2.918975
0.370395
0.326792
2.238756
3.497350
0.397124
1.252716
0.638210
3.062855
0.894332
0.612217
1.378768
0.933128
1.079062
1.837591
2.191390
3.156890
1.057289
3.008420
1.487295
5.531902
3.171941
2.043561
1.809564
2.379443
1.792057
1.239906
2.224706
4.701699
1.526635
2.948481
1.398546
2.833687
1.176797
2.286733
3.652710
1.845453
2.035211
1.432275
0.758257
1.396918
1.191743
1.308392
0.576720
0.863103
3.223484
3.808822
0.587061
1.696646
1.578601
2.442477
1.569406
2.739675
0.603264
3.181557
0.899575
0.990746
2.108841
0.217779
6.107478
1.906487
2.034195
1.916411
0.870469
0.707756
4.705025
1.709068
1.198342
2.336365
1.488751
2.653809
0.456737
1.009978
2.782596
0.292063
1.436201
1.175705
4.455522
1.978713
0.879622
1.499180
0.375214
2.303011
1.312806
2.259866
1.318012
2.664864
2.657797
3.949917
1.208294
1.402589
1.290292
1.301372
3.309181
0.690221
1.302626
0.824393
2.458630
3.937758
4.035378
2.254621
3.002785
3.094099
0.649549
3.727799
0.754403
0.532979
0.641402
0.933097
1.228660
1.308072
3.409093
3.448246
9.478112
4.379124
3.254743
3.303003
2.903510
2.508567
1.053316
4.748823
3.174850
3.343751
3.723181
2.406621
2.713827
2.850940
1.990555
6.307455
8.182726
2.277900
1.439303
0.462255
1.758534
0.896508
0.515390
3.817130
1.914342
3.302868
0.313812
2.738650
2.802123
2.833500
0.536234
1.835323
0.986606
1.275361
1.687747
3.139832
2.311402
3.443932
0.665294
1.375027
3.956158
2.036942
1.147640
1.420967
4.308008
1.784084
2.121004
1.481973
4.463819
1.962972
1.681994
0.837069
1.737956
1.064330
0.720107
3.688315
1.242807
5.171220
0.356832
1.727734
0.104112
4.511345
1.717004
8.498932
0.976685
0.615505
1.625592
1.376079
1.196314
1.764045
2.377571
0.927584
3.135880
4.439883
1.290950
0.570498
1.779678
3.727067
1.536643
1.886124
3.643152
2.075079
1.078133
2.534661
0.594127
4.685945
0.788814
1.325506
1.024016
0.218255
2.395579
6.167538
3.100407
2.533039
0.840102
2.297290
1.732375
1.249285
0.660623
0.982638
2.901078
2.119753
0.490722
2.357119
3.474378
1.539894
1.607521
1.691495
1.093037
6.636882
0.717008
0.393652
4.639069
1.241907
1.783463
6.518625
3.235539
2.634448
0.471609
2.080517
4.125889
0.557198
0.170117
0.999509
1.411366
1.016660
0.174277
1.777588
0.303187
1.594364
1.928318
1.076331
1.931706
4.219089
1.615164
0.897088
0.770681
2.122904
3.056029
0.915758
4.306664
2.434318
2.186969
3.080827
1.316938
2.498110
1.552206
2.144139
1.621473
0.709463
7.116222
1.316688
1.828900
1.457888
3.006705
1.586648
3.437527
4.788987
3.823986
0.420609
0.561528
2.250088
1.089779
0.197789
1.038371
7.340402
0.697776
0.661073
1.334888
0.288504
3.312452
1.297158
0.179698
2.176428
7.403037
4.707192
1.854366
0.301340
0.426799
1.067111
2.852861
2.607693
1.529154
1.084313
1.183968
4.175691
0.164014
0.242198
3.117656
0.439211
4.728627
1.181735
2.276555
3.057528
4.845366
2.064800
1.144073
1.373738
2.367319
3.169457
6.060611
2.053334
4.140667
1.036070
1.058460
0.481070
0.673139
0.776786
2.466586
3.131127
2.207126
0.880564
1.797768
4.881205
0.613646
2.814917
0.635285
0.383872
2.616812
2.899650
1.113248
0.901183
0.743056
1.353449
0.357378
4.137763
2.210068
1.711715
1.088240
2.925064
0.972070
1.730424
0.921990
2.352934
0.797146
2.104196
1.070096
3.647086
1.022911
0.988736
1.872709
0.258095
0.948000
1.712475
0.676562
3.925283
2.119344
1.039844
3.151795
2.674184
1.585414
0.771054
2.787009
0.535804
1.709913
1.134772
2.438345
3.276505
2.831652
1.955419
1.725257
0.500166
1.996181
5.103349
0.520584
3.573200
1.140309
1.398403
0.549989
1.442428
1.552792
4.475077
1.422840
2.372984
0.610617
0.605086
1.779436
1.192805
3.015062
0.837797
1.234075
4.552691
0.994433
2.724057
0.912780
1.230854
1.144337
2.339031
3.072261
2.344868
0.597348
1.828758
0.618047
3.946882
1.563676
0.589910
0.950114
2.376829
1.541875
0.643379
2.340570
1.060962
1.134264
2.105254
1.730294
1.936966
1.763125
2.118272
4.162486
4.051355
1.663309
0.413715
5.471592
0.806173
2.455069
0.232094
1.070979
3.106581
2.003559
1.595682
1.217841
2.669740
3.740607
3.318733
6.494997
1.058417
1.168709
1.590594
1.881501
1.640298
0.711894
2.324351
5.366032
3.166141
0.309233
3.417217
2.498795
1.619208
0.820415
2.140551
5.657621
3.809731
3.013689
2.019471
1.061020
0.586481
4.354702
0.732709
1.130894
0.568105
2.291517
3.556474
5.571356
0.322406
1.413985
1.903874
4.330603
2.625190
1.940010
1.319571
7.525066
0.555322
0.592611
0.892672
1.835700
1.545725
1.801495
0.380365
2.624952
3.362136
4.753837
0.313296
1.534332
2.702032
0.437914
2.137649
1.712637
1.721927
1.489707
2.794279
0.605043
5.926917
2.651769
2.296050
0.489614
3.505807
2.969033
4.366424
4.048513
3.657615
2.598820
0.493939
1.503138
0.274288
0.318027
1.435346
2.337198
2.184684
4.997469
5.098911
3.996189
1.096320
0.563520
6.613581
1.457787
2.398181
1.441782
1.866624
0.663427
1.398827
1.064250
1.308912
1.667033
2.675379
2.390498
0.911079
2.045382
4.543840
1.723569
3.726407
1.154370
1.419099
0.935318
1.052197
2.644013
1.317766
4.861675
1.162016
1.475574
3.726233
1.841615
1.542495
1.740703
0.438594
1.641802
1.112280
1.918958
1.055883
1.493604
0.303610
1.592375
0.520751
1.183111
0.803369
6.409546
1.008888
0.409847
1.774425
1.414045
0.400638
1.075559
4.793709
0.699880
1.337689
1.524872
0.912344
0.549062
0.242926
4.202760
4.157188
0.230465
4.028920
3.280693
0.436570
0.157048
1.200983
5.271200
3.805708
4.839881
6.882587
1.120197
1.148038
2.031219
0.785659
3.822618
0.612905
0.975083
0.779574
3.180101
0.548757
3.985124
1.640397
0.584455
4.953931
1.598780
8.062733
1.339563
1.013623
1.798742
0.854035
0.225282
0.467356
0.763452
1.288453
1.876202
3.787242
1.983871
0.294684
2.370594
0.330156
1.219194
0.648654
3.736886
1.381410
2.394350
1.498263
3.762279
0.236361
2.494620
1.807585
1.208292
0.897160
1.574784
0.778900
0.748767
1.336188
3.199939
0.730716
2.232469
1.556952
3.946422
0.673758
0.393222
1.361680
1.463441
1.801559
2.116837
1.562879
2.774618
2.103653
1.015869
0.878434
1.644583
0.487861
0.305517
0.403172
2.629933
3.039176
4.374201
2.562381
0.953125
1.073200
5.627261
3.064341
1.898266
1.870777
0.743389
3.037956
0.707234
1.415809
0.372781
0.986162
4.205794
2.120257
1.329292
3.337162
2.290264
0.254861
2.248845
1.175800
1.716278
2.425409
3.150991
2.127049
0.925597
1.741573
0.236067
0.360973
1.352121
0.743515
2.786141
3.999915
1.704842
0.859883
1.262954
2.234525
1.910005
0.705094
2.530436
1.404244
0.933301
3.185510
2.290031
0.159896
2.311131
3.616904
2.291371
0.612830
4.062948
3.428633
3.142122
1.186957
3.050947
0.705259
1.220689
0.762945
1.694391
2.157263
1.632781
1.046388
0.668610
2.206276
0.938562
2.039099
1.407209
1.920490
3.342722
2.328278
2.020473
2.715977
1.642039
2.956269
1.205185
2.368728
2.335926
0.383072
2.765653
6.458925
2.788449
1.706456
0.659264
1.189983
0.635330
0.750598
4.417575
2.571912
0.789359
0.884459
1.918283
0.273380
2.819335
1.768567
0.846625
3.107820
4.122055
1.728759
1.183286
0.822060
3.494774
1.270021
0.590313
2.345354
2.683242
3.486236
1.272879
1.360060
1.103177
1.443723
2.265044
1.718949
1.789627
0.218350
1.817321
2.521047
2.328607
0.507617
2.104239
2.427084
0.961448
0.992501
4.491551
0.638890
1.649242
0.423889
2.504689
3.859089
2.329020
0.389083
1.534746
0.303805
1.471030
3.282502
2.762215
1.703347
2.665148
1.495561
5.137737
2.889397
1.546858
5.437850
0.564367
4.025604
2.539790
0.280167
1.321945
2.780524
3.063973
0.604004
3.368117
1.004087
0.232650
0.418822
2.162591
1.824143
0.596608
2.813508
1.568386
0.635769
1.225858
1.666718
2.494242
2.135362
2.326073
1.984370
0.579772
2.026612
1.782096
1.908310
2.705042
4.136522
0.975311
2.061866
2.134948
2.458369
0.173982
3.210768
2.519333
0.784405
0.259400
2.667138
0.913799
1.208307
4.711879
4.262803
0.989414
0.372749
0.256769
2.177439
1.062702
0.590970
1.556400
3.888891
3.923773
1.247328
1.628991
0.498138
3.165394
0.606676
0.889459
0.769336
1.541711
5.322980
0.295698
1.109590
0.873388
3.566826
1.913744
2.039655
1.394009
0.839566
2.270653
1.424495
10.043590
1.906682
3.211613
1.299718
1.097618
1.979996
2.450527
1.780998
1.903322
1.048833
1.481552
3.837697
0.403269
0.636695
1.070462
3.796014
2.138613
1.379454
0.868529
1.128870
1.899039
3.342194
2.711985
1.274833
0.521495
1.136611
5.829348
0.611405
1.434281
1.926376
1.400568
0.800237
0.687556
1.915618
4.371076
3.635648
1.462077
0.967826
1.665516
4.365448
3.070786
1.334480
0.524342
2.491154
1.677378
1.519247
4.108595
0.264331
0.034213
1.201710
0.799247
1.334911
2.780308
2.083424
5.731348
1.123470
1.598738
4.401595
2.468133
2.438333
1.638859
0.312956
0.726987
3.936791
2.728157
3.379698
1.130509
2.764616
0.673528
0.836993
8.650441
1.771355
2.720503
3.717622
1.176066
1.633465
1.202197
3.799929
0.170397
4.841659
2.277591
2.318702
0.421038
1.219769
1.322480
2.484962
3.263102
0.243930
1.526125
1.101610
0.874353
1.124198
1.633416
0.368159
1.596008
0.127466
2.443535
1.977777
0.747434
1.056969
1.296284
0.458932
1.244673
2.822685
2.455169
2.090797
5.312553
3.755340
1.625204
2.919297
2.147901
1.958920
1.481467
6.956066
4.961229
2.126788
5.324430
0.831919
0.764481
3.122745
4.844594
2.126148
0.629659
3.836785
0.849662
0.853849
3.327434
1.145132
1.166520
0.601260
1.784403
3.092906
5.536509
4.132226
1.585069
1.015873
0.687575
1.805405
1.834486
1.353341
1.457184
0.907908
1.802475
0.802657
0.892922
1.141005
1.790729
3.117220
3.426273
4.967042
0.815317
0.797142
1.218465
7.900639
2.404597
2.759831
6.367003
1.180343
1.965723
2.737153
1.565042
0.926165
2.266505
0.906244
2.843219
2.050454
1.956523
3.087159
1.263267
5.532187
1.179784
0.422382
3.408707
1.324478
1.276429
3.524893
1.940673
1.710621
2.698880
0.756424
0.753476
0.637859
1.324187
1.525096
1.759157
1.133092
2.536307
2.182422
1.159390
0.623339
2.296086
0.927636
2.202134
2.805035
1.520368
2.676920
1.735794
1.723374
1.471035
0.587286
2.481059
1.808056
1.392423
0.803217
2.226219
1.450836
0.222090
3.404881
2.908654
2.134516
1.548970
5.697818
1.384170
3.134091
6.814011
4.343309
1.208492
1.680567
1.675085
3.946609
2.505809
3.626905
3.063093
2.459182
4.783620
4.838659
1.922063
1.141814
1.532360
0.436950
1.685818
4.286431
0.434887
2.933639
4.724796
2.266156
0.550902
0.528938
2.856716
2.300637
2.504175
2.181562
2.861283
1.373839
0.404192
1.766116
1.767506
1.144966
0.975376
5.615719
4.200367
2.149300
0.391986
1.292275
1.219406
4.108675
1.199428
1.180006
0.138371
1.511076
0.809943
1.352065
4.216916
1.775045
1.153483
1.171559
2.113716
2.008303
1.250150
1.224294
0.822747
1.908497
4.954296
1.639778
2.648741
2.251654
0.481287
1.397224
0.476198
1.692056
1.453305
0.750037
0.435009
0.876402
1.446661
1.682658
0.458677
2.114004
4.092146
0.789120
0.138943
3.622849
1.925162
2.223954
2.636020
1.918737
3.641219
1.216356
3.753021
1.183850
1.151038
1.257932
1.800401
1.057955
1.184762
1.489549
1.158790
0.271246
0.751270
1.348655
1.215863
1.428003
2.885039
3.402010
0.822176
1.958081
1.246936
4.166612
3.064063
2.432828
1.507627
1.048521
2.439004
0.820282
0.553183
0.745335
0.872716
0.166951
0.268068
2.387162
1.924327
0.610363
1.895713
3.096339
3.123615
4.027180
4.407022
1.876623
1.210113
0.961094
1.722447
0.706673
1.999864
0.879968
1.593604
1.525214
2.257907
3.612742
0.529527
1.743972
1.453818
1.069190
1.444962
0.788649
2.269516
1.489638
2.979530
1.752589
1.173415
5.474633
4.375643
1.691400
1.791245
2.919279
0.927242
2.816866
0.731867
1.375188
2.327375
7.060778
2.164700
4.398977
1.542371
2.638293
1.855678
0.241295
1.233928
0.103422
4.611713
2.498643
2.870561
2.021072
2.918402
2.211191
1.258053
0.498752
0.836966
2.435916
6.734234
1.475493
0.993765
0.226083
2.089802
2.359306
1.611478
0.999715
0.427763
1.080858
0.594826
3.085945
4.836838
0.616030
2.792427
1.519593
1.104875
3.077789
1.263474
1.727136
2.142442
1.099643
2.192735
1.454836
0.216152
3.718763
1.136560
2.320164
1.875031
0.797082
0.356461
0.993431
2.153313
2.989165
2.493527
2.757505
0.325076
1.300638
1.770798
1.375272
1.391167
0.620331
2.840873
1.968873
2.293007
2.584663
5.468397
2.277772
3.008854
2.845475
2.160031
2.643577
1.301248
1.647230
3.683216
1.021172
1.656700
1.180374
2.067637
0.180982
2.112175
2.320127
0.409810
5.771839
3.243705
1.405437
0.513239
0.179258
2.348443
3.939674
0.530684
0.767226
0.817161
1.016199
3.947934
1.985299
3.186478
2.082648
2.585985
0.386638
1.628782
4.147430
0.889826
1.499457
4.188407
0.365984
1.089293
1.670962
4.263569
2.728041
1.953697
4.530350
0.629774
0.334153
0.490004
2.569262
2.757009
3.118110
2.480229
1.187041
4.961687
1.079919
2.008017
0.526148
0.752256
1.405996
4.160714
1.206897
3.040650
1.605952
2.508416
3.562095
1.176188
5.534600
0.858047
2.327798
2.312210
0.340144
3.383703
2.345085
0.706696
2.749638
1.485527
2.083889
0.674917
6.735988
2.703812
3.872324
1.036559
0.974818
3.617842
1.410370
1.695977
1.745854
0.726661
1.764818
1.489271
0.835404
0.914849
1.650551
1.631540
2.193119
0.447316
0.906532
4.217319
1.010879
1.603329
0.913787
1.179304
1.292691
1.788452
1.713362
1.119912
3.039012
1.020311
0.810406
1.417446
1.038810
1.899119
0.719145
2.496049
1.044097
3.323439
1.404787
0.737362
0.100140
0.573519
0.797187
2.914014
2.650647
5.055502
1.133214
3.012122
0.473315
1.080303
2.671103
2.498459
1.852833
0.515651
2.803191
0.671293
1.390928
2.449673
2.401467
2.355287
3.692629
4.463858
0.415707
4.115771
2.276947
1.655862
2.145227
1.571491
0.671407
1.589686
1.850707
5.357101
0.292421
0.557740
1.680278
3.128665
1.835646
0.703540
0.274755
2.770715
3.249675
6.519669
0.859014
1.318710
6.023033
0.323177
2.653268
1.403861
1.270375
2.062949
1.599742
0.575379
1.251736
5.325980
2.669408
2.846100
1.639549
1.474633
0.628097
2.379315
1.664065
1.107470
0.346521
1.886655
0.504776
1.554085
0.675453
0.692610
2.610957
1.341432
1.104878
1.126162
0.082575
1.162135
0.647258
3.675455
2.086771
0.333996
1.763584
0.533755
2.322263
2.620786
1.323731
2.344826
1.942996
0.685242
2.443280
2.242422
3.626334
1.482480
1.881532
1.289248
0.828358
2.574485
2.411511
4.367422
3.828736
1.756472
1.207843
1.152249
0.510738
7.224992
1.025265
0.589371
0.888254
1.289230
6.877656
3.694944
3.679938
1.575234
0.820302
0.525021
0.798635
2.385404
0.530971
1.655132
2.629499
0.700064
3.400937
3.019945
3.184049
2.151232
2.772334
4.450491
1.030856
1.415158
2.996099
1.170355
1.175004
1.184373
2.579803
0.862937
0.709512
1.739818
3.649078
3.531631
1.488205
2.324854
1.075304
5.442425
1.657782
1.897536
0.822502
2.020957
1.526805
3.603598
0.705782
1.732603
1.591286
0.993108
1.019167
2.454753
1.675772
0.903388
4.197416
4.645602
0.776209
2.890499
1.564730
1.576929
1.146365
2.268382
0.629695
1.949181
0.611562
0.765570
1.381638
1.937258
0.748664
1.720775
0.781309
1.775301
1.335008
5.919309
1.771647
1.562908
1.215085
0.827632
1.950051
2.563850
3.550182
0.769028
1.707271
1.258232
3.314346
0.847421
0.537747
0.437557
0.636096
2.248018
1.327331
4.613108
1.861394
2.547372
0.722662
1.079780
1.061342
0.975713
1.602952
2.652456
1.621585
1.692652
0.141542
1.059138
0.470143
1.894198
0.220555
1.190377
3.269247
3.274910
6.386466
2.552351
2.147562
1.466645
1.484734
2.065067
1.538948
1.202298
1.175094
2.678948
0.879687
0.191923
0.613623
0.949083
0.463430
1.520954
3.300784
1.543193
0.864339
0.783768
1.172046
1.635730
5.179943
0.560795
1.839664
1.033063
0.927844
0.317708
0.599325
1.486119
4.252701
4.558042
0.710910
2.273796
2.423975
1.874367
2.853185
1.897100
1.458517
1.970733
0.728405
0.551112
1.443518
0.937679
1.987450
0.462849
1.260777
0.219115
3.360416
0.443299
1.585312
2.227610
3.524497
0.711977
1.167321
1.317822
2.129162
0.341724
3.619802
2.726281
2.838020
4.949192
4.018971
0.308928
0.413599
1.426164
1.842869
1.311089
2.491913
3.371328
0.581433
0.170500
2.357460
1.028933
1.370073
1.399885
0.077245
3.122996
1.584767
1.547635
4.120028
1.924144
3.644298
2.796671
1.981586
2.296443
2.415076
0.755087
1.659325
1.950507
0.275322
2.990715
2.225590
3.267543
0.413096
0.891812
1.688177
1.204177
3.104132
1.228679
2.135508
2.228693
1.622012
2.065775
1.327224
1.481360
1.405103
3.896617
2.399691
1.376572
3.289570
1.633413
2.597536
0.524787
0.539875
1.763002
0.900503
1.129397
2.112906
0.620745
3.009589
1.919922
3.067005
2.267425
4.425230
1.861847
0.937164
3.034941
2.206479
4.435447
1.162245
1.272099
1.439190
1.743696
3.189265
1.065051
1.226446
1.149010
2.685390
0.916843
1.135989
1.567331
0.373732
1.935692
1.665164
3.878927
1.466180
0.466563
0.725246
2.625590
2.494936
1.951559
1.378570
3.599208
4.492133
0.215501
1.589860
3.949052
2.523792
1.189234
1.726301
0.585686
3.228325
1.183098
1.869434
1.403685
1.545682
0.977152
3.381051
5.203965
3.032612
2.507228
1.120498
2.001973
2.591184
1.340648
3.492243
0.811715
0.280048
3.099471
0.695256
2.104256
5.591644
1.694095
1.350996
2.630534
0.276936
2.483426
2.390885
0.974202
2.681230
2.882777
5.295730
2.472558
0.165974
2.367561
0.542013
1.343729
0.386178
1.254927
3.200985
1.342054
0.817189
4.369346
0.206553
1.735889
6.007932
2.183137
0.877285
0.792695
5.442902
2.355144
2.808810
2.521682
3.411539
3.833375
0.468042
0.359591
2.007305
3.823658
0.924029
2.501829
0.386482
0.931362
1.551251
0.212495
1.331479
3.168409
1.875587
1.906683
1.212796
2.831539
3.229732
4.519917
0.657261
0.666392
2.146406
2.227142
0.935589
0.932758
0.624968
0.368336
2.362199
1.534478
1.703716
0.674724
5.718181
0.292411
0.332113
1.017553
1.056342
3.135870
4.805437
0.661289
1.898498
1.741933
3.650325
0.734285
0.440465
2.821308
0.530760
2.288946
2.229514
0.789773
1.299354
1.408686
1.274133
1.754797
0.530038
0.854434
5.561504
1.664633
0.566864
1.169353
2.458019
0.139420
0.462691
1.270585
3.454022
1.199172
1.750008
3.748086
3.403537
0.750242
0.375821
0.730358
3.331438
0.620973
2.026731
0.715372
1.907520
0.976601
3.795464
1.864263
0.807863
1.371688
0.555529
0.607730
0.072546
0.393671
1.564520
3.693978
1.388405
0.143717
1.341499
4.899608
8.051584
4.997985
1.433598
0.558119
1.038833
0.718260
1.349535
2.889305
5.492177
0.467767
1.205542
2.946112
1.001762
3.569890
3.129736
1.874737
0.871312
3.851287
1.909147
0.878832
1.714023
3.831286
1.536452
1.444329
6.854768
2.962530
2.414440
1.680274
1.641100
1.361153
0.761482
0.942814
1.611507
0.932815
2.649998
0.921373
5.613223
1.850904
4.028110
2.390736
1.501185
1.145171
0.108657
2.559082
4.573700
0.331603
0.546136
2.685857
0.278136
1.098330
1.883480
0.618898
0.512810
0.874594
3.389638
1.104281
2.612312
0.810392
1.827192
1.192777
3.661936
0.924294
5.770326
2.431064
0.898682
1.497381
0.828061
1.454249
1.400783
1.846377
0.969601
0.777976
2.754657
1.634661
1.886503
3.996788
3.458207
0.722706
0.348674
4.384198
4.549338
1.198222
2.117846
2.631075
0.300436
0.221627
2.540327
3.900566
0.570743
2.191402
2.344315
3.502219
1.848304
0.683268
2.562718
1.435303
0.273868
1.841652
1.680009
0.976218
0.383839
0.674213
7.679408
0.808000
0.741561
3.572364
0.466362
1.320645
3.192780
0.751266
0.881765
0.243907
0.182595
1.051680
1.115274
2.529803
1.279979
0.376266
0.873711
5.359086
2.948695
1.916887
1.485966
1.822201
0.614902
1.758902
2.981171
1.586094
1.941487
1.971154
2.804934
1.793702
2.097348
1.740062
1.830965
0.349491
4.955890
2.448126
0.612413
3.354967
1.725457
1.610925
1.732206
0.822930
4.143575
1.787866
2.130561
2.686198
2.078432
2.824145
1.146488
1.690284
6.165419
4.257058
0.856435
0.859535
0.868141
0.726181
3.991178
0.630133
0.697777
3.145724
2.407660
1.318056
2.436467
0.528575
1.806984
4.090134
1.064873
1.009171
2.316069
1.169442
2.794473
4.464972
2.538563
4.814498
1.707734
1.315220
1.835139
4.686379
1.084292
5.034323
0.694717
4.500399
3.108933
3.157243
0.441502
0.302528
2.592032
1.387566
2.169331
0.855775
2.003305
2.105096
1.380086
0.739437
0.388815
4.626054
0.990029
2.349866
1.243344
0.711406
6.146388
1.719145
4.356148
1.963740
8.306794
1.676316
1.651898
3.166676
2.383013
1.554310
0.528480
1.874578
0.142246
1.210276
3.055165
3.302452
1.400209
2.267894
1.999247
0.259056
8.357260
3.113933
1.788457
3.206520
0.655012
0.979918
1.833324
2.287176
1.325910
5.351449
1.274394
3.118804
2.537116
3.118590
4.831385
2.546461
1.568378
0.752722
0.329816
1.294036
3.878636
0.971856
3.852849
2.003970
3.233608
2.360037
0.514309
1.228383
1.091708
1.514119
1.803044
0.969855
1.484112
1.876516
1.156446
0.892146
3.208010
2.471922
2.614921
7.839340
0.254068
1.139458
1.082119
1.847518
2.105489
0.446181
0.961622
1.410700
2.257302
3.805588
2.143699
1.038940
3.462054
2.099487
3.326447
1.731393
2.501667
1.413493
6.121384
3.481799
3.414782
1.928607
3.627969
1.789215
2.449905
4.899908
0.411433
1.014775
1.381873
1.862145
0.515833
1.480627
1.594045
1.730373
4.449403
2.414109
2.391861
1.480910
2.832214
1.228800
1.835478
0.987201
2.385877
2.804543
2.734436
0.583931
1.141134
2.379615
3.056770
0.607901
1.015982
2.441719
0.451116
2.789521
1.167118
1.399595
0.857311
0.856597
4.060016
2.698925
1.711715
3.479444
4.032874
0.652747
2.203032
1.081575
1.214042
2.222248
0.923731
0.880556
0.916417
3.282902
2.324995
1.303043
0.400167
2.914807
1.875627
2.655101
3.645543
0.941884
5.459969
2.465816
0.780968
4.534974
2.148224
2.218606
1.202089
3.268088
0.895343
1.636117
1.203701
0.486224
0.326910
2.296460
3.159570
2.290586
2.923840
2.180176
2.600915
1.072171
0.767688
4.419801
1.073534
0.806922
0.285541
0.460988
1.453610
1.610744
1.656022
1.474849
0.816377
1.353608
6.441320
0.117335
2.950896
1.837013
0.211515
3.550291
3.350340
2.112879
0.376786
0.433238
1.137441
1.845676
1.519592
2.201403
1.372259
2.343461
1.168504
4.717878
0.531494
3.483440
3.615436
2.665707
3.267571
1.807536
5.032647
0.534680
1.477423
1.746520
3.128105
4.604932
1.124065
2.162353
2.912053
1.879759
0.371403
4.162063
1.736603
1.711617
1.429728
4.670322
1.300508
3.879901
1.938839
2.743110
3.336685
4.068458
1.423530
1.402190
2.242123
0.710364
1.338336
0.188629
0.866786
4.751402
1.761094
0.980262
1.479582
1.329082
2.097194
1.352209
4.561054
1.139890
2.233946
1.187275
0.872506
1.705731
0.954013
3.274173
1.001761
1.063462
0.884464
0.674715
2.662605
0.472026
0.803167
1.095719
0.933227
1.849184
1.572192
3.087589
2.732610
2.601486
5.175433
1.721496
1.112530
1.455101
4.940584
1.311456
3.453006
0.811179
4.666921
1.719609
1.800985
0.432008
0.578834
2.488382
1.704753
0.587989
1.684167
1.027003
1.177515
0.389172
0.879005
3.355400
1.896487
1.078939
3.331156
1.289571
1.159997
3.435246
1.947531
0.816674
1.093288
1.763615
2.400759
0.348255
2.247869
2.338760
0.372348
1.094871
1.683918
1.101437
1.239029
1.985154
1.805539
2.418484
1.909444
0.187589
0.561021
1.539146
0.115426
0.324968
0.582011
0.487644
0.359574
2.385965
3.095860
0.538588
1.902886
2.087531
1.640204
1.702296
0.618580
0.311431
1.978623
2.789183
0.886653
2.198029
8.066883
2.009740
3.072050
4.363796
1.465059
3.593497
1.645107
1.898919
2.311333
1.260029
0.777137
2.131899
3.300165
1.839010
1.008122
2.952881
0.630244
6.196759
2.062150
0.939705
0.791151
3.767564
1.381872
4.242638
3.316842
1.077768
1.849235
0.590595
2.775334
0.523102
3.351124
1.065226
1.577500
1.731589
2.665256
3.150216
2.667277
2.120708
4.720131
0.727843
0.378592
1.007923
2.849090
1.725540
3.603212
1.879251
1.775461
4.283110
0.927151
0.394749
0.584332
0.847710
0.567522
1.839192
6.153966
0.243732
1.393216
0.231809
0.934650
0.178649
0.820163
0.748519
1.604722
3.711967
2.525254
5.015713
1.740657
1.146668
0.492975
2.158358
0.970573
1.748490
1.346912
2.988610
0.487973
1.797447
2.199119
0.979954
1.466950
2.025854
1.710838
0.951804
8.053999
2.699883
5.088550
1.680032
0.655941
6.108771
0.695075
6.490810
1.435347
4.038756
5.243808
8.465176
1.991092
1.329823
2.578778
2.334864
4.031987
4.122023
0.731360
1.295031
0.306476
0.983384
1.481026
4.533946
1.559164
1.368260
2.999659
1.514884
1.602044
1.725584
0.704579
3.078531
2.081397
1.945090
0.566529
0.368028
0.968218
0.353500
0.300285
0.719199
1.359440
1.619336
3.245543
2.125347
0.488983
0.360115
1.816388
2.078177
3.527942
5.053328
1.563145
1.240403
0.609912
3.228635
2.336337
3.588034
2.859819
1.665202
0.651704
0.278886
2.467591
1.530287
0.586936
1.459229
6.312435
0.892110
0.569396
5.196563
4.149628
2.206015
0.920282
0.802346
1.086264
1.935702
1.812051
1.360753
3.802026
0.383909
1.797794
0.860366
2.686838
0.510683
2.009359
1.662851
1.823951
1.243434
2.734889
3.597004
2.998620
1.392926
3.168324
1.854873
1.339467
0.830544
0.435420
2.511585
3.836731
0.347781
0.652392
0.836061
5.243586
1.849006
2.172371
0.797581
5.631661
1.125261
0.520697
1.999579
0.185381
3.183555
0.079734
1.513002
2.843128
2.610091
2.646617
0.211183
0.558468
2.961005
1.709263
2.953525
0.852310
7.760593
1.473556
3.329525
1.449882
5.006588
1.066983
4.315593
0.608989
3.975206
1.083523
4.199766
2.125798
1.381909
0.523146
1.681062
0.199848
1.902424
2.114814
2.388078
1.502558
3.265062
1.365500
0.204139
4.611998
2.699854
2.628797
2.398064
4.989290
1.048502
1.569473
2.025047
3.465288
1.213955
0.391663
0.815018
0.995764
0.768517
0.139832
0.495378
2.989384
1.812187
3.776732
3.033001
4.487492
0.300205
2.080003
1.727067
3.297649
2.393595
2.593002
1.779691
0.647502
3.208695
3.074682
1.049399
2.768760
0.622876
0.661201
0.632414
4.929078
6.189471
0.958061
4.333620
3.936632
0.209386
0.907264
2.324355
2.910171
1.756550
1.551048
1.949495
3.552724
3.252740
0.267009
3.026282
0.711584
0.288500
3.793348
0.393065
0.748834
1.554788
4.947958
1.731031
0.687415
1.738425
2.830322
0.892653
2.684344
4.517937
0.977254
0.701058
0.918023
1.871144
8.252684
1.432043
2.290975
2.978859
2.320877
1.188980
1.073909
2.593197
2.125285
2.470221
4.299322
2.032240
0.812940
1.956715
0.491472
2.546741
1.494658
2.843411
0.508565
2.986482
1.318036
1.432102
1.199208
0.650605
1.114211
2.885436
1.344146
1.523833
1.820881
1.593350
2.219897
0.931401
2.948293
2.348569
1.984269
5.940441
4.740939
1.638918
0.767384
2.576662
4.523473
1.605619
0.656810
0.470129
2.179644
3.722757
6.751838
0.358916
8.190540
4.082235
0.971376
2.593202
2.515179
0.284291
1.251263
1.125714
0.494287
2.052790
3.303241
0.823291
3.599495
1.680343
1.406965
2.277348
2.802201
0.594115
1.485160
1.847159
3.818746
0.470396
3.439947
5.633980
0.846718
0.672936
2.319740
4.673614
3.816947
1.461236
2.068125
5.510330
0.667331
2.280556
0.905457
0.568581
1.512208
1.651932
1.395974
1.925852
1.034248
1.932164
2.662130
2.679921
3.124746
0.477547
0.959155
0.580288
3.031858
1.029245
2.463286
0.560471
0.802698
0.705359
2.778911
2.658784
1.191999
2.839368
0.512260
3.130505
0.122290
5.521846
0.473770
2.032036
1.345642
0.540280
1.221282
2.800893
0.158693
1.356929
3.027604
2.269402
2.782481
1.526422
3.275686
0.614372
1.707490
2.384956
1.107783
0.561282
2.179549
1.556770
1.481797
0.715953
1.105383
2.125385
2.771092
0.818624
3.018962
1.060404
0.401676
0.556322
1.528420
2.167888
1.883029
2.220199
2.163605
0.290841
1.594404
2.501358
0.824257
2.773574
3.586397
4.777193
0.640322
0.345350
3.373830
1.954206
0.966490
3.050746
2.763351
0.723480
2.312344
4.307760
5.646699
1.858807
1.015759
1.330047
3.498398
0.729532
1.569643
1.181786
2.483282
0.735218
1.701806
0.641906
0.756825
2.542867
1.211586
0.727676
3.362836
1.594575
2.461361
1.290839
2.092565
4.537479
2.378698
0.347536
3.473534
2.499628
2.183273
1.883350
0.643529
1.757237
2.826246
0.244015
1.230588
1.547668
2.763948
1.223420
0.574803
5.307262
0.514830
3.118795
3.495156
3.666471
5.171311
0.122738
1.509683
3.432049
6.574872
0.569220
1.787255
2.792555
0.628694
2.838428
0.416143
1.788452
1.162814
0.677240
1.828143
1.245345
3.814581
2.705597
1.312972
1.260282
0.993857
7.003081
1.068920
1.679725
1.667456
0.676491
0.405168
1.880399
1.219546
5.524574
4.587446
1.558221
0.960230
2.905347
0.903357
1.524888
1.238511
0.571395
1.936684
2.969240
3.955647
2.560066
1.395290
1.324731
0.565697
3.438874
0.844961
7.605285
1.523303
2.165548
3.965556
1.419745
2.638080
2.261505
0.713684
4.139347
1.875530
5.734477
0.809557
0.786317
1.972212
1.310424
0.069553
2.615775
2.948631
0.516143
1.932037
1.203096
0.529670
1.418549
0.651662
0.889058
1.762904
3.951943
2.007111
1.103345
0.181065
3.737989
1.786223
3.695084
2.588054
0.963199
1.183238
1.939153
2.269835
0.283727
1.054959
4.735991
3.870803
0.385359
1.090353
2.115558
3.547656
1.389101
2.702169
1.777500
3.395680
0.791753
5.429353
2.568746
2.972909
0.190433
2.587727
1.226269
1.367100
0.708704
1.113028
1.594477
0.754331
1.180554
1.413288
4.096792
1.873842
4.022566
0.899981
1.270905
0.869721
2.075187
1.018148
1.428492
1.104024
3.938217
0.337154
3.710625
0.776942
1.617922
3.889620
4.096009
0.254852
1.072078
5.033928
4.188906
2.898973
1.205499
0.388805
2.166473
1.081131
2.057590
1.494781
1.531087
1.632153
0.997585
0.635604
1.366826
1.449199
1.638840
0.870090
0.877295
2.725541
0.558818
2.733831
1.249766
2.556696
2.541614
1.441258
0.521890
1.006741
3.940062
1.394971
1.069714
2.373134
0.935134
1.593674
2.715798
2.744299
0.374818
2.074243
2.816212
1.680903
0.947780
1.751703
3.156666
0.825903
4.264129
1.006392
1.625137
1.578590
2.733263
0.258285
2.213591
1.626525
1.168972
1.712837
2.099731
2.254624
1.772501
2.468547
3.315716
1.495800
2.364811
4.950622
1.651651
5.330029
3.118420
0.249784
2.668181
1.457876
2.845973
0.957629
0.847028
0.700130
2.012077
4.455225
1.067120
0.456700
0.390353
1.258633
0.150035
1.478168
0.884420
1.257190
1.284434
1.031292
5.578166
0.551819
1.083340
0.717957
1.124646
1.662664
0.950331
1.875813
1.675853
0.870462
0.665157
1.131762
1.153706
2.454304
3.706668
2.110476
1.833765
3.738842
0.733561
0.176429
2.007368
1.095142
2.520669
1.525926
0.771740
4.264380
2.938271
5.479154
3.900232
1.791240
1.357126
2.202676
1.342761
1.428358
5.911455
0.271932
4.639412
0.971642
4.007767
2.812450
0.199983
4.510813
3.201296
2.376766
1.863042
2.266936
0.079023
1.451072
1.595105
0.321177
2.182190
4.361542
1.441704
0.596349
2.503158
1.614529
1.818037
3.354290
3.798686
2.255221
1.221145
1.303845
1.430618
0.425914
1.733125
2.324535
0.620103
1.060213
3.122636
3.332934
0.345838
0.510417
1.497760
2.976663
5.488588
0.801372
3.968889
1.489432
2.755019
3.689690
3.294689
1.543682
0.525184
2.010195
2.502069
0.946676
0.409160
1.599438
2.008768
1.053212
1.772387
1.356705
2.267169
0.359601
0.900768
1.703037
0.763795
0.554220
1.708394
2.650997
2.378940
3.182190
1.356298
1.337883
4.609188
0.639269
0.564883
1.618812
1.235311
1.075307
1.271990
1.735158
1.236803
2.105414
4.135026
2.087680
5.916538
1.245456
1.003883
2.625649
1.337422
1.056440
1.809348
5.847852
0.852265
2.701593
1.164412
1.129437
1.895308
1.492008
0.886949
1.190389
2.179366
1.190803
6.110821
0.570709
1.814033
1.110425
1.643835
2.034359
2.902188
2.228248
1.251182
1.574455
1.258907
0.586788
0.760853
1.752641
2.974144
2.850886
2.022117
0.438268
2.255020
1.781336
2.064779
0.883778
2.478704
3.265744
3.615249
2.173992
0.685300
1.545143
1.841830
0.892005
1.672226
1.308752
4.434836
1.182713
2.422158
1.601590
0.856073
4.566730
4.527313
2.174306
2.943152
3.656891
1.152316
2.707454
2.381849
2.027287
1.099797
1.045625
1.597459
1.290535
3.990113
2.009643
2.251631
1.052193
1.583466
2.542451
0.940555
0.657757
4.298111
0.601557
0.370011
1.414834
4.216880
2.969165
2.172297
1.087447
2.918797
1.286394
3.493330
1.098635
3.179632
0.193695
2.904463
0.739997
1.058392
0.952278
4.625830
4.606533
3.125691
2.468403
1.572209
0.822377
0.767024
1.575461
0.703645
3.066074
3.106637
1.053322
2.212519
0.795557
1.440293
0.791518
1.680614
0.052312
5.419146
2.145531
2.473471
2.895336
2.358327
1.782469
2.505886
1.674735
1.782648
7.861324
1.597088
2.955800
1.802805
3.299479
0.726910
3.064168
0.277053
1.679303
1.264929
0.403916
3.998319
1.148786
0.858750
3.467199
1.968661
0.894331
2.220023
3.917536
0.749854
0.713005
1.343988
0.389824
0.356176
2.431007
3.271678
3.112503
1.048077
2.028361
4.660684
1.057536
1.792899
1.964893
3.217812
0.353592
0.216963
5.259035
1.545571
1.840829
2.089276
3.472082
1.271927
4.141768
3.286524
2.664421
0.414695
0.868835
1.076570
1.014145
2.170238
1.643394
1.280499
3.486082
1.578827
0.336471
3.085376
0.904306
2.128038
1.999219
1.633246
4.029072
1.838649
0.699087
1.260962
0.840940
1.585011
0.855050
2.027723
2.157622
1.919931
2.348585
0.617606
0.504229
1.409780
1.288041
2.190481
0.380739
7.069754
1.226459
3.196065
0.518815
2.332565
3.782655
5.235855
0.588852
0.720923
2.474867
3.051250
1.179149
0.287184
2.143749
0.570144
3.336228
0.338738
1.402317
1.640611
1.149043
3.165916
1.416357
1.054766
2.806169
2.681264
1.988620
2.595406
4.765161
1.115357
2.725564
2.415642
1.409588
1.225558
1.577928
0.986618
1.169099
3.716081
1.749613
1.178105
1.975160
0.943059
1.978857
0.746677
1.168994
3.595587
5.427994
1.336290
3.359918
0.819701
2.304909
2.243202
2.120375
1.171799
3.315867
0.188787
1.154316
3.440543
0.363642
0.505549
1.248232
2.323002
0.279721
0.197919
1.318333
2.787388
1.836592
0.665345
4.280510
2.849279
5.681165
3.597164
2.730930
1.249562
1.242634
2.860362
2.079816
2.276738
0.732472
1.420521
3.760358
2.470286
2.162525
4.929919
1.471744
3.960929
2.957947
3.262411
4.248642
0.778321
0.331365
4.677768
0.512852
0.891504
2.591350
5.089753
3.140959
2.498857
1.133205
2.626022
2.837707
0.261031
1.745139
1.212828
0.897097
1.266167
3.611548
2.159292
1.215449
0.758145
0.776547
0.785410
1.267644
0.663897
0.140443
6.100904
2.421236
9.170523
3.136110
3.153712
1.346972
2.808068
4.781894
0.186411
1.210733
0.522034
1.587068
0.459530
2.098980
2.093431
1.556812
1.678179
2.157499
0.360086
4.188534
1.321335
1.352383
1.545086
2.582945
1.261061
2.753987
2.182124
0.293403
2.320169
0.282419
0.289344
4.802946
0.942297
1.803074
1.763202
0.745724
3.168647
0.744041
1.526505
2.111978
2.485281
1.475750
1.313955
0.946006
2.211705
1.461860
2.616196
2.052065
0.950888
0.604107
0.892063
4.471098
5.672687
3.402529
1.630071
0.939959
0.819626
0.825132
1.227331
1.103753
3.267679
3.687996
0.551153
1.111780
1.444588
2.333424
2.953059
1.480762
2.232365
5.034209
3.801594
1.273860
3.836101
1.427878
1.469451
0.364138
1.820043
1.470960
3.157610
6.040966
2.343205
1.315752
0.343339
2.953664
0.379068
1.788607
1.943352
1.332452
0.632366
1.339087
2.075834
6.284003
1.791142
1.527486
2.971534
0.731271
3.105501
5.995481
2.245856
0.929390
1.966032
3.365276
3.234403
2.517701
3.496261
0.144531
4.852394
1.450201
1.378922
4.469461
0.814705
0.277275
1.219587
2.421887
2.288321
3.302018
0.348813
3.676384
2.338304
1.679440
4.498506
4.470603
7.001220
0.880676
4.096582
3.921101
1.693678
0.841415
1.174442
1.361597
5.076487
1.304822
0.469604
3.201627
3.383781
1.523475
0.286577
2.340686
3.900726
0.910284
2.270646
3.007316
0.725679
1.675589
1.497710
2.810383
6.223429
2.191769
3.072678
0.882058
1.113604
1.714489
1.080739
0.587794
2.331761
0.866929
0.361518
0.413401
2.222759
1.817377
0.574746
1.504371
0.636786
1.436790
0.703586
0.302776
2.445436
1.875000
0.851254
2.261442
2.270389
4.819974
0.330837
1.789564
1.946635
0.845205
1.335779
1.484169
2.704666
1.313503
0.611516
0.909863
0.270750
4.085363
4.201841
0.591160
2.885859
0.666648
3.758152
2.912124
1.260953
1.794519
0.421700
2.986000
1.392464
3.384972
1.780858
0.400953
1.092290
0.332885
0.618996
1.975390
1.156004
2.983669
1.124713
2.231912
2.269396
1.727064
1.160698
0.180249
1.377406
3.645360
2.870731
1.669497
1.220510
2.435401
1.040530
1.958735
2.410613
3.020375
2.628908
1.384973
6.722447
0.728433
0.992364
2.718402
2.402800
2.217311
1.577304
1.558520
1.035021
1.837395
0.715740
0.925408
0.174248
1.125821
2.628191
0.839589
0.832032
1.091859
0.986732
1.805771
0.834215
2.509581
2.276660
0.399800
2.437296
1.278211
2.039106
0.587429
0.019631
0.807643
1.821006
2.598315
2.616746
2.002248
0.413147
0.951411
0.852738
3.063764
0.284836
1.124932
3.538596
1.779456
0.651080
4.560319
0.744108
1.975354
1.443807
4.528487
3.152014
2.470261
1.764847
1.181501
1.925361
1.774843
0.401264
1.689893
1.412593
1.389275
0.968360
0.636953
3.703665
2.507448
3.102548
1.629793
0.366845
1.962934
2.338341
0.268618
1.093771
2.945286
3.495645
2.872526
0.838055
5.317362
1.616029
1.907615
4.739395
0.568317
0.760639
1.527712
2.647549
3.115020
2.153769
3.559147
1.294671
2.272963
1.642283
3.766339
1.526652
2.882126
1.225132
5.940037
1.430009
0.762724
0.664875
1.395022
2.707756
0.463065
2.478708
2.465653
1.904578
1.879447
1.528634
0.529851
1.721899
0.843050
1.023632
2.013434
2.781736
1.877547
0.913749
0.558657
0.562449
0.727004
3.008815
2.553027
2.744479
4.837833
0.741303
1.334124
0.317203
2.957689
0.144289
0.366465
1.654443
1.410314
0.545019
1.263731
2.730419
3.159738
5.097779
3.412265
1.865895
1.517592
1.161182
2.639688
1.100648
3.283691
1.764777
3.634314
2.370553
1.090378
0.482198
2.818245
1.123255
1.242613
0.370792
1.727173
4.739816
1.085483
0.871190
2.465921
1.525104
0.924494
2.225927
3.075228
2.843393
1.812126
2.445828
1.631898
0.415552
5.997939
1.416408
0.580418
1.464989
1.991056
1.542765
3.431962
0.370465
2.733296
4.230879
3.286966
1.642867
2.205766
0.565014
2.334191
2.151428
1.777611
0.601142
0.693110
1.497041
1.352656
1.322714
7.379604
0.361369
0.989795
2.933527
1.817288
1.399476
4.318049
1.310924
3.225066
2.667524
4.543515
1.449745
3.911238
1.547656
2.094822
0.415185
3.330188
0.331183
1.771267
0.562598
2.095069
1.351026
1.519559
0.198156
2.015037
4.400491
0.487196
0.677011
2.661559
0.224651
0.958841
1.402663
1.425005
3.617963
3.166715
2.215853
1.445984
3.948891
2.146197
3.679237
1.685865
2.553995
1.554695
1.563716
2.973200
0.636802
2.440052
0.203903
0.894483
1.742728
1.063715
1.820334
2.171204
0.616033
0.698579
1.420556
1.642175
0.942142
4.153982
3.352018
1.894440
0.350832
0.799917
0.798281
0.507508
2.939786
0.970563
2.906872
4.574886
3.230275
1.170575
1.050479
2.048613
4.882930
3.404541
2.452097
4.286328
1.294402
8.878633
1.024423
0.322160
4.432066
3.680884
0.646536
5.367974
3.235314
0.689299
3.095042
1.087802
1.085884
2.768606
2.665068
2.704707
1.584758
1.967960
0.407874
4.345765
0.412779
4.310078
1.101549
2.780751
2.148594
2.236250
2.628608
0.773067
1.568005
1.529731
0.905502
1.620341
1.670338
0.910966
1.673114
2.629141
2.120320
5.186321
0.680326
2.274543
1.818030
3.773683
1.336408
1.862175
1.554438
2.620704
7.035247
2.551763
0.841965
0.665899
3.137509
6.078097
1.403426
1.529248
0.808693
5.374873
1.357415
1.213313
1.594116
0.298162
0.978944
2.737607
1.288309
3.045926
1.567482
0.652234
1.743383
0.912610
0.775443
0.896612
1.613599
1.578045
0.528134
1.966346
2.057698
0.671654
1.915930
0.266991
3.931205
3.546179
4.394389
0.579854
2.116914
0.923736
2.027480
1.554285
1.403428
0.207991
1.321316
0.431746
1.499506
1.996659
1.950624
0.800166
2.447529
0.831942
1.452413
2.084974
3.607420
2.489569
1.176456
0.482690
3.965381
3.812054
1.343245
2.091818
0.710618
0.711405
2.501888
1.166604
2.763250
1.850589
1.995515
4.736298
0.256163
1.459535
1.062981
1.472768
0.932960
3.930134
4.461882
0.804562
1.487051
2.422539
0.465198
4.984059
3.058535
0.960269
1.183827
0.086637
1.887537
1.477324
2.293459
3.133184
1.899970
3.294507
2.496318
2.364183
0.878127
1.242765
2.817226
2.491070
2.273286
3.457505
3.021925
3.448135
1.711786
2.479606
0.696613
4.022874
2.166629
0.895568
0.749000
2.157646
1.308495
0.728605
3.271424
1.614471
0.679126
5.711548
1.110559
1.748017
0.786366
0.468407
0.905189
0.577764
1.287304
0.442834
1.249147
1.295482
3.724691
3.121927
2.923737
1.225500
1.906645
0.418261
1.532433
1.981387
2.845435
2.644551
4.058446
2.631843
1.576483
0.445893
2.986622
0.944239
1.809540
1.294950
0.602392
1.768093
3.649687
2.011351
2.368669
0.686969
5.475489
1.792933
0.737659
0.917261
2.374257
1.498971
2.118944
1.855013
0.219308
1.071836
0.821293
1.984859
0.275116
2.314401
4.145705
6.441383
1.850643
1.498931
2.414159
3.231387
0.904925
1.895335
3.985802
2.771262
2.917105
6.631591
2.209431
1.308156
3.714421
0.036945
1.129273
1.603730
0.306110
0.691281
0.406673
2.101707
3.438987
1.635908
0.342065
2.061108
2.368270
1.395294
1.981977
2.617849
0.360647
0.652504
1.527561
1.673997
4.545562
1.261813
5.440250
4.635073
2.753545
5.467635
0.678605
1.557684
0.258542
1.971107
2.958210
0.568533
1.655775
0.347897
1.979154
2.691715
2.590172
1.512354
3.470825
2.003928
1.258393
4.958499
0.468071
1.655807
0.459494
3.572967
5.070860
1.531734
2.844167
1.499555
1.393041
0.263017
0.728291
2.444990
3.866245
0.375146
1.093874
1.786027
1.896327
1.627788
3.079875
1.323677
0.430223
3.390621
0.988117
0.577221
2.629499
1.404784
0.699330
1.684965
0.866712
8.895511
1.082193
1.575746
2.162385
1.150682
3.897678
1.658404
0.967133
1.237382
1.810568
1.835931
1.598841
1.832744
2.201060
2.370722
0.706388
0.719931
1.778730
1.716509
1.765679
2.828340
1.033443
0.997060
1.101977
1.392317
2.488677
1.691024
0.821703
1.073231
0.498373
2.544666
1.583114
2.782041
3.014094
0.994722
1.839642
4.770500
5.101885
2.727130
1.418054
0.964930
2.728778
0.391616
2.666459
0.710976
1.010890
2.209273
1.807414
2.791120
1.556539
1.627844
0.993800
0.987100
3.198017
3.242074
0.107315
0.540375
9.094884
1.427259
0.412374
0.969725
1.911805
2.280357
0.858651
0.589497
1.074502
1.132556
1.791676
5.372605
1.925900
0.354378
2.221335
1.621934
4.802465
0.716258
0.595552
5.136126
1.433652
0.418166
1.663459
1.124106
2.195028
0.733436
2.608376
0.568683
1.721815
1.325113
0.646053
1.550510
1.987938
0.652924
0.567017
5.288664
2.029648
2.241890
3.879905
0.413254
5.320188
2.839627
1.432580
3.889298
0.936326
2.751108
4.044480
0.659607
0.880189
2.138102
4.706682
1.033653
0.132738
1.553671
5.223747
1.307491
4.690670
1.390367
4.826582
2.008020
2.003948
1.989768
2.559100
2.381684
3.593154
2.718003
0.450606
1.636648
1.616745
0.663961
2.315598
1.006252
2.911228
1.831574
1.041543
1.987802
1.166598
0.077785
0.480699
3.401450
4.428009
2.940367
2.014919
0.250468
0.429681
1.827825
1.997848
2.177676
3.821816
1.454444
1.504628
2.860308
0.412039
6.471752
2.801146
1.574112
0.847611
4.627773
1.269457
1.648976
1.508595
4.204522
2.502523
1.901502
4.121388
3.167049
2.492298
3.140266
2.189555
3.044559
5.402342
0.193896
2.354770
0.523201
1.494430
2.721451
1.916324
0.784461
2.062679
7.681313
3.056589
1.037510
2.441204
0.962829
1.977290
1.137365
1.104496
2.221318
7.733806
1.208230
2.610537
1.485107
0.211273
3.728331
1.235551
1.539401
1.276308
1.206442
1.656143
1.460256
1.166773
1.950830
0.371384
5.736996
2.713547
1.874465
7.460995
1.172062
5.092833
1.802478
0.868512
2.911986
0.670505
1.611194
0.583343
0.943634
1.211536
0.995769
1.414027
1.395954
5.169061
2.783598
0.578554
2.268118
0.119491
0.894137
0.548701
1.069276
2.334829
2.532061
1.088713
2.052700
1.754238
0.938864
0.754762
1.904246
1.190781
3.697809
0.721169
2.154676
6.391440
3.758860
3.160121
5.855591
1.823214
6.930244
1.509122
0.573878
3.370063
1.379131
1.214508
0.316385
0.683687
1.140674
1.815877
5.262710
1.620057
3.155353
0.723546
2.907107
0.305287
1.062180
2.041556
3.886829
1.189500
1.980763
2.696641
1.260682
3.827085
1.597503
0.804331
0.504151
2.026043
1.700543
1.337207
3.403359
1.742711
2.465860
4.628329
1.230708
1.735291
5.220382
2.092489
1.903535
2.493188
0.355986
2.527869
1.748096
2.104657
2.074550
2.409279
2.357781
3.106707
1.839057
7.955387
0.615701
1.719186
1.892785
3.298693
0.939910
3.640139
0.874953
2.431142
2.535595
1.692411
3.089486
7.051656
0.653273
1.872402
1.128857
3.809390
0.880394
2.455545
0.863218
1.241413
2.986985
0.299762
0.435547
1.734351
2.185319
4.185042
2.793366
0.195006
5.257626
2.052720
1.021475
1.487152
0.902364
1.681209
3.867836
1.348462
2.052102
1.502328
3.553948
1.644705
1.660311
2.188192
1.875378
1.025932
0.899936
0.858801
0.564062
0.208765
3.313391
1.857197
1.302731
2.465012
1.335488
1.756733
1.874095
2.209306
1.617194
1.107086
2.274913
1.441080
1.264690
1.065665
0.990443
5.693232
1.322971
0.506402
0.202179
1.857288
0.835779
2.890001
5.314874
2.081241
3.065623
5.756318
3.406872
1.874981
0.845946
1.410871
1.398256
3.651170
3.871455
1.034921
1.194820
0.877085
1.676701
1.261981
3.627804
1.978340
0.835980
4.578959
2.731138
0.283840
0.641572
1.881497
0.995586
2.236221
0.487327
2.521065
5.747441
3.137456
1.388043
0.655847
1.180731
7.272151
0.631106
3.830384
0.908610
1.054438
1.394565
2.784616
1.498749
2.422048
0.991610
1.621949
6.019533
3.345720
3.609197
1.038251
1.837874
1.170348
2.583870
2.408288
0.407725
0.202346
0.765673
5.053650
1.788256
0.416690
1.822254
0.652338
4.033856
1.069566
2.619731
1.598980
1.450175
4.682641
1.204233
1.058703
4.365960
0.523527
2.521051
0.409698
4.441452
2.426756
2.097489
3.734809
6.871577
5.921108
2.221435
4.188627
3.120041
0.852411
0.638582
1.038833
1.590897
5.231208
1.337098
1.544108
1.935405
1.808561
1.197651
0.700382
5.347503
5.360079
0.661458
1.459177
2.713387
1.431088
1.550235
1.056024
0.907624
0.349730
1.621606
1.373237
1.030443
1.461179
0.985630
1.882708
1.938428
2.715330
1.708703
1.024809
1.801057
1.480441
0.213675
1.491131
1.468779
0.818044
2.336925
1.702372
3.286397
1.326100
0.199334
1.368118
3.600058
0.795275
1.197576
1.195785
1.683437
2.070500
3.890657
0.869400
1.502557
1.072605
1.093481
3.412735
2.038972
1.047983
3.988338
1.963082
1.613581
4.501604
2.833196
3.203848
0.647083
2.978069
1.475161
1.236370
0.572884
0.628212
2.687756
1.828577
1.984573
1.670175
0.398058
0.919616
0.835212
5.797119
1.503763
2.083718
3.727898
2.893603
2.094849
3.894312
2.098822
2.949723
0.860921
1.857264
0.539286
2.381440
2.392521
1.425116
2.063990
6.220071
3.073907
3.505322
1.260956
0.289922
1.673644
1.108067
2.054714
3.839721
1.158156
0.974900
2.002700
1.648814
0.558366
2.689991
0.840999
1.135035
1.781103
2.911957
1.694765
1.465969
1.544807
1.286752
0.452966
0.252928
0.952069
0.453662
1.627133
1.707476
1.694870
1.005289
3.134654
1.854138
2.338319
0.094427
3.021685
2.005134
0.773503
1.396296
1.671704
4.628868
0.451916
2.056662
1.569028
1.590166
1.540185
2.266157
3.707450
0.794722
0.967987
2.885191
2.279962
1.288946
0.399822
0.181654
1.331422
2.094455
2.142020
6.054166
1.284368
1.110105
1.108480
1.421210
2.331862
3.074497
0.361375
2.102771
1.168278
0.699111
0.251311
1.866432
4.211843
0.823297
3.687314
2.405255
1.505699
4.099044
1.182863
2.436104
0.750039
1.453143
1.166466
0.266553
1.553643
5.469458
1.759949
2.231753
1.842990
1.828218
1.066636
0.496369
2.107175
0.495125
0.530607
0.655850
1.918531
2.474268
1.909108
2.641502
0.298232
3.755820
0.280168
2.128867
1.544979
1.413065
4.484872
2.965129
3.274627
0.252976
1.465991
0.313426
10.520137
3.764101
3.033340
3.462917
1.768825
2.742124
3.885524
4.013698
2.107734
3.497179
0.108024
1.734720
1.772841
0.377478
0.380666
0.766416
0.991026
3.679436
1.422351
1.238568
1.543459
3.265807
2.691908
2.950638
1.024896
2.414272
2.972887
0.770024
2.083346
6.576647
2.482615
1.094418
0.965013
2.367840
0.220922
2.167805
0.865684
1.354308
1.955164
0.664255
2.706370
3.477439
1.747750
3.419536
1.182391
3.318115
0.180212
2.630377
1.621638
1.244675
0.527928
1.087402
3.186337
1.359382
5.389519
0.759244
0.693718
2.315564
4.104082
0.163829
0.428415
4.092967
1.966418
2.381798
3.565755
3.043682
0.745479
0.789407
1.611053
2.188374
1.616661
3.359676
1.160429
4.597190
2.940353
3.466628
3.230872
1.283763
0.735073
1.833078
0.814624
1.379382
1.462510
1.305679
3.618148
2.195563
0.559356
1.854351
1.718313
0.954535
1.092684
2.460765
3.298039
0.301136
3.639140
1.181022
4.249003
0.985852
4.330275
3.127173
0.513544
0.195611
2.500834
2.969882
0.659833
2.558299
2.644757
0.307569
2.724087
0.828775
0.495233
1.466656
4.085888
3.901656
2.242951
2.558521
1.209755
2.206091
2.243030
0.751436
2.614247
1.019878
0.492925
0.188032
2.967990
1.809446
1.788446
2.693561
1.361714
1.830167
1.115086
1.785812
0.360585
1.082289
1.715494
2.531142
5.002336
1.833311
3.157393
0.116437
1.748361
4.322449
1.451981
1.147687
1.103289
3.344585
1.481102
2.100174
1.660393
1.739817
1.363735
1.594547
0.727657
1.453182
0.390910
0.918894
1.031424
1.807103
1.802983
0.714021
6.376561
1.075965
1.265835
6.261712
1.315480
1.924872
3.572085
3.076182
8.585109
1.137601
3.435665
1.799191
1.522407
1.151592
1.712934
0.397242
0.546513
2.841351
0.190585
0.872258
2.496511
1.175670
1.705996
0.730525
2.201606
0.690612
4.100617
1.074728
2.357570
5.498872
1.032166
1.473389
2.666799
3.117367
2.921714
0.461796
0.322374
0.693248
0.945378
0.825154
1.247498
1.860168
3.162721
1.242806
2.321272
0.994468
4.424985
0.666029
1.170336
6.175394
1.123714
2.582970
0.828087
1.885272
0.542122
2.431204
0.597347
2.003493
0.527174
3.126982
0.889147
1.041156
1.857261
4.211122
3.807394
1.305209
0.916551
5.025004
2.920068
0.403557
2.492789
2.515072
1.651325
3.032548
1.808343
2.787595
2.101895
2.587222
5.737145
3.124117
3.491163
2.600317
1.929409
3.014714
0.945655
0.980132
2.224566
2.020437
1.521480
2.503798
4.333148
0.500350
0.656394
1.489232
1.273689
0.761956
1.905453
0.698094
2.671903
2.506401
0.783829
2.796068
3.102281
1.846201
1.834633
1.492942
1.161016
2.725443
0.743177
0.633581
1.802587
2.696194
3.185377
0.288551
2.599198
1.413450
2.312984
1.149912
0.965812
1.267616
0.726179
2.569469
1.390877
2.589337
0.336131
3.806719
1.379251
0.327159
0.137776
1.341788
1.211304
0.789952
0.223432
1.019802
0.891114
2.178162
0.645323
0.821660
1.612436
0.480004
2.429551
2.531912
3.172360
2.576152
5.139942
3.133345
2.935592
0.361256
3.358354
1.482558
0.553733
2.795534
2.370082
0.637260
1.481295
5.504657
5.283439
2.375715
1.086545
2.178441
1.866686
1.558005
5.730381
2.001086
4.043318
1.951635
0.684941
0.728212
0.899750
4.899204
0.980600
2.327562
0.530386
0.487523
1.941455
0.660705
8.212789
1.138801
1.179118
0.493743
0.158160
2.424190
3.367422
6.271803
1.531514
2.031595
0.866053
3.407550
3.755327
1.537771
1.120202
4.714726
1.461141
1.525264
4.383975
2.216684
3.524741
1.480662
2.112414
2.503569
1.729351
0.681907
1.800343
0.721127
0.431683
1.949904
2.176452
3.222568
2.073400
3.076368
0.831455
1.776568
1.010943
1.702958
1.178034
1.170296
2.393392
1.402658
1.591084
1.675946
1.234739
1.841336
1.936853
1.506814
0.824972
2.825623
3.351874
1.835504
2.007357
1.840146
4.163811
2.602186
1.266888
1.549993
1.793421
0.839693
0.841403
5.870411
0.890701
1.701450
1.445417
3.960971
0.866384
2.350991
4.093608
0.896684
1.818700
3.779188
2.994131
2.409153
1.415368
0.691658
5.249570
0.583867
1.947841
5.399391
1.412431
3.212860
4.085443
0.962520
4.868450
0.856353
2.977772
1.443151
2.110507
2.194715
0.625642
0.184489
0.598263
2.855921
5.061912
0.997913
1.427271
0.746199
0.186677
0.253606
2.276853
1.679841
1.024491
3.835986
0.718343
2.404412
1.339169
1.906525
0.085484
0.344991
1.499922
1.106328
1.078834
2.256145
0.696458
3.263724
0.608136
0.394425
0.360269
1.128342
2.939994
3.330950
1.643479
1.721385
0.676096
3.145101
1.542326
1.422485
1.132860
2.132110
3.812287
1.670830
2.620716
1.404419
4.149480
2.392068
0.489937
2.137413
1.867912
4.472393
0.904834
2.115709
2.716585
2.016533
0.667231
1.276728
1.531104
0.228335
0.930493
1.088394
1.613491
1.010563
1.251682
2.534799
4.708374
0.498851
5.128105
1.399809
4.099701
0.785147
3.275343
1.398078
0.957701
0.251073
0.851178
0.762400
1.124388
3.882880
3.179094
0.317321
1.730720
1.783523
1.996395
3.149978
3.564117
1.084605
1.310754
1.072784
0.635240
3.803737
1.045729
0.903074
4.609849
3.520754
1.196194
1.823315
1.709323
1.318182
2.960605
3.397284
0.957498
3.175274
1.958216
2.348817
1.419233
1.132307
6.134791
0.196180
1.157939
3.722337
2.763701
1.005125
0.322574
1.404229
3.313679
1.958446
1.161668
0.842728
2.678444
1.770932
1.216221
1.601756
0.282017
3.509581
3.755175
0.950198
0.236300
3.825865
2.000390
1.552069
1.558674
2.841412
1.108157
1.223938
0.555863
2.418190
2.447857
2.369878
0.566744
2.427097
4.111704
1.569073
4.413739
0.587073
1.690723
0.345203
0.711449
1.225334
5.189039
1.786423
3.952695
1.612944
0.508814
0.624649
0.059576
3.319588
2.120353
1.386572
5.315705
1.300724
1.274554
3.331151
2.721855
0.837109
0.355202
3.892648
4.336659
0.840965
0.101861
5.090298
1.441349
1.241155
1.205557
2.321240
2.738357
0.210937
3.182951
1.543313
1.652998
1.475440
0.324803
1.811232
0.944458
1.494122
3.436479
1.338814
0.862601
0.197073
4.651069
3.281695
0.926446
0.974189
3.784494
1.024861
5.070771
1.844025
0.237889
0.329058
2.031059
1.321401
1.602762
7.086739
1.045107
3.712360
1.236103
1.841886
1.473300
0.478827
0.946649
1.570098
2.657650
2.509227
0.707785
4.999923
1.556551
1.731194
1.129952
2.019497
0.746001
1.150350
1.901547
0.839241
1.185681
1.087496
2.121395
1.632649
4.734454
0.783440
3.929273
1.863664
1.237509
0.856616
0.537305
0.466882
2.024676
0.789727
2.646633
4.357596
1.227040
1.589368
3.482858
1.602316
0.187880
2.141065
0.502584
1.312233
2.595293
1.351928
2.232171
3.081009
1.734299
0.659637
2.095673
0.953248
0.561334
0.578459
2.338709
0.945489
3.096943
1.876784
0.287074
1.607821
1.354841
2.174355
0.215175
1.882658
3.786270
5.462992
1.518141
1.567754
2.972448
2.587450
1.305221
2.716745
1.054550
3.479325
0.231938
0.457554
1.646625
2.801408
2.187180
1.272039
3.437978
1.915157
0.923128
5.174577
0.512053
0.144257
0.172033
1.386127
0.762322
1.725106
0.379817
1.227970
2.374616
0.434500
3.049792
1.839702
3.275735
1.971441
1.022136
1.781319
1.011344
3.223225
0.868867
3.301166
2.804981
2.586885
1.006291
2.577620
1.589006
3.630880
0.678875
3.616977
0.903312
0.534980
4.718385
0.320285
1.297264
3.004364
1.616336
2.288863
0.713304
2.408680
1.541570
0.928947
1.447459
1.591702
1.606516
0.792627
1.772126
2.319138
1.873461
3.983417
2.408885
3.257768
0.451281
1.538015
2.775909
2.223891
5.226520
2.302233
4.131384
0.577539
0.251779
3.260755
0.785789
3.707638
2.098601
3.196687
1.898694
2.522086
2.385283
1.416797
1.092981
1.987576
1.055935
5.684812
1.162132
0.659631
1.167592
2.641689
1.016272
1.510386
2.212002
1.348524
0.719996
1.709301
1.561286
2.202583
0.310074
3.028334
1.151254
0.771736
1.880062
4.387666
1.314294
1.693135
1.311452
4.853366
2.588434
0.226364
0.049101
5.056427
5.194280
2.178001
0.472124
1.570897
4.188287
1.543167
1.448280
0.757741
0.266409
0.553843
0.599843
1.905471
5.852665
1.749659
3.419583
2.162440
1.780208
3.398278
0.755409
0.539679
0.588734
0.699902
0.932270
1.159670
1.938229
3.603699
2.259279
0.657788
1.952944
2.397457
1.529063
5.243170
1.995699
0.588513
3.221295
2.056096
0.949621
1.586059
0.858451
1.340560
0.373541
1.520101
2.348990
0.914556
0.568065
7.063190
4.560636
3.296584
1.964695
1.774611
0.344119
2.358189
1.033019
1.715185
5.474798
2.212472
1.412632
1.257654
3.638551
0.848228
1.348127
1.253490
1.143488
2.018139
1.952887
1.479057
1.962609
1.095743
4.042837
2.115797
2.955086
0.923575
2.327107
3.984396
0.009366
1.929380
2.501086
2.454472
2.876523
4.534755
3.617147
1.915898
0.284499
0.909219
0.853391
1.867178
2.762972
2.485232
1.593975
3.510153
1.525771
0.842082
3.591158
5.511416
4.581579
3.297840
0.863170
1.756403
0.795093
5.412949
1.100503
1.088416
0.670338
3.086393
1.623319
0.476303
0.419849
4.220964
1.703256
1.966830
3.598241
2.793173
0.649567
4.007411
2.166813
1.950033
1.029804
2.741086
2.942494
0.240657
1.160807
0.936256
1.561909
0.777151
4.146496
2.032314
2.814935
2.105087
1.583699
2.020911
2.827608
2.289502
2.788014
0.096087
1.765994
0.682705
2.062813
0.961683
2.481447
6.398426
3.032455
0.535330
3.871082
3.570194
2.893556
2.058524
4.357426
0.867405
2.291282
2.415409
3.154672
4.921184
7.509164
1.825345
1.374512
0.832009
1.466743
1.798174
0.137985
3.776340
0.140492
3.035175
1.284223
1.437495
0.689015
0.128564
1.765534
1.417998
0.757055
5.271459
1.882538
1.124427
1.386636
0.664286
1.428500
1.142154
1.461762
2.862231
0.911877
2.848391
2.618341
0.995008
0.531503
1.292964
1.533234
1.979160
0.563781
2.613934
1.014018
3.887896
1.192535
5.896663
0.481051
2.517722
4.939654
1.704067
3.521052
0.745991
2.675545
1.608251
2.362497
2.495359
2.098857
1.628073
0.506655
0.655239
3.743483
0.542015
1.694457
2.404478
1.741941
5.889872
3.227801
0.597355
2.286892
1.021622
0.576690
1.267615
2.222991
3.191436
2.259548
0.207139
3.515828
1.215598
2.474421
0.740611
3.210348
0.606321
2.107403
1.301437
3.744109
1.440214
5.325116
1.245572
3.837110
1.363805
0.959860
2.276408
1.620453
2.177492
0.133664
5.755859
1.458512
4.056438
1.650578
7.184798
2.848225
0.170260
0.776983
2.387735
0.550444
0.657503
1.350241
0.777211
2.335560
1.700340
4.233764
3.387533
4.416237
1.769572
2.171225
0.978948
6.852179
0.852054
1.261754
1.022334
0.579221
3.511825
5.095804
2.038893
2.456480
3.414647
1.288634
1.577164
0.368780
1.077148
2.323606
1.786155
1.507489
2.708650
2.101364
0.437777
5.068904
3.910927
0.803371
3.518454
5.006840
1.330901
0.644746
1.006858
1.214074
2.378364
0.521638
3.080644
0.745820
2.742755
0.987086
3.586751
1.365366
1.963356
1.301582
1.368655
1.987066
0.400789
0.271333
0.637464
1.069078
1.488247
0.024589
0.706034
2.249652
2.253225
6.326626
3.031023
3.363637
2.641832
2.288227
2.428523
0.289727
0.426510
1.856320
1.724361
0.687986
4.349406
1.798342
2.175483
1.928366
2.268585
2.454983
4.395489
1.379626
2.588723
1.759859
4.253212
6.207847
0.939132
1.904566
3.660584
0.056344
1.769085
0.306496
1.892128
1.329328
1.729090
1.483640
2.799541
2.158111
2.319313
1.443758
0.833607
0.403734
2.375104
1.593486
0.348440
1.344338
0.408974
1.378327
2.311743
0.268383
1.233074
1.554155
0.310402
3.934989
1.221993
1.124680
1.256413
0.636472
1.034292
5.695147
1.110957
2.456861
2.057005
4.172243
0.521576
0.722781
1.735936
2.622492
0.798003
1.377209
0.551209
1.713671
2.741683
4.591650
0.631569
1.656766
1.706458
3.172668
3.649715
2.593246
2.563119
0.987064
0.313649
0.216183
2.345691
0.118412
0.744567
3.156869
1.594901
1.567379
3.469366
2.369793
2.590710
2.665442
1.313013
5.748324
2.121185
2.223376
3.534042
0.440293
1.667969
1.293782
2.228548
0.444052
2.587263
0.301918
4.449720
3.315832
1.002520
2.071167
1.156683
1.108894
1.350049
2.106214
0.317551
4.534551
0.327048
0.782945
2.690074
2.983924
1.520727
1.953859
2.023936
1.058878
1.237561
2.996129
1.757280
0.349653
3.737737
0.524888
3.495965
2.520240
1.632238
5.548120
1.763585
2.498539
4.032553
2.338683
3.314252
2.236759
2.333066
1.509866
1.723781
3.414369
1.461438
3.425434
2.591011
0.436741
0.892008
1.012416
2.199261
4.851474
1.585137
0.631922
1.100264
4.246965
0.266187
3.326124
2.241234
0.883867
1.913865
1.803572
1.206036
3.752522
2.412610
0.861269
2.552677
1.092483
2.710639
0.712528
2.860960
1.209041
6.459916
1.520566
1.546837
3.019078
1.045138
1.548464
3.808908
1.797732
2.522832
1.712359
2.001062
2.844971
0.267112
0.576520
0.652883
2.272669
2.958474
0.791540
2.920714
0.698975
1.581977
3.259004
0.460428
1.961007
3.568802
1.767127
0.740166
2.252678
1.941218
1.777483
3.629590
4.209723
2.189904
4.485470
1.836758
0.603201
0.580522
1.763195
1.571204
1.652800
4.776907
1.318055
3.161300
0.525168
1.238010
1.022552
3.543922
0.684573
3.781006
3.645708
1.518151
0.389390
2.208547
0.361173
1.613268
1.580747
0.902934
1.394988
3.611932
3.960593
4.638785
4.762835
2.283011
3.458158
1.503660
3.317557
5.995549
0.216097
3.411776
0.526206
1.438313
2.623995
1.957829
0.844776
1.292847
0.759476
0.386133
3.330193
0.834973
1.869985
0.389922
1.532308
3.319988
1.114447
2.197625
1.850608
1.112292
0.997011
3.621273
3.735106
0.337575
1.246141
2.335321
0.829797
3.018823
0.445210
1.290277
1.698107
0.681669
3.287971
0.050209
1.562906
1.825068
1.168533
0.620822
2.505572
1.090548
1.156689
1.198990
3.000995
2.885929
0.867378
2.438550
1.258990
3.824209
6.305698
0.582304
1.447301
2.378109
1.492625
4.880980
1.939942
1.745810
1.655267
1.498132
3.156424
0.761714
1.282985
5.474753
1.341093
2.183990
2.553015
4.930358
1.097898
1.785342
3.670015
2.326428
2.428158
2.667167
1.085128
0.653168
0.511107
0.844743
1.151215
1.828771
5.826298
0.908031
2.814105
0.719102
2.516909
2.190399
2.795926
2.420970
0.631538
0.260537
1.633029
5.159431
2.632925
5.918237
1.725654
1.087482
3.198124
1.135453
0.752966
0.608049
4.511485
2.603689
1.750499
3.184354
1.743916
3.773666
0.133427
0.944783
4.257587
2.500404
0.880962
3.351505
1.778656
2.558362
1.312361
1.456535
1.545924
2.109712
2.947141
0.538682
0.785981
0.749869
4.115430
3.450557
1.686004
2.696305
0.501056
2.434849
1.610886
1.273352
0.823241
3.609613
2.427343
2.681884
2.537283
2.121605
0.679841
1.171202
5.523044
0.830527
0.526905
2.526524
0.592181
1.017423
2.147063
1.267170
0.165933
1.129797
4.994249
5.074163
0.939038
1.875601
3.535457
1.714663
4.249269
0.726343
3.294951
0.879596
0.642324
0.524498
3.770560
2.597859
1.216994
3.954838
2.406153
3.385354
3.549961
1.334159
1.995101
1.440638
4.507530
0.625566
1.930035
1.439343
0.935436
2.772176
0.932165
2.391334
3.797046
0.633505
1.669912
1.160229
2.698455
2.947786
7.335021
1.509017
1.113363
3.113131
2.617680
2.184163
2.049413
4.193433
2.676815
0.966996
0.927066
2.201134
5.384992
4.599562
3.289269
3.445484
2.968187
2.187344
0.614475
0.630096
2.008463
3.413253
1.959288
2.770801
2.523954
0.911668
1.014442
1.338942
4.524772
0.278406
1.214866
0.741702
1.903959
1.034846
3.700682
3.483561
4.251854
1.245734
4.053580
1.459155
1.523847
1.496769
1.784970
4.894575
0.855809
3.673547
1.204423
2.997351
0.528320
0.867551
1.667670
0.946273
2.624665
2.665651
2.221649
3.271567
0.916141
2.996166
0.832179
2.072448
0.787950
2.179643
2.342982
1.424654
0.146440
1.339506
2.432208
1.639638
0.380289
2.643863
1.642919
4.659861
1.998054
2.019986
0.368401
1.136331
1.664419
3.587714
0.357100
2.363911
0.184668
1.816357
0.280073
1.325843
1.276214
2.957167
1.641530
1.786628
3.183956
0.971024
0.840805
1.040997
0.693966
0.866434
1.046537
0.736029
1.589086
3.632105
2.188563
1.065936
1.439726
1.568188
5.058044
3.622525
2.517711
6.666482
0.622000
0.389261
1.184512
4.470026
0.520897
1.517065
3.874657
0.106715
1.403211
1.376276
2.800560
2.794287
0.183096
1.450919
1.497502
1.486266
1.343431
0.982498
0.387706
3.772094
2.337126
1.291532
1.105638
1.815256
1.592993
4.998846
0.488541
0.324872
0.545750
0.910125
0.466863
0.254555
0.581990
0.220948
2.063829
1.622501
1.343579
1.079973
2.633499
2.634181
1.660148
0.201904
0.214891
1.066895
1.033558
2.548658
1.409562
0.560175
3.484663
1.042116
1.740833
4.307277
1.155532
2.116592
3.518528
0.284587
3.920450
2.329859
0.843831
2.278973
2.808135
0.468196
1.055869
1.302977
0.656842
5.547947
2.162884
2.509745
0.987508
2.104403
1.255837
1.131383
3.063216
2.508810
1.661846
1.881058
0.477662
0.380990
1.380975
5.330398
0.407185
0.625627
3.101850
0.512440
2.199628
0.134682
1.686437
2.688768
4.314895
0.549760
5.551245
0.561429
2.046792
0.454340
4.616390
1.374729
1.364842
1.512174
1.914111
1.614328
3.106635
2.299668
0.227681
1.329784
0.388267
2.057491
1.640391
2.122249
2.206637
7.424401
2.839154
3.259490
0.148085
0.217813
2.610946
1.348295
0.400275
1.348257
2.645273
0.739690
1.863557
0.644747
7.643774
1.319914
2.897712
5.338926
1.384233
2.995098
4.252640
0.938360
2.502704
1.378189
2.023537
4.770310
1.410174
0.845465
0.225310
0.427189
1.796525
0.919747
3.279128
3.652452
6.277454
1.552470
1.322470
0.726979
1.327409
0.634665
1.406711
3.677043
1.955585
0.401067
1.217363
0.774582
0.931916
1.880576
1.887471
3.128578
1.145651
3.328609
2.809271
0.605851
1.978471
3.819998
0.785821
0.845084
2.767162
0.774313
0.369626
1.676641
1.171467
3.147990
0.828701
1.516291
3.545811
1.939592
5.671118
2.193467
0.691567
0.589728
1.087725
2.591135
0.974585
0.670266
0.672832
2.756727
3.580524
3.799648
1.980907
6.020997
0.349650
5.170561
1.468849
2.673788
1.238887
2.130180
2.612173
4.036567
0.404824
1.664148
1.374588
1.683699
5.673523
0.659710
0.552206
1.472532
1.239491
3.268567
1.845152
1.095276
3.867707
1.262025
4.615450
1.165584
0.309442
2.696887
0.774350
2.810662
2.639453
1.637331
1.080043
1.302439
3.909654
1.432144
5.592353
3.631583
0.843988
3.351954
2.970512
0.466286
2.093302
1.731582
2.725832
1.063399
1.655208
2.265170
1.135994
5.526502
2.162819
1.423740
5.804837
4.572090
2.373899
2.279352
1.549343
1.339158
0.906266
1.048850
1.294778
1.173772
0.319881
0.171119
0.541295
2.388430
1.339844
2.297901
1.124272
1.860262
3.343518
3.027845
6.950848
4.079613
0.650060
3.701459
2.893389
4.717171
0.356077
3.810377
2.282052
3.621577
2.322629
1.943605
1.724322
2.769691
0.583916
4.011099
1.543222
3.570644
3.778633
0.320379
2.819626
1.158513
3.078826
0.923683
0.849747
2.603604
3.344945
2.915754
2.399241
0.391377
3.472662
1.811027
4.469889
1.157679
2.825423
0.194606
0.826431
1.163090
2.470013
2.264874
0.168101
1.886084
0.513443
0.698802
2.060878
0.281383
3.379741
3.445131
6.028905
3.981092
0.453759
4.465747
1.530945
1.638536
0.483341
0.671834
2.107023
2.595955
0.743623
4.041198
0.995271
2.378614
2.165743
1.565676
0.733023
0.947465
1.353577
3.335041
0.501567
0.587017
0.793902
1.899764
0.210622
5.282378
1.193192
1.435191
5.116662
2.238582
3.041798
1.727147
1.670305
3.784538
1.365204
0.721059
2.818205
2.916034
1.476455
3.855955
0.273045
1.094146
0.744369
1.870155
0.646853
0.512089
1.961305
3.815558
2.397676
1.087931
0.913171
1.948214
2.077537
2.110377
0.968754
1.555431
2.751827
1.331689
2.101910
2.329272
1.847081
2.260860
0.833310
0.858389
5.340747
1.022015
2.097596
4.674154
4.105426
1.280936
2.602283
1.256564
0.236887
2.362349
2.670941
0.531635
1.499898
1.048356
1.439846
2.918438
0.903499
3.170483
3.330378
0.322127
1.726557
7.760591
2.282644
1.551213
1.171447
2.157656
1.359642
1.098058
1.408734
3.646927
2.114597
1.783910
1.276713
3.992438
1.668023
0.771294
1.521681
1.407365
0.333010
1.002952
0.539832
2.310982
2.188886
1.812939
0.919939
5.869709
2.084369
3.979527
1.910857
1.387438
0.875171
3.090068
1.284571
3.699173
1.771724
0.409915
3.088839
1.771901
1.730592
3.748831
1.115969
1.749909
2.926406
1.218894
0.974252
2.687841
0.081289
2.757004
2.607960
2.143439
2.196278
1.458584
1.435433
3.605749
2.222316
1.696785
3.665309
0.615508
1.467170
2.592314
2.489436
2.286218
1.407302
1.762016
1.465764
1.559446
1.061898
1.561238
0.548237
1.659202
0.525758
0.987863
1.753466
2.698601
2.255531
3.339023
1.410146
2.452209
1.570222
3.515159
2.905452
2.401922
0.828506
0.136975
0.529809
2.009979
1.925384
1.372312
5.806470
2.474581
0.726351
2.053346
1.031500
1.143932
3.142861
1.969109
0.841670
3.246235
2.260046
0.853302
3.275247
0.769346
2.160725
1.398541
1.240346
2.456482
0.376498
2.376729
5.578840
1.041211
2.418557
4.016100
1.452447
1.128587
2.659382
1.399805
3.551854
1.978898
1.639787
4.476570
1.227935
7.537033
1.239498
3.149397
3.019362
1.313626
2.990544
3.785401
1.486922
0.728038
5.047486
2.465577
3.458615
5.608697
1.348212
0.218617
2.725110
1.845773
6.417294
2.013902
5.133763
1.073434
2.153229
3.275797
2.185068
4.063282
1.269148
1.126810
1.432060
1.594175
2.539014
1.295095
3.043604
1.036797
1.600903
2.005814
2.035697
4.124516
3.511767
1.976888
1.579992
4.013578
3.778467
5.583282
1.549534
2.266361
2.145130
2.643437
3.282264
2.363898
1.454639
4.382782
0.084597
1.625535
0.900899
2.194523
2.100520
1.900573
3.017515
0.495162
0.294663
0.968097
0.566277
1.922621
3.603590
0.744779
1.477676
3.092413
0.165780
0.101217
2.494817
1.372256
0.430287
0.840041
2.651734
2.739156
3.598085
2.006541
2.160648
1.458964
3.261886
3.342404
3.344389
0.851731
4.598146
1.901736
3.096514
0.765658
1.611393
0.502649
0.073850
2.117298
1.962802
1.090895
1.679184
1.526566
2.044461
3.274625
0.022811
1.129331
1.342103
3.018949
3.200871
7.727635
5.914581
0.162405
2.601783
0.175521
3.201949
0.521457
0.755306
1.486130
2.486327
3.538460
1.390154
0.786089
3.954771
3.536874
0.654070
3.184562
1.062935
1.938098
0.577493
2.441869
3.033076
4.005631
2.679752
1.116909
2.514187
3.852811
1.621732
1.195786
1.230752
0.939478
3.075525
2.279659
0.686311
1.478469
2.314638
3.422319
1.490207
0.923510
1.052205
1.113599
5.291846
2.051564
1.219217
3.165022
3.162590
3.157540
1.976856
0.262286
2.702425
1.097472
2.983755
1.470437
1.326072
3.249238
1.222958
2.362653
0.312154
1.604878
3.328996
0.473677
0.719894
5.501900
2.674798
0.605582
1.139140
1.098275
3.739230
0.698668
0.444513
1.826433
2.105975
2.836348
2.766673
0.863439
1.557236
3.296559
3.104471
2.692648
1.904505
0.944226
0.264337
3.169694
7.745106
1.728116
0.924575
1.580326
0.055926
2.831038
0.960961
1.687097
1.719326
2.887560
7.049754
4.800093
1.094472
0.668398
1.445521
0.583536
1.338595
4.058422
2.908052
5.849591
0.568458
0.793047
1.235597
1.979997
2.937487
0.335707
0.185697
0.402420
0.453931
4.395716
0.937435
3.315510
3.732560
1.841754
0.803288
1.492001
0.864404
2.022656
2.192789
2.740848
1.515262
1.789194
0.767618
1.274920
1.462350
2.653758
0.294997
1.917430
0.517734
1.053175
4.295181
1.685344
1.082229
2.444878
1.345911
2.474947
0.627407
5.101564
2.160358
1.491532
2.088797
3.281258
0.726188
2.037384
1.431695
0.887418
2.176464
3.715175
1.576511
4.252792
1.386254
0.736217
2.331271
1.466397
0.347307
2.987957
0.966118
1.913736
1.230227
1.763871
1.000224
3.883572
2.502491
1.250394
0.489342
3.432124
2.939548
3.309422
4.791849
0.896966
1.576262
1.237951
2.096066
2.086612
1.716553
2.212029
2.320385
1.827593
1.056281
4.495249
1.791202
0.271801
3.162544
1.062888
3.013404
0.755914
3.173714
4.309166
2.047200
1.392271
2.881753
0.194888
0.626267
0.711140
2.796914
2.053800
2.072307
1.695474
1.439167
4.953376
1.921942
2.901334
1.077428
1.058150
7.479851
0.460518
1.725818
1.351294
3.366804
1.289565
4.948668
1.655090
0.735498
4.620042
0.453658
1.466529
1.420680
0.984515
4.221284
1.012669
1.119833
1.125519
0.301396
1.607578
2.872640
0.510566
1.316195
5.234089
0.701138
2.288968
0.751246
0.433580
2.208651
1.257311
1.993822
1.964691
4.252383
4.050990
3.080965
2.337650
1.361950
0.727119
2.150975
0.502783
2.168525
3.223877
2.462718
1.046511
0.154886
0.587506
2.730948
3.698025
1.919821
1.597470
4.175663
3.173003
1.970170
2.027831
1.928518
0.999868
0.944928
2.026749
2.344546
0.858461
5.258361
1.213629
0.447762
0.187841
1.874453
0.595361
3.247308
0.884197
0.941543
2.839780
0.439440
3.017058
1.775270
1.737571
2.622559
5.345471
2.807533
0.958289
2.229669
3.552018
3.041735
3.013958
4.176277
0.537587
0.460050
3.630027
0.439728
1.673890
0.562897
3.749139
2.374227
0.898380
0.673722
2.493412
0.216628
5.551295
0.942718
0.393773
1.915628
0.784366
1.609684
0.258880
4.314426
2.387269
1.650783
0.596284
1.477345
1.246789
1.320531
0.648546
4.523215
4.076996
0.973030
1.249279
1.678551
3.746142
1.958970
3.216847
1.804197
3.125960
3.335968
1.011868
7.840665
1.120128
2.471176
1.795195
1.862973
0.575986
1.097480
4.651893
2.378994
1.214159
0.577486
2.315592
1.926784
2.171583
0.099271
2.383759
0.890537
3.326913
1.556817
1.161540
4.448990
1.063605
6.493561
2.543095
1.143556
1.935293
0.288576
0.579602
1.468685
1.047730
3.424520
3.431541
4.076588
2.468995
2.149034
0.751034
1.020939
2.939837
0.538094
4.089119
1.309174
1.613298
3.687599
2.732056
1.553804
2.443324
3.268137
3.061098
0.859033
0.843914
2.228241
0.812848
0.692755
4.880986
1.000170
5.715732
3.789304
1.320654
1.680204
2.600445
2.951700
2.549883
1.286167
0.770396
2.994179
1.242111
2.452023
0.748702
0.410234
2.745132
0.378139
1.050508
0.372484
0.644204
1.939803
0.740914
0.781835
3.310938
1.986267
1.008182
3.429310
3.531281
1.725618
3.159270
1.769087
2.166710
1.854586
0.551717
5.705599
2.316836
3.000541
2.524407
3.623737
1.428677
1.295102
1.791480
1.566512
3.985751
0.524056
1.374103
0.610227
0.643628
1.367542
1.321032
6.205078
2.235288
0.365240
4.194078
2.409035
2.507502
0.456627
1.148525
1.580147
1.625968
1.242347
0.140148
2.095467
1.049351
1.617903
3.029893
1.204358
1.505353
3.581219
0.543431
3.492949
1.470208
2.853271
1.950454
0.553250
2.659883
1.356529
1.249459
4.268292
0.204744
0.217441
0.647499
3.158254
0.875739
3.112642
1.547815
0.898335
1.412858
0.359369
4.691262
3.476682
0.761137
0.416631
2.100720
2.186725
1.232480
0.676524
2.473303
0.499511
0.656805
0.719512
0.957727
3.412027
5.135590
1.827960
0.819823
1.715525
2.270846
2.376132
4.621575
0.896696
1.449379
5.833269
0.287218
2.728923
3.564482
1.842867
3.840830
0.946496
2.531539
2.127577
1.895012
3.325597
5.097101
1.575620
3.682996
1.660643
2.398811
1.758652
1.380608
0.887649
2.084580
1.900780
1.936290
1.217570
0.921376
2.167362
0.872796
2.809113
1.275611
4.322525
0.914577
1.889901
1.171560
8.421229
2.150049
2.184478
1.574394
4.450988
1.382473
2.336797
0.724135
3.346507
2.253874
0.343438
3.846896
0.423784
2.188426
3.210272
1.274079
5.043126
0.561883
1.974239
4.466710
0.436652
3.069961
1.652468
0.118400
0.818960
5.257735
4.312199
0.431875
0.471272
1.748976
3.863432
1.224000
1.587454
2.548620
2.007088
0.923922
0.511089
3.419692
1.987219
0.564654
0.785631
2.247547
0.486229
0.682752
3.576923
2.300755
4.762275
0.615981
1.431832
1.639709
1.829822
0.587300
1.831365
1.250803
1.537300
2.029503
1.003309
2.382045
0.930891
3.785211
0.467215
3.862646
1.439934
4.317836
0.976865
1.534340
0.596103
0.879415
4.471326
1.225909
2.443721
1.296523
0.956821
1.292208
0.708397
0.576273
0.369861
2.317940
3.966839
4.482659
0.614188
0.987352
3.725439
2.695911
2.387022
1.466513
1.397333
4.816856
3.176123
1.493784
1.920700
0.472811
2.024714
2.106550
0.770734
1.690300
1.479344
1.723707
1.931262
4.057593
1.201381
1.320094
1.858760
2.734512
1.855388
3.937374
4.678784
0.751600
5.223553
3.630062
1.895195
1.574681
2.972372
0.263066
1.461580
2.337523
5.100711
4.887916
0.212049
1.824522
0.400463
3.027934
4.034542
1.910701
1.182545
1.669003
1.723530
0.913650
3.541431
0.392349
0.981812
0.910469
2.980919
1.993616
0.672564
2.231410
2.854658
2.887757
4.092699
1.132019
1.740225
2.134760
2.264247
1.100979
1.340673
5.977844
0.590445
1.169079
1.863330
2.790940
0.550465
2.160324
1.424131
0.363723
2.653951
0.816548
2.006749
0.620850
0.789374
1.892387
1.999837
3.412710
1.621317
2.015548
2.175218
4.044128
3.184630
0.671437
3.787966
2.747250
0.997301
3.042289
0.715986
1.858720
3.559418
5.369199
1.681557
0.308913
1.564346
0.739499
0.802251
3.674081
1.405748
3.014620
3.310778
3.032957
0.550742
1.425707
1.529399
1.539494
2.426568
4.022077
0.658401
1.171542
4.349177
2.040398
0.671706
0.853753
2.111026
1.945437
2.090037
2.013660
0.783315
4.941372
1.869201
5.571670
2.439352
0.961559
0.680054
1.226705
3.057227
1.525704
0.929302
0.834666
1.699058
2.959480
1.455492
1.839224
2.105466
1.219854
4.833566
2.843657
0.503720
1.459374
1.092353
1.410624
1.045049
5.010905
0.438150
0.331824
2.141069
3.723193
1.703444
1.916095
1.625085
2.404803
3.082969
0.441913
1.996667
4.542861
1.337371
2.012255
0.778196
5.056844
0.934936
0.800043
0.254831
1.323981
0.385572
2.966032
0.622566
0.369382
0.635643
0.189931
4.980465
0.648477
1.789512
0.547696
1.178506
2.689081
0.907733
1.756294
1.578853
1.243112
2.636041
3.359241
0.491824
0.419989
0.491560
0.346769
1.013363
0.745656
0.727214
5.661907
0.566830
1.872160
4.412819
1.238314
0.235833
1.277342
1.621342
1.434531
6.494834
1.172976
1.323430
1.808867
0.876162
0.229141
0.441136
1.667855
1.498386
3.762983
1.675248
3.108189
2.444728
1.672761
2.926432
0.696107
0.851375
0.344680
2.264183
4.393282
5.942116
0.896031
0.753024
0.084735
1.897463
0.561163
1.400514
1.117381
1.127598
0.666408
1.209986
2.146825
0.139799
1.837291
0.264002
2.955354
0.506404
4.847676
0.890533
3.911141
0.325840
0.347437
0.660891
0.402809
2.108338
3.901517
1.105110
0.479036
0.923098
1.710162
1.456750
2.630257
0.616233
1.120966
0.798565
0.676215
2.059877
1.276069
7.399278
1.051566
1.862963
0.995676
2.848923
2.160542
0.473646
3.008449
1.608816
2.695110
0.782567
0.949976
1.323708
2.765042
3.910033
1.318247
2.880203
1.895760
1.166043
1.289710
0.462140
2.889513
2.100252
4.146349
0.275045
3.013139
1.293739
0.734587
2.581641
2.713580
1.548895
0.368981
1.125941
0.758158
3.405608
0.677871
0.838485
2.233936
2.476478
3.514582
2.405339
0.962223
0.923119
1.353174
1.515722
2.839326
0.996180
4.872257
0.255335
3.046041
0.211789
1.434415
0.683320
3.905404
0.805213
0.698749
1.266600
0.634798
1.449038
3.637968
0.727221
0.922146
1.609859
2.520435
2.097560
2.183090
1.665410
1.875285
3.501818
0.974119
0.855915
4.004147
4.470684
2.670247
0.989453
2.421736
0.912035
0.656261
1.283689
0.914769
1.165963
2.333364
1.304044
1.373539
2.748347
2.112260
1.763348
3.016838
1.558403
3.181327
10.932533
2.093489
0.311047
0.505368
3.488946
2.937418
4.069447
3.831398
3.813237
3.669477
6.547168
3.218059
0.774870
2.898468
2.044828
1.141854
2.371738
3.227733
1.134167
1.263956
2.265518
1.513391
0.470866
0.827390
0.543269
1.965882
1.181797
1.057958
1.859329
2.032806
0.616066
1.496134
1.575178
3.094684
1.786673
3.716466
1.528483
1.332123
0.956662
2.006449
3.053538
1.489520
7.254116
0.911316
1.308729
4.902285
1.091361
2.427079
1.861863
3.125103
0.741172
2.181835
1.809285
1.807549
2.936180
2.400465
0.653209
1.149043
1.809507
3.495813
1.875115
5.813207
1.039750
1.628515
3.041616
2.221903
2.795309
3.689543
1.282753
5.463028
0.550405
1.082910
4.674423
0.805563
0.773380
0.718813
3.446312
1.127635
1.797301
2.650912
2.398957
2.095881
0.939808
2.893487
2.012660
0.338124
5.173264
2.464008
2.517881
1.816549
0.780096
3.084679
0.752761
4.729948
2.105371
3.662158
4.039453
2.958346
3.378697
2.198848
1.005351
3.333952
0.969302
0.585897
5.154572
4.541334
1.097688
3.099600
0.636305
3.101015
0.146536
2.361607
2.679054
4.040820
1.864299
3.379342
1.273598
1.859778
0.266763
0.938018
2.097197
0.675270
1.054298
1.512848
4.349197
1.130633
0.882060
1.520954
0.786143
0.947773
5.140342
1.093415
0.996617
1.378700
3.687888
0.108039
1.180313
2.229898
3.885631
0.592529
2.023961
2.156910
0.710585
3.472856
2.799849
2.923734
1.178900
0.489012
2.118224
3.862007
0.872820
1.480021
1.450491
1.030942
2.880044
2.469149
0.256405
3.797566
1.548527
0.856225
2.936181
1.061917
0.849470
0.390880
0.485875
2.259878
4.434982
0.429070
1.077337
2.469219
1.117501
2.511122
1.644730
5.512151
2.249992
2.678268
0.769998
1.295490
2.254151
1.931172
2.563833
1.202757
0.818358
0.711676
1.739842
0.507905
1.636854
0.147035
1.537821
1.467296
3.924269
1.687068
1.269509
0.789887
1.428229
2.244073
1.257184
2.757693
2.650471
1.727317
2.664478
4.351176
2.686791
1.524967
0.523444
0.340283
2.546616
1.200549
3.340420
0.834593
0.640958
0.115413
2.904702
2.687848
2.164432
0.326719
2.894036
0.734002
6.155113
2.841878
3.349308
0.200456
0.739871
0.031264
1.599387
1.186840
0.587750
1.150316
1.718646
0.640512
2.673906
3.225101
1.676143
2.093799
3.180513
1.935853
4.353501
4.985043
4.866566
0.880810
0.599261
5.118288
2.739506
3.026410
2.014541
1.309270
1.854618
0.814647
1.405520
0.518530
1.593881
2.553377
2.959644
0.775621
0.695511
0.494768
2.266839
0.788892
0.515010
2.586808
1.674381
1.262779
1.940844
0.643675
2.406190
1.262911
1.646138
1.331140
5.473740
2.374308
2.086550
3.907486
3.488236
1.176028
2.516514
1.017052
3.506969
7.231893
0.920057
3.818954
5.739790
5.008448
1.112589
3.890794
1.864506
2.719961
0.265607
1.033704
1.541128
2.000470
0.171265
1.781790
1.693024
0.177043
4.093736
3.362408
1.429125
0.919928
0.628283
2.326894
1.627133
0.609745
6.444838
2.115024
2.852659
1.912702
0.867375
1.902754
1.470171
1.211829
7.221692
0.401927
1.259181
4.747478
0.616350
7.103247
3.599180
1.832735
2.174323
1.843483
2.293368
0.233709
0.690264
3.823556
0.930963
4.901207
1.429690
4.225123
0.760049
1.077084
0.553557
2.280867
1.842637
2.272100
5.031117
1.566341
1.493517
2.744276
1.025063
4.668943
1.440464
4.041527
3.222975
2.168057
1.701791
6.102955
3.315066
1.149231
2.914159
0.467980
1.696374
0.032132
0.195350
1.501935
0.740530
2.395654
2.148994
2.256853
1.424017
3.284517
4.270929
1.715577
2.958355
2.266361
3.257216
1.930996
1.121919
2.222425
1.442282
1.602575
3.509310
1.509924
2.564741
2.007798
1.536635
3.154665
3.824628
0.845379
3.281472
0.401785
2.810057
3.353173
1.774728
2.945270
2.676936
1.779691
3.110856
2.968699
0.698204
2.780133
3.782263
1.289565
1.481370
4.743321
2.410782
0.618936
1.981298
1.967201
4.106980
0.331999
6.459127
3.311761
0.882281
4.554142
1.919020
1.478239
0.902200
4.323658
1.833271
1.730328
1.078718
3.338617
0.461142
2.278687
0.631828
1.399507
1.537385
0.782215
0.920454
1.716063
1.183635
2.714460
0.621719
1.070950
1.869893
1.718851
0.743592
1.047171
2.255691
0.431206
1.502224
3.034262
0.653692
3.541992
4.603517
3.807243
1.974735
0.917851
1.170408
2.449929
0.865988
3.136258
1.590947
0.658274
2.986491
4.070694
1.297143
2.009281
1.088393
2.537143
0.960465
0.277816
1.339447
2.051170
3.487403
2.123897
0.174275
1.443856
2.371228
2.896627
0.645920
1.955170
1.089953
6.534830
3.347556
2.856030
1.890426
1.684471
1.140521
5.255417
0.537865
1.870072
2.035493
5.482629
5.225641
1.041939
1.708375
1.747828
0.572723
3.658246
0.949703
2.012720
3.311846
6.410310
4.576294
0.589005
2.655153
2.683891
1.270902
2.307986
3.057847
0.067153
0.317537
0.984673
1.549851
1.085512
5.326939
0.630069
1.014142
1.561266
2.128088
4.097977
2.013505
2.577691
0.848711
2.360283
4.592600
2.016394
1.622269
2.324601
0.170046
2.852928
1.994417
0.932019
0.558454
1.189588
2.727832
0.918847
4.904459
5.454661
0.392159
0.173499
1.544435
0.723995
2.505828
1.323488
3.855368
2.289172
0.283558
0.602636
3.170127
1.933558
3.252916
1.145635
1.232582
0.855820
2.492519
2.130982
1.964051
0.631185
0.877759
0.342150
1.911335
3.058337
0.513964
5.162427
0.514941
2.152884
3.070982
1.290052
0.656243
2.556015
1.895680
3.157651
7.077596
1.722786
0.246429
2.699725
5.380007
0.474754
2.442618
1.951831
1.634388
0.198888
4.220858
1.392699
3.062145
0.785078
2.751211
3.987040
0.965108
3.834110
0.511983
0.650807
0.978072
0.638137
2.296610
1.936769
0.865737
2.216407
1.460175
7.213112
3.166373
1.549392
4.268660
0.635935
2.458774
1.728888
3.899970
1.983774
2.710824
0.174377
0.867318
3.804202
1.446582
0.242653
2.108414
1.964397
2.095844
3.067052
0.397711
0.718265
0.661410
1.988689
1.672693
1.314201
3.977073
2.518083
1.117048
1.373490
1.378712
0.865049
3.490637
1.349747
1.414254
1.003383
0.326742
2.112846
5.085013
2.198629
2.432436
2.410576
2.518152
1.871507
1.199054
1.817611
2.153217
1.494710
3.797070
2.965933
0.723241
1.375561
2.257013
1.204551
0.995138
0.298900
1.768008
7.743526
0.984779
0.590859
0.526503
2.680729
1.541740
1.053980
7.817029
1.713606
0.446153
4.068752
3.759880
2.799530
2.135957
1.267272
2.053797
3.180619
1.921188
1.543276
2.103009
1.998780
6.535046
4.731985
2.275430
1.307328
1.033628
2.472852
3.977484
2.647784
2.087003
0.809497
2.501024
1.263017
3.895181
0.666637
0.568076
1.307504
2.558718
3.089989
1.792130
1.802523
2.059536
1.858270
2.503307
0.533527
1.328058
1.698134
1.954563
5.451161
0.762234
2.229167
9.294167
2.002064
0.459886
2.665414
2.077989
1.871759
2.874047
0.556067
2.658815
3.026663
1.614720
4.595470
2.361713
0.828417
1.619450
0.666367
1.434965
5.312042
0.842465
3.737906
4.738494
1.438908
0.985798
0.353234
0.535083
0.955961
2.098671
1.409436
0.354042
2.589448
2.450304
0.845940
2.613910
3.228061
0.778877
5.911126
1.337157
0.968512
2.313136
1.625234
2.218535
2.615317
0.814727
1.561093
1.378100
0.838704
0.925267
0.753179
5.738862
2.252017
0.529395
6.306347
0.770653
1.190175
3.117961
2.253755
0.462520
0.362484
2.274682
1.313700
1.614329
0.560749
0.935859
1.283945
1.045342
3.376259
1.190430
1.718148
0.989152
3.962738
3.390503
1.770824
2.117650
3.975848
0.501754
1.393594
2.720088
1.922273
1.765074
2.116778
1.535440
1.004300
1.828881
2.047238
0.837725
1.481909
2.629588
5.095485
1.504141
2.016757
0.648404
2.123650
0.934587
1.853471
1.602533
2.953833
1.392328
0.890790
0.994650
1.662287
1.691670
1.153550
2.411671
2.855194
1.964671
1.807319
1.965049
3.610219
1.428739
2.588133
1.352898
3.684741
1.383206
1.322113
2.684931
0.618385
3.195192
2.628060
1.196756
1.603152
1.359124
0.769178
0.909691
0.842731
0.827137
1.526675
2.530161
1.513546
0.487275
3.021939
5.056040
0.605344
8.942258
4.230173
2.903415
3.923088
0.541115
2.047625
7.826004
0.943231
0.445639
3.128544
2.297788
4.206426
1.311494
0.625283
1.962733
2.097869
4.164732
1.096199
1.492446
3.140781
2.932668
3.217762
1.297003
0.685739
0.619471
1.105500
0.521031
0.750701
2.150028
1.407538
0.071301
1.921388
1.787499
2.295133
1.707437
0.213280
0.066356
0.599214
2.449716
1.107246
0.437773
2.892334
0.950599
0.646269
2.790690
1.089554
1.920919
0.994812
1.557321
1.429506
1.262558
2.231053
1.237367
3.123036
1.385867
2.008538
0.272424
2.721615
0.755733
2.531868
2.938012
4.192797
0.838005
6.196914
1.213303
1.072014
1.159402
0.607192
1.527914
0.096721
2.412188
2.008316
3.213471
0.932894
4.420814
3.162124
0.960451
3.548029
0.339079
1.988815
3.126261
1.730782
1.698360
1.137207
3.046716
2.164889
1.469228
3.455488
1.655252
1.944011
3.787888
2.635047
1.878290
0.922154
1.208726
0.611397
0.851125
3.941989
2.810759
1.778962
2.953334
2.766525
3.448279
2.201980
0.536585
0.954624
0.920921
0.460302
2.266854
4.452678
0.626244
1.201717
1.301008
0.339649
2.170320
0.416239
1.071769
3.279513
1.322752
4.173951
2.894095
2.003001
0.751085
3.689355
7.698186
0.476682
0.983267
1.820257
0.193189
1.192458
1.476207
0.325981
0.219358
1.661235
1.125672
3.401691
0.796300
2.021239
1.632342
0.966938
2.853832
1.240586
0.030927
1.592353
1.530359
1.773510
2.560683
4.021246
6.343593
1.953832
1.020689
0.484870
3.337218
1.334729
2.392105
1.119697
0.783154
1.230583
4.002455
0.822085
1.410729
1.683674
1.340473
5.708173
0.985019
2.842244
5.000857
1.829733
6.313394
4.183855
0.735858
1.938277
0.306744
3.603046
1.544614
2.918231
0.703620
0.358954
1.677405
4.557437
2.355750
1.434537
1.175305
2.063727
2.450415
1.555736
1.592342
3.545651
0.477298
0.611885
2.541339
3.105351
1.156776
0.253040
0.204069
1.492230
0.180734
0.624821
2.237967
3.232086
0.318864
2.021196
3.040661
0.692466
1.736383
2.211079
1.955118
0.563690
1.252639
0.792269
0.688736
3.465624
2.533899
2.862459
0.982037
0.943145
4.380924
3.114899
0.684126
3.275664
1.618381
2.199106
1.023077
2.238571
1.093457
2.602700
0.416884
1.654782
1.980048
0.712009
3.635758
0.733121
0.634534
0.112296
0.945465
2.214209
0.311505
1.240360
1.496431
1.089481
1.434847
4.030096
1.167859
2.096124
2.587121
1.339970
4.598777
2.933255
0.733324
0.880899
2.777769
1.705488
2.427551
0.668425
0.624179
0.583840
0.609791
0.971269
1.719802
1.232942
2.997639
1.067855
0.744420
0.578499
3.457558
0.030848
1.820367
0.655082
0.184469
3.167755
4.177872
3.094745
2.104006
1.860063
0.970016
1.064394
1.927637
1.623161
5.993687
2.091308
0.960861
1.363540
2.013064
2.264995
2.464558
2.053047
2.850133
1.101724
5.025842
2.705589
3.412283
1.694357
1.277013
2.737628
0.122283
0.328939
3.711673
2.178757
0.499344
0.653643
1.802189
2.432372
1.172673
3.427073
2.617342
1.548276
1.228048
2.194651
1.617654
3.106214
0.644759
4.776203
0.725275
2.188115
1.026044
3.577014
1.799940
0.502655
4.171531
2.528163
3.232497
2.296677
2.257134
5.236840
2.256375
2.899560
1.552842
2.781134
2.414693
1.930221
0.655642
6.767286
0.740623
2.726583
2.102299
0.589934
0.693123
2.676704
0.877141
0.704615
1.176822
2.132663
3.268829
0.734308
1.317282
3.353948
1.017524
2.927109
0.705263
1.040436
1.606803
0.675451
0.233667
1.262400
6.205008
2.568422
2.448831
0.620276
2.228336
2.753907
3.219198
1.274227
1.533976
1.680510
2.761229
0.329896
2.776892
2.536663
3.840569
1.135574
1.519101
0.373132
1.859075
0.949263
0.385999
0.533141
2.316718
1.134790
0.260093
1.450773
0.417720
2.015458
0.893168
0.538978
0.638894
1.386100
4.784559
4.519151
0.395803
1.930192
3.109755
2.739991
1.417585
0.779609
1.663847
0.987616
1.062518
0.895339
2.140322
0.492775
0.983853
4.527286
0.538245
4.105987
2.313261
4.136550
3.395757
0.578401
0.614958
1.811506
0.964678
6.157967
4.439036
1.835487
4.296440
2.330785
3.768349
0.451042
2.190372
4.507567
2.819554
2.315266
3.523393
3.384435
4.547355
2.185988
2.218059
2.243306
1.322757
4.659777
0.753103
0.540287
3.065075
0.936505
1.339245
1.725191
0.560229
3.961150
1.115201
2.370370
1.953300
2.177192
0.185214
8.545271
1.397081
5.893760
1.150117
1.905017
1.744206
2.601448
2.459847
1.638299
2.611037
6.786032
2.416579
0.188173
0.183587
1.246963
1.582504
1.389661
2.394635
