0.079051
0.081569
-0.121396
0.825133
-0.417745
0.513500
-0.528613
0.338946
-0.086709
0.008582
0.212172
-0.338243
0.349403
0.748858
0.018655
-0.460773
0.533316
-0.636457
-0.004112
-0.113648
-0.035150
0.356971
0.515363
-0.060365
-0.649495
-0.177271
-0.519114
0.264679
0.036786
-0.128693
0.491559
-0.779470
-0.453805
0.135255
-0.091436
-0.895672
-0.125007
-0.087554
-0.379323
-0.338374
-0.841290
-0.454529
-0.703058
0.445025
-0.374968
0.238994
0.273158
0.299564
-0.116511
0.030201
-0.585879
-0.767741
-0.597234
0.440963
-0.015847
-0.008139
-0.270120
-0.354286
-0.100645
-0.005083
-0.800616
0.313618
-0.353480
-0.034751
-0.450477
0.692562
-0.813798
0.338019
0.395631
0.452324
0.102567
0.170055
0.080817
-0.047840
0.466091
-0.214790
0.900078
0.405521
0.038238
-0.132393
-0.373567
-0.432134
-0.816912
-0.484569
-0.003360
-0.305303
-0.165671
-0.636374
-0.972192
0.429081
0.182568
-0.833947
-0.207539
0.285905
0.427370
-0.081934
-0.102375
-0.767634
0.040575
0.295723
-0.243076
-0.265464
-0.245917
-0.465707
0.058427
0.312445
-0.627043
0.459361
0.139844
0.458797
-0.305866
-0.278095
-0.032387
0.498115
-0.081896
0.119533
0.003640
-0.207396
0.641859
-0.247279
-0.201426
-0.252144
-0.733131
0.075836
-0.428695
0.218398
-0.468634
-0.304767
-0.845045
-0.838894
-0.592461
-0.717230
-0.440842
-0.184443
-0.513176
0.327877
-0.392418
-0.139998
-0.542123
0.053751
0.025630
0.229901
-0.374422
-0.538738
-0.057931
-0.828642
-0.107020
0.641295
-0.150774
-0.746809
0.657634
0.205109
0.460125
-0.107090
0.003518
0.679674
-0.161776
-0.221426
0.277424
-0.583700
-0.550040
0.356748
0.656820
-0.272149
-0.266870
-0.393227
0.216914
-0.552846
-0.739053
0.128749
-0.663788
-0.204018
-0.539763
-0.130391
-0.038145
-0.213698
0.379528
0.279075
-0.340071
0.495010
0.522229
0.448940
-0.240766
-0.406460
-0.329200
0.564039
-0.595964
-0.438167
-0.111989
-0.510548
0.336495
0.387569
-0.415980
-0.452317
-0.279785
-0.902413
-0.678932
-0.142010
-0.144403
-0.436038
-0.692351
0.146558
0.494746
0.088955
-0.690002
-0.826615
0.312949
-0.411745
0.428390
0.323665
-0.478026
-0.075641
-0.383335
0.227558
-0.885990
0.342711
-0.536545
0.608478
0.044181
0.616575
-0.251260
-0.085752
-0.911679
-0.108015
-0.399032
0.097714
-0.539861
-0.164848
-0.893464
-0.186753
0.131270
0.098887
0.052261
-0.651865
0.156932
0.775025
0.515933
-0.484890
0.165373
0.498292
-0.488575
0.048603
0.522800
-0.015997
0.040498
0.276384
-0.596205
0.301939
-0.077608
-0.161111
-0.123893
-0.728387
-0.137991
-0.703428
0.805691
0.378387
0.788745
-0.821104
0.161354
0.909047
-0.650845
-0.295317
0.289583
-0.026787
-0.033972
0.418615
0.590368
-0.238155
-0.164198
0.143993
0.367550
-0.393690
-0.175825
-0.629261
-0.267397
0.551784
-0.268812
0.569884
0.610489
-0.111834
-0.514921
-0.364057
0.530197
0.358499
-0.448331
0.175948
0.101298
-0.572361
0.399302
0.092300
-0.913604
-0.617260
0.463213
-0.615782
-0.432841
-0.020811
0.118793
0.272847
-0.532479
-0.071199
-0.092676
-0.240668
0.473637
0.260426
-0.039358
-0.753486
-0.457786
-0.026996
-0.287662
-0.390878
-0.136946
0.053079
-0.320594
-0.340039
0.224126
-0.229223
-0.021543
-0.047776
0.418588
0.286366
-0.105977
0.375258
-0.161384
-0.340480
-0.183502
0.620369
0.527871
-0.357086
0.408075
0.443258
-0.078014
0.574984
-0.731214
0.291872
-0.556404
0.023727
-0.503847
-0.117264
-0.026848
0.052574
0.009512
0.024294
-0.204613
-0.138675
0.655293
0.725329
-0.492410
-0.211027
-0.197113
0.198549
0.615194
0.222072
0.060435
0.383348
-0.448233
-0.403834
0.303387
-0.552140
-0.316519
-0.566304
0.014277
-0.714872
-0.445317
0.647667
-0.181903
-0.064419
-0.929574
-0.305262
0.220334
-0.590293
-0.220913
-0.092615
-0.206828
-0.200098
-0.644091
-0.557684
-0.539081
0.768685
-0.732550
0.412112
-0.130167
-0.261227
-0.154166
-0.187327
0.252180
-0.018426
-0.206425
-0.101569
0.034028
-0.200829
-0.604267
0.344808
-0.198470
-0.146921
0.340713
0.720552
-0.380058
-0.061249
-0.514923
-0.198799
-0.012980
0.514787
-0.213318
0.020552
-0.551686
0.012022
0.481896
-0.870579
0.394059
-0.403227
0.605372
0.520063
-0.689609
0.419043
-0.217732
0.424503
0.319673
0.235381
0.355146
0.135743
0.047628
-0.231864
-0.447881
0.159317
-0.707149
-0.455923
0.546179
-0.046449
-0.084782
0.431136
-0.153076
-0.069913
0.134218
-0.264350
-0.595901
-0.314871
-0.377383
0.012207
0.716111
-0.021346
-0.442066
0.530636
-0.249635
-0.672789
0.310013
-0.083306
-0.768460
0.560503
0.143352
-0.654830
-0.561364
0.140253
-0.023786
0.129746
0.328977
0.498321
0.038075
0.176398
-0.286786
0.653871
-0.337012
-0.128858
-0.220260
-0.243367
-0.869218
0.211183
0.358156
0.040766
-0.080731
-0.099698
0.258931
0.334256
0.151979
-0.236893
0.225747
0.411883
0.292003
-0.135752
0.690823
-0.825959
0.683167
-0.620888
-0.334673
-0.155693
-0.035591
0.286951
-0.174989
0.682750
-0.271296
0.470459
-0.034247
0.177966
0.757516
-0.110414
0.698564
-0.448581
0.102241
0.344928
-0.117672
-0.418385
0.037489
-0.423226
-0.367693
0.471123
-0.117935
-0.729897
-0.002696
0.460298
-0.145840
0.011184
-0.556300
-0.118353
0.368723
-0.404189
0.077506
-0.238928
-0.329452
0.113712
-0.610321
-0.081662
0.377747
-0.693640
-0.049530
0.316266
-0.708110
0.668680
-0.290015
0.588473
-0.320040
-0.851560
-0.555872
-0.121401
-0.035866
-0.427746
-0.697837
-0.302625
-0.611838
0.226413
0.810434
-0.301985
0.012107
0.085477
-0.419699
-0.371071
0.078537
-0.137869
-0.413147
0.570697
-0.548667
-0.014023
0.332935
-0.090841
0.037754
-0.757206
-0.531325
-0.082410
0.526534
0.435646
-0.442802
0.647030
-0.568225
-0.844919
-0.765745
-0.196303
0.102733
0.254921
-0.206429
-0.461629
-0.243508
-0.245082
-0.938533
0.076369
0.477812
0.367505
-0.464983
-0.303306
0.370971
-0.009803
-0.840874
-0.026518
0.432315
-0.882729
-0.194805
-0.455815
-0.672577
-0.201155
0.105470
-0.184647
0.536883
0.647101
-0.352097
0.774586
-0.089237
0.517056
-0.327733
-0.074338
-0.112513
-0.319325
0.485746
0.305436
-0.796890
0.332380
-0.697173
0.444523
0.061154
-0.677590
-0.503361
-0.519983
-0.726497
-0.331899
0.653586
0.004606
0.607492
0.053309
-0.063077
-0.455467
0.412169
0.039408
0.108985
-0.677233
0.033110
0.448025
-0.791003
-0.367652
-0.748882
-0.187048
0.270414
-0.576443
-0.006755
-0.097256
0.040035
-0.307556
0.392967
-0.039704
-0.497555
-0.445385
0.115230
0.233014
-0.754311
0.368539
0.729132
0.267864
0.197652
-0.411893
-0.084758
0.119437
-0.337116
-0.116755
0.439163
-0.818075
0.129469
-0.040770
0.043926
-0.101309
-0.149758
-0.027379
0.204446
-0.273882
-0.340887
-0.024384
-0.054193
0.613362
0.037214
-0.357142
0.640734
-0.050328
0.205077
0.319200
-0.047827
-0.238922
-0.204352
0.520788
0.465262
-0.412005
-0.975122
-0.322419
0.071480
-0.887572
0.349677
-0.254769
0.296699
0.035352
0.380184
0.395352
0.232513
0.051685
-0.239354
0.277933
0.308993
0.462523
-0.010086
0.115820
0.013536
0.027810
0.177264
-0.139819
-0.183578
-0.810121
0.129188
0.450274
-0.199811
0.238347
-0.292225
-0.189893
0.520488
0.282064
0.162991
-0.918734
0.152425
-0.139307
-0.270492
-0.054385
-0.552453
0.312340
-0.364719
0.776400
-0.612896
-0.075878
0.394396
-0.491350
0.176973
0.296366
0.593220
0.009089
0.114822
-0.786989
0.228699
-0.889761
0.250190
-0.703330
0.502397
-0.256111
-0.364849
-0.070814
0.223127
0.004215
-0.650792
0.180762
0.757463
-0.003318
-0.106511
-0.710118
0.499952
0.379853
0.025910
0.348385
-0.490017
-0.462285
-0.541972
-0.174591
-0.671073
0.443216
-0.549570
0.605389
-0.869069
0.681052
-0.243299
-0.331616
0.681290
0.196266
-0.498529
0.202970
-0.268213
-0.326117
-0.986105
0.902584
0.415114
0.237768
0.247215
-0.080177
0.353812
0.399518
-0.199001
0.423593
-0.562117
0.047012
0.362032
-0.215141
-0.302084
-0.077377
-0.409996
0.460181
0.386787
-0.719920
-0.188525
-0.279012
-0.371046
0.495335
-0.682516
-0.380252
-0.236355
-0.512080
-0.368947
-0.102523
-0.137043
-0.576222
0.429916
0.223317
0.190260
0.078936
-0.151093
-0.408312
-0.288232
-0.309774
-0.164667
-0.667647
-0.886248
-0.243898
0.003148
0.370376
-0.702629
-0.920953
0.052252
0.403220
0.035997
0.571031
-0.138324
0.435540
-0.222234
-0.186370
-0.309498
-0.243396
-0.013347
-0.727322
-0.867709
-0.108310
-0.083687
-0.190390
0.032846
-0.627721
-0.488063
0.309613
0.364434
0.321341
-0.383557
0.351415
-0.394213
0.086842
0.151389
-0.158318
-0.400566
-0.044954
-0.908728
0.205949
0.487892
-0.091323
-0.689188
0.350748
-0.028636
0.700169
0.585536
0.600242
-0.045009
-0.902208
0.279558
0.343649
0.682476
-0.054378
-0.141789
0.490471
-0.857670
-0.440714
-0.540952
0.024017
-0.748470
-0.112237
-0.191601
0.257029
-0.397383
-0.493123
0.072163
0.454693
0.244878
-0.153825
0.374592
0.745268
-0.744796
-0.598753
0.201838
0.765094
-0.822025
-0.091812
0.349655
-0.287850
-0.134741
0.018838
-0.410553
-0.801409
0.238011
-0.371120
-0.373518
0.363413
-0.199273
-0.414738
0.113735
-0.785953
0.059968
0.511490
0.696819
0.125743
-0.042373
-0.850774
-0.684837
-0.076221
0.703869
-0.175440
0.152884
-0.587921
-0.830995
-0.651175
-0.041483
-0.217209
-0.321985
-0.392571
-0.398046
-0.049316
-0.617067
-0.325304
-0.224119
-0.098566
-0.061363
0.265971
-0.714135
-0.309463
0.610815
-0.096891
0.626579
0.414679
-0.635344
-0.180267
0.601186
0.280535
-0.158007
0.344571
0.358322
0.019240
0.180544
0.135277
-0.180382
-0.334129
-0.298060
-0.659508
0.483302
-0.238397
0.123483
0.435372
0.696741
0.123941
-0.075828
0.045741
-0.745416
0.342385
0.142622
-0.141808
0.164143
0.028569
0.152563
0.820765
-0.023827
-0.453963
-0.064503
0.633166
-0.010543
-0.751912
0.222080
-0.002786
-0.316307
-0.924350
0.053253
-0.123502
0.263175
-0.654287
-0.423770
0.619028
-0.327357
0.213063
0.177889
0.239421
-0.456684
0.234631
0.320741
0.472380
-0.226752
-0.195793
-0.542834
-0.849076
-0.732942
-0.624947
0.358775
0.457143
-0.719906
-0.587896
-0.523664
-0.255073
0.478554
0.035556
0.569765
-0.310703
0.031215
0.042785
0.239564
-0.450526
0.000048
-0.201532
-0.526603
0.746493
0.114242
-0.302410
-0.180270
0.166315
0.119328
-0.140815
0.153410
-0.175030
-0.210944
-0.131025
-0.460662
0.093667
-0.020953
0.205097
0.732229
-0.633649
-0.448279
-0.383964
-0.651269
0.100617
-0.264563
0.438822
-0.048421
0.472280
0.238544
-0.107824
-0.463558
-0.143820
0.148252
0.206744
0.787555
0.136158
0.088287
-0.141111
-0.067416
0.057867
-0.109725
-0.010319
0.137061
0.439620
0.297933
-0.148987
-0.666845
-0.462173
-0.545987
-0.075659
0.320011
0.359758
-0.692968
-0.009688
0.765705
-0.622226
0.560159
-0.264861
-0.130353
-0.483048
0.278073
0.374771
-0.162138
0.494063
-0.010901
-0.746535
0.198446
0.120828
-0.648675
0.098180
-0.587901
0.253822
-0.221879
0.200520
0.287183
-0.554101
0.138947
-0.766350
0.503075
0.087390
-0.413001
-0.275511
-0.723458
-0.644155
0.170896
-0.292683
-0.445596
0.281351
0.694218
0.023490
0.676092
-0.238313
-0.083634
0.625809
-0.126304
0.453123
0.171846
-0.091777
-0.487304
0.555927
0.046633
0.105634
-0.197797
-0.117977
0.456077
0.186569
-0.165870
-0.450551
-0.030225
-0.404656
-0.151655
0.365425
-0.023654
0.063246
-0.310301
0.088545
-0.162133
-0.684007
0.204968
-0.160752
-0.482531
0.011707
0.820328
0.534914
-0.391728
-0.124154
-0.080968
-0.174064
-0.538661
-0.852480
0.275512
0.597907
-0.133541
-0.293530
-0.066104
-0.269289
0.386686
-0.369204
-0.556325
0.328928
-0.019019
-0.309602
-0.054045
0.021950
0.428521
0.216559
-0.098560
0.049775
0.189329
-0.122281
0.158486
0.052156
0.130679
-0.232058
0.674968
0.675854
-0.254368
-0.981029
0.688768
0.190485
-0.191052
-0.756761
-0.703767
-0.457368
0.027167
-0.019766
-0.228315
-0.362606
-0.126963
0.050498
0.282856
0.611494
0.194829
-0.080458
0.300452
0.024620
-0.116754
-0.288369
-0.312825
0.181704
-0.565034
-0.707974
-0.094033
-0.150128
0.053073
0.116158
-0.373954
0.027241
-0.612556
0.363432
0.193767
-0.690528
-0.149377
0.370961
-0.942517
-0.465804
0.560464
0.347759
0.035010
-0.110685
-0.335233
-0.313875
0.244580
-0.243760
-0.149172
-0.474302
-0.394510
0.407129
-0.859967
0.658476
-0.037219
-0.904377
-0.363886
-0.383410
0.627799
-0.660193
-0.207435
0.041773
-0.275425
-0.415890
-0.130156
-0.151064
0.186812
-0.175620
0.480098
0.559565
-0.277867
-0.137091
0.470324
-0.293953
-0.289857
0.526739
-0.254308
-0.094821
0.135029
0.340467
-0.714014
0.398113
0.030476
-0.459917
-0.162587
0.140735
0.166277
-0.321110
-0.556777
0.054601
0.432102
-0.839763
0.837075
-0.629098
-0.405807
-0.336355
0.133142
0.434526
-0.839909
-0.018433
-0.394591
-0.116587
0.207329
0.451956
0.260182
-0.135587
0.023037
-0.051484
-0.301238
-0.339572
-0.574170
0.416329
-0.490339
0.627961
0.080879
0.373729
-0.728911
-0.054760
0.674144
-0.498050
0.258404
-0.200121
-0.567031
0.152708
-0.100738
-0.513087
-0.294155
-0.219205
-0.173442
-0.276554
0.698362
0.234033
-0.028837
0.236783
0.318478
-0.064482
0.483110
-0.181971
-0.304495
0.462288
0.373269
-0.205293
-0.197105
0.246768
-0.279155
-0.156979
0.267325
-0.258442
-0.316340
-0.130795
0.156607
0.147043
0.167344
-0.823533
0.481908
0.081234
0.315753
-0.440780
0.226596
-0.617072
0.007732
-0.133913
0.792859
0.323457
-0.109898
-0.659705
0.360409
-0.985606
-0.178715
0.584378
-0.605235
-0.302853
0.593018
-0.795850
0.371624
-0.193627
-0.400646
-0.245395
0.127480
0.165445
0.703507
-0.758981
-0.007265
-0.127614
-0.487134
-0.385561
0.239467
-0.277257
0.090334
-0.033787
-0.380164
0.053234
-0.925268
0.507277
-0.245606
-0.517624
-0.634645
0.010738
0.333012
-0.396075
0.696384
-0.150269
-0.055592
0.430737
0.415790
0.554096
0.293948
-0.111203
-0.531439
0.401556
-0.596564
0.204336
0.253308
-0.753476
0.039923
0.455052
0.708670
-0.190486
-0.332852
-0.273777
0.158398
-0.706470
-0.543915
-0.551376
0.277030
0.791032
0.353970
-0.615849
-0.068279
0.217928
0.020167
0.315977
0.138807
-0.237221
-0.184643
0.128715
0.608027
-0.056792
0.007729
-0.298243
-0.316396
0.726009
-0.263273
0.259881
-0.743898
-0.854594
0.288347
-0.219603
-0.215847
0.655673
0.062926
0.016948
0.296649
-0.252596
0.433215
0.560177
0.489478
0.023200
-0.178424
0.693124
-0.008444
0.219985
0.370641
-0.097307
0.531846
-0.139851
-0.342733
0.451191
0.071128
-0.040305
0.449035
0.113466
0.062261
-0.707701
0.525615
-0.111885
0.006443
0.198789
-0.106761
-0.242393
0.065712
-0.835934
0.311426
-0.623956
0.083169
0.325059
0.267406
-0.072585
-0.113675
0.371519
0.125121
-0.459545
-0.071157
0.166559
0.704899
0.165962
-0.125013
0.013079
0.080069
-0.004468
0.588417
0.880392
-0.102223
0.074389
0.494136
0.131240
-0.559182
-0.246368
-0.176560
-0.785162
-0.202472
-0.013279
-0.712144
0.365473
0.025154
-0.717837
0.244566
0.284646
0.331061
0.475190
0.462840
-0.472986
-0.033902
-0.596684
0.367168
0.082897
0.162828
-0.731623
-0.426812
-0.129163
-0.191813
0.309245
-0.139452
-0.015882
-0.308596
-0.314881
-0.399523
-0.417313
0.323064
-0.647677
-0.051679
-0.753874
-0.233607
0.609700
0.167756
0.063327
-0.043194
0.604490
-0.160276
-0.627602
-0.453309
-0.745120
-0.087990
-0.715952
-0.394657
0.553525
0.075330
0.576781
0.838687
0.455203
0.005705
0.096671
0.244015
0.423975
0.734604
-0.504686
-0.086617
-0.071257
0.564152
0.355579
0.341436
0.112991
-0.770481
0.390379
-0.308978
0.127736
-0.809499
-0.416077
0.372103
0.616806
-0.035670
-0.398438
-0.446011
0.017632
0.027500
-0.343558
-0.261062
0.192841
-0.491892
0.141084
-0.235303
0.179891
0.128766
0.218026
0.159407
-0.971105
-0.524022
-0.659155
-0.469034
0.052217
0.204934
-0.060753
0.504205
0.793227
0.099919
-0.253441
-0.618709
-0.656905
-0.221689
-0.796738
-0.510327
0.195206
0.225047
-0.385290
0.165963
-0.421431
0.204476
-0.068522
0.425815
0.886960
0.256594
0.154739
-0.406899
-0.553375
0.657357
0.487822
0.102900
-0.659831
-0.041627
-0.584303
-0.758497
0.341742
0.296026
0.539420
-0.626563
-0.163452
-0.161005
0.108033
-0.149422
-0.440276
-0.140261
0.175786
-0.004335
0.023541
-0.737389
0.492790
0.182058
0.161752
-0.126523
-0.123112
-0.117980
0.629136
0.233086
-0.127684
-0.224360
0.167022
-0.342973
0.345553
-0.616971
-0.321907
0.856459
-0.138582
0.280499
0.238680
0.622994
0.170247
-0.380638
-0.257327
-0.012138
-0.079593
0.454085
-0.770199
0.227816
0.047106
-0.354007
-0.591606
-0.170337
-0.678789
0.338179
-0.300926
-0.046048
-0.291619
0.384794
-0.013358
-0.066718
-0.730099
-0.512751
-0.595872
-0.208513
-0.005530
-0.054270
-0.540700
0.312729
-0.426597
0.420970
0.148771
-0.782029
-0.369276
0.102922
-0.838915
0.046624
0.128977
0.156242
0.540191
-0.754002
-0.498016
-0.475760
-0.041251
0.089043
0.129250
0.205754
-0.043800
0.594925
0.031902
-0.583463
0.714718
0.335501
-0.098742
0.427102
-0.346316
-0.358554
0.252849
0.218990
0.497424
0.054609
0.014702
-0.080343
0.562248
-0.028568
-0.269639
-0.140276
-0.450434
0.290371
0.075227
-0.759780
0.261425
-0.176913
-0.295547
-0.178997
-0.391543
0.317367
-0.292533
-0.018374
-0.021706
0.776356
-0.702219
-0.375194
0.886228
-0.932343
-0.857370
0.202867
0.796817
-0.530485
-0.320624
-0.353684
0.319048
0.022996
0.390924
-0.522303
0.442289
-0.243763
0.324206
-0.164039
-0.285756
-0.133419
-0.880135
0.383860
0.001495
0.040833
-0.204851
0.520917
-0.207624
-0.233248
-0.281347
0.643324
-0.090527
0.112139
-0.402421
0.052450
0.001862
-0.040690
0.431224
0.402122
0.348054
-0.011874
0.034710
-0.114022
-0.298982
0.262846
-0.248489
0.526104
0.685077
0.502595
-0.039278
-0.747781
0.430532
0.005608
-0.314428
-0.836386
-0.898533
-0.744307
-0.622670
0.202472
0.229895
-0.189640
0.009938
-0.039538
-0.708956
-0.439550
0.382901
-0.129544
0.073044
-0.162719
-0.209763
-0.698185
0.198184
-0.361058
0.099829
-0.111201
0.179527
0.629517
0.234266
0.223011
-0.152807
0.007653
0.641916
0.018490
-0.440691
-0.019622
-0.664767
-0.485861
0.015664
0.015511
0.002115
-0.453287
0.311005
-0.175438
-0.034947
0.235565
-0.683344
0.528856
0.182340
0.437665
0.160753
0.010896
-0.019653
-0.193916
-0.085139
0.093222
-0.460534
0.696225
-0.400509
-0.488515
-0.045845
0.471500
-0.939721
0.005789
-0.282590
0.069881
-0.480402
-0.150132
-0.131839
-0.386763
-0.439166
0.393457
-0.545994
0.527549
0.439823
-0.012109
-0.093558
0.212085
-0.477001
0.910896
-0.764067
-0.862983
0.182730
-0.083938
0.096635
-0.089248
-0.695617
-0.293164
-0.002286
-0.795857
0.042366
-0.027582
-0.176637
-0.850678
-0.450595
0.011769
0.143345
-0.238714
-0.225709
0.507497
-0.274317
0.719612
0.569096
-0.193478
0.500111
-0.398218
-0.303926
0.112336
-0.221034
0.471743
-0.001474
-0.057344
0.327514
0.597332
0.464062
-0.727704
-0.148847
-0.138822
-0.244948
-0.959232
-0.769208
0.136239
0.097278
-0.635832
0.638251
0.069292
0.087764
-0.843913
0.029297
-0.360643
0.399609
0.365241
0.191698
-0.066706
0.261198
0.350695
-0.362344
-0.080718
-0.331635
-0.038390
0.367176
0.092865
0.097938
-0.757263
-0.461589
-0.278641
-0.021374
0.106584
-0.312622
-0.027784
-0.398263
-0.622930
-0.095998
0.105537
-0.560204
0.591975
-0.014241
-0.567617
-0.315683
-0.316143
-0.679362
-0.951662
0.200665
0.188343
-0.738915
0.473393
-0.176547
-0.174144
0.413665
-0.282480
0.105242
-0.319896
-0.030050
0.235575
-0.237704
-0.452830
0.460302
-0.303634
-0.701155
0.641569
0.010203
0.497528
-0.250006
-0.133590
-0.369082
-0.524220
0.379941
0.018654
-0.418634
-0.403062
-0.358880
0.379654
-0.626390
0.113693
0.476213
0.040063
-0.054407
0.157194
-0.400156
0.019262
0.372364
-0.029326
0.008939
0.430467
-0.223054
-0.486923
-0.884456
0.683255
0.163251
-0.253722
0.525779
0.453629
0.768133
-0.243035
-0.442325
-0.161595
-0.274450
0.062478
0.026967
0.501522
0.725792
0.402459
-0.635182
0.843899
-0.557160
-0.676382
0.478237
-0.594839
-0.544788
-0.232942
-0.372415
0.139090
0.243351
-0.063790
-0.764357
0.792058
0.494158
-0.116535
-0.052461
-0.122162
0.487577
-0.168320
-0.824220
-0.755533
0.056433
-0.048735
-0.525406
0.123107
-0.018533
0.327339
0.336942
-0.755941
-0.194254
-0.657982
-0.139870
-0.207857
-0.851720
0.745349
-0.700241
-0.714408
-0.220780
0.689009
-0.366541
0.173306
0.511855
-0.413779
0.565521
0.122566
0.320222
0.025630
0.295400
0.431482
-0.066174
-0.493566
0.350065
-0.038150
0.575103
0.355133
0.251356
0.348758
-0.634959
-0.051811
-0.305608
0.051231
-0.288115
0.562196
-0.055777
-0.818675
0.664827
-0.580146
-0.139270
-0.525149
0.262284
0.642667
-0.431712
-0.316500
-0.053862
0.022379
0.087729
-0.279034
0.024721
0.666881
0.046944
-0.345939
0.162616
-0.070960
-0.367850
0.037070
-0.449247
-0.074500
-0.357725
-0.133563
-0.007854
-0.031120
-0.257671
-0.341216
-0.600650
0.317651
0.097587
0.112010
0.484348
0.338091
0.131961
-0.713262
-0.832338
-0.477266
-0.006087
0.085633
-0.148416
0.025165
0.088383
0.243791
0.841302
-0.486796
-0.179511
0.541576
-0.277117
-0.230426
0.040126
-0.057347
0.031260
-0.217722
-0.151802
0.360604
-0.228063
-0.606945
0.100250
-0.294819
0.425535
-0.257814
-0.024316
-0.123339
-0.220119
0.017812
-0.844790
0.501097
0.535104
-0.182805
0.379434
-0.415564
-0.880175
-0.292221
-0.598835
0.223503
0.368791
0.645621
-0.218646
-0.564084
0.134910
0.151230
0.012745
-0.147914
0.197584
-0.058037
-0.859098
-0.259235
-0.646979
-0.366544
-0.182830
0.070979
-0.098436
-0.444550
0.653756
-0.016234
-0.220968
0.030280
0.828241
-0.053597
-0.817797
-0.486345
0.519991
0.277122
0.172141
-0.284575
-0.118477
-0.016014
0.077374
-0.652531
-0.475172
0.233961
0.103023
-0.200206
0.256988
-0.336692
0.270551
-0.288962
0.054634
0.043872
0.350391
0.124945
0.626016
-0.300223
-0.398311
0.079183
0.437962
0.445898
0.535182
0.093698
0.163127
-0.762253
-0.736645
0.498091
0.434185
0.280152
0.293766
0.244054
0.720716
0.444270
0.490698
0.306017
-0.228530
0.724058
-0.078100
0.305431
0.291769
0.079233
-0.029281
0.478414
-0.269575
-0.154946
-0.560618
0.154625
0.343384
-0.290843
-0.416795
-0.649330
-0.165987
0.001708
0.163059
0.074164
0.471838
-0.099922
-0.207859
0.752403
-0.419243
-0.154194
-0.173342
-0.599098
0.084358
0.115297
0.598286
0.667360
-0.914533
-0.788172
-0.354211
0.246642
0.494945
0.223423
0.091817
-0.426372
-0.687800
0.167184
-0.651855
-0.015061
0.600831
0.121640
-0.950018
-0.009048
-0.104957
0.350013
-0.417292
-0.123505
-0.335152
0.240675
0.080257
0.008935
-0.429549
-0.046324
0.769432
0.177609
0.541856
0.009770
0.297535
-0.119217
0.027418
0.590808
-0.108384
-0.333351
-0.114755
-0.099337
-0.012181
-0.820525
0.164655
0.307670
-0.620665
-0.773478
0.484019
0.664969
-0.459589
-0.133360
0.042284
-0.219024
-0.845892
-0.166214
0.252805
0.550804
-0.327841
-0.261980
0.545415
0.620695
-0.533398
0.382463
-0.242755
-0.893626
0.095140
-0.311165
-0.158839
0.484309
0.534577
-0.051740
0.383419
-0.582897
-0.095686
-0.107762
-0.685919
-0.512905
-0.419438
-0.230666
0.125585
-0.163688
-0.008212
-0.121606
-0.688534
-0.344898
-0.282375
0.255001
-0.505220
-0.016470
-0.181941
0.848248
-0.203735
0.845596
0.229020
-0.122314
0.000375
0.089118
0.168003
-0.233579
0.252444
0.125338
0.138694
0.468185
-0.255462
-0.211545
-0.186049
0.542137
-0.676029
-0.000617
-0.332024
-0.812435
-0.544587
0.047800
-0.097725
-0.180069
-0.233753
-0.332756
-0.136424
0.090603
0.134334
-0.849903
-0.676732
-0.293077
0.585859
-0.364488
-0.783849
0.173745
0.104660
-0.601685
0.433653
-0.416596
0.739058
0.194573
0.622227
0.209302
0.087818
0.259215
-0.032357
0.000346
0.207331
0.354410
-0.227529
-0.005320
0.012472
-0.562656
0.214763
-0.318656
-0.316113
-0.243525
-0.414946
-0.254841
-0.206009
0.026862
-0.863827
-0.617712
-0.313620
-0.664709
-0.067078
-0.123750
0.846321
-0.566346
0.226485
-0.206726
0.007980
0.362507
-0.210800
-0.284255
0.419556
-0.690178
-0.454856
-0.153845
0.089796
0.198066
-0.169234
-0.852915
-0.442271
0.179319
-0.128767
-0.394622
-0.657022
-0.112691
-0.085148
-0.275716
-0.007400
-0.108155
-0.213525
0.247212
-0.055493
0.172965
-0.223639
-0.282314
0.073598
-0.418645
-0.607632
-0.118431
-0.247694
-0.103879
-0.247938
-0.131645
0.317254
0.402784
0.036262
0.681855
-0.850212
0.091817
0.580313
-0.336737
0.468321
0.356468
-0.228986
-0.423686
-0.004409
-0.281691
-0.342652
-0.137577
-0.188462
0.806025
0.314177
-0.770914
0.630287
-0.774722
0.086057
-0.472497
-0.503675
-0.032874
-0.183193
-0.601022
-0.249581
-0.415656
-0.578667
-0.688793
-0.486205
-0.657517
0.644672
-0.716445
0.333195
0.033284
-0.166334
0.227933
0.453214
-0.696375
-0.471075
0.522821
-0.172289
-0.498532
0.525454
-0.442217
0.256836
0.179733
-0.844737
-0.690451
0.025493
-0.590358
-0.371675
-0.609265
0.666383
-0.416236
-0.043703
-0.904461
0.042340
0.207468
-0.169408
0.198753
0.478442
-0.702890
0.270162
0.270517
-0.428500
-0.273986
-0.235561
0.684081
0.100744
-0.247516
0.165857
-0.702598
0.024560
0.484036
0.521884
0.538153
-0.345837
-0.203428
-0.029151
-0.754643
-0.177208
-0.177847
0.471096
0.363758
0.379160
0.249848
0.547423
-0.079788
-0.731684
0.169560
0.077402
-0.395662
0.082355
-0.074115
-0.478231
-0.586199
0.022306
-0.510385
0.395403
0.080240
-0.133757
-0.309069
-0.423981
0.654617
0.046782
-0.518418
-0.039263
-0.127660
0.530963
0.318244
0.678814
0.528081
-0.408718
0.063380
0.306572
-0.702725
0.451863
-0.394260
0.720622
0.335323
0.094326
-0.358596
-0.825610
-0.438435
0.088614
-0.697543
-0.554565
0.357118
0.878889
0.480190
0.112713
0.613801
-0.153928
0.094518
0.804483
-0.710268
0.824665
0.517048
-0.735744
-0.229206
-0.277554
0.016960
-0.204866
0.264678
0.442279
-0.303757
-0.334763
0.042732
0.250375
-0.131365
-0.157545
-0.059341
-0.025078
0.142072
0.004715
-0.512804
-0.167108
-0.382394
-0.681602
0.274733
0.016381
-0.187123
0.381710
-0.015404
-0.357573
0.591094
0.004077
-0.316295
-0.149449
-0.015787
0.301540
-0.450264
0.251569
-0.524337
0.522265
-0.627089
-0.705764
-0.616147
-0.174929
-0.035668
0.064120
-0.189023
-0.535431
0.194363
-0.761090
-0.177882
0.103801
-0.168037
-0.665193
-0.124802
0.508565
0.139218
0.486217
-0.261016
0.469012
-0.368443
-0.091557
-0.486664
0.652859
0.345262
-0.095348
0.523173
-0.072997
-0.539211
-0.478690
0.486268
-0.621749
-0.038497
-0.217408
0.241923
0.602375
-0.379777
0.369871
0.027572
0.294226
0.380166
0.501083
-0.324852
-0.030676
-0.061583
-0.460600
-0.643529
0.547928
-0.077278
0.100549
-0.124094
0.770157
0.670424
0.204755
-0.443801
0.105296
-0.062759
0.657096
-0.627112
-0.407348
0.215774
0.141802
-0.556141
-0.138053
0.116540
-0.283566
-0.319323
-0.533526
0.097912
-0.181022
0.091585
-0.108103
-0.460998
0.542695
-0.324016
0.206198
-0.302746
0.006920
0.302397
-0.330255
0.585322
-0.374360
-0.124257
0.096832
0.670882
-0.712024
0.261922
-0.043100
-0.273844
-0.728840
-0.814371
-0.167254
-0.498629
-0.747899
0.561112
-0.010301
-0.120568
0.275510
0.557602
-0.074049
-0.049675
-0.857390
0.924530
-0.278205
-0.262227
0.078977
0.187764
0.347519
-0.272264
0.401825
0.010935
-0.133818
-0.348692
0.148765
0.197124
-0.192377
-0.172777
0.259213
0.518855
0.015393
-0.003858
-0.015264
-0.036172
-0.188744
-0.188370
0.200451
-0.644282
-0.015092
-0.466987
-0.011310
-0.186366
0.195375
0.038481
0.215894
0.628048
0.412146
0.473779
-0.693468
-0.610493
0.050980
0.001181
-0.155146
-0.113025
-0.282812
0.229463
0.322510
-0.697163
-0.912055
-0.044964
-0.581286
-0.515921
-0.682068
0.020549
-0.662368
0.757540
-0.350506
0.831222
0.081150
-0.013198
-0.338272
0.316843
0.356453
0.413348
-0.022297
-0.299112
-0.060021
-0.616081
0.534533
-0.306382
-0.156612
-0.183727
-0.105268
-0.169435
0.300699
-0.956380
-0.179268
-0.741851
-0.044661
-0.170525
0.856052
-0.759024
-0.262476
0.185074
0.008389
0.793097
-0.056220
-0.582578
-0.472190
-0.103286
-0.383491
0.015721
0.234018
0.369027
-0.715761
-0.146636
-0.313382
-0.096122
-0.504256
0.732760
0.075366
0.417913
-0.419442
0.159625
-0.943942
-0.090932
0.348392
0.133460
-0.414743
-0.554660
-0.900698
0.755602
-0.788505
-0.103372
0.285537
-0.037835
-0.468196
-0.209347
-0.011047
0.030723
-0.274570
0.396359
-0.740005
0.166319
-0.276499
0.188247
-0.773934
0.314007
-0.477692
-0.620527
-0.848320
-0.379031
-0.073260
0.549914
-0.633827
0.391724
0.409687
0.312030
-0.519918
0.133060
-0.759108
-0.738188
-0.211063
-0.315260
-0.420682
-0.026732
0.701696
0.222626
0.202961
0.146008
0.326110
0.096069
0.392612
0.429112
0.615790
-0.203617
-0.124479
-0.551935
-0.490533
0.403317
0.681698
-0.680392
0.032900
-0.403828
-0.002199
0.221858
-0.502292
-0.081627
-0.541795
-0.707449
0.192492
-0.061936
0.883266
0.389584
-0.406744
-0.504024
-0.675122
0.220689
-0.735371
-0.515766
-0.402046
-0.337723
-0.206511
-0.055411
-0.510924
-0.819214
-0.310966
-0.555877
0.127044
-0.717065
0.008028
0.086929
0.207481
-0.235490
-0.064041
-0.834289
0.009396
-0.009223
0.016065
0.366695
-0.452524
0.056398
-0.126842
-0.065485
0.370023
-0.243186
0.263900
-0.775399
-0.002934
-0.092487
0.384567
-0.500752
0.740689
0.002004
0.497360
-0.432916
-0.901428
-0.210414
0.083594
0.055496
-0.334523
-0.882984
0.199302
0.302701
-0.233724
-0.899734
-0.066134
0.064549
-0.015520
0.465859
-0.151784
0.695158
-0.027846
0.390553
-0.814191
-0.432059
0.056202
-0.370720
-0.539019
-0.465739
-0.621126
0.549207
-0.912083
-0.127852
0.264850
-0.806376
0.421208
0.504929
0.520855
-0.524342
-0.196825
-0.192285
-0.113485
0.082975
0.299968
0.255586
0.377744
0.481811
0.371917
0.792325
-0.297168
-0.030015
-0.059672
0.075464
0.061056
-0.412873
-0.479409
-0.330135
0.765042
0.242683
0.617459
-0.142520
0.128885
-0.587107
-0.335599
0.266874
-0.913197
-0.068614
0.532979
-0.407733
-0.128024
0.508873
0.420876
-0.244101
0.035278
0.496537
0.029881
0.274283
-0.053323
-0.020012
0.515337
-0.772007
-0.139368
-0.266381
0.318411
0.528420
0.385840
-0.096083
-0.324163
-0.532032
-0.072873
0.155199
0.178981
0.293474
-0.022913
0.206880
0.109939
-0.524519
0.196854
0.105001
-0.202355
-0.178945
0.592358
0.406433
0.183759
-0.402063
0.645300
-0.521081
-0.057327
-0.348526
-0.273512
0.051783
-0.135205
0.223368
0.411347
0.089768
-0.001709
-0.097607
0.222452
-0.281857
-0.032381
0.116414
-0.422924
0.880463
-0.185387
0.176146
-0.768860
0.893702
-0.100623
0.425912
0.046011
0.637338
-0.064962
-0.781433
0.062314
-0.051087
-0.344743
0.356204
-0.679415
0.518051
-0.122519
0.043748
0.066004
-0.416523
-0.717888
-0.026712
0.360933
-0.317512
-0.116061
0.314271
-0.137869
0.187270
-0.435230
0.273185
0.559055
-0.882367
0.268890
-0.612117
-0.443878
-0.404465
-0.195851
0.048070
-0.180360
-0.704752
0.318771
0.410697
0.386650
-0.855397
-0.261131
0.583317
-0.272127
0.743727
-0.235565
-0.330958
-0.330239
-0.191575
0.737774
0.139190
0.229467
0.175014
-0.473076
0.706399
0.133645
0.345604
-0.465858
0.587919
0.335223
0.337967
0.499616
0.551775
0.224006
-0.548514
0.446467
0.228233
-0.543382
-0.420523
-0.805995
-0.117238
-0.428149
-0.050165
0.000460
-0.677576
-0.082625
-0.755087
-0.243403
-0.352821
-0.209716
-0.223541
-0.737632
0.663794
0.511004
-0.889881
0.400531
-0.246473
-0.189040
-0.083089
-0.121118
-0.681458
0.674514
-0.068949
-0.835756
0.808429
0.234703
-0.769345
-0.716542
0.403384
-0.077293
-0.368632
-0.665834
-0.595624
-0.552079
-0.548219
0.147589
0.427984
-0.803450
-0.545245
0.350876
-0.519049
-0.531929
-0.423684
0.362064
-0.485439
-0.574304
0.568835
-0.211609
-0.081155
-0.179776
-0.780955
-0.007453
0.076599
-0.239710
0.355278
-0.121171
0.200752
0.422554
-0.685454
0.103745
0.068198
-0.242715
-0.488939
-0.133102
-0.293940
0.303034
-0.347411
-0.513161
0.091095
0.330985
0.128318
0.677839
-0.363820
-0.680011
0.577980
-0.074926
-0.770876
-0.708346
-0.483437
-0.065759
0.859754
0.196745
-0.079686
-0.000590
-0.064823
-0.014570
-0.234935
-0.680183
-0.712211
0.095870
-0.896707
-0.803444
-0.491756
-0.278448
-0.189441
0.166958
0.007040
-0.750892
-0.347180
-0.544665
-0.260133
0.067410
-0.083698
-0.877842
0.207956
-0.058259
0.502982
-0.128625
0.027039
-0.579312
-0.608359
-0.272345
0.155348
0.193450
0.826993
-0.305662
0.042912
0.750241
-0.710171
0.037106
-0.747000
-0.177251
0.106141
-0.741926
0.023726
-0.322212
-0.459678
0.134832
0.514789
-0.001825
0.357554
-0.285211
-0.474032
-0.419745
-0.371578
-0.705871
-0.201368
-0.074746
0.191466
0.704019
0.165588
0.563507
0.100610
-0.003370
0.257928
-0.177248
0.428234
0.203367
-0.222602
0.053547
0.521953
-0.780209
0.159693
0.065777
-0.341238
-0.295663
-0.171957
0.579928
0.222713
-0.521623
-0.549418
-0.017294
-0.231074
-0.714660
0.500106
0.889303
0.085264
-0.940654
-0.680277
-0.464892
0.655159
0.018678
-0.394289
-0.127961
0.464238
-0.041170
0.163491
0.200574
-0.566033
0.015968
0.582841
-0.788503
-0.577664
-0.084214
-0.359085
-0.587565
-0.286656
-0.866940
0.550462
0.089388
-0.214018
-0.172511
0.247005
0.345075
0.046143
-0.274165
-0.382715
0.201938
0.563790
0.465698
-0.733841
0.031742
-0.295472
-0.277878
0.136991
0.364303
-0.027765
-0.425285
-0.154268
-0.012084
0.106244
-0.205316
0.603385
-0.012941
-0.290756
0.854671
0.384185
0.377526
0.418701
-0.231839
-0.082148
-0.258609
-0.111816
0.084159
-0.068851
0.495800
0.007795
-0.894047
-0.269648
-0.107625
0.269089
-0.287126
0.578288
-0.257077
0.111183
-0.900907
-0.128845
0.096824
-0.308374
0.051450
0.203745
0.300666
-0.341928
-0.751019
0.107013
-0.709489
0.272891
-0.835607
-0.004769
-0.486214
0.029400
-0.172530
-0.691427
-0.221530
0.306579
-0.561153
-0.016139
-0.443417
-0.013249
0.049438
-0.335567
-0.700630
-0.817783
0.547576
0.510989
0.302696
-0.265555
0.305787
-0.457486
0.837998
-0.177277
-0.502787
0.196281
0.689821
-0.272146
0.693875
-0.486587
-0.045347
-0.562986
-0.399920
0.054262
-0.872417
0.153566
-0.337014
-0.623195
-0.073131
0.148706
-0.314037
0.320322
0.209679
-0.188116
0.282048
-0.566534
0.073096
-0.089574
-0.010866
-0.260655
0.525246
-0.116921
0.472452
-0.593084
-0.615618
0.073732
0.520989
0.188646
-0.722862
-0.129740
-0.248243
-0.406091
0.136897
-0.099059
0.006781
-0.019137
0.407963
-0.274156
0.049399
-0.157661
-0.135067
0.396409
0.278688
-0.862120
-0.400997
0.197627
-0.177741
-0.200391
-0.053052
0.066025
0.481102
-0.675536
-0.255592
0.296318
-0.053700
0.105063
-0.901413
-0.345114
0.006536
0.506809
-0.068913
0.365110
0.074539
0.733331
0.038224
0.512449
-0.114587
0.314378
0.757207
0.037806
-0.245539
-0.052450
-0.475510
0.013814
0.406851
0.171489
-0.500104
-0.516095
0.765476
0.535836
0.388773
-0.750303
-0.459372
-0.831558
-0.373123
0.155374
-0.444269
-0.380979
-0.677694
0.898954
-0.167991
0.186536
0.242123
-0.136356
-0.038366
-0.219245
0.031171
-0.278205
-0.278234
0.125865
0.580518
-0.144905
0.322904
-0.234756
0.435997
0.818179
-0.018340
-0.360008
0.214744
-0.156834
-0.279506
0.008847
0.187933
-0.163632
0.508302
-0.748096
0.098742
0.536754
0.233617
-0.164367
-0.011578
-0.340373
-0.486682
0.013384
-0.093953
0.489171
0.112310
0.268323
-0.283935
0.111782
-0.055700
0.275690
0.409877
0.459062
-0.157153
-0.673501
-0.204677
0.006096
0.433849
-0.353328
0.036386
-0.715472
0.236171
-0.688195
0.183642
0.086707
-0.270560
0.560836
0.663912
0.039643
0.121164
0.476336
-0.314458
-0.003950
-0.240502
0.645342
0.340946
-0.036599
-0.448990
0.484172
-0.315609
0.060930
-0.218221
-0.437442
-0.480348
-0.325573
0.065371
0.156798
-0.584698
-0.246707
-0.101944
-0.723647
-0.731917
-0.186024
0.084045
0.234345
0.099658
0.541555
-0.808515
-0.380583
0.161349
0.413448
-0.040749
0.274346
0.228923
-0.186715
-0.583952
-0.071334
0.322199
0.051431
-0.204369
-0.033701
0.697352
0.046610
-0.431994
-0.490832
-0.552301
-0.303013
-0.251069
0.815704
-0.737152
0.072192
-0.387566
0.574299
0.199000
0.678285
-0.025105
0.409893
-0.872860
-0.056523
0.150458
-0.560863
0.159208
0.459177
0.500051
-0.072280
-0.928731
0.386338
-0.777371
0.251332
-0.564305
0.490920
0.237103
0.416203
-0.737682
0.706928
0.296234
-0.668325
-0.078431
0.712890
-0.799121
-0.679116
-0.567942
0.413115
-0.303527
-0.098104
-0.269409
-0.362608
0.185990
-0.351086
0.220942
-0.412922
-0.164248
0.573851
-0.231115
0.135658
0.346857
0.408778
0.413494
-0.682935
-0.419571
0.210423
0.430657
-0.372547
-0.243033
-0.607039
0.535518
0.433873
0.178941
-0.003996
-0.884239
-0.294028
-0.285678
-0.342526
0.107512
-0.313145
-0.536987
0.030346
-0.445856
0.126009
-0.313308
-0.448104
-0.306652
-0.653916
0.616153
0.220820
0.450260
-0.661682
-0.409293
0.764112
-0.364596
0.111725
-0.815091
0.852808
0.038988
0.367228
0.323975
-0.254542
0.171059
-0.482746
0.528229
0.161986
-0.155430
0.510708
-0.404409
-0.173346
-0.502104
-0.176852
0.393436
0.239663
0.204436
-0.651511
-0.365061
-0.967993
0.562725
0.115201
-0.885484
0.635222
0.131363
0.956060
0.419469
-0.903117
-0.476799
0.262892
-0.475480
0.080851
-0.179513
-0.088992
0.343959
-0.500821
0.147817
0.160636
-0.258613
-0.444530
-0.527339
0.216714
-0.142766
-0.136203
-0.566579
-0.724288
0.579871
-0.268999
0.288988
-0.020218
0.179732
-0.812024
0.240049
0.596644
-0.501648
-0.181488
-0.258812
-0.064873
-0.609563
-0.027049
0.452930
-0.793804
0.181919
-0.707884
-0.031455
-0.333879
-0.530613
-0.731461
0.154010
-0.720435
-0.127021
0.428186
-0.206940
-0.170320
0.050635
0.262944
-0.188402
-0.877297
0.037487
0.023482
-0.393077
0.447858
0.567917
-0.051298
0.573476
-0.391161
0.173678
0.594256
0.486041
0.006038
0.078912
-0.339080
-0.649447
0.633920
0.494725
-0.109271
0.541218
-0.399975
-0.619167
0.458549
0.081229
0.763114
0.230908
0.327543
-0.235512
0.013284
-0.384977
-0.201594
0.486319
-0.139670
-0.550746
-0.060264
-0.632855
-0.586594
-0.058354
-0.518257
-0.290394
0.134976
0.059200
0.355398
0.550727
0.272392
-0.412958
0.529284
0.229011
-0.377564
-0.220367
-0.563082
0.682980
0.028778
-0.097315
-0.078707
0.701232
-0.259414
-0.030704
0.060564
-0.092724
-0.345046
-0.743425
-0.254216
0.462064
-0.555462
0.027761
-0.107680
0.372376
0.198798
0.393295
-0.565023
-0.050131
-0.671806
-0.154990
-0.149642
0.525413
0.306423
0.781035
-0.366674
0.118679
-0.413137
-0.266230
0.075662
-0.514247
0.421912
-0.481034
-0.093553
-0.036138
-0.127105
0.419340
-0.318186
-0.695119
0.825358
0.160116
-0.148220
0.223097
0.516644
0.181025
-0.428928
0.709008
-0.208062
0.072928
0.001537
0.355368
0.083043
-0.214624
0.424417
-0.476441
0.299926
0.170233
-0.062549
-0.707062
0.166497
-0.217222
0.083746
-0.446060
-0.623957
0.120517
0.602834
-0.851796
0.227865
-0.679915
-0.742179
0.262199
0.160756
-0.725045
-0.132280
-0.219864
-0.797592
-0.357178
-0.011384
-0.152328
-0.319921
-0.800378
0.435496
0.103656
-0.484428
-0.639291
-0.813632
-0.217123
0.141333
-0.148724
0.113032
-0.747798
0.615161
0.124546
0.211216
0.046096
-0.753901
0.045219
-0.712531
0.623015
-0.632805
-0.519735
-0.275943
-0.693430
0.784900
0.783636
0.062478
0.040523
0.481162
-0.202629
-0.146622
-0.033839
-0.518406
0.448177
0.293638
-0.022800
-0.444643
-0.024856
0.034120
0.266755
-0.252589
0.083305
-0.082493
-0.497277
0.271504
0.571294
0.063559
-0.151521
-0.244148
0.322064
-0.282942
-0.432144
0.227018
0.033257
-0.134762
0.029334
0.071980
0.049416
-0.260521
0.107127
0.050143
-0.169746
-0.804016
-0.524928
-0.082675
-0.312986
0.137305
0.461575
0.221223
-0.130285
-0.129903
-0.697225
0.457319
0.106685
0.382531
-0.175639
0.192144
-0.056772
0.875180
0.392007
-0.134647
-0.054017
0.419679
-0.240284
-0.727568
0.286123
-0.296034
-0.590378
-0.073069
-0.760070
0.628647
-0.204755
0.614994
-0.044507
-0.585764
0.245489
-0.422890
0.015411
0.344598
0.069781
-0.338667
-0.054238
-0.109402
0.030004
-0.238414
0.673692
-0.222266
0.048084
-0.283255
0.459970
0.006340
-0.592523
-0.359885
0.348436
-0.694362
0.740901
-0.336890
-0.409923
0.054913
-0.370004
0.064598
-0.746178
0.147012
-0.336400
-0.110983
0.431234
-0.196932
-0.027881
0.704105
0.305874
0.204733
0.063231
-0.407531
-0.350405
-0.420531
0.455520
-0.490329
0.566981
0.287101
-0.072444
0.303425
-0.018430
-0.174131
0.048513
-0.509851
0.558114
-0.342594
0.262278
-0.780606
0.109609
0.316778
-0.005978
-0.558295
-0.234076
-0.392291
-0.674067
-0.660911
-0.089072
0.270179
0.104605
-0.947654
-0.442553
-0.023951
-0.058094
-0.062111
0.119733
0.169760
-0.753234
0.010800
0.053721
-0.779423
0.417825
-0.354703
-0.319691
-0.134025
-0.373706
0.691870
-0.173627
-0.629631
0.713441
-0.188951
-0.045594
0.202496
0.250095
-0.686989
-0.628775
-0.143636
0.215538
-0.048775
0.063579
0.428409
0.120045
0.114190
-0.503023
-0.714941
0.270832
0.223786
-0.621794
-0.291914
0.459806
-0.861310
0.345576
0.232885
0.289557
-0.375347
-0.287727
0.224796
0.437743
-0.235146
-0.600417
-0.581908
0.724071
0.202584
-0.066130
-0.107697
-0.685093
-0.377872
-0.163896
0.162800
0.651825
0.686163
-0.352605
-0.108400
-0.843241
-0.282639
-0.424197
-0.802612
-0.017699
-0.131216
0.105010
0.194812
-0.269187
0.562232
-0.156163
0.822237
0.540069
0.242895
-0.237674
-0.242906
0.212957
-0.040126
-0.071378
-0.456705
-0.286149
-0.055223
-0.170933
0.114391
-0.253259
-0.023998
0.296654
-0.835420
-0.259332
0.242085
-0.011306
0.539523
0.235639
0.558085
0.483450
0.248319
-0.501339
0.281898
-0.234897
-0.100681
-0.233578
-0.012168
0.070415
0.402817
0.123727
-0.134423
0.208301
0.355635
-0.103205
-0.179442
-0.139133
-0.133222
0.171689
-0.109545
0.532275
-0.270091
-0.476861
-0.166216
0.217625
-0.287343
-0.710935
-0.475768
-0.021343
-0.936999
-0.003997
-0.458939
-0.558627
-0.547706
0.121800
0.183021
0.002889
0.008887
-0.644449
0.585783
-0.257869
-0.767595
0.002464
-0.685003
0.068070
0.661662
0.528850
0.023758
0.099560
-0.707078
0.408964
-0.409616
0.347113
0.436879
-0.029322
-0.247164
0.033982
-0.734371
-0.838555
0.051982
0.356971
-0.293219
-0.055954
-0.748398
0.298090
-0.422197
-0.738643
0.094864
-0.586230
0.539209
-0.046829
-0.860448
0.171271
-0.157410
0.213060
-0.090358
0.962730
0.057721
0.227435
0.220034
-0.142196
-0.864760
-0.008971
-0.858494
-0.517884
-0.485145
-0.234829
-0.822882
-0.858842
0.255241
0.123774
-0.652605
0.166382
-0.014696
0.366209
-0.458843
0.328918
-0.421460
-0.370931
0.140733
0.327138
-0.045860
-0.147417
0.085282
-0.126588
0.485860
0.174141
0.026681
0.080824
0.185439
0.516120
-0.748263
0.586378
0.002235
0.019071
0.029927
-0.716955
-0.577964
-0.551358
-0.927661
-0.682464
0.487602
-0.652282
-0.750833
0.874086
-0.407616
0.574395
0.543650
-0.322814
0.178006
-0.133128
0.362568
0.621014
0.191776
0.523852
0.039579
-0.232053
-0.070034
0.478182
-0.618970
0.416552
0.552233
-0.304556
0.631407
0.016889
-0.218085
0.139752
-0.215092
0.001845
-0.471408
0.314405
-0.048736
0.725547
-0.318953
-0.227641
-0.120948
-0.364629
0.290351
-0.307742
-0.084191
-0.342500
0.090872
-0.562741
-0.469424
-0.226880
-0.770832
0.572218
0.513455
-0.232732
-0.200094
0.017873
0.544676
0.416257
-0.834554
0.804147
0.707838
0.229219
0.491928
-0.278688
-0.030289
-0.109885
0.303041
0.110877
-0.336204
0.082330
0.243478
-0.085700
-0.249121
-0.062014
-0.436554
0.296669
0.413942
-0.168504
-0.270627
-0.192148
-0.793087
-0.710854
-0.358896
-0.098990
0.078116
-0.104523
-0.504091
0.390191
0.419160
-0.436459
-0.155890
-0.769639
0.467192
0.231895
-0.026226
-0.462506
-0.141688
0.599293
-0.821100
0.173345
0.683763
-0.160981
0.305885
0.049620
0.045367
-0.120798
-0.610559
0.155913
-0.015668
0.085346
-0.859982
-0.153833
0.522893
-0.028541
0.440016
0.398520
0.354812
-0.021810
0.307681
0.581934
-0.503876
-0.006794
-0.048637
-0.324738
0.043512
-0.290271
0.779975
-0.215013
0.662791
-0.310265
0.507031
-0.909792
-0.109065
-0.196793
0.335537
-0.008699
0.233841
0.045307
-0.885914
-0.043095
0.418980
-0.305186
0.061921
0.044986
0.186694
0.511184
-0.086221
-0.452676
0.280383
-0.579625
0.400891
-0.540984
-0.547885
-0.026084
0.744376
-0.704635
0.438699
-0.558263
-0.824689
-0.462358
-0.044838
0.002214
0.342156
0.303049
-0.335227
0.091201
-0.297582
0.009937
0.186846
-0.435019
0.254607
-0.689731
0.268737
-0.396752
-0.309167
-0.156537
0.451140
-0.112087
-0.439135
0.102709
-0.646080
-0.097559
-0.396013
-0.013251
0.350400
0.293733
-0.903137
-0.043111
0.400784
0.045592
-0.203830
-0.748747
-0.716078
-0.170413
0.469635
-0.443179
-0.643620
-0.136456
0.088918
-0.605269
0.022109
0.228149
0.109763
0.576344
0.622124
-0.529844
-0.392252
-0.600428
0.375222
-0.293662
-0.759699
-0.265802
-0.404323
-0.367797
-0.705585
-0.531726
-0.026709
-0.145251
0.158849
0.004995
0.213903
0.286147
-0.144702
-0.247836
0.275294
-0.293771
0.847361
-0.394819
-0.450653
-0.524311
-0.067568
-0.167677
-0.131260
0.066254
-0.277614
-0.460020
0.220174
-0.203943
-0.444655
0.032549
0.800706
-0.636357
0.629125
-0.840810
0.593432
-0.025696
0.196090
-0.073344
-0.198925
-0.124205
-0.596830
-0.315658
-0.271182
-0.772247
0.258410
-0.686463
0.739770
-0.563463
-0.055721
0.008173
0.287840
-0.637098
-0.371622
-0.112140
0.277124
-0.490259
0.287974
0.117766
-0.207505
-0.114461
0.190161
-0.076047
-0.000422
-0.076584
0.762726
0.109918
-0.688775
0.681537
-0.529734
0.110852
-0.419111
0.006636
0.247726
-0.303202
0.211932
-0.287779
0.307418
-0.209078
0.045020
-0.072258
0.635445
0.508714
-0.759485
0.360524
-0.606262
0.603899
-0.482644
-0.353772
0.100663
-0.502785
0.147752
-0.182885
-0.378465
0.000839
-0.796335
0.283035
-0.368076
0.126806
0.013177
-0.696535
0.515813
0.233248
0.397266
-0.144806
-0.844789
-0.343377
0.079901
0.283938
-0.490987
-0.672288
-0.641642
0.123876
-0.760647
-0.391333
0.272368
-0.672851
0.034217
0.356696
-0.176636
-0.089265
-0.157162
-0.573480
0.018618
-0.092783
-0.354503
0.637571
-0.063345
0.154724
-0.364418
0.449597
-0.112338
-0.192172
0.071571
-0.085563
0.268809
-0.438596
0.465041
-0.137461
0.584037
-0.440510
-0.305556
-0.714362
0.225950
0.272641
-0.603298
0.148770
-0.465265
0.174524
0.270365
0.313024
-0.626920
0.027532
-0.574937
0.225220
0.380013
-0.674954
0.216703
0.454244
0.111097
-0.072760
0.539398
0.226681
-0.107076
0.384466
-0.903311
-0.473968
-0.340063
-0.259210
-0.485855
0.095199
0.007065
0.152248
0.531364
0.532628
-0.696984
0.635633
-0.230586
0.106975
0.316061
-0.433502
0.754747
-0.458599
0.206244
-0.134347
0.161748
0.276362
0.042506
0.563514
0.121330
-0.670147
-0.784674
-0.167834
-0.144328
-0.401395
-0.029650
-0.409754
0.263843
0.075186
0.059770
-0.189827
-0.178281
0.035092
-0.551438
-0.860162
-0.249190
0.009938
-0.505946
0.552027
-0.457081
0.427468
-0.190251
0.551792
0.211043
0.471168
0.005078
0.844162
0.774650
0.397342
-0.608003
-0.438250
-0.518236
0.083132
-0.324102
-0.259655
0.221924
0.262051
-0.529781
-0.048284
0.159600
-0.353784
0.021420
-0.435109
0.300659
-0.024368
0.728012
0.526182
-0.114173
0.218716
-0.448979
0.183680
-0.679928
-0.540989
-0.230809
-0.405650
0.297224
0.018865
0.201739
-0.144820
0.689854
-0.730998
-0.105170
0.480876
0.008985
0.018894
-0.196202
-0.165349
0.373078
0.039815
-0.284835
0.176175
0.141395
0.162821
-0.118548
-0.489881
0.502192
0.737704
-0.565638
-0.129270
-0.639264
0.258358
0.489483
-0.211880
0.672982
-0.478202
0.656647
0.583034
-0.942613
-0.512749
-0.310197
-0.083715
0.899542
-0.168762
-0.239911
-0.053290
-0.028574
-0.358910
0.184713
-0.236292
-0.319828
-0.306922
-0.790964
-0.178742
-0.405807
-0.083353
0.178194
-0.582800
0.559707
-0.361722
0.586149
0.566305
-0.064241
-0.508868
0.162740
0.502928
0.020620
-0.203842
0.582872
-0.887245
-0.358416
-0.632968
-0.983807
-0.739557
-0.011214
-0.022532
0.231103
-0.792109
-0.223599
-0.422419
-0.265746
-0.462475
0.134993
-0.400958
-0.245812
0.065558
-0.027880
-0.900119
-0.429925
0.062908
-0.596223
0.035531
-0.302740
-0.315945
-0.626393
0.470548
-0.376146
0.166011
-0.035831
-0.156268
0.657268
0.878270
0.105065
-0.536101
0.094708
-0.782644
0.809265
0.369690
0.573118
0.305631
-0.728477
-0.294218
-0.402737
0.272742
-0.832080
-0.585666
-0.013912
-0.129542
0.253949
0.448630
-0.282348
-0.662411
-0.011955
-0.002596
-0.303123
0.587666
-0.576728
-0.916629
0.266928
-0.014698
0.304247
0.084416
-0.021433
-0.013526
0.200247
-0.265532
0.126900
-0.130938
0.261937
0.607089
0.765465
-0.081112
-0.289313
-0.137289
-0.174391
-0.666676
0.179459
-0.741968
-0.710551
0.049104
-0.119025
-0.770460
-0.610587
0.152118
0.039999
0.210320
-0.280258
0.063607
-0.639819
-0.823148
0.753948
-0.085648
-0.661390
-0.428168
-0.367890
0.300235
0.191178
-0.294597
-0.148225
-0.527747
0.523676
-0.142039
-0.728589
-0.612110
-0.058896
-0.637075
0.661919
0.343771
-0.196179
-0.188822
0.209009
0.130436
-0.336553
-0.361153
-0.396340
0.052861
-0.150712
0.124605
-0.292024
-0.321366
-0.620305
-0.280602
-0.663244
-0.066491
-0.645761
0.040257
0.859542
0.268177
0.294757
-0.512361
0.194218
-0.139370
-0.442327
0.296560
-0.766311
0.136717
0.472347
0.757030
-0.344855
0.258209
-0.001540
0.047355
-0.378443
-0.172279
0.216477
-0.071027
0.887047
-0.737149
0.093150
0.261929
0.157424
-0.038865
-0.501756
-0.537458
-0.455319
0.183010
0.226798
-0.330242
0.027850
0.321970
-0.815480
0.202008
0.315327
0.677494
-0.668530
0.491484
-0.153753
-0.221107
-0.432229
-0.221180
0.187877
0.958795
-0.637444
-0.601958
-0.080750
-0.388563
-0.891034
0.621443
0.522802
0.374811
0.172873
-0.141461
0.709176
0.857248
0.012777
0.576977
-0.793573
0.007136
0.481743
-0.291116
-0.684086
-0.249047
0.409782
-0.592419
-0.242507
-0.047217
0.198818
0.430988
0.346994
0.252626
0.009454
0.508291
-0.260139
0.696960
-0.386641
0.441528
0.105351
0.111075
-0.246955
-0.350848
-0.609977
-0.035131
-0.668253
0.394559
-0.108822
0.038341
0.065867
0.635442
0.445334
0.046589
-0.826957
-0.323914
-0.760427
-0.437702
0.065085
0.345650
0.025565
-0.354865
-0.685258
-0.100120
-0.137508
0.513015
0.153492
-0.862360
-0.250934
0.013091
0.468091
0.033760
0.009100
0.369842
-0.241151
-0.406003
-0.303843
0.040039
-0.147954
0.118357
0.500853
-0.413648
0.120890
0.291896
-0.084750
0.012053
-0.779622
-0.173514
0.235772
-0.299946
-0.500653
0.396834
-0.669157
-0.295270
-0.836461
0.504586
-0.435682
0.064485
0.353489
-0.206656
0.505488
0.516104
0.309797
0.549365
0.244588
0.065771
-0.332607
0.254180
-0.038176
0.456154
0.614149
0.269298
0.679052
-0.442125
-0.599554
0.293806
0.062932
-0.681896
-0.199918
-0.502957
-0.505322
-0.008237
-0.025573
0.222925
-0.676592
-0.433300
0.916638
0.738657
0.024578
0.034842
-0.282367
-0.010256
0.628921
-0.453149
-0.229705
0.030751
-0.672111
0.007546
-0.022944
-0.133842
-0.406414
-0.224117
-0.316644
0.088178
-0.871376
0.041534
0.049406
-0.272632
0.324192
-0.293454
-0.138934
0.673192
-0.346043
0.677807
-0.023387
0.087046
-0.123837
-0.220460
0.155445
-0.112342
-0.129852
-0.661417
0.155529
-0.447762
-0.793265
0.391836
-0.375953
0.068540
0.604302
-0.074396
0.646344
-0.515666
-0.623874
-0.247406
-0.925501
-0.249883
-0.462944
-0.344094
-0.563030
0.575338
-0.668292
-0.050933
0.031970
0.004407
0.270370
-0.107744
0.421306
0.644889
0.725710
-0.422203
-0.071280
-0.254146
-0.358472
-0.229001
-0.259734
0.389174
0.801853
-0.785705
0.281587
-0.407480
-0.652351
0.054299
-0.097570
-0.128940
0.184349
-0.630487
-0.149537
-0.685220
-0.689682
-0.521603
0.050484
0.487759
0.205781
0.307593
0.007326
0.143631
-0.458583
-0.438030
0.152580
0.159257
-0.675374
-0.629075
-0.590064
-0.290798
-0.592592
-0.431179
0.377111
-0.285157
0.509867
-0.006651
-0.553939
-0.078000
0.387072
-0.008497
0.263883
-0.324708
-0.245374
-0.843018
-0.675095
-0.125081
-0.755616
-0.126106
-0.326518
-0.798164
-0.056646
-0.661200
-0.376181
-0.425331
-0.096751
0.323116
0.182773
0.317453
0.711515
0.253051
-0.336391
0.286239
0.032165
-0.639916
-0.216368
-0.339411
-0.546736
0.370613
-0.226166
-0.117562
-0.020002
-0.008083
0.057402
-0.623701
-0.803707
-0.608484
-0.735166
-0.074777
-0.078747
0.313869
-0.253760
-0.185876
0.011746
-0.015552
-0.714484
0.270703
0.098831
0.134707
0.027358
-0.138105
0.250813
0.024090
-0.839090
-0.019437
0.002087
-0.437246
-0.908008
0.107494
0.868653
-0.108093
0.803113
0.204848
0.073756
0.489104
-0.031776
0.248649
-0.089437
0.065386
-0.906367
0.481782
-0.265458
-0.328691
0.116598
-0.470152
0.792999
-0.391101
0.184143
0.037351
-0.288402
-0.452344
-0.028234
0.523070
0.290256
0.118410
-0.654145
-0.380458
0.101032
0.598301
-0.537599
0.465692
-0.965430
-0.090981
-0.402641
-0.390819
-0.707961
0.406398
-0.255029
0.370704
-0.424850
-0.124642
-0.434962
-0.504641
0.697851
-0.403906
0.218151
0.509065
-0.297534
-0.439672
0.609660
0.038364
-0.583308
-0.281753
-0.848723
0.445672
0.553844
-0.003865
-0.582541
-0.011222
-0.890194
0.649960
-0.662243
-0.468072
0.210357
0.498162
0.821523
0.042705
-0.879374
-0.513849
0.276045
0.926729
0.583566
0.295807
0.529145
-0.199719
-0.757697
0.326768
-0.490119
0.381255
-0.084177
-0.591620
0.660418
0.579271
-0.744400
-0.627770
-0.527050
0.618470
0.029572
-0.039735
0.121119
-0.091323
-0.516071
-0.309803
-0.738164
0.090355
-0.229102
-0.332903
-0.337982
-0.241731
-0.263388
-0.252733
-0.583033
-0.628021
0.017909
0.355740
0.634614
0.465264
0.079044
-0.171588
0.546075
0.513536
-0.223955
0.055849
0.072143
0.335038
-0.015498
-0.277562
-0.655699
0.322653
-0.667825
-0.644155
-0.121999
-0.508044
-0.467697
-0.824588
0.032534
-0.652393
-0.489537
0.186579
-0.825057
-0.374071
0.564379
0.232541
-0.313880
-0.506007
-0.030460
0.029567
-0.626855
0.115210
-0.487037
-0.707635
-0.180561
-0.564815
0.474333
-0.300033
0.404306
-0.603262
-0.754210
-0.552434
0.741238
-0.016256
-0.596346
-0.375324
-0.458243
0.169507
-0.133636
-0.208976
-0.547787
-0.549170
-0.388149
-0.187074
-0.230192
-0.956681
-0.310560
-0.010221
0.150515
-0.010852
-0.298327
-0.891411
0.253942
-0.828057
-0.188635
-0.169339
-0.177860
-0.140773
-0.594173
0.557100
0.290572
0.938927
0.094683
0.781217
0.403322
-0.124845
0.555469
-0.284965
-0.105649
-0.586314
-0.723852
-0.164380
0.472705
-0.767051
-0.204061
-0.419559
0.282951
0.127726
-0.467873
-0.008828
-0.023026
-0.001229
-0.757070
-0.220078
0.216007
0.323310
-0.124317
-0.157708
-0.609356
-0.475890
0.156402
-0.046988
-0.266529
-0.517291
0.010906
-0.620648
0.683360
-0.130728
-0.068977
-0.217617
-0.258655
-0.803317
-0.082314
0.096051
0.127110
-0.400292
-0.132419
0.580881
-0.198462
0.198352
0.411163
0.483545
-0.493173
-0.407282
0.334199
0.084658
0.193788
-0.436543
-0.789540
-0.520538
0.052475
0.168144
-0.726668
0.024606
-0.656911
-0.134341
0.436445
-0.404001
-0.029461
-0.649819
0.624134
-0.282556
-0.287759
-0.231924
-0.669382
-0.632932
0.516309
-0.289427
-0.738674
-0.204872
-0.078879
-0.565984
-0.315291
0.678792
-0.531176
0.255986
0.420834
-0.887766
-0.468551
0.112437
-0.373459
-0.037796
0.318601
0.092710
-0.682194
-0.261951
-0.678113
0.263844
-0.923734
-0.051321
-0.273719
0.361966
-0.127396
-0.749370
-0.345088
0.129851
-0.182583
-0.441013
-0.699453
0.362575
-0.722935
0.095988
0.620094
0.719273
0.232364
0.254656
0.541132
0.603271
0.274623
0.340867
0.617317
-0.086271
0.106387
-0.163756
-0.704987
-0.337593
-0.614224
-0.439409
-0.610753
0.032994
0.198617
-0.640023
0.722694
-0.057033
-0.760579
0.007704
-0.255135
-0.209910
-0.214651
-0.087348
0.093221
-0.828482
-0.785319
-0.016457
0.799899
0.052726
-0.681696
0.243109
-0.102638
-0.062407
0.052490
-0.226829
0.591325
-0.198187
-0.442095
-0.374107
0.083284
-0.425260
0.388166
-0.017479
0.040468
-0.337809
-0.379919
0.133915
-0.710495
-0.130770
-0.004145
-0.067760
-0.776464
0.419768
-0.350111
0.003748
0.011073
0.650109
0.022937
0.494394
0.541148
-0.048780
-0.263443
-0.148611
-0.204485
0.080194
0.508741
0.236700
0.132449
-0.335001
-0.290080
-0.088036
0.007689
0.246810
0.008025
-0.213882
-0.551532
0.330925
0.334500
-0.181043
-0.150658
-0.265934
-0.096758
0.183294
-0.335500
-0.495901
0.197876
-0.407457
-0.588090
0.346951
-0.092170
-0.418184
0.182006
-0.090111
-0.018665
0.368722
0.093906
-0.206090
0.456352
-0.560444
-0.113155
-0.431316
-0.475316
-0.143932
0.240333
0.146013
-0.570935
0.001903
-0.400943
0.665593
-0.410627
-0.550704
-0.667822
0.134797
0.022198
-0.709551
-0.864332
-0.853535
-0.199289
-0.665193
-0.242268
0.535313
0.436530
-0.102153
0.781771
-0.341895
-0.251069
0.493090
0.094682
-0.742385
-0.168392
-0.718365
0.166156
0.041319
0.101924
0.266294
-0.239203
-0.700536
0.561926
-0.317066
-0.211453
-0.381691
-0.048426
-0.000429
0.244970
0.859398
-0.375377
0.145585
-0.655109
-0.491948
-0.012637
-0.306067
-0.045951
-0.647136
0.549861
0.338356
-0.612262
-0.096318
-0.056126
0.179573
-0.000137
-0.824160
0.270604
-0.106020
0.281221
-0.872228
0.202778
-0.448336
-0.520483
0.707227
-0.360078
0.688271
0.293606
0.390079
-0.736345
-0.157813
0.079137
0.166804
0.297684
-0.924797
-0.103034
-0.529180
0.063732
-0.273170
-0.605654
-0.007128
0.092241
-0.273874
-0.137217
-0.310720
-0.939088
0.097392
-0.441622
0.602150
-0.010456
-0.775771
0.645307
-0.374009
-0.580929
0.313580
-0.268042
0.514381
-0.146606
-0.463867
-0.689916
-0.082970
0.407243
-0.295177
-0.517063
0.742529
0.271790
0.931834
0.427670
-0.686199
0.731923
-0.148961
-0.452252
0.522132
0.483518
-0.202573
-0.064100
0.502670
0.495291
0.161503
0.067974
-0.628543
-0.112036
-0.005092
-0.845973
-0.122937
-0.136240
0.508203
-0.007914
-0.042730
-0.637553
0.361833
0.062911
0.129498
-0.161912
-0.029680
-0.363769
-0.452660
0.134938
0.695738
0.639319
-0.372399
-0.221927
-0.144730
-0.190699
0.123715
-0.202495
-0.522809
0.585669
-0.191522
-0.003719
-0.371373
-0.073283
-0.900171
-0.093155
0.405350
-0.102734
0.145410
-0.050722
-0.778599
-0.353575
-0.706766
0.204566
0.357104
-0.485205
-0.152854
0.775536
0.092285
0.585943
-0.637329
-0.881091
-0.118885
0.122080
-0.126675
-0.276735
0.291697
-0.163454
-0.802781
-0.296918
0.100543
-0.679860
0.167047
-0.550515
-0.280138
0.412675
-0.366345
-0.647918
-0.959838
-0.598148
0.061293
0.339332
-0.606938
0.124557
0.219278
-0.192854
0.158421
-0.332083
-0.744033
-0.258735
0.407360
-0.386494
-0.038013
0.067576
0.835038
-0.857434
-0.008882
-0.747839
0.330913
-0.287692
-0.498547
-0.481097
0.706782
0.505707
-0.311023
-0.385246
-0.135004
-0.132498
-0.793775
-0.425174
-0.680432
0.408014
-0.187438
-0.862670
-0.247874
0.589482
0.291518
-0.382418
-0.526235
-0.307806
-0.608435
-0.253128
-0.029055
-0.015918
-0.170140
-0.123348
-0.663254
0.192104
0.070875
-0.164354
0.786332
0.340132
0.433501
-0.682038
0.220409
0.264459
0.685091
0.896852
-0.288468
-0.254216
-0.460004
-0.744154
-0.471025
0.517177
0.272498
-0.142105
-0.132038
-0.102473
-0.288192
0.264426
0.204469
0.564833
0.376729
-0.636630
0.898519
0.215962
-0.332835
0.433056
0.127040
0.079819
-0.038729
-0.059947
-0.026536
-0.364784
-0.050452
-0.394567
-0.031102
0.556437
0.193913
-0.005427
0.002879
-0.449175
-0.401298
-0.019998
0.096281
-0.184641
-0.105987
-0.504497
0.229446
0.197732
-0.612920
-0.448223
0.309736
0.497605
0.106991
-0.410286
-0.115802
-0.491389
-0.350363
0.477119
-0.187685
0.002288
-0.718183
0.314627
-0.572766
-0.087871
0.393774
-0.462639
0.141035
-0.172709
-0.207748
-0.207273
-0.084854
-0.251666
-0.158408
0.201305
0.209816
-0.033664
-0.108623
-0.687661
0.340264
0.275567
-0.589812
-0.580617
0.440897
0.248210
-0.515232
0.253463
-0.291353
0.221067
0.246803
-0.191622
0.404636
0.145329
-0.638671
0.050582
-0.307036
-0.146171
-0.614410
-0.499213
-0.324517
0.335876
0.602910
-0.020961
0.135161
0.075554
-0.127601
0.043829
0.062910
0.210830
0.698591
-0.448753
0.281434
-0.827696
0.052773
0.320603
0.418449
-0.489205
-0.389573
-0.019377
-0.070539
0.145430
-0.087385
0.550649
0.579356
0.551583
-0.380397
-0.852063
0.758365
-0.800083
-0.161079
-0.638571
-0.338190
-0.126013
0.080011
-0.026251
0.147394
-0.745620
-0.642186
0.011560
0.045095
0.095406
-0.515020
0.123583
-0.558214
0.234139
-0.751063
-0.069218
-0.696337
0.466604
0.146074
-0.217423
0.387096
-0.046936
-0.395086
0.343917
0.303317
-0.552104
0.229551
0.603127
0.227192
-0.067517
0.255133
0.038550
-0.024579
0.719485
-0.028331
0.527069
-0.753453
-0.694370
0.095500
-0.457631
-0.435207
0.033225
-0.978900
-0.137776
-0.186193
0.346183
0.359988
0.257817
-0.011232
-0.262984
-0.140011
0.051032
-0.125754
-0.643528
0.784365
-0.010205
0.228354
0.067739
-0.190402
-0.597562
-0.621094
-0.322885
-0.018355
0.514641
0.041729
0.015050
-0.094245
0.233305
-0.531711
0.311967
0.341745
-0.229921
-0.397249
-0.095001
-0.857496
-0.345045
0.220669
0.568857
0.366133
0.195403
0.023418
0.234783
-0.660609
0.172278
-0.867063
-0.396805
0.003066
-0.807369
-0.787239
0.749440
0.454471
0.389177
-0.205848
0.209327
0.049422
-0.779802
-0.149125
-0.443595
0.521152
-0.376858
0.382747
-0.029328
0.393329
0.513400
0.606665
-0.116687
0.389348
-0.854450
0.065745
-0.633546
-0.695588
0.274629
0.369788
-0.019803
0.493361
-0.338103
-0.403460
0.497082
-0.687988
-0.541832
-0.400259
-0.391798
-0.308966
-0.094204
0.232392
-0.650152
0.204679
0.135057
-0.791798
-0.512151
0.008632
-0.589880
-0.385402
0.668298
0.481018
0.137324
-0.703222
0.850502
-0.198393
-0.064412
-0.244622
0.301641
0.287998
-0.056781
-0.190990
-0.737675
-0.014181
-0.783321
-0.035251
0.167794
-0.546078
0.446725
-0.037309
0.087270
-0.557616
0.356400
-0.305515
-0.026515
-0.000508
0.609933
0.503501
0.264544
-0.410388
0.605772
0.801100
0.272563
0.175180
0.557995
-0.075504
-0.098944
-0.089824
0.749703
0.005831
0.382698
0.825277
-0.368709
0.772121
-0.455505
0.190027
0.275180
0.311323
0.552069
0.167373
0.035410
-0.425628
-0.442313
0.715350
0.009911
-0.488980
0.284625
0.252979
0.191937
0.856102
0.473722
-0.299742
-0.294904
-0.292643
0.059592
0.172177
0.317657
-0.061987
0.249327
-0.779811
0.335007
-0.653853
0.128691
-0.726590
0.898638
0.468430
-0.507523
0.902662
-0.263206
-0.774245
0.015870
-0.457888
0.718142
0.805022
-0.096605
0.588345
-0.441616
-0.043955
0.654900
-0.537747
0.743788
0.273709
0.040495
-0.164100
-0.247192
-0.302020
0.376956
-0.768969
-0.268419
-0.592074
0.502970
0.379149
-0.815058
-0.539027
-0.548804
-0.216401
-0.624691
0.274235
0.115713
-0.562596
-0.896284
-0.307888
-0.361618
-0.065878
-0.154502
0.723296
-0.469243
-0.287748
-0.795153
-0.035052
-0.301358
-0.051908
-0.334450
0.259775
-0.198615
0.694325
-0.102238
0.691673
-0.084669
0.834053
0.481794
-0.063695
-0.680109
0.016933
-0.464427
0.303070
-0.334439
0.437108
0.351502
-0.439288
-0.627382
-0.121050
0.060643
0.246744
-0.005262
0.240902
0.112533
-0.124759
-0.652881
-0.335274
-0.313094
-0.837052
0.799242
-0.285529
0.245231
-0.193214
-0.258746
-0.048656
0.057777
0.067202
0.048096
0.768817
0.188236
-0.231496
-0.063074
-0.300943
0.226009
0.181444
0.080945
-0.060080
-0.577907
0.661611
0.231041
-0.571344
-0.235226
-0.314990
0.494992
-0.543086
-0.123096
0.080051
-0.657712
-0.023319
-0.862953
-0.240828
-0.262201
-0.003295
-0.507657
0.346775
0.225463
0.154015
-0.129962
0.013157
0.005749
-0.160747
-0.747098
-0.494563
0.430323
0.986909
-0.085882
0.241189
0.886935
-0.505501
0.217646
-0.055700
-0.221216
-0.115947
-0.636961
-0.779867
-0.556532
0.603772
-0.357247
-0.158770
0.383534
-0.426276
-0.328967
0.316205
0.642140
-0.016278
-0.238137
0.817527
0.526359
-0.560939
-0.512914
0.213255
0.013074
-0.359251
0.388865
0.352132
0.219778
-0.573454
-0.344505
-0.062733
0.087380
0.442040
-0.213225
-0.255627
-0.006207
-0.072842
-0.383483
0.526797
0.227814
0.595475
-0.643518
0.751734
-0.294302
-0.719071
0.667103
0.787494
0.305841
0.527502
0.795736
-0.183453
-0.485945
-0.101837
0.158689
-0.690274
-0.591586
0.409935
-0.065114
-0.094584
-0.108721
-0.673750
-0.048181
0.738974
0.093456
-0.071272
0.641373
0.504417
-0.786997
0.323212
-0.032304
-0.602226
-0.091711
-0.510462
0.415382
-0.044046
0.124831
0.134061
0.030133
-0.288163
0.122457
-0.533699
0.499662
0.283517
-0.852011
-0.250187
-0.212231
0.057565
-0.394405
-0.218008
-0.027444
-0.351848
0.112036
0.224540
0.086559
-0.716693
0.604019
-0.127201
0.468059
0.566993
0.029844
0.817318
0.381417
-0.465849
-0.486003
0.532272
-0.743211
-0.153204
-0.002292
0.171067
-0.190127
-0.564811
-0.167828
-0.106349
-0.003479
0.645109
-0.246859
0.220141
-0.678552
0.000247
0.063706
0.345684
-0.249205
0.135274
0.510376
-0.263452
-0.544415
-0.251224
-0.288072
0.393158
-0.217851
0.472195
0.252814
-0.250054
-0.121830
-0.121163
-0.665840
0.446905
0.409199
0.676950
-0.081003
-0.195600
0.068338
0.824100
-0.207851
0.122262
-0.273185
-0.407640
0.223280
-0.696064
-0.785535
0.093790
-0.598214
-0.115330
-0.559751
-0.194374
-0.065276
-0.798619
0.614902
-0.273993
0.689588
-0.008741
-0.368598
0.193017
-0.850017
-0.362093
-0.357242
0.028752
-0.015584
-0.052430
0.030231
0.733989
-0.026377
-0.296806
0.184116
-0.469058
-0.128379
0.428098
-0.062517
-0.658855
-0.415577
0.573290
-0.735485
0.351201
-0.317311
-0.361637
0.067535
-0.753522
-0.915885
-0.556794
0.673658
-0.578523
0.463935
-0.022141
0.124954
0.280750
-0.260283
0.005581
0.019992
0.181195
-0.781415
0.209213
-0.367649
0.361186
0.847655
-0.165110
0.024199
-0.274483
0.482255
0.176326
0.021450
0.145995
-0.258022
-0.426666
-0.704744
-0.373505
0.524516
0.298337
-0.533090
-0.711799
-0.667643
-0.321348
-0.062859
-0.611147
-0.210787
0.885782
0.414266
0.486643
0.244573
-0.724995
-0.119795
-0.447033
-0.768574
-0.385516
0.162661
-0.632738
0.583248
-0.846198
-0.643765
0.583382
0.468534
0.564444
0.028347
-0.358952
0.079139
0.456098
-0.654245
0.451710
-0.678017
-0.066683
0.294634
0.700171
-0.653512
0.297431
-0.043050
-0.392195
-0.167555
-0.265249
0.504610
-0.505181
-0.877142
-0.094793
0.559771
0.056102
0.576885
-0.750736
-0.776923
-0.156101
0.451456
0.254072
0.064932
0.128988
-0.626089
0.148658
-0.470506
-0.131011
0.222212
-0.035181
-0.614038
0.344276
0.287249
0.044914
0.508896
-0.019859
-0.442968
0.203174
-0.207634
-0.150999
-0.077540
-0.217279
0.218111
-0.720634
0.353298
-0.315979
-0.336912
0.252951
-0.037762
-0.067478
-0.000862
-0.261451
-0.269379
-0.027333
-0.664252
-0.019669
-0.163603
-0.708958
-0.076328
-0.165280
-0.240676
0.367239
-0.088930
0.303161
-0.547162
0.495878
-0.728439
-0.352119
-0.667650
-0.887465
-0.675364
-0.491077
0.339843
-0.122374
-0.386155
0.048645
-0.170251
-0.570672
0.840836
-0.930575
0.701999
-0.620135
-0.078268
-0.140667
0.069740
0.492801
0.051091
-0.172824
-0.033230
-0.398547
0.095482
0.092074
0.223100
-0.415546
0.162220
0.290897
-0.469197
-0.226270
0.815001
-0.417478
0.540810
-0.562041
-0.427745
0.493070
0.000730
-0.855942
-0.047470
0.513203
0.031892
0.039202
0.242896
-0.248805
0.188805
-0.292046
-0.733935
0.033804
-0.104252
-0.156674
-0.395787
-0.596785
-0.057804
0.523027
-0.331794
-0.406920
-0.539022
0.133481
-0.887663
0.672059
0.131888
0.157025
-0.001729
-0.165125
-0.914841
-0.621637
0.212223
0.187284
-0.237113
-0.170788
0.567208
-0.370971
0.330219
-0.755677
0.660051
0.084113
0.279947
0.038639
-0.737280
0.691283
0.698603
-0.065229
0.624683
-0.046875
-0.123591
0.311788
0.575830
0.163633
-0.833476
-0.504838
-0.623417
0.544361
0.545150
0.073289
0.038231
0.398944
-0.687944
0.044108
0.563147
0.094847
0.371393
0.544942
0.678065
0.473809
-0.489731
-0.004798
0.169340
-0.917761
0.205491
-0.505244
0.329679
-0.494865
-0.704397
-0.158851
-0.574095
0.229232
-0.092163
-0.232227
0.239524
0.326287
0.171652
0.150334
-0.224898
-0.361989
-0.389255
-0.358801
-0.544572
-0.142485
0.069467
0.827091
-0.720085
0.033103
-0.195664
-0.364038
0.284666
0.087738
-0.028815
0.836849
0.063586
-0.172392
-0.164199
-0.216740
0.499685
-0.348487
0.311974
-0.269318
-0.275670
0.046054
-0.370754
-0.781787
0.857514
-0.612044
0.244296
-0.167213
-0.751563
0.280634
0.802048
0.462792
0.071181
-0.246338
0.027257
-0.529380
-0.449256
-0.352239
0.118626
-0.235997
0.372203
-0.188594
-0.397674
-0.297866
-0.668727
-0.411322
-0.167460
-0.169609
-0.716791
-0.392247
0.827156
-0.539454
-0.228874
0.082306
0.105931
0.757469
0.529142
-0.199761
-0.067669
-0.208948
-0.624819
-0.248846
0.040182
-0.038696
0.182173
0.101382
-0.362720
-0.156057
-0.709276
-0.675674
-0.245949
0.384234
0.503839
0.702626
-0.016759
0.009973
0.266589
-0.137136
-0.869179
-0.340932
-0.021343
-0.015853
-0.256860
-0.222356
0.278679
-0.411585
-0.030013
-0.961738
-0.140205
-0.510956
0.066328
-0.098723
0.040190
0.644194
-0.520863
-0.212286
-0.127049
-0.190324
0.226140
0.465454
0.646652
-0.125501
0.440313
-0.440801
0.177589
-0.374850
-0.392587
0.415671
0.169028
-0.739995
0.306224
-0.226698
-0.373628
-0.145765
-0.483179
0.474842
-0.055890
0.586346
-0.863504
0.044637
0.075233
0.414487
0.335046
-0.511047
0.226829
-0.262345
0.035680
-0.061802
-0.383345
-0.022355
-0.558816
0.226114
0.728398
0.006917
-0.113769
-0.249755
-0.276150
-0.314725
0.691768
0.285311
-0.252321
0.635755
-0.466131
0.031742
0.277571
-0.065712
-0.270063
-0.314828
-0.405329
-0.220172
0.409160
0.429764
-0.858056
-0.580329
0.285517
-0.253539
0.165802
-0.079432
0.014456
0.394198
-0.239632
0.224321
0.081582
-0.449455
0.475517
-0.346228
0.017692
0.276297
0.288211
-0.865277
-0.334088
0.047267
-0.445478
-0.132310
-0.708603
-0.239750
-0.516246
-0.693507
-0.663223
-0.109621
0.294534
0.595677
0.207640
0.427893
-0.185570
-0.172760
-0.394111
-0.007088
-0.253298
-0.771126
0.171117
0.164177
0.154272
-0.321378
-0.058027
0.246378
-0.680481
0.403981
-0.031279
-0.886242
-0.594209
-0.167881
0.105913
-0.293969
0.367266
0.103108
0.301674
0.121268
0.443425
-0.421207
0.042473
-0.720046
0.001704
0.793892
-0.938038
0.275149
-0.077743
0.669848
-0.274748
-0.285213
-0.513996
0.016476
-0.496767
-0.109753
-0.299562
-0.018685
-0.505843
-0.305657
0.416451
0.705935
0.297957
-0.195114
0.668515
-0.089977
0.465432
0.140214
-0.677252
0.810770
-0.861527
0.791166
-0.515981
-0.695980
-0.883057
0.017095
-0.361202
0.133967
0.477158
-0.268288
-0.477487
0.299502
0.270383
0.515664
-0.695586
0.114158
-0.668492
-0.565524
-0.360564
-0.649207
-0.319077
-0.364089
-0.549720
-0.291954
0.198490
0.401044
0.721166
-0.683696
-0.787982
0.071925
-0.616468
0.779620
0.233434
0.256986
0.206697
-0.255293
-0.547296
-0.920559
0.333669
0.250994
-0.188080
-0.087646
-0.412617
-0.608990
-0.283707
-0.229685
0.567689
0.120258
-0.214334
-0.815744
0.013609
-0.198811
-0.713898
-0.713419
0.281672
0.294092
0.268901
0.257842
-0.058516
0.188237
-0.578629
-0.062276
-0.141039
-0.211269
0.629694
-0.166399
0.033535
0.051359
-0.536947
0.297517
-0.019651
-0.472018
-0.244512
0.025361
-0.633048
0.689277
0.417579
-0.051642
0.586621
-0.625189
-0.071195
-0.619524
-0.274007
0.565309
0.305084
-0.109881
-0.761009
-0.618069
-0.290718
-0.555144
0.191827
0.491292
-0.431374
0.126481
0.072039
-0.476842
0.402347
-0.434468
-0.896813
-0.474204
-0.772005
0.047728
0.275748
0.485536
-0.346317
-0.555696
-0.023389
0.382535
0.227537
-0.167704
0.433228
-0.074400
-0.831105
0.444365
0.123446
-0.462608
0.808347
-0.811526
-0.038460
-0.639717
0.508130
-0.399695
-0.095213
0.228852
-0.736367
-0.139112
-0.730940
0.325030
0.031332
0.130738
0.396559
0.009260
-0.306457
0.062543
0.195488
-0.759329
-0.036231
0.129522
-0.013144
0.062864
-0.739874
-0.163587
0.271340
-0.579648
-0.584881
0.304951
0.797526
-0.674235
0.244128
0.801749
0.339949
0.325950
0.668580
-0.193710
0.226195
0.305832
0.584834
0.249599
0.225807
-0.042384
0.019016
0.035228
0.163849
0.163414
-0.200955
-0.619457
0.274858
0.415787
0.573451
-0.134130
-0.408653
0.835024
0.063922
-0.439778
-0.484707
-0.223389
0.791884
0.282995
0.069797
-0.129195
-0.145417
-0.262380
-0.401009
-0.484821
0.441427
-0.338868
-0.157278
0.484312
-0.063628
0.259758
0.743739
0.000973
-0.397164
-0.770332
-0.720449
-0.363640
0.154189
-0.718338
-0.222364
0.213894
-0.726778
0.365220
-0.776537
-0.178297
0.242899
0.328812
-0.550444
-0.423026
0.177208
-0.267891
-0.222881
0.386432
-0.035475
0.032546
0.372625
-0.271214
0.286031
0.243720
-0.679317
-0.425040
-0.862260
-0.636164
-0.970685
0.243503
0.469798
0.162490
0.662382
-0.028601
-0.283554
0.122651
0.429612
-0.186559
0.707575
0.245113
-0.432150
0.556611
-0.219855
-0.440135
-0.786840
-0.802341
-0.336642
-0.364316
0.471809
-0.061453
0.247200
-0.758702
-0.841791
-0.324427
-0.074463
-0.139313
0.250595
0.566817
0.425492
-0.688258
0.516478
-0.178932
-0.635971
0.165629
0.872396
0.651105
0.185279
-0.565878
0.013435
0.017824
0.072341
0.843778
-0.332918
-0.172611
0.098056
-0.938739
-0.647668
-0.440350
-0.395738
-0.291321
-0.561095
-0.611707
0.529818
-0.047303
-0.723932
0.414065
-0.559200
-0.745632
-0.749259
0.855819
0.218688
0.541413
0.043457
-0.297967
-0.545476
0.147926
-0.339117
-0.456795
0.517479
-0.426076
-0.234600
0.142054
-0.071523
-0.746167
-0.528334
-0.730051
-0.244340
-0.256894
0.028492
-0.252183
-0.922715
0.050407
-0.043074
-0.228188
0.245787
-0.184397
0.207383
0.341401
-0.284710
0.514098
-0.212410
-0.403787
0.089466
-0.034325
-0.801337
-0.674908
-0.883407
0.542238
-0.515387
0.037918
0.260728
0.107816
0.163557
-0.616670
0.517407
-0.078752
-0.399885
-0.758043
0.538337
0.016929
-0.878686
0.049195
0.413736
-0.847936
-0.005351
0.369342
-0.359584
-0.177316
-0.289249
-0.061419
-0.318616
-0.617951
-0.722396
0.321326
0.468292
-0.229720
-0.625027
-0.073598
-0.351497
-0.135105
-0.736858
0.056120
-0.035281
0.288043
0.049617
0.158541
-0.074358
0.019585
-0.219770
-0.310223
0.385413
-0.738537
-0.698981
0.480997
0.575697
0.282674
0.481494
-0.714520
-0.191705
0.079658
-0.076443
0.466982
-0.206433
-0.212225
-0.839935
-0.649049
-0.345536
0.294476
0.026909
-0.813523
-0.837759
0.325919
0.380450
-0.450009
0.536839
-0.740185
0.168472
0.248468
0.020364
0.649801
-0.392457
-0.181136
0.676279
-0.759791
-0.588860
0.656929
0.205928
-0.664712
-0.692743
0.195901
-0.365126
-0.672685
-0.253389
-0.061664
0.378491
0.332610
0.003754
0.264197
0.707952
-0.085948
-0.046770
-0.172184
0.499549
0.503257
-0.322418
-0.574658
-0.447477
0.203385
0.596562
-0.395187
-0.375691
0.511125
0.518082
-0.396935
-0.664204
0.638294
-0.460137
-0.237836
0.347509
-0.497282
0.775612
0.135189
-0.231119
-0.386044
0.427708
-0.371396
-0.158572
0.618937
-0.443690
-0.557887
-0.139695
-0.482298
0.084445
-0.632981
0.279496
-0.094045
-0.317708
-0.017460
-0.008847
-0.030370
-0.662187
-0.313803
-0.429734
0.359616
0.360442
0.397250
0.612548
-0.874461
0.160317
0.250382
0.282069
0.474765
-0.090669
-0.117508
0.000155
0.590855
0.620899
-0.688039
0.345566
0.099187
-0.339932
-0.115805
-0.107219
0.564136
0.029265
-0.342660
0.230266
-0.493518
0.678851
-0.010045
-0.252591
-0.323051
0.182328
0.009819
-0.108982
0.042854
-0.089876
-0.344175
-0.500260
-0.300307
0.321710
-0.107581
-0.385295
-0.282777
0.535318
0.369390
-0.025091
-0.021347
-0.368891
0.033378
-0.954854
0.078876
0.278936
-0.071274
0.172070
0.260799
0.369680
0.342197
-0.612953
-0.158697
-0.351256
-0.368897
-0.415241
-0.121780
-0.053183
-0.433460
-0.077400
0.042794
0.179608
-0.010593
-0.679654
0.444535
-0.649601
-0.468762
0.039905
0.610762
-0.734075
-0.906666
0.567354
0.050417
0.097331
-0.201914
0.685230
0.026542
-0.124274
0.159328
-0.559122
-0.104697
-0.469870
0.257908
0.151162
0.030837
-0.856236
-0.797509
-0.360432
-0.160409
-0.172383
-0.274487
0.870123
0.473226
0.303511
0.632956
0.174714
-0.805179
-0.399618
0.303723
0.462137
-0.502442
0.157021
0.304348
0.492879
-0.690607
-0.253663
-0.792343
-0.475361
-0.144479
-0.447489
-0.371663
-0.129357
0.582693
-0.268797
-0.102659
0.575313
-0.167565
0.592542
0.216714
-0.003450
-0.131222
0.890191
0.588235
0.460879
-0.055869
0.170573
0.761979
-0.925971
-0.961062
0.122120
0.076729
-0.369730
-0.202841
0.233971
-0.894307
-0.072081
-0.667912
-0.320669
-0.312853
-0.310095
-0.240246
-0.052155
0.031904
0.615887
-0.026227
0.329641
-0.889568
-0.837636
-0.038298
-0.011974
0.353048
0.013930
0.518745
-0.202209
-0.497006
0.097180
-0.284610
-0.166752
-0.360118
0.619524
-0.230191
-0.284374
-0.735030
-0.806362
-0.508228
-0.112242
-0.207600
-0.351248
-0.273564
-0.237232
-0.055903
0.168459
0.120061
0.308571
-0.266251
0.170173
0.071594
-0.367321
-0.177728
-0.517892
-0.798096
-0.856086
0.263741
-0.257657
0.223797
-0.121504
0.038448
-0.265371
-0.222343
0.006235
-0.223560
-0.621211
-0.785066
0.002773
0.656612
0.823708
0.367690
0.496916
-0.005302
-0.284760
0.180062
-0.593253
-0.433217
-0.520131
0.063591
0.219852
-0.427606
0.312966
-0.186264
-0.375378
-0.955857
-0.374915
-0.622114
-0.093299
-0.648837
-0.508147
0.156382
0.814360
-0.208421
-0.258272
-0.923241
-0.045677
-0.144996
0.905904
-0.185222
0.248621
-0.311437
0.719259
0.120376
-0.480318
-0.186695
0.076715
0.705333
-0.131743
-0.851291
0.660018
0.394432
-0.792990
0.079928
0.218532
0.559610
-0.084908
0.374237
-0.196190
0.085514
-0.180270
0.001755
-0.515741
-0.446699
-0.709630
0.551116
0.425024
0.393290
-0.060282
-0.492125
0.082448
0.335494
-0.166450
-0.230282
-0.237822
0.007980
0.012472
-0.207049
-0.473861
-0.105984
-0.715591
-0.391099
0.077664
0.244347
0.351877
0.827790
0.234594
0.412688
-0.168287
-0.164929
-0.367408
-0.569627
-0.163607
0.019276
0.254239
0.164562
0.449276
0.046982
0.018096
0.248442
-0.540225
0.049522
-0.072193
0.345648
-0.121795
0.795483
0.195701
0.465812
-0.304980
-0.156795
0.188795
-0.316552
0.536926
-0.418265
-0.894344
-0.620754
-0.197039
-0.448064
-0.064351
0.286246
-0.409441
0.006781
-0.096114
0.364238
-0.332773
0.351554
-0.258435
0.928623
-0.568778
-0.884313
0.101455
-0.309396
0.644300
-0.195216
-0.775224
-0.308811
-0.231441
-0.168722
-0.048265
0.058328
-0.097947
0.287610
0.432090
-0.256018
-0.600893
0.456100
-0.529788
0.540328
-0.124249
-0.627331
-0.100767
-0.912813
0.276750
-0.455763
-0.269465
-0.083963
-0.327495
0.544315
-0.822633
-0.187650
-0.236872
0.185416
-0.127994
-0.406557
-0.302300
0.669606
0.032059
-0.097328
0.376494
-0.320385
0.218865
-0.190506
0.149366
-0.067005
-0.562491
-0.360542
0.713147
-0.154255
-0.297764
0.116663
0.818593
-0.238098
-0.331326
-0.217891
-0.177527
0.317425
-0.230655
0.201694
0.508201
-0.907949
-0.889055
-0.771903
-0.666554
-0.061422
-0.526452
-0.260121
-0.240549
-0.249924
0.473442
0.193678
0.279924
0.672747
0.278267
0.193442
-0.271745
-0.034726
-0.215103
0.370106
-0.073538
-0.263474
-0.195245
-0.448813
0.299285
-0.628095
0.928796
-0.133114
0.236853
0.558026
-0.120199
0.524886
0.615059
0.094322
0.537212
-0.319540
0.174867
0.401134
-0.331891
-0.149101
0.272562
-0.076198
-0.730816
-0.356745
0.157360
-0.976861
-0.341507
-0.546619
-0.634106
0.504387
0.467958
0.068753
-0.271077
-0.161232
-0.809579
-0.007889
-0.779787
-0.124210
-0.134187
-0.199626
0.090233
-0.153050
0.174592
-0.194130
0.600206
-0.132033
0.294190
-0.327336
-0.004107
0.345384
-0.352226
0.166194
-0.295060
0.246595
0.090285
-0.299875
-0.247693
-0.703645
-0.528280
0.049537
0.068473
0.777082
-0.493451
-0.290633
0.023388
-0.042732
-0.851547
-0.439982
-0.220667
-0.245628
0.167561
-0.806325
0.126672
-0.003533
0.155440
-0.351537
-0.804171
-0.455277
0.107255
-0.338808
-0.189404
-0.035031
0.292672
0.036301
-0.476808
-0.108924
-0.305826
-0.025336
0.099379
0.108369
0.553889
0.307051
0.109178
-0.075124
0.246355
0.822734
-0.116764
-0.911542
-0.259633
-0.052299
0.058271
0.252347
-0.104570
0.045842
0.033442
-0.091152
-0.134067
-0.021357
-0.567831
-0.414972
-0.110503
-0.125323
0.078544
-0.704359
0.555044
-0.074772
0.823160
0.073568
0.198508
-0.478006
-0.121249
-0.047080
0.328802
-0.037023
-0.190760
0.130377
-0.928377
0.262277
-0.687812
-0.206485
-0.248657
-0.262508
-0.593609
0.017491
-0.404120
-0.627142
-0.808665
-0.174709
0.628867
0.074583
-0.133501
0.726325
-0.112320
0.493740
0.151178
0.382840
-0.804012
-0.293773
-0.143959
-0.065730
0.415474
-0.411421
-0.327601
0.316433
-0.182380
0.901657
-0.049900
-0.251269
-0.799335
0.254187
0.696656
-0.598001
0.250528
0.508302
-0.372471
-0.085537
0.426544
-0.205533
0.275580
-0.170620
0.049021
-0.201267
0.633914
-0.511331
-0.846767
-0.825958
-0.145877
0.331849
-0.034558
-0.582290
0.846769
0.458481
-0.629431
-0.031364
0.092295
-0.571134
0.407475
-0.162203
0.525274
0.472635
0.462592
-0.109450
0.305625
-0.776529
-0.562018
0.673188
-0.049043
-0.221114
-0.122604
-0.106064
-0.427579
0.127528
-0.463302
-0.035570
0.451598
-0.722573
-0.685572
0.519425
-0.224687
-0.186388
0.015186
-0.155232
0.132742
-0.616160
0.032634
-0.291198
0.405182
-0.343112
-0.167644
0.238335
-0.625636
0.527580
0.100804
-0.149658
0.204104
0.020114
-0.528534
-0.145942
-0.186884
0.478623
0.251267
0.172645
0.472355
-0.022453
-0.087746
0.394217
0.276831
-0.182501
-0.195241
0.179856
-0.084301
0.290995
0.554606
0.512581
-0.293109
0.089785
0.692188
0.008767
0.170320
-0.700870
-0.136183
0.062969
0.102619
-0.640810
0.307153
0.187353
0.328910
0.172216
-0.196149
0.160656
0.567124
0.018152
0.762271
0.086871
0.737879
0.702591
-0.218505
-0.020362
-0.212674
-0.490326
-0.598935
0.006789
-0.621588
-0.058084
-0.245495
0.279917
0.234681
-0.095579
-0.729948
0.131258
0.062453
-0.635466
-0.180406
-0.230377
0.492500
0.394942
-0.173642
0.285118
-0.101575
-0.047128
-0.111857
-0.489784
-0.478848
-0.122828
-0.734185
-0.437922
0.173320
0.024016
-0.328649
-0.652032
0.331771
-0.376473
-0.646949
-0.200120
-0.197944
-0.535629
-0.518165
0.303525
-0.183876
-0.084421
-0.393363
0.150790
-0.023207
-0.197062
-0.084947
-0.401560
-0.285950
-0.225772
0.191574
-0.500377
0.316803
-0.532014
0.605866
0.058743
-0.528724
0.271246
0.195480
-0.368076
0.493825
0.619359
-0.141418
-0.320540
-0.416764
0.230992
0.261419
-0.065761
-0.717595
-0.185859
0.413679
0.308186
0.297180
-0.087609
-0.117892
-0.030600
0.522666
0.080621
0.351169
-0.710606
0.677751
0.499460
-0.110633
-0.279344
-0.544487
0.027535
-0.889813
-0.236997
-0.711625
-0.769747
0.932388
0.002856
0.181275
0.013875
-0.464267
-0.173031
-0.083421
-0.408245
-0.448482
-0.549631
0.735857
0.480948
-0.283066
-0.928451
-0.667670
0.013976
0.174495
0.105886
0.075327
-0.299509
-0.930471
-0.647937
-0.287142
0.102961
-0.054282
-0.048753
-0.265122
0.429301
0.015761
-0.233145
-0.199147
-0.218004
0.184788
0.405387
-0.157286
-0.191528
-0.340512
-0.244161
0.076239
-0.527473
0.407122
-0.888045
-0.006506
-0.534968
0.139997
-0.545183
-0.494378
0.438348
-0.328089
0.303399
-0.178729
0.013115
-0.499459
-0.030535
-0.126253
0.723883
-0.036712
-0.409608
0.408980
-0.295296
0.532494
0.161150
-0.331329
-0.294937
0.697736
-0.269345
0.346399
-0.545916
0.001234
-0.054392
-0.037695
-0.902666
0.270239
-0.561729
0.526999
0.211316
-0.388135
-0.007638
0.270663
0.174413
-0.146123
-0.578704
0.210367
0.592619
-0.787688
-0.648061
-0.399203
0.741530
0.089840
0.118443
-0.071919
0.398270
-0.236052
0.148669
-0.471569
-0.269061
0.128899
0.077028
-0.305109
-0.849854
0.058522
-0.517064
0.284207
0.138536
0.189481
-0.166573
-0.251633
-0.110853
0.175497
-0.023037
0.178561
-0.813880
-0.104144
0.143390
-0.533289
-0.516946
-0.221756
-0.141055
-0.176263
0.403023
-0.013132
-0.367887
0.218860
-0.042647
-0.572139
-0.150473
0.687694
0.382622
-0.213360
-0.119896
0.216053
0.454163
-0.590131
-0.257875
-0.205112
-0.792193
0.176579
-0.135462
-0.333626
-0.578666
0.397141
0.220062
0.522938
0.048722
-0.060767
0.579059
0.595087
-0.524568
-0.461943
-0.444248
-0.193980
0.376698
-0.070732
-0.277941
0.218199
0.205795
0.686384
0.191227
0.038988
-0.730276
-0.054327
-0.784388
-0.130418
0.349418
0.369034
-0.551429
0.269257
-0.448233
-0.101600
0.486022
0.091535
-0.036647
-0.184116
0.030830
0.569496
-0.851493
-0.287576
-0.088955
-0.405162
-0.886183
-0.272557
0.056332
-0.745662
-0.018841
0.150296
0.072714
0.815366
-0.301451
-0.334124
0.533511
-0.839881
-0.183427
-0.228485
0.372262
-0.049944
-0.363511
0.455544
-0.739589
-0.866945
0.047468
-0.092547
0.280070
-0.111782
0.603308
-0.826268
0.086740
-0.132621
-0.456683
-0.365421
0.419480
-0.685132
0.717525
-0.237909
-0.100366
0.817343
0.291832
-0.221599
-0.419820
-0.266227
-0.038984
-0.234922
-0.552383
-0.614580
0.137782
-0.017619
0.085735
0.607380
0.696478
0.222822
0.060167
0.478258
-0.000409
0.210735
0.633202
0.149701
-0.708785
0.659242
-0.351776
-0.723866
0.082921
0.148798
0.264738
-0.328667
0.696608
0.110023
-0.116571
0.292594
-0.223274
0.666305
0.706009
-0.295080
-0.422773
-0.729657
-0.004600
0.249942
-0.364423
-0.160145
-0.132113
0.059161
-0.618237
-0.888860
-0.222606
0.223571
-0.061638
-0.401681
-0.368855
0.236086
-0.774463
-0.198110
-0.073046
0.040990
0.691469
-0.298645
-0.516244
-0.217854
0.814132
0.649511
0.337227
-0.087238
0.080281
-0.082476
0.190624
0.354119
0.356486
-0.163139
0.287169
0.434833
-0.094531
-0.723742
-0.316998
-0.711831
0.390313
-0.003988
-0.647982
-0.501655
-0.244072
-0.462991
-0.212011
0.112616
-0.305926
0.017575
-0.164676
-0.604056
0.794213
0.520711
-0.542866
-0.259819
0.090180
0.255106
-0.213867
0.439529
-0.166872
0.434831
0.739899
-0.051149
0.268762
-0.211238
-0.505428
-0.500454
0.272421
0.717077
0.012119
-0.089349
-0.149000
-0.012155
-0.641431
-0.238986
-0.471431
0.602600
-0.533610
-0.799911
0.003104
-0.205894
-0.075347
0.095076
-0.984505
-0.630586
-0.602312
0.532790
0.014162
0.629796
-0.072687
0.426719
-0.173764
-0.636895
0.093635
0.075928
-0.208895
0.217885
-0.231306
0.358940
-0.631977
0.163470
-0.188163
0.064226
0.155452
-0.819812
0.119538
-0.467552
0.156654
0.280039
-0.691792
0.107650
0.366183
-0.530116
-0.002728
-0.376148
-0.201892
0.231655
-0.511865
0.069180
-0.213667
-0.297558
-0.196578
-0.714226
0.162811
-0.693696
-0.262531
-0.507097
0.548567
-0.846816
0.904702
0.293301
0.091499
0.446400
-0.686695
-0.166898
0.031545
-0.731184
-0.521896
0.819805
-0.047678
-0.625715
0.156070
-0.660989
-0.063115
0.169486
-0.671889
0.130114
-0.090627
0.655362
0.430284
0.287162
0.247210
0.402363
-0.074374
-0.059467
-0.320964
-0.710290
0.510583
-0.822385
-0.694406
-0.317620
-0.077774
-0.457605
-0.086695
-0.190884
0.484840
-0.213413
-0.636633
0.642256
0.233142
-0.548563
-0.661568
-0.051870
0.339129
0.077419
0.664480
0.204929
0.225505
-0.032728
0.570991
-0.100652
0.490568
-0.223557
0.078706
-0.580317
0.520259
-0.011409
-0.041631
-0.235313
-0.036177
-0.230903
-0.379067
0.409031
-0.193946
0.167698
-0.097384
0.017426
-0.476283
-0.707704
-0.451004
-0.342886
-0.415489
0.506733
-0.853293
0.331970
-0.412925
0.077478
-0.173440
0.515999
0.391846
0.892629
-0.062259
0.122354
-0.129956
-0.800724
-0.110767
0.002802
-0.243490
0.316495
-0.393515
-0.129171
-0.610118
-0.920529
-0.170053
-0.032697
-0.532554
-0.053354
-0.276586
0.010267
-0.125800
-0.412745
0.400806
-0.205215
-0.287167
-0.141592
0.228792
0.610335
-0.098041
-0.056797
-0.473490
0.112706
0.009009
0.032201
-0.080858
-0.412728
0.049634
-0.630723
0.038702
-0.466898
-0.317970
-0.728202
0.894541
-0.217786
-0.012011
-0.185393
-0.167479
0.408832
-0.049371
-0.485903
0.249566
0.604980
0.421701
0.195371
-0.884144
-0.079813
-0.979432
-0.108585
-0.039152
0.371107
-0.605183
-0.372953
-0.043479
0.155054
0.483158
-0.295363
-0.133327
-0.982200
0.560003
-0.014364
-0.536250
0.085539
-0.753670
0.083622
0.195706
-0.254795
-0.827542
0.325607
0.490966
-0.305873
-0.568604
-0.752409
0.202178
-0.804875
0.097601
-0.732209
0.002936
0.207947
-0.864556
-0.122151
-0.489789
-0.214306
0.040580
-0.677696
-0.796681
-0.212575
0.286659
0.062723
-0.702386
-0.697591
0.047129
-0.314722
0.176453
-0.820816
0.500873
0.273728
-0.084969
0.138488
0.169431
-0.567468
0.217480
0.145910
0.410000
0.210749
0.206427
0.270228
-0.194405
-0.865090
-0.671140
0.145693
0.496102
0.060847
-0.204720
-0.393242
-0.288890
0.364724
0.413127
-0.104747
-0.336346
-0.119662
0.168742
0.780111
-0.055289
0.574194
-0.019054
0.170588
-0.797247
0.079935
-0.084912
0.152604
-0.822023
0.256953
-0.320279
0.348178
0.412100
-0.428055
-0.418333
0.512981
0.630041
0.277667
0.565583
-0.539737
0.092885
-0.970222
-0.943398
0.164778
-0.207364
-0.947129
-0.705710
0.884091
0.734641
0.249717
0.019516
-0.803892
-0.040596
-0.257835
0.175354
0.514411
-0.034337
-0.010454
-0.377424
-0.836990
0.637573
0.186714
-0.705454
-0.275663
0.803090
0.607212
-0.167179
-0.513292
0.099190
0.072405
0.031136
0.015270
-0.314180
-0.283945
-0.374500
-0.201842
-0.936592
0.200998
0.162561
0.344224
-0.068080
0.075279
-0.044310
-0.224252
0.032514
-0.007644
-0.781415
-0.779401
-0.553539
-0.881813
-0.166613
0.303121
0.234847
0.300534
-0.515595
-0.703594
-0.190064
-0.192107
-0.051916
-0.221401
0.180170
0.125952
-0.286310
-0.805798
-0.290059
-0.244131
-0.033037
0.018442
0.166537
-0.090178
-0.659440
0.374266
-0.207736
-0.037471
-0.010490
-0.156135
0.080990
-0.854023
-0.086388
-0.335263
0.240147
-0.077569
0.045896
-0.368700
-0.064681
0.384352
-0.128354
-0.542463
-0.710439
-0.468756
-0.139093
0.045566
0.344741
-0.168312
0.093880
0.139523
-0.116250
0.623500
-0.284524
-0.210778
-0.347211
-0.810794
0.507361
0.737402
-0.267548
-0.100547
-0.098332
-0.155141
0.617405
-0.669563
0.459434
0.172873
-0.613446
-0.187745
-0.036399
-0.114258
-0.121589
0.486531
-0.375872
0.349933
0.619182
-0.163326
-0.170883
-0.323159
-0.300515
0.254178
-0.659060
-0.504279
-0.315510
-0.102570
0.139642
0.022880
-0.358193
0.651106
-0.651601
-0.117121
-0.204857
-0.321966
-0.064403
0.862254
-0.000790
0.207260
-0.122434
-0.873050
-0.231619
-0.678781
-0.172334
0.022262
0.519502
0.168477
-0.246999
-0.758357
-0.038561
0.341794
-0.202898
-0.433470
-0.381891
-0.106549
0.259409
-0.366519
-0.120708
0.377938
-0.881626
-0.864665
-0.138893
0.584720
-0.002614
0.418977
-0.601823
-0.016194
-0.197149
-0.161423
-0.027999
-0.462454
-0.184879
0.607618
0.644715
-0.247794
-0.330005
-0.614276
-0.157758
-0.820740
-0.295095
-0.315015
0.607434
-0.359037
0.718152
0.293671
-0.066867
-0.707775
0.263103
0.450674
-0.380505
0.304952
-0.864989
-0.876401
0.064170
0.521905
-0.586652
0.008285
0.530656
0.570903
0.483005
0.124011
0.323712
-0.422507
-0.200979
-0.063292
-0.174608
-0.420395
0.066854
0.235515
-0.085369
-0.928556
-0.669462
0.248093
-0.051119
-0.774379
-0.342617
-0.322430
-0.316206
-0.400931
0.571392
-0.816504
-0.201386
0.863778
0.754588
0.057034
-0.195816
-0.306468
-0.611493
-0.160345
0.428616
-0.705208
-0.206554
-0.594574
0.734342
0.777140
0.542415
0.183285
0.223343
-0.094859
-0.043908
-0.163348
0.274558
0.260246
0.132124
-0.075123
0.238962
-0.320129
-0.190695
-0.815851
0.348860
0.709415
-0.164254
-0.081083
0.385425
0.105970
-0.037150
-0.161424
0.541432
-0.714780
-0.193728
-0.202123
0.025262
-0.035130
-0.297478
-0.209341
0.682954
-0.339007
0.531596
-0.704514
-0.239550
-0.180339
-0.093257
-0.448545
-0.058043
-0.102125
0.495410
-0.159970
0.299604
0.679498
0.690525
-0.614355
-0.267406
-0.961164
-0.063780
-0.826163
0.104630
0.259517
0.565119
0.494269
-0.450895
0.197246
-0.125808
-0.751068
-0.173323
-0.402094
-0.026575
-0.652456
-0.392956
0.379793
-0.950227
-0.860251
-0.298720
-0.214571
0.382195
-0.142527
-0.740837
-0.103205
-0.501356
-0.714216
0.827499
-0.678575
0.527010
-0.637901
0.330791
0.695192
-0.262638
-0.311380
-0.239757
-0.045032
-0.218865
-0.289618
-0.370755
0.106052
-0.669533
-0.245301
0.042834
-0.248017
-0.242611
-0.639202
-0.203956
0.404789
-0.911756
0.192765
-0.202165
-0.833084
-0.397498
-0.490997
-0.057718
0.506099
0.091912
-0.618323
-0.879395
-0.132398
0.473821
0.082593
-0.348619
-0.413882
-0.006457
-0.132552
-0.292388
0.606532
0.295099
-0.165918
0.208066
0.755371
-0.760730
-0.319220
0.093892
0.464049
0.160885
-0.212006
-0.119206
0.240940
-0.164905
-0.326492
-0.023519
-0.187809
-0.382432
0.246565
0.208730
0.187225
0.139024
-0.396277
0.166833
-0.159095
0.399537
-0.270225
0.386687
-0.170297
-0.651067
-0.307290
-0.018652
-0.227864
0.504325
0.128290
0.337438
0.480567
0.550790
0.671614
0.032386
-0.677436
-0.255281
0.483704
-0.266316
-0.214794
0.138853
-0.554112
-0.483910
-0.787527
0.453836
0.522792
-0.127413
-0.802432
-0.591519
-0.296617
0.158180
-0.406778
-0.205777
0.334208
-0.174309
-0.678987
-0.031883
-0.187894
-0.060222
-0.700300
-0.436911
-0.100174
-0.475625
0.204865
-0.440001
-0.026703
-0.654768
-0.189513
-0.978301
-0.531998
-0.239673
-0.232285
-0.417288
-0.206706
0.260852
0.400857
-0.054243
-0.130302
-0.649789
0.443226
-0.824191
0.286177
0.206456
0.306385
0.722070
-0.023798
-0.150221
-0.635546
-0.122125
0.777977
-0.422381
-0.456762
-0.064267
-0.257076
-0.461397
-0.281087
-0.124572
-0.004642
0.098014
0.224997
0.372532
0.388619
-0.410765
0.084940
0.429519
0.295034
-0.298284
-0.861017
-0.152673
-0.034605
-0.588931
-0.054443
-0.050897
0.336822
0.080194
0.038771
-0.427996
-0.262361
-0.827813
-0.412314
-0.302746
-0.224206
-0.264190
-0.253858
-0.637315
0.259812
-0.148712
0.358398
-0.891355
-0.108333
-0.145321
-0.511171
-0.644633
-0.248674
-0.488228
0.184693
-0.169916
-0.221473
0.674696
0.120803
-0.335008
-0.407117
-0.002806
-0.000922
-0.910277
0.101908
-0.155150
0.545066
0.353128
-0.130647
0.732882
-0.483010
-0.672892
0.256960
-0.824946
-0.196107
-0.365157
-0.220658
-0.357798
-0.182561
-0.053308
-0.432515
0.410146
0.766139
-0.138385
-0.519142
0.050381
-0.883333
-0.688181
-0.543445
-0.028759
0.558517
-0.511628
-0.159237
-0.178840
-0.288819
0.364873
-0.443589
0.279448
0.729963
-0.137734
-0.725858
0.095435
-0.834706
-0.429772
0.061218
-0.221400
-0.196686
-0.030060
0.169124
0.043347
-0.422721
-0.359686
-0.181231
0.334023
-0.076082
-0.363797
0.340241
0.326878
-0.336791
0.141529
0.239584
-0.060229
0.090272
-0.826855
-0.754744
0.262601
-0.628858
-0.027649
-0.330148
-0.160769
0.365063
-0.315982
-0.599217
-0.680129
-0.166356
-0.562416
0.264843
-0.238954
-0.418708
0.057149
-0.509535
0.250424
0.177119
0.632106
-0.823501
-0.361843
-0.409426
-0.423424
0.508713
-0.091393
-0.646876
0.048908
0.222624
0.137515
0.710547
0.387721
0.628005
-0.373913
-0.264133
0.112909
-0.776946
-0.885871
-0.915427
0.093405
-0.781005
-0.374774
-0.191242
-0.013254
-0.418044
-0.584092
-0.133082
-0.020915
-0.600191
0.331630
-0.921133
-0.203651
-0.477028
0.184997
0.485776
-0.260044
0.271729
-0.673699
-0.598531
-0.019364
0.151093
0.249937
-0.969521
-0.591372
-0.211444
0.145699
0.286770
-0.350981
0.017056
-0.537836
0.134314
-0.071161
0.163423
-0.145065
-0.445315
-0.281027
-0.455149
-0.294602
0.183502
-0.109113
-0.314773
-0.641935
0.532507
-0.196291
0.338383
-0.424297
-0.093982
0.481036
0.286717
0.017540
-0.093704
0.367005
0.191466
-0.746534
-0.812871
0.125616
0.232770
0.697545
-0.653746
-0.800910
0.620087
-0.403336
-0.355873
0.823003
-0.047934
0.089672
0.005766
-0.083002
0.941115
0.064182
0.495323
0.327606
-0.386216
-0.145785
-0.141311
-0.176142
0.786508
-0.241615
0.014078
-0.456689
0.117189
-0.054913
-0.662618
0.114271
-0.292157
-0.195766
-0.045133
-0.774474
0.291516
0.206831
-0.259789
-0.519712
-0.533829
0.043292
-0.120917
0.099491
0.566023
-0.512367
-0.271781
0.097346
-0.322739
-0.736793
-0.163096
-0.318653
-0.093648
0.014654
-0.799943
-0.096562
-0.515988
0.134661
-0.015080
0.116812
0.323651
0.372681
-0.256164
0.174516
-0.824132
-0.176448
0.579537
0.913742
0.161708
-0.192889
-0.650980
-0.718999
-0.690123
0.194160
-0.378020
-0.357450
-0.332294
0.339343
-0.366015
-0.270369
0.555014
-0.453910
-0.672804
-0.202496
-0.419842
0.568746
0.207862
-0.746411
-0.082346
0.494236
0.792482
0.153098
-0.005759
-0.099374
-0.265770
0.268226
-0.237462
0.463945
-0.267783
0.014829
-0.158417
0.135656
0.027620
0.353614
-0.018051
-0.195698
0.060701
-0.476915
-0.281416
0.768699
0.050082
0.199205
-0.529989
-0.253259
-0.071314
-0.359560
-0.082493
-0.163658
-0.360205
0.022586
-0.624080
-0.166050
-0.077710
-0.055994
-0.714198
0.591473
-0.486251
-0.835629
0.128635
-0.097935
-0.744254
0.075621
0.242924
-0.525601
0.142150
-0.281291
-0.873740
0.740627
0.207963
-0.074277
0.154237
0.054411
0.034120
0.512653
0.020509
0.255751
-0.482184
-0.133478
-0.545507
0.289144
0.807147
-0.115330
-0.400191
-0.138773
0.697167
-0.875455
-0.538050
0.598586
0.389895
-0.023548
0.765313
-0.185452
-0.509625
-0.024747
0.099856
0.667761
0.096454
-0.605487
0.738173
0.392710
-0.422356
0.581945
-0.168247
-0.233840
-0.849584
-0.771986
-0.337187
0.092032
-0.197488
-0.853366
-0.664160
-0.034054
-0.615386
-0.319352
-0.147654
0.479834
-0.295084
-0.407241
0.084275
0.620688
0.603621
-0.560781
-0.415356
0.123216
-0.137783
-0.564217
-0.383665
0.568541
0.239469
-0.068378
-0.877208
0.385896
0.272482
-0.564064
0.343971
-0.833426
-0.294186
-0.719526
0.362876
-0.206865
0.070254
-0.249472
0.706023
0.438611
-0.596305
0.487251
-0.379858
0.516154
-0.081469
-0.185827
0.229849
-0.030350
0.282000
0.172125
0.676198
0.103516
-0.319706
-0.481624
-0.471467
-0.694454
-0.099256
0.162834
0.553512
0.105145
0.087045
0.045385
-0.763586
-0.455696
0.118811
0.475754
0.528692
0.400171
0.405554
0.372089
0.247403
0.171510
-0.170831
0.610891
0.279598
0.137273
-0.238627
-0.492158
0.284346
0.278436
-0.415222
-0.203643
0.080059
0.362512
0.674540
-0.008557
-0.845164
0.353938
0.051620
-0.414443
-0.513983
-0.736630
-0.142431
0.082512
0.654238
0.241589
-0.876915
-0.474267
-0.013569
-0.048693
-0.005131
-0.772599
-0.321645
0.194042
-0.526393
0.296523
0.514754
-0.451602
0.770743
0.331012
-0.282279
0.014845
-0.320274
-0.027370
-0.865003
-0.253542
-0.538555
-0.422850
0.901441
-0.557081
-0.019407
0.332574
-0.363422
-0.016466
-0.314958
0.088202
0.137141
0.126901
0.091777
-0.363020
-0.977054
-0.077964
-0.377302
-0.183205
-0.655773
0.169648
0.216351
-0.263169
-0.399107
0.071112
0.137223
0.094193
-0.544896
0.360645
0.345949
-0.806670
-0.043220
0.015242
-0.349182
0.258453
0.217645
-0.116128
-0.239662
0.311874
0.751753
-0.628145
-0.260881
0.678183
0.624112
0.533507
-0.379151
0.586925
-0.250327
0.813143
-0.258582
-0.034947
-0.300253
-0.430490
0.011924
0.323005
0.805049
-0.318571
0.195172
0.104761
0.171373
-0.826294
0.386236
-0.113210
0.102107
0.345785
-0.631659
0.650710
-0.963342
0.598466
-0.192465
-0.164111
-0.331192
0.652520
0.344657
-0.092319
-0.011667
0.143835
0.394433
0.324127
-0.091698
-0.245208
-0.750779
0.047654
-0.887602
-0.155869
-0.565737
-0.943964
-0.488470
-0.145467
-0.365816
0.324828
-0.434640
-0.466617
0.074390
0.039839
-0.057181
-0.014416
0.543577
-0.765960
0.903163
0.818069
-0.879205
0.143548
-0.712792
0.361599
0.625507
0.210052
-0.273992
-0.271678
-0.910096
-0.100013
0.126213
0.405892
-0.262803
0.841540
0.840489
0.042512
-0.235540
0.309556
0.640786
0.340156
0.273973
-0.059190
-0.821278
-0.282894
0.256186
-0.249208
-0.388481
-0.057948
-0.693257
-0.006735
-0.031631
-0.232647
-0.347249
-0.673121
-0.236602
0.080969
-0.615321
0.296621
-0.306404
-0.833476
0.197308
0.459101
-0.420970
0.267765
0.417328
-0.064352
0.504505
0.065582
-0.898846
0.316960
-0.906970
0.266632
-0.678818
0.136057
0.145536
0.231627
0.346511
-0.771681
0.139639
-0.035622
-0.205870
0.656261
-0.145325
0.592179
0.248670
0.041777
0.087839
0.124675
0.410540
-0.277283
0.493512
-0.343542
0.690306
-0.207850
0.576318
-0.152742
-0.326683
0.163925
0.020952
0.082887
-0.198622
-0.253007
-0.437077
-0.419199
-0.232746
-0.138271
-0.135357
-0.200305
-0.721559
0.595385
-0.051056
-0.014867
0.838398
-0.484712
-0.595342
0.512046
0.210999
0.554080
0.467542
0.238083
-0.563993
0.362913
0.318054
0.354051
-0.019157
-0.240482
-0.371068
-0.851031
-0.076831
0.074040
-0.371882
0.195060
0.239729
-0.247266
0.280696
-0.488556
-0.305726
0.484278
0.450991
0.089694
-0.354253
-0.147889
-0.277861
0.129366
-0.724161
-0.156416
-0.505652
0.414597
0.199055
-0.022405
-0.215079
-0.160547
-0.288013
-0.207685
0.682393
-0.226843
