0.172782
-0.171076
0.036628
-0.066693
-0.511516
-0.240804
-0.367187
0.091086
-0.619974
0.208267
0.172085
-0.494142
0.422020
-0.546678
0.244854
-0.264169
-0.099570
-0.172568
-0.250430
-0.507775
0.444121
0.201200
0.303370
-0.236918
-0.353396
-0.179797
0.072240
-0.342373
0.378671
-0.648816
-0.096401
-0.017723
0.289810
-0.267656
0.066777
-0.647214
0.164390
-0.060499
-0.497708
-0.249864
0.055994
-0.318070
-0.329288
-0.714830
0.280340
0.000947
-0.123622
-0.401415
0.268216
0.152316
0.071215
-0.000272
-0.335877
-0.282581
0.086918
-0.032994
-0.325302
0.571147
0.069747
-0.492214
-0.557961
-0.504523
-0.672374
-0.121427
-0.316491
0.425509
-0.013808
-0.219546
0.204966
0.060319
0.200706
0.372797
-0.155254
-0.537725
-0.076717
0.267832
0.335595
-0.231754
-0.164837
0.538910
0.057087
-0.382051
0.281102
0.280762
0.117946
-0.116426
0.266468
-0.335760
-0.555759
0.658693
-0.430766
-0.240859
-0.509433
-0.276085
-0.439861
-0.229657
0.092518
-0.005952
-0.054534
0.123575
-0.479850
-0.100313
-0.220726
-0.426006
-0.163501
0.294360
-0.197500
-0.171912
-0.061125
0.491733
-0.104659
-0.194872
0.283179
-0.060395
-0.096496
-0.125778
-0.112731
-0.064903
-0.112505
-0.609855
0.126922
-0.492699
0.384541
-0.060072
0.052854
-0.055294
-0.011310
0.393883
0.439266
0.443103
-0.357472
-0.053385
-0.267230
-0.230897
-0.336684
-0.189543
0.122608
0.066635
-0.398092
0.080678
0.321598
-0.366598
0.070819
-0.464376
0.082575
0.016149
-0.196637
-0.194983
-0.330799
0.212967
-0.035723
0.172015
-0.173990
-0.040133
-0.118133
-0.131905
-0.164908
-0.440998
0.267170
-0.211970
-0.390990
0.070813
-0.224492
-0.387536
0.240387
0.208503
-0.246486
0.090779
-0.415281
-0.127997
0.242693
-0.301576
-0.013472
0.157180
0.296117
-0.125005
-0.169078
0.287129
-0.372679
0.295741
-0.041091
-0.368464
-0.118803
-0.087492
-0.466223
0.025909
0.064474
-0.264533
0.363371
0.063187
0.108798
-0.103398
-0.006445
0.283130
-0.044891
-0.526152
0.259742
-0.093255
-0.020115
-0.132769
0.018482
-0.308613
-0.273060
-0.108033
0.384665
0.073506
-0.520274
-0.203613
-0.186042
0.224792
-0.235890
0.261718
0.079177
0.135859
-0.029659
-0.113328
-0.308763
-0.037634
-0.224532
-0.352873
-0.161278
-0.098756
0.114735
-0.327441
-0.482550
-0.018016
0.183713
0.278645
-0.125632
0.092162
-0.249207
0.174467
0.095249
-0.167769
0.061152
-0.136008
-0.377471
-0.136957
-0.047687
-0.478836
0.150537
-0.200223
0.473373
-0.391850
-0.086422
-0.087887
0.490608
0.165815
0.233201
-0.878701
-0.023960
-0.035195
-0.277107
-0.136148
-0.404257
0.065674
0.236577
-0.554975
-0.239496
-0.171159
-0.470626
-0.364570
-0.016515
-0.069398
-0.201460
-0.352275
0.206249
-0.393739
0.288510
0.050588
0.211123
0.220748
0.654806
0.035442
-0.152650
0.226830
0.056438
0.205097
0.201849
-0.157507
-0.536083
-0.458742
0.087697
-0.031348
-0.340587
0.046798
0.310231
-0.334427
0.050557
-0.593991
-0.008097
0.117171
0.115506
0.161656
-0.585100
-0.623020
-0.326405
0.036909
-0.268679
-0.317923
-0.655890
-0.080465
0.222311
0.041957
-0.349174
0.122503
-0.360215
0.404742
0.030824
-0.159665
-0.193403
-0.201077
-0.071384
0.039101
-0.189538
0.007723
0.207592
0.168723
0.345004
-0.232359
-0.258320
0.131758
0.320518
-0.516650
-0.019621
0.264330
-0.150558
-0.189292
0.287450
0.101677
-0.615055
-0.147350
0.254158
-0.006272
0.071617
-0.046064
-0.156922
0.025750
-0.253920
0.252269
-0.272973
-0.285764
-0.365162
-0.197931
0.265016
0.137172
-0.145651
-0.464305
-0.293421
-0.092827
-0.028535
-0.162828
0.231796
0.185650
-0.177044
0.143849
-0.134627
0.053523
0.303156
-0.055119
-0.040953
-0.154668
-0.027645
-0.509096
0.209516
-0.176390
0.212885
-0.174353
-0.196878
-0.013295
0.479269
-0.267308
-0.075001
0.586173
-0.287049
-0.436200
-0.113210
-0.208684
-0.170274
0.005700
0.062125
0.366847
-0.095111
0.385832
-0.171629
-0.314986
0.179864
-0.242356
-0.208345
0.051950
-0.651480
0.187357
0.146053
-0.741896
-0.050275
-0.462510
0.192506
0.018147
-0.344330
-0.136141
0.130720
0.060894
-0.486085
0.070459
0.029035
-0.222897
-0.022662
0.053329
-0.157847
0.022216
-0.053958
0.013419
0.274982
-0.076255
0.493296
0.353792
-0.212433
-0.845032
0.077260
0.417774
0.089201
-0.124311
-0.034598
-0.196925
-0.057228
0.163833
-0.406744
-0.085694
-0.349548
-0.073025
-0.220045
0.239196
-0.258345
-0.495046
-0.294573
-0.051900
0.019801
-0.424136
0.099659
-0.622899
-0.010819
-0.366117
0.229473
0.134368
0.240609
0.128157
0.185720
-0.079130
0.255179
0.007081
0.087710
0.267567
-0.079827
0.365663
-0.479213
-0.501038
-0.118983
-0.070969
-0.364598
0.176038
0.200118
-0.427349
-0.006301
-0.563071
-0.090170
0.103674
-0.022987
0.058403
-0.280858
0.397709
-0.496453
-0.076097
-0.077262
0.053791
-0.028717
0.125245
0.038765
0.482548
0.203606
0.093983
-0.284841
-0.171494
-0.135010
-0.453874
0.187921
-0.323999
-0.469518
-0.031944
0.006138
-0.197203
-0.110752
0.298626
-0.491677
0.487332
-0.102645
-0.003633
-0.053532
-0.335399
-0.514385
-0.214210
-0.140681
-0.329480
-0.135817
-0.413700
-0.196474
0.433795
-0.053365
0.191038
-0.011311
0.243630
-0.203025
-0.489305
-0.235643
-0.137779
-0.320593
-0.011791
-0.232292
-0.079816
-0.420974
-0.087743
0.191091
0.514675
-0.345706
-0.050114
0.062061
0.007962
-0.291462
-0.427781
-0.313920
-0.215562
-0.169450
-0.050407
-0.364174
0.010720
-0.301509
0.063956
-0.122982
0.273088
0.262900
-0.044039
-0.077948
0.120307
0.486669
-0.271216
0.046232
0.194434
-0.136728
-0.374848
0.081593
-0.043462
0.355207
0.456613
-0.242395
-0.364226
-0.084505
-0.527596
-0.132785
-0.222821
-0.276545
-0.135483
-0.035527
-0.213342
0.195131
0.127135
-0.031012
0.110990
0.166765
-0.187208
-0.314071
0.102580
-0.284284
0.157614
0.318117
-0.457130
-0.032516
0.311487
-0.579360
-0.404373
0.627718
-0.005109
0.032219
-0.086150
-0.181103
0.130314
0.210293
-0.241248
0.040660
-0.148925
-0.056023
-0.524613
-0.097944
0.044172
-0.092051
-0.164620
0.108211
-0.236098
-0.016222
-0.104758
-0.014182
-0.195586
-0.212532
-0.141153
0.302249
0.163773
0.051291
0.397531
0.186770
0.110130
-0.130901
0.253662
-0.246202
-0.369258
-0.318880
0.103723
-0.363615
0.107970
-0.105603
-0.089382
-0.148656
-0.163294
0.257766
-0.507484
0.217382
-0.503235
-0.023394
-0.313761
-0.288112
0.403385
-0.313880
0.243567
0.076118
-0.189085
-0.201737
-0.481044
0.161006
0.100844
-0.014462
-0.012345
0.091379
-0.517685
0.128552
0.083309
-0.018180
-0.093831
-0.629298
-0.284870
-0.692253
0.357934
0.225582
0.112767
0.240175
-0.386756
-0.162668
-0.355927
0.220256
0.019939
0.271522
-0.232553
-0.072599
-0.350615
0.091801
-0.204819
-0.405451
0.186889
-0.284931
0.069192
-0.447057
0.016718
-0.037853
0.232225
-0.539434
0.341955
-0.403862
-0.206449
0.034074
0.034167
-0.272730
-0.383322
-0.314399
-0.187058
-0.233460
-0.116328
-0.090125
0.252480
-0.648976
-0.286588
-0.137373
-0.092635
0.061691
0.062413
-0.427741
-0.660393
-0.163687
-0.091244
0.435308
-0.225988
-0.122464
-0.068059
0.085417
0.034159
-0.524806
0.095179
-0.202449
0.222562
-0.107327
-0.364261
0.278844
-0.278824
-0.106149
-0.110702
0.093662
-0.194940
0.336515
0.076497
0.117851
0.355656
-0.149317
-0.268115
-0.219267
0.095375
-0.449993
-0.577179
0.164738
0.447342
-0.213107
0.007954
-0.515073
-0.015527
0.278297
-0.366962
-0.053477
0.120681
0.108203
-0.475574
0.044176
-0.312744
-0.357530
-0.122677
0.141317
0.170576
-0.358337
-0.289898
-0.087859
-0.282391
0.262971
-0.130562
-0.303229
-0.369510
-0.058475
-0.449313
-0.283695
-0.351872
-0.050579
-0.288302
-0.364762
-0.055074
0.089689
-0.368637
-0.119850
0.275650
-0.149273
0.128280
-0.239027
0.103976
-0.564422
-0.202196
0.104545
-0.079987
-0.332926
-0.385361
-0.066236
-0.122602
-0.403597
-0.037228
0.420590
-0.067790
-0.412060
-0.137997
-0.248837
-0.113101
0.349254
-0.068463
-0.237306
0.016002
0.028422
-0.228580
0.133488
0.001968
0.106362
-0.189860
-0.352832
0.324006
-0.463662
-0.408474
0.261581
0.118467
-0.789001
-0.109569
-0.033731
0.306983
-0.093168
-0.031868
-0.372842
-0.224880
-0.112216
-0.236215
0.322186
0.088944
-0.177411
-0.190072
-0.531488
-0.047726
0.288003
-0.068494
-0.027955
0.347752
0.036989
-0.062144
0.172957
-0.112215
0.016405
-0.509341
-0.241757
0.169046
0.027076
-0.053020
-0.183141
0.327349
0.215240
0.171835
-0.274977
0.208497
0.087035
-0.128351
0.403307
-0.101072
-0.500581
-0.464133
-0.045200
0.155016
-0.388577
-0.057347
-0.428903
-0.279811
0.400719
-0.004433
0.021472
0.197718
0.359077
0.024550
-0.130932
0.027241
-0.284128
-0.120988
-0.386191
-0.274783
-0.154561
0.049673
0.038247
0.181082
-0.314374
-0.327410
0.172950
0.193193
-0.231115
-0.480341
0.290883
-0.632078
-0.777057
-0.031490
-0.584403
0.413066
0.297635
0.127871
-0.274404
0.127762
-0.195606
0.481201
-0.245964
-0.244045
-0.147354
-0.178322
0.167818
-0.147463
0.119764
-0.294886
0.043072
0.312275
0.270867
-0.088588
-0.552405
0.261816
-0.353669
-0.093115
0.013585
-0.095229
0.159742
-0.318031
-0.423606
0.162263
0.164735
-0.121551
-0.513266
-0.290727
-0.135592
0.301554
0.232502
-0.489094
0.172983
-0.151712
-0.069640
-0.135417
-0.409306
-0.129705
-0.147116
0.003886
0.100455
0.031850
0.088476
0.339466
-0.527250
-0.277565
-0.092475
0.031977
-0.303821
-0.037922
0.128173
0.417511
-0.154511
0.056039
-0.239961
0.001831
-0.182530
0.313878
0.005729
0.291975
0.068048
0.272156
-0.612348
-0.086635
-0.029633
0.150020
0.074481
0.294801
-0.146172
0.011943
-0.010705
0.118924
0.216801
0.563257
0.050286
0.440193
-0.238173
-0.041893
-0.039444
0.332160
-0.112740
-0.194422
-0.400834
-0.100723
0.117583
0.216551
-0.078812
0.089324
-0.387540
-0.344967
-0.118101
-0.012715
-0.002042
0.170659
-0.327484
0.093714
-0.335217
-0.276885
-0.025012
-0.064972
-0.247409
-0.050809
-0.507398
0.439818
0.078192
-0.235517
-0.523954
-0.162372
0.027437
0.197879
0.382545
-0.000563
-0.255379
0.120850
0.219895
0.236231
-0.212735
-0.041236
-0.066390
-0.309834
0.405215
0.190393
-0.002547
-0.219285
-0.172843
-0.034958
0.285414
-0.167129
-0.416035
-0.057595
-0.280411
0.481258
-0.266178
-0.194974
0.275227
0.359391
0.101351
-0.464570
-0.239773
0.007333
0.095325
-0.109020
-0.013688
-0.449445
-0.127270
-0.313256
0.294781
-0.060863
-0.122383
-0.193178
-0.146981
0.051286
-0.351246
-0.408643
-0.360534
0.370932
-0.238910
-0.108417
0.182667
-0.294115
0.122797
-0.216127
0.126298
0.004574
0.058894
0.064549
0.134621
-0.026037
-0.051974
-0.016933
0.302533
-0.285738
-0.174720
0.051354
0.022437
0.225810
-0.548641
0.163435
-0.508192
0.417622
-0.092427
0.032396
0.300486
-0.118528
-0.214892
-0.161638
-0.147838
0.106503
0.021636
-0.694368
0.064625
-0.220672
0.426535
-0.026366
0.442785
0.176043
0.124781
0.363975
-0.145930
0.435281
-0.365568
0.217329
0.321057
-0.187640
-0.199972
0.121679
0.010260
-0.216050
-0.036867
-0.118629
-0.063772
0.227703
0.117366
-0.272750
0.100332
0.200401
0.144738
-0.027199
-0.126385
0.264269
0.119630
-0.273218
0.114930
0.007469
-0.141463
-0.346240
0.492162
-0.306708
-0.229737
-0.713267
-0.170296
-0.139472
0.138415
0.035767
-0.046143
-0.098289
0.303019
-0.067034
-0.069412
-0.333764
0.103480
0.109644
-0.092914
0.011134
-0.250562
-0.162589
0.631192
-0.282483
0.219713
-0.181590
0.042825
0.063601
-0.046758
0.036550
0.129596
0.343195
-0.460728
-0.001264
-0.179847
0.143219
-0.193159
-0.006139
-0.256753
0.314649
-0.241660
-0.091015
-0.341841
-0.125008
0.375523
-0.458906
0.318041
0.391189
-0.006242
-0.135561
0.055342
0.460975
-0.200951
0.106427
-0.307959
0.239623
0.152977
-0.472502
-0.469777
-0.124438
-0.000340
-0.059536
-0.062231
-0.041955
0.094286
-0.051100
-0.022559
-0.203887
-0.116320
-0.335623
-0.008047
-0.433325
0.147453
0.262458
0.127744
-0.275089
0.383900
0.331701
0.241518
-0.169029
0.077712
0.102517
0.030831
-0.193968
-0.057602
0.169621
-0.056832
-0.154389
-0.062370
0.323779
-0.336399
0.138803
-0.124721
0.108965
-0.425641
-0.216736
-0.392552
0.377758
-0.543148
-0.423939
-0.334061
0.183817
0.110236
-0.181873
-0.045500
0.234781
-0.403840
-0.063319
-0.166877
0.012826
-0.184643
0.100423
0.369550
0.252706
-0.054549
0.092940
-0.269529
-0.382117
-0.520200
0.157565
-0.279950
-0.032917
-0.096944
0.370685
-0.295926
0.032275
-0.269184
-0.090959
0.180874
-0.206622
-0.071083
0.075146
0.159584
-0.264690
-0.264950
-0.709698
-0.075599
-0.093326
0.307483
-0.040663
-0.107050
0.240242
-0.180231
-0.239598
-0.065705
-0.088187
-0.209098
-0.119131
-0.138360
-0.101359
0.102001
0.317016
-0.037430
0.433118
-0.291914
0.014334
-0.343065
0.176890
0.198077
0.124521
0.099286
0.002308
-0.147391
-0.153933
-0.038707
-0.015492
-0.448246
0.018874
0.097747
-0.244045
-0.197476
-0.102808
-0.231238
-0.102494
0.092170
-0.216499
-0.126444
-0.241751
-0.376792
0.127371
0.268000
0.398763
0.112343
-0.559909
-0.226839
0.017104
-0.083604
-0.361077
0.413665
0.502998
-0.085230
-0.071454
0.638376
0.109551
-0.114181
-0.051656
0.133259
0.127058
-0.025923
-0.188143
0.057021
0.312396
-0.308397
-0.121098
0.190330
-0.198849
-0.416372
0.641699
0.284188
-0.059478
0.071357
-0.417718
0.071883
0.340518
0.234092
-0.495526
0.093402
-0.082696
0.102412
-0.001700
-0.061823
0.257055
-0.167814
-0.518607
-0.205149
-0.373906
0.139699
-0.197462
-0.175833
0.073544
-0.008156
0.318755
-0.212570
-0.222022
0.112457
-0.082003
-0.174770
0.019305
-0.149938
-0.365012
0.191882
-0.179024
-0.107177
-0.524253
0.347221
0.781178
0.194303
-0.185407
-0.066622
-0.231032
-0.135005
0.385661
0.234618
0.131361
0.132734
0.097871
0.180433
-0.302143
0.192102
-0.188052
-0.294136
-0.056354
0.276327
0.224556
-0.311119
-0.184341
0.081662
0.236816
0.045330
0.111551
-0.174863
0.000662
-0.239513
0.084242
-0.164523
0.208068
0.112853
0.141709
0.080256
0.139815
-0.228060
-0.754521
0.204057
0.463762
0.459039
-0.076110
-0.085744
0.085921
-0.193242
0.210635
-0.036149
0.617088
-0.485461
-0.262541
-0.045264
0.119031
0.031442
-0.131513
-0.605456
-0.575842
-0.139519
-0.547402
-0.159830
-0.475944
-0.219992
-0.083579
0.104203
-0.573658
-0.408447
-0.415087
0.235095
0.177714
-0.141542
-0.372390
-0.035434
-0.142458
-0.135050
-0.285373
0.324110
0.181760
0.159835
-0.273247
0.171485
-0.007180
-0.016797
0.172893
0.428388
-0.275781
-0.274314
-0.411717
-0.055103
-0.091495
-0.037370
0.312214
0.225152
-0.358684
-0.047764
-0.393101
-0.051387
0.336676
-0.023225
-0.323776
-0.271311
0.028346
-0.216839
-0.129025
-0.066410
-0.401195
-0.502791
-0.358478
0.327633
-0.277032
0.103528
0.245191
0.443476
-0.157430
-0.259761
-0.387063
-0.276692
-0.120169
0.095817
0.238603
0.653873
0.134129
-0.142292
0.107645
0.216350
0.070649
0.490769
0.322564
0.207662
-0.259430
0.269438
-0.029004
0.015786
-0.133834
-0.130218
-0.130657
-0.293920
0.171365
0.014391
0.458461
0.309562
-0.092254
-0.383155
0.012662
0.293859
0.283800
0.161900
0.195694
-0.316978
0.192686
0.050497
-0.232467
-0.227507
-0.094427
-0.384445
-0.272422
0.024858
-0.317603
-0.214298
-0.087333
-0.161216
-0.087821
-0.131770
0.098617
0.330762
-0.594344
0.085041
0.155878
0.678128
0.252907
0.055157
-0.372545
0.285618
-0.358916
0.365334
-0.008339
-0.133914
0.351987
0.433984
-0.578675
-0.004713
0.032695
0.047595
0.034266
-0.357355
-0.036073
-0.370531
-0.251605
-0.065639
0.186586
-0.007319
-0.497078
0.046401
-0.241640
-0.312214
0.075062
-0.291328
0.208919
0.048367
-0.803665
0.198193
-0.095408
-0.262373
0.454597
-0.326943
-0.292032
0.355541
0.074641
-0.049659
-0.100513
0.338568
-0.401705
-0.113699
0.166232
-0.229698
-0.177644
0.120064
0.247972
-0.681264
0.301357
0.221216
-0.416216
-0.253037
0.200884
0.375886
-0.247011
-0.065420
-0.461965
0.117427
-0.146270
0.125170
-0.124694
0.065669
-0.098220
-0.033100
-0.536331
-0.185660
-0.467344
0.051087
-0.168971
-0.158731
-0.335169
-0.284902
-0.402407
-0.375448
0.184232
-0.750229
0.137259
-0.189219
-0.241032
0.100686
-0.336854
-0.329211
-0.046388
-0.232625
0.121129
-0.168694
0.000837
-0.377123
0.117546
0.109753
-0.217926
0.489824
-0.134659
-0.052390
-0.030272
0.239836
0.276101
-0.559153
0.044443
-0.491431
0.003239
-0.530499
-0.589330
-0.159137
0.134110
0.085378
0.622071
-0.193791
0.289490
-0.772840
0.445851
-0.167857
-0.088189
-0.397499
-0.337780
0.452544
-0.298320
-0.093955
-0.151226
-0.401280
0.185800
-0.004860
-0.284223
-0.146264
-0.084358
-0.157973
-0.141445
-0.176024
0.388855
-0.215949
0.126646
0.308501
-0.029497
-0.184643
-0.020556
-0.184532
0.145317
0.374431
-0.363095
-0.214661
0.163186
-0.200386
0.065139
-0.678355
0.109064
0.123839
0.119203
0.052185
-0.061897
-0.109651
0.342381
-0.314820
-0.262812
0.125813
-0.335571
0.489176
0.058476
0.021243
-0.000843
-0.070200
-0.374941
-0.413476
-0.002529
-0.081747
-0.283833
-0.498814
-0.326165
-0.136943
0.031533
0.199994
-0.079114
-0.000732
-0.071109
0.062634
-0.277366
-0.037162
-0.036729
0.206328
0.174451
0.235758
0.013770
0.329322
0.210739
0.108619
-0.177470
0.221212
0.096635
0.048663
0.217097
-0.224036
-0.481526
-0.093683
-0.342365
-0.307914
-0.333248
-0.401543
-0.275513
0.199703
0.173908
0.553201
0.145323
-0.005713
0.022676
-0.434390
0.544300
-0.594362
0.167881
-0.591214
0.436248
0.113804
0.202397
-0.117267
0.024749
-0.035696
-0.272900
-0.290418
0.094983
0.096177
0.231295
-0.591353
-0.191369
0.088025
-0.124315
-0.171232
0.229321
-0.240898
0.076055
0.096271
-0.617401
0.285681
-0.112176
-0.038577
-0.109634
0.388152
0.061077
-0.410862
-0.330302
-0.085181
-0.022744
-0.290028
0.008618
0.159741
0.047849
-0.049295
-0.310710
-0.548382
0.042308
-0.391903
0.147603
0.069787
-0.192171
0.634643
0.577639
0.301391
0.242425
-0.495078
-0.619658
-0.048751
-0.145155
0.178253
0.223235
-0.094778
0.725275
-0.326110
0.280692
-0.272099
0.502412
-0.425109
-0.007549
0.221216
-0.266534
-0.039807
0.132583
0.242816
-0.462441
-0.513901
-0.351313
-0.705006
-0.534864
0.322688
-0.447369
0.002970
0.256597
-0.060729
0.014246
0.474973
0.050856
-0.003514
-0.393510
-0.819025
-0.348934
-0.201149
0.005067
0.059477
0.209298
0.169734
-0.036613
-0.381545
-0.496781
-0.023207
0.263796
-0.506620
-0.229781
-0.224716
0.433744
0.011860
0.246484
0.338808
-0.580486
-0.261114
0.174739
-0.309911
-0.495663
-0.100689
0.089752
-0.016431
-0.310246
-0.136201
0.477676
0.057823
-0.282462
0.436106
0.225691
-0.111966
-0.271022
-0.027567
0.648949
0.171504
-0.493683
-0.370796
-0.025507
-0.779505
0.053129
-0.158591
-0.040678
-0.314082
0.012397
0.343474
0.169578
0.138669
-0.209760
-0.271673
-0.155105
0.148978
0.043455
0.111455
-0.401265
-0.252788
0.059213
0.035550
0.096638
0.048274
0.436586
-0.172732
0.134933
0.188732
-0.005620
0.047545
-0.005596
-0.215267
0.109118
0.012342
-0.233093
-0.308540
0.257687
0.458929
0.260462
-0.154118
0.128564
0.206771
-0.172406
0.134272
0.032184
-0.365420
0.132753
0.340908
-0.010630
0.206420
-0.451801
0.140382
0.170219
-0.318488
-0.305102
-0.625868
-0.528668
0.002569
-0.121322
0.143500
0.204753
-0.520815
-0.135697
-0.012380
-0.312503
0.243001
-0.163711
0.097830
-0.290060
-0.438612
0.116498
-0.406258
-0.241525
0.017945
-0.219912
0.459130
0.032575
0.518424
-0.201025
-0.316360
-0.294823
-0.013806
-0.086026
-0.151663
0.056816
-0.319488
-0.611905
-0.269120
-0.513329
-0.526296
-0.294187
0.124118
-0.087579
-0.070798
-0.207969
-0.201839
0.331249
-0.081206
-0.106529
-0.493286
0.013277
0.249660
0.096047
-0.211305
0.186491
-0.170369
0.063507
-0.353228
-0.658248
-0.221580
-0.403687
0.434119
-0.068058
0.079699
0.403855
0.421492
-0.146370
-0.230112
0.256903
-0.428024
0.274878
-0.122070
-0.037993
0.033581
0.036672
0.003660
0.106932
-0.150726
-0.128164
-0.068975
0.051333
-0.113183
-0.147716
-0.446147
-0.234416
-0.506634
-0.146396
0.030889
-0.531067
-0.142591
0.385244
-0.344835
-0.041250
-0.019684
-0.264313
0.047070
0.229599
-0.625727
-0.527501
0.031425
0.159842
0.093317
-0.112679
-0.039160
0.111919
-0.109525
0.229049
-0.089322
-0.160794
0.168371
-0.064592
-0.261793
-0.348351
-0.001560
-0.029047
0.051698
0.266939
0.282562
0.098591
-0.214952
0.590474
0.323136
-0.482571
-0.553080
-0.654014
-0.077702
0.163002
-0.188934
-0.066616
0.328582
-0.133002
0.029630
0.203815
-0.448288
-0.345474
0.274728
0.316332
-0.003367
0.033004
-0.119021
-0.444120
0.151863
0.082033
-0.426239
-0.106084
0.330152
-0.349188
0.000795
0.289302
0.426547
-0.127614
0.155656
-0.141607
-0.244830
-0.117997
0.308511
0.205073
0.321445
0.208001
-0.100547
0.332743
0.189273
0.434397
0.032875
-0.037331
-0.546497
-0.550150
-0.264843
0.101891
-0.094853
0.190866
-0.158722
-0.568562
0.198788
-0.029594
-0.381979
-0.047642
-0.007649
-0.053781
0.125014
0.037611
0.142297
-0.072204
0.215707
-0.049822
-0.525051
-0.375527
-0.111902
0.048908
-0.060506
-0.207634
0.224496
0.091957
-0.226796
-0.367347
-0.217649
0.244052
0.017215
-0.196045
0.081448
-0.129499
0.304335
-0.287991
-0.494246
0.089048
-0.082197
-0.597988
0.027234
0.096323
0.132917
-0.095680
0.054012
-0.411374
-0.010181
0.354298
0.018733
-0.110311
-0.143028
-0.263836
-0.287951
0.209899
-0.395682
0.026723
0.232329
-0.318184
-0.330651
0.010910
-0.412159
-0.012304
-0.044408
-0.144949
0.298326
-0.145613
-0.161670
-0.351132
-0.475300
-0.286251
0.129087
0.209902
0.155070
0.013126
-0.439827
-0.309653
-0.272914
-0.432090
-0.179696
-0.115568
-0.383074
0.112291
0.190475
0.240388
-0.071071
-0.588370
0.051914
0.174021
0.220382
0.274632
0.453862
0.223040
0.035302
-0.076071
-0.146295
0.648200
0.380325
0.111156
-0.285437
-0.455010
-0.082530
-0.161802
-0.284177
0.303422
0.160659
-0.375533
0.635337
-0.299892
-0.409430
0.227105
-0.020450
-0.127261
0.052790
0.172411
-0.481615
0.177136
-0.327333
-0.221979
-0.224297
-0.001230
-0.173855
-0.145757
0.099003
-0.544549
0.045793
-0.060383
-0.141225
-0.367821
-0.156457
0.268555
0.279690
-0.215266
-0.029373
-0.152539
0.206583
0.279609
-0.199648
-0.256888
0.109804
-0.491815
0.014641
0.123500
-0.431160
-0.283700
-0.217951
0.044192
-0.069078
-0.025425
-0.142335
-0.603586
-0.036679
0.173841
0.095661
-0.287850
0.045463
0.055102
-0.173353
0.206337
-0.469558
-0.032703
0.088716
-0.320932
-0.011095
-0.239636
-0.223840
-0.017377
-0.505957
-0.261252
0.106146
-0.007090
-0.171523
-0.274611
-0.184991
0.212807
-0.308222
-0.435872
0.722932
-0.208145
0.289736
-0.292022
-0.069812
0.028289
0.020737
-0.126949
-0.082473
0.100879
-0.211982
-0.412498
-0.003249
0.548479
0.253712
0.188523
-0.213652
0.251685
-0.352474
0.394236
-0.000966
0.008839
0.425553
-0.063704
-0.279277
0.142476
-0.111248
0.289885
-0.272443
0.183739
-0.097057
0.400424
-0.319016
0.061387
-0.248309
-0.285115
-0.244731
0.399144
0.056731
0.268856
-0.680922
-0.279129
0.057605
-0.232988
0.277604
0.360090
-0.651495
-0.150947
-0.265157
-0.291882
-0.081587
-0.068442
-0.227174
-0.090968
0.062319
-0.173252
-0.035445
0.169150
-0.020414
-0.304826
0.093428
-0.403359
0.008827
-0.069861
-0.021748
0.208751
-0.007265
-0.834407
0.678337
-0.287336
0.115701
0.311023
-0.068545
-0.069548
0.262961
0.192188
0.087022
-0.381166
-0.135685
0.212893
0.249573
-0.236212
0.203844
-0.136426
-0.209534
-0.557211
0.039811
0.476618
-0.277828
0.428311
0.085229
-0.227089
-0.027640
0.069267
-0.157936
-0.229616
-0.203417
-0.635775
0.073467
0.018180
0.336634
0.483138
-0.420108
-0.195255
0.075476
-0.024046
0.238258
-0.155052
0.220546
0.032086
0.494671
0.127470
0.193972
-0.039365
0.276434
-0.282093
0.196623
-0.317463
-0.216399
-0.794367
-0.210467
-0.185388
-0.107341
-0.247351
0.269278
-0.100960
0.609254
-0.026966
0.202419
0.100691
0.165308
0.079443
0.051336
-0.478327
0.049524
-0.213358
0.308845
-0.196641
-0.322377
-0.240433
-0.170907
0.175618
0.305926
0.011669
-0.332914
-0.316016
-0.250190
-0.441243
-0.202466
-0.309410
0.044533
-0.215602
0.391885
-0.024876
-0.036986
-0.123473
0.173751
-0.117136
-0.719663
-0.139639
-0.175370
-0.561411
-0.168978
-0.482120
0.137586
-0.177475
-0.362406
0.551263
0.001438
0.005523
-0.086534
0.308493
0.042706
-0.008178
-0.266498
-0.374570
-0.032362
-0.275550
-0.102347
-0.194882
0.035089
-0.348379
0.006911
-0.309956
-0.129801
-0.331235
-0.041745
-0.316725
0.131733
-0.195388
0.558315
-0.005665
0.136463
-0.663111
-0.391833
0.027224
0.034557
-0.327584
0.048450
0.207688
-0.269755
-0.260574
0.093030
-0.117413
-0.060754
-0.153358
0.662581
0.066051
-0.256309
-0.574960
0.140523
-0.219591
-0.692748
0.174299
-0.234649
-0.368463
-0.207005
-0.046754
0.287151
-0.167952
0.064378
0.089026
-0.164910
-0.299586
-0.434348
-0.184690
0.008546
-0.077348
-0.008869
-0.304029
-0.435238
-0.169929
0.734886
0.102628
0.295257
0.544430
-0.176507
-0.001001
0.272487
-0.583920
0.645229
-0.734803
-0.346289
-0.381454
-0.099031
0.081424
0.155718
-0.201710
-0.284313
0.101699
-0.445310
0.013922
-0.282181
0.285596
-0.236700
0.031068
-0.060166
-0.281813
-0.370756
-0.750028
-0.029827
-0.077272
-0.079150
-0.074435
-0.261605
-0.183479
0.046369
-0.031430
-0.284269
-0.373761
-0.446115
-0.051561
-0.443427
0.338420
0.241724
-0.286910
-0.002118
-0.043728
0.096090
0.342123
0.194127
0.119651
-0.233951
0.092343
-0.061795
-0.101890
-0.090801
-0.790157
0.032613
-0.678501
-0.095582
0.078779
-0.706866
-0.129444
-0.026431
-0.106682
-0.492814
-0.392033
-0.247785
0.466492
0.008222
-0.085948
-0.304082
-0.346125
-0.090741
-0.186665
0.053762
-0.068834
-0.352062
-0.477278
-0.666165
0.341960
0.006961
-0.020646
-0.401209
0.292683
0.003949
-0.076997
-0.018698
-0.151816
0.202351
-0.061285
-0.132073
-0.246581
-0.091591
0.060899
0.396139
-0.113271
0.398569
0.029781
-0.030900
-0.316235
-0.407881
-0.101499
-0.402052
-0.329356
-0.298298
-0.004361
0.093660
-0.342394
0.283510
-0.191235
-0.444714
0.053015
-0.058511
-0.133162
0.313223
-0.132145
0.274123
0.293181
-0.049427
-0.471316
0.009470
-0.031371
0.172144
-0.150137
-0.164484
-0.347586
0.324753
0.029818
-0.351234
-0.019902
0.086987
-0.370832
-0.206853
0.248144
0.085956
0.191530
-0.103687
-0.139847
0.194090
-0.140380
-0.411105
0.001972
0.124607
-0.143522
-0.562530
0.133911
-0.450579
-0.195603
-0.620410
0.422117
-0.117690
-0.400775
0.135898
-0.184766
-0.044569
0.075508
0.006094
-0.046740
-0.158962
-0.382797
-0.049360
-0.148637
0.060482
-0.058815
0.172312
-0.022822
-0.448996
0.012945
-0.029487
-0.334599
0.016939
0.186930
-0.421671
0.065071
0.087925
-0.219948
0.101916
-0.079555
-0.328347
0.196638
0.046527
0.001641
0.147919
-0.337651
-0.111930
-0.502052
0.512448
0.416951
-0.329032
0.681016
-0.309682
0.033412
0.151567
-0.111099
0.120951
-0.281961
0.274576
-0.361542
-0.264210
0.053045
-0.460446
0.226848
-0.012915
0.061059
-0.016861
0.106077
-0.669740
-0.225022
-0.153282
-0.068765
-0.509580
-0.035758
0.052829
0.022000
-0.314645
-0.062612
0.041130
-0.220810
0.716642
0.177163
-0.195806
0.531196
-0.226140
-0.100238
-0.395256
0.479477
-0.020141
0.136087
-0.163833
-0.091773
0.361214
0.015913
-0.123862
-0.312196
-0.188936
-0.100014
-0.138412
-0.284900
-0.237887
0.536319
0.160793
-0.112007
-0.047167
-0.121471
-0.268991
-0.621000
0.124593
0.179013
0.450850
0.284120
0.477147
0.051182
0.215095
-0.062044
0.012121
0.237333
-0.522801
-0.249141
-0.381756
-0.237348
0.101978
-0.579497
0.003823
-0.288504
-0.337501
-0.333367
-0.145812
0.217267
0.117277
-0.168809
-0.133536
-0.515867
-0.316181
0.087965
0.137728
-0.541051
-0.361468
0.093267
-0.034276
-0.786898
-0.126919
0.292944
0.365138
0.140189
-0.286207
0.335941
0.253198
0.127079
-0.228163
-0.115128
-0.222909
-0.068669
0.042079
-0.235233
0.327513
0.182670
-0.031025
-0.365290
0.303641
0.140577
0.152231
0.172938
-0.123363
-0.468635
-0.232672
-0.264149
0.351602
-0.209522
-0.384666
-0.271388
0.002340
-0.148298
-0.394231
-0.137538
-0.205359
0.193478
-0.450186
-0.182922
-0.300426
-0.061499
-0.018636
-0.079903
-0.402447
0.096159
0.251329
0.152304
-0.574818
-0.122482
0.063504
0.031632
-0.406794
-0.578345
-0.197893
0.129408
0.180860
0.292605
-0.150331
0.040927
-0.011371
0.156157
-0.173341
0.465177
-0.085396
-0.329386
-0.070560
0.400861
-0.023669
-0.184063
-0.110831
-0.104748
0.023657
-0.159039
-0.416299
0.396053
-0.251129
-0.164810
0.143214
-0.099702
0.367304
0.044108
0.025271
0.317112
0.001974
0.084972
0.000721
0.052223
-0.327991
-0.446301
0.154654
0.190519
0.095339
0.249341
-0.180074
-0.373207
-0.257835
0.333789
0.111258
-0.348618
-0.315721
-0.099535
-0.520710
-0.428118
-0.024962
-0.209725
-0.435815
0.170321
-0.030033
0.198359
-0.359263
-0.029661
-0.521163
0.141520
-0.006261
-0.335466
-0.294972
-0.180640
-0.438611
0.107896
-0.277990
-0.112003
-0.531597
-0.420842
-0.417342
-0.126130
0.037929
-0.065552
-0.254416
-0.120380
-0.550590
-0.489904
-0.262713
-0.326369
-0.171685
-0.032626
0.006166
0.243966
0.434274
-0.029003
-0.023101
-0.265260
-0.276200
-0.180472
-0.021963
0.043945
-0.424927
-0.166797
-0.408689
-0.698691
-0.247640
-0.306853
-0.406965
-0.362054
-0.087899
-0.223889
-0.055035
0.131692
0.144732
-0.152813
0.064327
-0.174157
-0.571424
-0.247204
0.105030
-0.202159
0.046873
0.385332
-0.198372
-0.202298
-0.383383
-0.067462
-0.159203
-0.408674
-0.237766
-0.147627
-0.237844
0.097355
0.338736
0.238252
-0.068685
-0.366444
0.032033
-0.054725
0.119113
0.238382
-0.538669
-0.439945
-0.151450
-0.289686
0.144657
0.182669
-0.029983
0.191950
0.163200
0.096758
-0.299827
-0.699399
0.473468
0.388915
-0.659174
0.267411
-0.025302
-0.060669
-0.308089
-0.162288
-0.073807
-0.502469
-0.270695
0.093699
-0.268754
-0.165760
0.027990
0.259475
0.018626
0.410258
-0.147078
0.010820
-0.233669
-0.440165
-0.057317
0.014052
-0.001107
-0.360685
-0.052328
-0.154841
-0.015275
0.093572
-0.230990
0.186108
-0.022389
-0.480604
-0.208434
0.082653
-0.248695
0.420516
-0.210216
-0.554207
-0.179484
-0.039018
0.076397
0.126347
0.029798
-0.237228
-0.408092
-0.353179
-0.085935
0.015422
0.186725
-0.109400
0.341487
-0.031442
-0.553920
-0.075793
0.022201
0.093431
0.089970
-0.194894
0.224541
0.172665
0.251647
0.186074
-0.449040
0.164506
0.279787
0.262134
-0.096522
0.034670
-0.274268
-0.658664
-0.784056
0.048992
0.045479
0.078838
-0.553066
-0.001137
-0.032691
-0.073961
0.093295
0.309598
0.385728
-0.023177
-0.199552
-0.239796
-0.021160
0.086615
0.063284
0.283618
0.055166
0.193652
-0.139376
0.071772
-0.165842
-0.130847
0.095545
-0.111808
-0.038260
-0.107020
-0.350378
0.419085
-0.377744
-0.239175
-0.325700
-0.106625
-0.223895
-0.174350
0.040528
0.293609
-0.276958
-0.187410
-0.054504
-0.257467
-0.039342
0.110422
-0.573398
-0.317066
-0.132099
0.222553
-0.014691
-0.043277
-0.123533
-0.175970
-0.433280
0.192151
-0.314997
-0.645774
-0.141958
-0.280509
-0.281330
-0.051349
-0.274975
-0.020998
-0.214260
-0.185447
0.157139
-0.029079
0.004485
-0.045719
0.369151
0.199778
-0.017485
0.279007
-0.594646
-0.219452
0.104212
-0.259631
0.083458
-0.204245
-0.370972
-0.477992
-0.307362
0.094676
0.185844
-0.237749
0.116352
0.214903
-0.283176
0.333587
0.371203
-0.202516
-0.003918
-0.243987
-0.258538
-0.107240
0.184321
0.105958
0.252354
-0.151944
-0.424311
-0.054779
-0.086248
0.219601
0.074010
-0.087612
-0.167425
-0.198429
-0.186726
-0.219614
-0.051020
0.126522
-0.115945
-0.064622
0.123862
0.421018
-0.061239
0.370267
0.429619
-0.320430
0.001557
0.074717
-0.408464
0.081774
-0.269125
0.329635
0.094272
0.022716
0.237915
-0.127064
-0.123582
0.126747
-0.299296
0.355845
-0.005575
-0.365146
-0.650830
-0.406207
0.370441
-0.421992
-0.259931
0.036096
-0.390621
0.010871
-0.287971
-0.183225
-0.030890
0.043038
-0.524727
0.499589
0.062111
-0.113852
0.090230
-0.109059
-0.290717
0.251131
0.647079
-0.222370
-0.227269
-0.192396
0.001138
-0.066342
-0.332087
0.064939
0.079414
-0.268149
0.048840
0.051730
-0.425523
-0.224202
-0.163990
-0.057550
-0.283288
-0.279312
0.104077
0.064475
0.170598
0.063600
-0.042426
-0.251489
-0.016698
0.149210
-0.121849
0.105071
-0.582964
0.527686
-0.347152
-0.000235
-0.176363
-0.090844
0.150084
-0.232282
0.250359
0.109819
0.068476
-0.320678
-0.088948
-0.187263
0.243747
0.186294
-0.436506
-0.381595
0.487709
-0.251555
-0.463466
0.223488
0.140129
-0.202348
0.442258
0.101311
-0.498787
0.532904
0.041225
-0.124914
-0.034737
-0.253800
-0.211971
0.267592
-0.002933
0.446564
-0.073409
-0.204330
0.205252
0.358156
0.034276
-0.176675
-0.218270
-0.104276
0.114963
-0.340397
-0.128948
-0.171539
0.465453
-0.044657
0.198920
-0.268909
-0.472979
0.052630
0.215323
-0.351992
0.049890
-0.342590
0.034247
-0.260312
-0.073860
0.159417
-0.039643
-0.226593
0.186827
-0.179373
-0.290007
-0.321622
0.128562
-0.180423
-0.602814
-0.109423
0.090022
-0.107925
0.056026
-0.048332
-0.574075
-0.125188
-0.335130
0.120320
-0.203327
-0.342717
0.197749
0.070570
0.036509
0.027585
-0.171015
-0.191577
-0.088669
-0.763117
-0.366170
-0.422171
-0.159146
0.251040
-0.445073
-0.150098
-0.011814
-0.036545
-0.079660
-0.222932
0.070892
-0.409321
0.320419
-0.386989
-0.157735
-0.267664
-0.078203
-0.158803
-0.398427
-0.451850
-0.295804
0.084660
-0.413002
-0.328590
-0.351400
-0.649692
-0.167655
0.026679
0.266955
-0.277583
0.142256
0.200835
0.484466
-0.195346
0.051232
-0.175563
0.130305
-0.466252
-0.215314
0.563216
0.326542
-0.140692
-0.394479
0.204566
0.128665
0.032280
-0.293917
-0.113213
-0.201878
-0.076137
-0.197458
0.190144
0.153184
-0.225329
-0.102555
-0.154996
-0.271596
-0.509494
-0.011196
0.102348
0.292131
-0.150123
0.496165
0.172301
0.218403
-0.449660
0.125589
-0.072903
0.198516
0.210035
0.065646
-0.465375
-0.533556
-0.778468
-0.486785
-0.222190
-0.276518
0.131595
-0.201670
0.202458
-0.298007
-0.205339
-0.412780
-0.173344
-0.008745
0.129836
-0.645813
-0.657846
-0.202575
-0.495850
-0.391954
-0.378940
-0.466510
0.193846
-0.227202
0.145330
-0.078489
0.201569
-0.253354
-0.353680
0.259862
-0.385244
-0.222017
-0.256250
0.038166
-0.227976
0.288945
0.310815
-0.128761
-0.181347
0.358515
0.046425
-0.358338
-0.559190
0.030230
0.181076
0.453556
-0.371292
-0.626992
-0.207000
0.217368
0.035834
-0.094531
0.229610
-0.057040
0.344818
0.259582
-0.140607
0.027563
0.051215
-0.072071
-0.277643
-0.202342
-0.253995
-0.228744
-0.300628
-0.092867
-0.113592
0.429449
-0.363575
-0.067110
0.428462
0.174662
-0.484701
0.167698
0.189797
-0.048619
-0.184140
-0.057878
0.170695
-0.273451
-0.005997
0.222962
0.008115
0.118075
-0.117415
0.095664
0.278032
-0.286237
-0.181418
0.307066
-0.207421
-0.042451
-0.117657
0.130833
-0.239047
-0.043863
0.271134
-0.237172
-0.644533
-0.038367
-0.251890
-0.379336
-0.124118
0.010934
0.152326
-0.042530
0.467893
-0.122680
-0.434485
-0.815111
-0.195985
0.032065
0.068609
-0.316793
-0.264358
-0.070232
0.413161
-0.159577
-0.350118
0.078248
-0.266978
0.032228
0.245300
-0.146917
-0.487044
-0.276224
-0.484665
-0.168911
-0.215185
-0.038386
0.517568
-0.058087
-0.183678
-0.299312
-0.205770
-0.150447
-0.481653
-0.042896
-0.025393
-0.071051
0.161332
-0.317292
-0.207013
0.080115
-0.177782
-0.352319
0.125706
-0.268664
0.051033
0.116239
0.052525
0.224171
0.250907
-0.185202
0.115320
0.202302
0.084404
-0.283927
-0.441918
-0.055154
-0.329690
-0.324517
-0.342331
-0.357320
-0.189831
-0.055802
-0.367132
-0.038647
0.299432
0.033920
0.221385
0.121740
-0.254324
-0.231716
0.202061
-0.224972
0.118524
-0.009332
-0.321914
0.279499
-0.162317
-0.469610
-0.361424
0.118007
-0.109959
0.180276
0.248603
-0.182645
0.504151
-0.356224
-0.303165
0.123893
0.083438
-0.379702
0.134282
0.043239
-0.067743
0.299069
0.364378
-0.188995
0.423882
-0.068309
-0.500464
0.178371
-0.430502
-0.098771
-0.039037
-0.068040
-0.115711
0.504338
-0.054447
-0.173291
0.047328
0.120957
0.062353
0.182041
-0.061306
-0.222465
0.096863
0.085571
0.138999
-0.480061
0.082413
0.242444
-0.029169
-0.203560
-0.070656
-0.241643
-0.507111
-0.061723
0.103636
-0.191926
0.125676
-0.300326
-0.289134
0.111486
-0.125736
-0.277555
-0.010315
-0.122429
-0.140845
0.426194
-0.092686
-0.164917
0.251849
-0.305735
-0.266668
-0.139541
0.190672
0.049165
-0.356443
-0.237457
-0.041811
0.067317
-0.244681
-0.536697
-0.154527
-0.276579
0.449651
0.328531
0.399134
0.046897
-0.189528
0.178359
-0.168342
0.072200
0.345323
-0.026871
0.065677
-0.295825
-0.099037
-0.216437
0.156897
0.098060
-0.244405
-0.687308
-0.033629
-0.369303
-0.096992
0.213271
-0.276991
-0.546662
-0.133871
-0.296817
0.066812
0.286206
-0.128376
-0.158187
0.311510
-0.126965
0.029832
0.170930
0.310146
-0.359219
-0.440508
-0.246964
0.177012
0.145621
-0.113479
-0.094990
0.336521
0.186844
-0.389857
0.338979
0.372842
0.386967
-0.616882
0.107573
0.084806
-0.169302
-0.077995
-0.106563
-0.301094
0.166821
0.047237
0.110805
-0.631927
-0.299961
0.376572
-0.074600
-0.236063
0.000700
0.432273
-0.174164
-0.085527
0.065555
0.195385
0.092466
-0.473654
-0.271375
0.266268
-0.054135
-0.224386
-0.369300
-0.143436
-0.118325
0.039901
-0.033781
-0.032030
-0.231319
0.182276
-0.523567
0.186296
0.104195
-0.430879
-0.057577
-0.038473
-0.223727
-0.068283
-0.345989
0.074473
-0.285810
-0.393257
0.405740
0.428765
-0.418152
-0.070178
0.142305
-0.156518
0.369073
-0.139380
-0.088886
-0.257541
-0.141702
0.223969
0.033125
-0.039307
-0.679719
0.364358
-0.290888
-0.057191
0.275072
0.052887
0.073953
0.337857
0.370602
-0.096752
-0.511499
-0.091998
0.134410
-0.525344
-0.563251
0.421128
-0.313066
0.534062
0.261019
-0.298032
0.057633
0.058793
0.335914
-0.006815
0.157047
0.069165
0.041063
-0.358635
0.348349
0.415331
-0.488516
-0.508488
-0.384775
0.121605
-0.294490
0.077923
-0.197206
0.311681
0.061062
0.164495
-0.041458
-0.331049
0.182423
0.006974
-0.384937
-0.044061
-0.376806
-0.355193
-0.496314
-0.770405
0.348617
0.141693
-0.021854
-0.156487
0.021599
0.558581
-0.314418
-0.107054
0.243032
0.171836
0.824695
0.305777
-0.018735
-0.358525
0.262410
-0.154084
-0.390394
0.271938
-0.326259
0.196604
-0.258981
0.055184
-0.070361
-0.073593
-0.109442
-0.109850
-0.024920
-0.224908
0.128959
0.185541
0.120357
-0.067151
-0.470295
-0.112817
-0.053994
-0.003785
-0.136858
-0.727431
0.232713
0.114010
-0.266632
-0.392356
-0.272912
0.096124
0.174038
-0.004772
0.035507
-0.452538
-0.103389
0.202865
0.468216
0.380351
0.118743
-0.244440
-0.282184
0.356692
-0.097225
0.101346
0.012815
0.265763
0.228756
-0.105168
-0.326557
-0.090504
0.145307
0.221474
0.362106
-0.280319
-0.818973
-0.022829
-0.354795
-0.084708
0.118226
-0.712151
-0.273957
-0.103705
0.094077
-0.424140
-0.080870
-0.048031
-0.134412
-0.762459
-0.341062
-0.067859
-0.055237
0.003521
-0.269985
0.117458
0.348626
-0.037621
0.274174
-0.365186
-0.106750
0.005861
-0.011468
0.159283
0.149826
0.232683
-0.134526
0.242858
0.279275
-0.048969
-0.266990
-0.003947
0.291505
0.150694
-0.039380
-0.008097
0.098807
-0.114212
0.104477
0.110443
0.030571
0.327145
-0.111425
-0.456552
0.099506
0.266771
-0.281864
-0.481885
0.040545
0.432282
-0.459555
-0.059683
-0.256072
-0.253610
-0.498373
-0.165443
0.220568
0.153469
0.229173
-0.007437
0.142625
-0.384462
0.082313
0.382626
-0.486347
-0.322985
0.134354
-0.203205
0.055037
-0.153172
0.223670
-0.174436
-0.395032
-0.090297
0.326383
-0.260861
0.035502
0.299990
-0.009804
-0.003498
-0.011411
0.135455
0.405712
0.143021
-0.061525
-0.130747
-0.260730
-0.096355
-0.254509
-0.145926
-0.110980
-0.244853
-0.373590
-0.046614
-0.413247
-0.324821
0.592178
-0.029125
-0.641915
0.017159
-0.146149
0.326807
-0.077100
0.233643
-0.025105
-0.107208
-0.121063
-0.092534
-0.287577
-0.050182
0.159907
-0.411165
0.330412
0.097941
0.083883
0.219885
-0.526226
-0.439745
0.056207
-0.263565
0.020355
0.213803
-0.199914
0.023356
0.105639
-0.072276
0.515133
-0.072011
0.198393
0.382366
0.192832
0.091365
0.088015
-0.093189
-0.038314
0.001229
0.129309
0.071215
0.286862
0.083223
0.129011
-0.172884
-0.298896
0.015843
-0.016709
-0.237895
0.516113
-0.470624
-0.330426
0.035445
0.027128
0.313507
-0.022682
-0.510016
-0.067786
-0.432031
-0.014972
-0.153205
-0.087776
0.031681
-0.000387
0.578888
-0.126590
0.132274
0.366203
0.070325
-0.017506
0.383991
-0.493078
0.089268
0.178873
0.244630
-0.618919
-0.112211
-0.611848
-0.061097
-0.121052
-0.173031
-0.048058
0.037762
0.084740
-0.146554
0.108151
-0.129617
-0.012669
-0.042693
0.024230
0.490617
0.138693
-0.247671
-0.061632
0.202422
0.074732
-0.060324
-0.676721
-0.426291
-0.137215
0.044375
-0.129708
0.188173
-0.089785
0.142693
-0.055221
-0.277114
0.004485
0.251403
0.341039
-0.068116
-0.585763
0.053174
-0.228059
0.099755
-0.136379
-0.171635
-0.048936
-0.209850
-0.289829
0.166683
-0.440376
-0.456936
-0.124925
-0.278007
-0.493995
0.657384
-0.146665
-0.115169
-0.154540
-0.406858
0.135041
-0.479374
-0.202621
0.386558
-0.159119
-0.134136
-0.480559
-0.466294
-0.165327
-0.128682
-0.080900
-0.242387
0.285878
0.392111
-0.148316
-0.243297
0.323952
0.003779
0.400968
0.302581
0.136061
-0.201642
-0.364979
-0.095698
-0.361959
-0.130382
0.084005
0.078877
-0.084435
0.167246
0.133154
-0.084443
0.002382
-0.152664
-0.002465
0.023589
-0.330527
0.033654
-0.271932
0.036625
0.039481
-0.056363
0.111513
-0.378137
-0.493640
-0.245118
0.223959
-0.246493
0.074621
0.172920
-0.124034
-0.090063
0.361373
0.053407
-0.065078
-0.295926
-0.206520
-0.370816
-0.380074
0.068315
-0.160520
-0.113519
-0.764035
0.347576
-0.531469
-0.197184
0.097346
-0.051344
-0.025608
-0.329836
-0.006256
0.468539
0.243636
0.024619
-0.294192
0.360897
-0.245296
-0.054750
0.206188
-0.476432
-0.176846
-0.341438
-0.473074
-0.249855
0.045948
0.116898
0.231107
-0.431339
-0.173646
-0.110794
0.087369
0.238694
-0.256031
-0.264257
-0.219028
0.180743
-0.055623
-0.312414
0.025759
0.044345
0.145045
0.063536
0.128458
-0.058215
-0.650480
-0.338158
0.104873
0.358235
0.135312
-0.094179
-0.415706
0.222283
0.152179
-0.169514
0.228098
-0.110521
-0.524891
0.015936
-0.200869
-0.018306
-0.355335
0.029544
-0.006444
-0.040741
0.508050
-0.220744
0.162809
0.420671
-0.287438
-0.171167
0.038946
0.112641
0.292433
0.124975
-0.246647
-0.445797
-0.254859
0.002371
-0.063232
-0.101214
0.093315
-0.537255
0.008499
-0.857936
-0.365372
0.058038
0.048918
-0.288910
0.096982
-0.157027
-0.121382
0.205131
-0.141480
-0.210986
-0.396065
0.273876
-0.034113
-0.201643
0.312257
-0.388415
-0.007053
0.348253
-0.142514
-0.369363
0.025538
-0.557822
0.212285
-0.520040
-0.295627
-0.511905
0.140469
-0.404381
-0.032150
-0.181625
0.162869
0.095117
-0.057736
-0.528306
-0.016920
0.044002
0.351179
-0.500792
-0.065884
-0.259816
-0.159547
-0.431744
-0.018127
-0.470948
0.371995
-0.131454
-0.587963
0.394230
0.410319
-0.575581
0.067535
-0.016951
0.179118
-0.015225
0.023218
-0.518070
0.327878
-0.011244
0.157545
0.034235
-0.470752
-0.064262
-0.332879
-0.299541
0.187885
-0.270558
0.372896
-0.261094
-0.069751
-0.476790
-0.554112
0.380279
-0.326418
-0.340101
-0.251045
0.077903
0.023132
0.185534
0.172663
0.215967
0.559442
-0.441060
-0.763035
0.098347
0.157229
0.050120
0.202341
-0.399795
0.274126
0.290334
0.106599
-0.125392
-0.036029
-0.303353
0.016325
-0.400774
-0.479301
0.109136
-0.239440
-0.065234
-0.067781
-0.637184
0.535377
0.003536
0.613118
-0.445264
0.092940
-0.127384
0.254325
-0.354638
-0.357100
-0.313192
-0.242567
-0.300260
0.150575
-0.031572
-0.238624
-0.321785
0.412870
-0.200825
-0.055819
-0.052433
-0.114063
-0.035230
-0.200000
-0.167710
0.042957
0.467503
-0.465418
0.352613
-0.575600
-0.468756
-0.145783
-0.359789
-0.136802
-0.066936
0.393469
0.063936
0.261773
-0.051599
0.099815
-0.014499
-0.626170
-0.365422
-0.174944
-0.173305
-0.391746
0.400588
-0.484642
-0.029217
0.362028
-0.362350
0.077013
-0.035565
-0.311898
-0.315453
-0.016079
0.161980
-0.202050
0.339508
-0.410551
-0.174318
-0.327438
-0.048962
0.047128
-0.150772
0.103891
0.168520
-0.303558
0.006562
-0.094503
-0.079049
-0.020142
-0.093036
0.174354
-0.413920
-0.062979
-0.083928
0.223485
0.022072
0.133960
0.009008
-0.297595
0.248643
-0.163929
-0.173032
-0.168015
-0.319090
0.222586
0.060682
0.515695
0.492604
0.198255
-0.047349
-0.189764
-0.313339
-0.077895
0.127555
-0.279049
-0.080058
0.324255
-0.017021
-0.076197
-0.003716
0.183743
-0.503512
0.086006
-0.133986
-0.146495
-0.019197
-0.066138
-0.103350
-0.278082
-0.038720
-0.215278
-0.060274
0.410503
-0.030185
-0.314764
0.124266
0.014528
-0.316886
0.423264
0.127341
-0.313882
-0.175868
-0.062469
-0.008220
-0.021466
0.377594
-0.428122
-0.100362
-0.348855
-0.284297
0.095672
-0.552088
-0.227314
-0.291648
-0.010507
-0.047641
0.007541
-0.162773
0.184197
-0.032940
-0.653707
0.041723
-0.044586
-0.091447
-0.347898
-0.081178
-0.291586
-0.193943
-0.271872
-0.264834
-0.218011
-0.137951
-0.244592
-0.481763
-0.147728
-0.034695
-0.507472
-0.037897
-0.717818
-0.379884
-0.211367
0.442888
-0.348669
-0.196162
0.215292
0.090009
-0.358138
0.223962
-0.367270
-0.128712
-0.225367
-0.039003
0.262375
-0.166310
0.244551
-0.155350
-0.150752
0.365955
0.479214
0.067877
0.402307
0.020725
0.411959
0.290043
-0.015588
-0.216067
-0.266027
-0.028400
-0.118966
-0.258233
0.020636
-0.164614
-0.146592
-0.300165
-0.379179
0.356890
-0.229290
-0.389272
-0.137135
0.091499
0.285516
0.254914
-0.055087
0.156256
-0.064305
0.137905
-0.348222
-0.146299
-0.385448
0.179866
0.521735
0.137951
0.075917
0.055957
-0.416881
0.183294
0.081169
-0.008109
-0.459021
0.213453
-0.437772
-0.487408
-0.063097
0.008297
-0.146275
0.043863
-0.156571
-0.064524
0.046377
-0.025519
-0.066789
-0.153251
-0.330238
-0.227718
-0.062102
0.457824
-0.031527
-0.559825
-0.140998
-0.324606
-0.009429
0.297285
-0.018570
-0.329462
-0.183077
-0.208916
-0.536062
0.102451
0.266069
0.211827
0.171427
0.088249
-0.523226
0.337315
-0.175507
-0.141391
0.384403
-0.044489
-0.444127
0.088015
0.034439
-0.160798
-0.243544
-0.008656
0.212201
-0.365588
-0.046736
-0.451875
-0.439151
0.346222
0.014946
0.197960
-0.227107
-0.286730
-0.211434
0.460899
-0.239478
-0.003802
-0.072031
-0.347732
0.279135
0.082924
0.154989
-0.072198
0.142495
-0.349629
-0.276029
-0.282571
0.283442
-0.207170
0.365355
-0.149407
0.171860
0.113588
0.352178
0.240191
-0.053456
-0.388017
-0.108173
-0.076189
-0.234228
-0.345979
-0.100218
-0.170166
0.345085
-0.465938
-0.093907
0.160748
-0.646146
-0.325633
-0.162512
-0.166487
0.078396
0.300739
-0.151669
-0.063415
-0.116273
0.270827
0.046492
-0.006542
-0.166470
0.089292
-0.215151
-0.231588
0.221263
0.045395
0.218866
-0.049227
0.035475
0.236024
0.325750
0.007848
-0.562860
-0.022552
0.443592
-0.415494
-0.130001
-0.166477
-0.026140
-0.091435
0.204465
0.307248
-0.207312
0.080506
0.012291
0.004789
-0.597866
-0.077796
-0.287011
0.185150
0.054018
0.084180
-0.064355
-0.249512
-0.232142
0.179338
0.088241
0.032533
-0.351459
0.357030
-0.140039
-0.113663
0.034761
0.688896
0.121086
-0.646520
-0.465148
-0.162177
-0.110807
-0.145991
0.341116
-0.037443
-0.025603
-0.136301
0.087413
0.154532
-0.056946
-0.226132
0.041585
-0.036521
0.091021
0.146506
0.313983
-0.405930
-0.332249
-0.099052
-0.194990
0.137627
0.356366
-0.395861
-0.049974
0.017465
-0.237247
-0.174114
-0.118527
0.070586
-0.154061
-0.294567
-0.489057
-0.343549
-0.321149
-0.059976
0.463037
-0.761173
0.034167
-0.238321
-0.176655
-0.362013
-0.303675
-0.151653
0.152915
-0.049966
-0.411568
-0.143587
-0.049977
-0.126614
0.035380
0.445384
-0.192181
0.176571
-0.533568
0.020967
-0.043966
-0.434409
-0.068504
-0.262784
0.002145
-0.381059
-0.200052
0.073210
0.135887
0.008772
-0.266544
-0.251725
-0.204574
-0.038499
-0.011751
-0.346385
0.048514
-0.360899
-0.188314
0.060572
-0.079164
-0.332123
0.004058
-0.213640
-0.564556
-0.447582
-0.697334
-0.164960
0.044549
-0.413754
0.062739
0.136220
-0.024985
-0.264280
-0.052359
-0.085671
-0.124485
0.089027
0.162449
-0.492353
-0.188318
-0.257368
-0.726482
-0.803637
-0.658206
-0.029351
-0.138597
0.379483
-0.523570
-0.220120
0.083462
0.151113
-0.202979
-0.448275
-0.250723
-0.207889
-0.137426
-0.089253
-0.011142
0.052319
-0.590784
0.154084
0.104658
-0.473626
-0.303310
-0.243400
-0.189918
0.116437
0.218376
-0.245584
0.229487
0.210294
-0.081484
-0.177048
0.573044
0.183387
0.231805
0.368959
0.050933
-0.436581
-0.098292
0.640884
0.036490
-0.142921
-0.536549
0.196187
-0.233338
0.349716
-0.136917
-0.468677
-0.236253
-0.402125
0.395384
0.187954
-0.675066
-0.561810
-0.004951
-0.243987
-0.043405
-0.056769
-0.202810
-0.405668
-0.108058
-0.013403
0.654240
-0.483374
0.080227
0.101122
0.221663
-0.202412
0.174484
-0.629235
-0.272054
-0.043313
-0.519795
-0.727918
-0.035610
-0.348030
0.085610
-0.110808
-0.531732
-0.324469
-0.032189
0.388582
0.423825
0.108486
0.137264
0.225814
-0.040650
0.620751
-0.140593
-0.175976
0.299985
-0.429687
-0.058040
-0.087089
-0.013529
-0.549685
-0.433194
-0.453112
0.205719
-0.058551
0.072501
-0.068849
0.367873
-0.189277
0.359185
-0.330199
-0.406780
0.410470
0.272531
-0.263501
-0.258492
0.294854
0.137134
-0.104444
0.320327
0.342042
0.179751
0.075413
0.058446
0.231189
-0.342375
-0.175533
-0.203231
-0.333986
-0.213459
-0.397985
0.351905
-0.401169
-0.160542
0.140586
-0.135088
0.090471
-0.279044
-0.412087
-0.082710
0.084370
-0.266657
0.327257
-0.554892
0.358146
-0.040657
0.005685
0.145128
0.437798
-0.389130
-0.187876
-0.129318
0.559344
-0.207997
-0.298444
-0.047632
-0.280502
-0.339347
0.493479
0.099435
0.215322
0.095204
-0.301493
0.208362
-0.031536
-0.196230
0.019476
-0.593653
0.039251
-0.232958
-0.173827
0.313322
-0.197601
-0.200510
-0.218074
-0.091810
0.130776
0.299007
-0.131239
0.296835
-0.141146
-0.299265
-0.136132
-0.125675
-0.597159
-0.335174
0.232119
0.424408
-0.641972
-0.187788
-0.124400
0.140751
-0.067192
-0.288832
0.009290
0.285926
-0.096893
-0.238604
0.464111
-0.072502
0.060379
-0.199911
0.030678
-0.259686
0.370566
0.029135
-0.232971
0.332294
-0.033941
-0.113596
-0.022963
-0.884597
0.062242
-0.376383
-0.108651
0.232942
-0.357694
-0.365445
-0.460845
-0.106629
0.380724
-0.242379
-0.221689
-0.150915
-0.054173
0.069638
0.036919
-0.289457
0.211802
0.120624
-0.357161
-0.091839
0.105751
0.034266
-0.228458
-0.168593
0.312857
0.294332
0.493132
0.072523
-0.273727
-0.076813
0.183531
-0.047834
-0.146906
-0.194032
0.094939
0.351099
-0.160119
0.321099
-0.231002
0.000475
-0.163205
-0.105547
0.360148
-0.184304
-0.234372
-0.019354
-0.207914
-0.296780
0.200053
-0.325565
0.230987
-0.320150
0.066873
0.186638
-0.067495
-0.030372
-0.030264
-0.153272
-0.014075
0.007695
0.243776
0.299419
-0.318734
-0.186213
-0.009300
-0.235502
0.201661
0.069813
-0.356335
-0.135610
-0.273250
0.005542
-0.249869
-0.043865
-0.012372
-0.239139
0.047448
0.380067
-0.539963
-0.123449
-0.145028
0.023860
0.252989
0.089676
-0.196150
0.141573
-0.256962
0.154876
-0.349137
-0.079511
0.226372
-0.087699
-0.095447
-0.229434
-0.301481
-0.268330
-0.225971
0.093664
-0.252007
0.047900
-0.080531
0.166619
-0.149452
-0.412089
0.366166
-0.024991
-0.276566
0.167611
0.037148
-0.184218
-0.132600
-0.274468
0.246045
-0.150350
-0.659141
-0.564824
-0.327488
0.222376
-0.121638
0.372918
0.385811
0.082974
-0.508306
-0.263725
-0.070711
0.253641
-0.085054
-0.032948
-0.321488
-0.003667
-0.459458
-0.124067
-0.275227
-0.247851
-0.441334
0.012927
0.414385
-0.256192
0.274680
0.004663
0.385416
-0.384997
0.563234
-0.142144
-0.488028
0.041910
0.049097
0.108078
-0.109911
-0.056656
0.480807
0.005253
-0.170443
0.385784
-0.230123
-0.130412
-0.122104
-0.132168
-0.029670
0.115352
0.484708
-0.430703
-0.008909
-0.204737
-0.096842
-0.130506
-0.500511
0.266372
-0.437451
-0.013827
-0.064577
0.249178
-0.092792
-0.027770
0.165443
-0.078101
0.133664
-0.293179
-0.397496
-0.185745
-0.031392
0.072467
-0.486793
-0.438132
0.041128
-0.328400
-0.045981
-0.188206
-0.429054
-0.249214
-0.255427
-0.431384
-0.129090
-0.398629
0.259343
-0.160393
-0.253075
-0.192229
-0.298105
-0.414302
-0.003748
-0.001382
0.120982
0.032490
-0.275792
0.132490
0.512852
0.035659
-0.243586
0.027967
0.112752
0.200512
0.064152
-0.009951
0.122014
-0.149867
-0.307056
0.205689
-0.396308
-0.437784
-0.070873
0.424475
-0.184356
0.127191
-0.171870
0.392522
-0.342948
0.003532
0.246841
-0.076531
-0.328188
0.109971
0.113733
-0.471466
0.346334
0.270393
-0.186132
-0.102352
-0.004239
0.125010
-0.506251
0.185750
0.144764
0.146213
0.246847
-0.134742
0.137869
-0.376253
-0.290896
-0.686116
0.537514
-0.451043
-0.229521
0.058395
0.110581
-0.790665
0.090637
-0.199746
-0.488284
-0.406663
-0.066353
0.194566
-0.475167
-0.018053
-0.143995
0.044695
-0.090042
0.177508
-0.324978
0.432598
0.042401
-0.035911
-0.307191
0.296946
-0.101134
0.236266
-0.150694
-0.063996
0.035367
-0.178122
-0.016595
-0.208454
0.018417
0.178057
-0.103566
-0.187782
-0.498106
-0.430927
-0.075315
-0.427406
-0.495178
0.035236
-0.413370
-0.008325
-0.040620
-0.212633
0.188712
-0.081286
-0.441422
-0.195914
-0.424008
0.103541
0.266375
0.181037
0.035768
0.020998
0.541160
0.119606
-0.464213
0.008192
0.082286
0.235869
-0.515244
0.074477
-0.424350
0.201155
0.279537
-0.042461
0.224816
0.203153
-0.436377
-0.087352
-0.742994
-0.005645
-0.205714
-0.623556
-0.093406
0.024142
-0.021291
0.351022
-0.180271
-0.360191
-0.042636
0.216167
0.357673
0.272842
-0.196638
0.080131
0.058438
0.322055
0.021033
-0.388104
0.071099
0.061837
0.029402
-0.289352
0.296802
-0.553830
-0.076452
0.119271
0.521885
-0.184014
-0.640688
0.067693
-0.100596
0.513655
0.182126
0.040187
0.019083
-0.299230
-0.132583
0.402392
0.196282
0.107196
0.276110
-0.199968
0.051203
0.359355
0.319329
-0.218650
0.025410
-0.207072
0.214575
0.001681
-0.147129
-0.481321
0.250505
0.111884
0.023110
-0.146366
0.036673
-0.112994
-0.099311
-0.108095
-0.225831
-0.302067
0.251260
-0.308584
-0.058358
-0.165860
-0.010403
-0.098142
-0.155646
-0.176450
0.093105
0.074913
-0.470529
0.539906
-0.603203
0.027008
0.232836
-0.582199
0.079908
0.170453
-0.216641
0.349586
0.035563
0.505495
0.034504
-0.397498
0.471668
0.159601
-0.702080
-0.101188
-0.385062
-0.109595
0.074639
0.396074
0.574850
0.539783
0.313488
-0.333079
0.098881
0.050543
0.403793
0.067631
-0.144894
0.665823
0.048017
-0.117450
-0.257012
0.056087
-0.092970
-0.440608
0.124826
-0.046364
-0.449509
-0.632525
-0.846382
0.279429
-0.232090
-0.095543
-0.033237
-0.052944
-0.598425
-0.080191
0.122103
0.044029
0.055252
-0.828087
-0.720799
0.029096
-0.233504
0.052579
0.294967
-0.481221
0.231125
-0.141245
0.343153
-0.322535
-0.213938
0.155134
-0.159988
0.307700
0.101056
0.600048
-0.290755
-0.477045
-0.501254
-0.101007
-0.125836
0.252351
0.164786
-0.100332
-0.071133
0.006855
0.364507
-0.331053
-0.263193
0.112920
-0.207802
-0.181702
0.303092
0.765213
-0.022946
-0.236869
-0.464277
0.354166
-0.132625
-0.303747
-0.294502
0.128137
0.212559
-0.446847
0.136825
0.250296
-0.522383
-0.079071
-0.153779
-0.476450
-0.064530
0.222122
0.137533
-0.214010
-0.129695
-0.361203
-0.443249
0.268459
-0.142351
0.165798
-0.529407
0.192648
-0.185440
-0.197475
0.280391
0.134422
0.220919
-0.510704
0.093081
-0.162660
-0.168113
0.388931
0.065106
0.039957
-0.314188
0.099498
-0.329354
0.150140
-0.178454
-0.258451
-0.253708
0.331284
-0.449739
0.320056
0.163501
0.109890
-0.208869
-0.138477
-0.150035
-0.050107
-0.337656
0.112664
-0.316402
0.110576
-0.065830
-0.047151
-0.255578
-0.231162
-0.240085
-0.242475
-0.225633
0.093807
-0.267257
0.025247
0.144534
0.443740
-0.193058
0.140948
-0.300192
0.220206
-0.404168
-0.514145
-0.148507
-0.115777
0.191171
-0.013375
-0.513702
0.138207
-0.194872
0.146509
0.356672
-0.157788
-0.175871
-0.187848
0.115966
0.020584
-0.016834
0.609851
-0.076096
-0.338154
0.400352
-0.079081
0.242691
-0.183050
0.249394
-0.521251
0.190866
-0.320479
-0.438231
-0.444148
0.101162
-0.279375
0.115944
-0.187001
-0.222294
0.185505
0.145621
-0.515624
0.453144
0.098075
0.042309
0.162515
0.271691
0.033358
0.203559
-0.512391
-0.235142
0.067207
0.564024
-0.116101
-0.143237
0.134600
-0.187965
0.156426
-0.541454
-0.576843
0.049153
0.017895
-0.065692
0.110421
-0.010664
-0.197926
0.084410
0.246939
-0.322652
-0.233984
-0.147903
0.117517
0.149681
-0.135837
0.590283
0.100089
-0.211279
-0.277807
-0.412911
-0.296919
-0.074412
0.093880
0.175543
-0.445562
0.081016
-0.047310
-0.436306
-0.275696
-0.542867
0.178318
-0.030074
-0.030882
0.179218
-0.248576
-0.560070
-0.296861
-0.306838
0.097204
-0.304176
-0.187370
0.104069
0.021225
-0.199919
-0.403573
0.309517
-0.000674
-0.519115
-0.073988
-0.396719
-0.461781
-0.074537
-0.160579
-0.374562
-0.065359
0.088818
-0.302546
-0.021174
-0.333379
-0.304531
0.514387
0.479808
0.084457
0.149296
-0.080571
-0.308490
-0.477924
-0.068535
-0.003381
0.222572
0.277067
0.094923
0.188407
-0.140346
0.067837
0.004407
0.147677
0.147033
-0.194715
-0.061498
0.014046
0.067410
0.063058
-0.176636
0.120313
-0.084579
0.042559
-0.230268
-0.159799
-0.049776
-0.055289
-0.342932
-0.069249
0.182707
0.016040
0.121571
0.284586
0.053376
-0.277896
0.066106
-0.257333
0.023614
-0.254686
-0.099545
-0.164232
-0.053782
0.216883
0.291997
-0.185453
0.405748
-0.153778
-0.159880
-0.226432
-0.398707
-0.284714
-0.444688
-0.134545
0.023538
-0.491596
0.076403
0.036367
0.316596
0.031167
0.044605
-0.381801
-0.079159
-0.163710
0.210783
0.108351
-0.369836
-0.349124
-0.047011
-0.358519
-0.153006
-0.142237
0.031186
0.020870
0.455428
0.092772
0.206000
-0.297547
-0.167191
0.153567
-0.241590
0.133778
0.070858
-0.212618
-0.274651
-0.139328
-0.004558
-0.314103
-0.310753
0.614268
0.110885
-0.134502
0.030758
0.273354
-0.456202
-0.130711
0.321810
0.017002
0.181285
0.503771
-0.092054
-0.163965
-0.116705
-0.251255
0.234605
-0.042878
-0.155685
-0.533908
0.034312
-0.193845
0.080889
-0.130918
-0.312866
-0.202935
-0.183674
-0.500100
-0.303001
-0.626473
0.114259
-0.197640
0.182491
-0.021163
0.197925
-0.350936
-0.023179
0.411881
0.061616
-0.406139
-0.048712
0.025762
0.092659
-0.364365
0.023421
-0.360169
0.444065
-0.507977
-0.120965
-0.522613
0.633643
0.135428
-0.119074
-0.526067
0.080499
-0.206299
-0.183768
-0.076137
-0.272534
-0.065284
0.130220
0.049412
0.034331
0.335863
0.322972
-0.078074
0.032966
0.480388
0.428438
-0.122016
0.157645
0.163413
-0.575528
-0.080823
0.108415
0.340152
-0.043148
0.087265
0.177110
0.381647
0.023394
0.055730
0.028437
-0.189511
-0.115959
-0.486786
-0.063877
0.049300
0.031467
-0.510670
-0.053335
-0.274590
-0.393925
-0.242748
0.412053
0.149423
0.297969
0.230006
-0.507636
0.150225
-0.159228
0.393095
0.039671
0.001602
-0.175759
-0.608557
-0.084014
0.012415
-0.337741
-0.364687
0.016778
-0.395403
0.255528
0.036807
-0.217759
-0.429576
0.316629
-0.072013
0.015824
0.625173
0.451122
-0.084900
-0.127320
-0.234084
0.092693
0.290029
-0.038517
0.351023
-0.351141
-0.234238
0.132674
-0.053007
-0.383356
0.037422
0.021276
0.127194
0.089833
-0.100082
-0.052774
-0.304083
-0.397400
-0.269031
-0.077945
-0.242971
0.079487
-0.236593
-0.308023
0.407067
-0.531824
-0.285924
-0.180017
-0.194732
0.052909
-0.439705
0.103243
0.061364
-0.177239
0.065085
-0.074566
-0.219082
0.072916
-0.201086
-0.120046
0.050158
-0.189715
-0.170539
0.361143
-0.040558
-0.305384
0.227709
-0.491266
0.102355
-0.225986
-0.185419
0.282367
-0.190810
0.015298
0.002398
-0.103338
-0.070897
0.219925
0.073457
-0.231224
-0.490223
0.067252
0.014049
-0.107384
-0.022181
-0.042998
0.121925
0.399980
-0.011303
-0.340898
-0.209647
-0.332635
0.020006
0.089241
-0.312739
-0.578538
-0.408991
-0.106885
0.020086
0.189455
-0.062541
-0.470230
-0.248099
-0.376998
-0.308008
-0.121411
-0.194053
0.020179
-0.155767
-0.361045
-0.159015
-0.073046
0.269367
-0.200857
0.072731
-0.693292
0.079010
-0.066108
0.107071
-0.245113
-0.014210
-0.140574
0.014587
-0.365868
0.062502
0.189778
-0.031389
0.211617
-0.109309
-0.560722
0.362605
-0.469950
-0.314673
-0.565129
-0.109245
-0.397921
-0.136193
0.286234
-0.079326
-0.250618
-0.214145
0.283610
0.294306
-0.225252
-0.398416
-0.213196
-0.500286
-0.215584
-0.157875
-0.043700
0.742609
0.216841
-0.217206
0.094516
-0.238596
0.286592
-0.422174
0.126638
-0.062974
-0.026017
0.211069
-0.326629
-0.323662
0.293458
0.131172
-0.057155
-0.139204
0.097382
-0.122456
0.008835
-0.384021
0.094850
-0.372401
0.082184
0.031231
0.163448
-0.487712
-0.149965
0.289750
-0.149331
-0.491103
-0.477693
-0.016827
0.261811
0.020123
0.050956
-0.098992
0.006355
0.037091
0.117234
-0.088887
0.308168
-0.276054
-0.095266
-0.219449
-0.621734
-0.314462
0.141152
-0.615290
0.350041
-0.496089
-0.333127
-0.268246
0.329306
0.231427
0.250381
-0.481199
-0.125959
0.174451
-0.152992
-0.023596
-0.058036
-0.498818
-0.220092
0.276916
-0.352893
0.000718
0.608059
-0.147716
-0.085928
0.244115
0.164727
-0.264210
0.257043
0.001136
0.228250
-0.382495
0.149561
0.095615
-0.053421
0.283176
0.089349
-0.447259
-0.137086
-0.298603
-0.139956
-0.065289
-0.286246
0.154172
0.191136
0.051549
-0.138732
-0.156151
0.611141
0.065141
0.165041
-0.419856
-0.498807
-0.168358
-0.016097
-0.185910
0.196302
-0.488744
0.155309
0.288257
-0.033396
-0.096728
0.182703
0.057711
-0.172965
0.502313
-0.069718
0.153240
-0.039789
0.017691
-0.396408
0.056677
-0.051722
-0.264446
0.261339
-0.062352
-0.025623
0.054730
-0.105269
0.626599
-0.033452
-0.075625
-0.473713
0.081118
-0.233489
-0.241552
0.111811
-0.426998
-0.250918
0.249711
0.370328
0.069211
-0.448792
0.049202
-0.334424
-0.042340
-0.564760
0.108824
-0.344398
0.162532
0.197996
0.127137
-0.100307
-0.260347
-0.121793
0.087107
0.055216
0.181501
-0.115689
0.036173
0.143288
-0.323913
-0.525147
0.397068
0.180831
-0.255162
-0.190561
0.144673
-0.456079
0.149943
-0.631095
0.325499
0.052853
0.313612
-0.214028
-0.405243
0.228283
0.045808
-0.064407
-0.190326
0.265066
-0.083099
0.239214
0.336582
0.010814
-0.134179
-0.019708
0.344829
-0.001222
0.178195
-0.415477
0.316308
-0.180934
0.205072
-0.247913
0.292240
-0.183683
-0.074750
-0.046518
0.256198
-0.098818
-0.078094
-0.144851
0.046980
0.210155
-0.087204
-0.119604
-0.100112
-0.362314
-0.118452
-0.132214
-0.521036
-0.030208
0.083018
0.158674
-0.230879
0.514716
-0.601031
-0.013295
-0.201293
0.431737
0.216614
0.002454
-0.379709
0.378615
-0.106239
-0.377244
0.016834
-0.058283
-0.199571
0.122498
0.165140
-0.137136
-0.349838
-0.114286
-0.285849
-0.078379
-0.194514
0.014014
0.055575
-0.058324
0.060743
0.049185
-0.291660
0.059595
-0.078108
-0.692916
-0.116073
-0.354488
0.163231
0.009299
-0.100873
0.159772
0.167873
-0.104628
-0.674228
-0.177779
-0.435226
0.279794
-0.076073
-0.320758
-0.508694
-0.276469
-0.190660
-0.766847
0.240080
-0.383988
0.049773
-0.581083
-0.038685
-0.229208
-0.132597
-0.400143
-0.014145
-0.109664
0.191791
-0.196250
0.356028
-0.083052
-0.218941
-0.313558
-0.366574
-0.079585
-0.328480
-0.124949
-0.206769
0.267772
0.262225
-0.293837
0.058440
0.041791
-0.358299
-0.079266
-0.420660
-0.249064
0.110421
-0.101473
-0.485956
-0.373145
0.021235
-0.450105
0.130484
-0.136586
-0.158954
0.184109
-0.379449
-0.171230
-0.081483
0.222776
0.009406
0.180554
-0.210657
0.012714
-0.077271
0.106828
0.086995
0.138836
-0.458731
-0.532520
-0.141066
0.211960
-0.125065
-0.223308
-0.252244
0.079809
0.006178
-0.230252
0.030952
-0.006517
0.379485
-0.034128
0.077185
0.240143
0.043251
-0.137805
0.162901
0.546329
-0.094133
0.335359
-0.103574
-0.572638
-0.193490
0.215905
-0.083526
0.274262
-0.275651
0.244320
-0.155899
-0.352301
-0.084254
-0.265427
0.167966
-0.003203
0.368423
0.119452
0.069926
-0.380861
0.096418
0.649496
-0.017946
-0.592582
-0.133354
-0.056441
-0.021140
-0.018485
0.071777
-0.189605
-0.135121
-0.458435
0.114064
0.314396
-0.030235
-0.441167
0.293253
0.003727
-0.553869
-0.129542
0.424116
0.281261
-0.246605
0.003322
0.229338
0.253342
0.140058
-0.172942
-0.395252
-0.011369
0.024403
-0.026465
-0.131975
0.241814
-0.125392
-0.156911
-0.379992
-0.496776
-0.087271
0.280195
0.071517
0.063076
-0.051890
0.118592
-0.223280
-0.218149
-0.224451
-0.184781
-0.120560
0.132616
-0.149930
-0.339420
-0.004777
0.390933
-0.196050
0.334037
0.054711
0.068568
0.229732
-0.231143
-0.207511
-0.175561
-0.107270
-0.168046
-0.074419
0.216525
0.275816
0.181251
0.567486
-0.215414
-0.253331
0.412851
0.135852
-0.081654
-0.103040
0.195029
-0.633990
-0.252018
0.541738
0.463486
0.263101
-0.133267
-0.104984
-0.435919
0.214889
0.130146
-0.165853
0.442009
-0.533123
-0.033550
-0.483081
-0.271677
-0.381201
-0.416387
-0.210361
-0.046331
0.173116
0.103246
0.048349
0.040823
0.178777
-0.099782
0.015239
0.182960
-0.413829
-0.121645
0.296011
-0.350099
0.072495
-0.188294
0.440532
0.133741
0.311377
0.019606
0.044123
-0.223089
-0.469542
0.210834
-0.237413
-0.561288
0.086363
0.024012
-0.058354
-0.662859
-0.649443
0.114881
-0.459977
-0.140087
-0.104733
0.368218
-0.002095
0.170249
-0.412856
-0.006879
0.136158
-0.033599
0.075186
-0.093209
0.116576
0.008157
0.367642
-0.110936
0.205667
0.154797
-0.336692
-0.041739
0.022163
-0.166296
-0.302474
0.181055
-0.379277
-0.245220
-0.209655
-0.022700
0.232985
0.023294
0.132034
-0.198116
-0.024564
0.145928
-0.031679
-0.047562
-0.493075
0.073421
-0.249706
-0.110274
-0.377006
-0.367629
-0.099753
0.093145
0.158965
-0.297006
-0.054632
0.389937
0.193454
-0.172570
-0.329778
0.099497
-0.323119
-0.192653
0.159215
0.134009
0.101938
-0.355232
0.186962
-0.404137
-0.256271
0.234092
0.359269
0.145577
0.005050
-0.316272
0.191184
-0.109429
-0.127489
-0.218461
0.062049
-0.511739
-0.293654
0.365194
0.044663
0.079641
0.044334
0.233398
-0.237962
-0.237685
-0.155190
-0.264726
0.348074
-0.038092
-0.168755
0.450214
0.004559
-0.332775
-0.235398
0.009449
0.360651
-0.094220
-0.272294
0.524601
-0.208184
-0.365287
0.308524
0.225198
0.315836
-0.134459
-0.019973
-0.258582
0.080692
-0.063223
0.151684
-0.382493
-0.172812
0.059737
-0.503380
-0.211077
-0.326760
0.041379
-0.067740
0.383439
0.102894
-0.035961
-0.564248
0.094541
-0.473267
0.319863
0.062560
0.136006
-0.053863
-0.021963
-0.009711
0.272209
-0.165300
-0.457588
-0.267902
-0.360779
-0.149929
0.161001
-0.132003
0.078273
-0.391676
-0.254896
-0.016842
0.115434
0.379288
-0.534949
0.269213
-0.040756
0.206954
0.128247
-0.023234
-0.077542
-0.366463
-0.270482
0.419209
-0.284293
-0.050304
0.459880
0.085497
0.540144
-0.092857
-0.446275
-0.331567
0.626561
0.033783
-0.183359
0.195167
-0.174161
0.574247
-0.298564
-0.130281
0.016455
-0.135326
0.346131
0.196929
0.368351
0.255148
0.103296
0.314663
-0.404498
-0.245719
0.111947
0.003937
-0.191099
0.135284
0.138788
0.375285
-0.146289
0.256228
-0.197951
0.310789
0.166828
-0.412963
-0.190781
-0.373940
-0.316517
-0.103335
-0.099708
-0.370545
-0.118097
-0.500994
-0.061994
-0.147940
-0.391835
0.128532
0.059899
0.035472
0.169027
-0.149355
-0.141175
0.198649
0.103662
0.289337
0.073133
-0.745991
0.111995
0.467403
-0.390752
0.037271
0.413026
-0.439412
-0.209416
-0.382180
0.244601
0.071619
-0.408167
-0.133876
0.190807
-0.251798
0.317845
-0.204846
-0.119047
-0.403071
0.375150
-0.223970
0.038694
0.485749
-0.093534
-0.148414
-0.327458
0.193278
0.259825
-0.022537
-0.012270
-0.436091
-0.519167
0.018941
0.121305
0.345518
0.061739
0.331113
-0.366046
-0.375500
0.070943
-0.195430
0.473758
0.376651
-0.185326
-0.067514
-0.305603
-0.168595
0.095952
0.084392
0.144785
0.084443
-0.234376
0.258203
0.001988
-0.441632
-0.015196
0.082842
0.453704
-0.288122
0.021452
-0.193332
-0.129928
-0.326296
0.052852
-0.081852
-0.203935
-0.024228
0.060132
0.094787
0.023207
-0.289889
-0.585866
-0.061438
0.012361
0.304170
-0.463930
-0.621796
0.225491
-0.343252
-0.480018
-0.202188
-0.120275
-0.081136
-0.226299
-0.158904
0.218475
-0.000887
-0.203126
-0.006935
-0.400180
-0.192669
0.185509
-0.355648
-0.403653
-0.020515
-0.179817
-0.499279
-0.029278
-0.395869
-0.218230
0.575802
0.142480
0.063381
-0.311045
-0.258311
0.210523
0.219654
-0.123623
-0.193340
0.082674
0.068912
0.036590
-0.362473
-0.453009
-0.215931
0.087757
-0.021922
-0.261982
-0.095647
0.146930
-0.082198
-0.593782
0.357944
0.067173
0.083925
-0.631115
-0.029569
0.078061
0.270619
-0.092520
0.048447
0.069811
0.362354
0.194413
0.175232
0.133646
0.253304
-0.663328
-0.503933
-0.233913
0.111147
-0.136213
-0.558346
-0.626295
-0.038346
-0.208198
-0.196376
-0.092962
-0.028753
-0.298650
-0.714780
0.011067
-0.066656
-0.263151
-0.125373
-0.282022
-0.094166
-0.134330
0.149925
-0.210515
0.252070
-0.085904
-0.084197
-0.251897
-0.224799
-0.261572
-0.169446
0.062809
-0.128162
-0.555140
0.245886
-0.123623
0.109910
-0.347969
0.172045
0.035643
0.092468
0.044079
-0.090675
-0.175077
-0.054233
0.382374
-0.098100
-0.691079
-0.527149
0.259702
0.302256
0.059486
0.106212
-0.270786
-0.130585
-0.293110
-0.293420
0.218000
-0.357478
0.085903
0.282723
-0.060589
-0.101946
-0.456345
0.075318
0.376973
0.233456
0.303016
-0.066149
-0.436004
-0.446457
-0.430062
-0.261784
-0.271416
-0.501831
-0.374256
0.255218
-0.208280
-0.617618
-0.277084
0.309005
-0.037543
-0.122676
0.326417
0.020325
-0.143672
-0.176365
-0.229230
0.359976
0.316790
-0.415676
-0.239590
-0.092367
-0.699215
-0.134374
-0.334549
-0.322223
0.015237
0.574760
0.288995
-0.102924
-0.475840
0.125865
0.176317
-0.064776
0.099280
-0.583650
-0.226766
-0.407360
0.258428
-0.227887
-0.009052
-0.394475
-0.218949
-0.218261
-0.101699
-0.107059
-0.319196
-0.234774
-0.105612
-0.274662
-0.130621
-0.384848
0.055983
0.234559
-0.111010
0.189288
-0.193266
0.359308
0.206906
0.047751
-0.252917
0.351516
-0.318517
-0.203116
-0.462099
-0.327428
0.458661
-0.075287
-0.486826
0.000740
0.332086
0.372087
-0.171259
0.410662
-0.565921
-0.119774
-0.093776
0.264834
-0.028494
-0.158162
-0.067829
-0.524903
-0.485549
-0.011593
-0.523086
0.290598
0.227995
-0.181201
0.048207
-0.308484
-0.143373
-0.219270
0.228243
-0.441226
0.125143
-0.165413
-0.062960
0.282259
-0.028715
-0.572162
0.288071
0.170811
-0.252343
0.232064
-0.116532
0.032494
-0.314845
0.269670
0.312278
-0.054471
-0.599853
0.382415
-0.315654
-0.125600
-0.152172
0.548990
0.092305
-0.538750
0.084196
-0.169985
-0.362895
0.361131
-0.310004
-0.103100
-0.204724
-0.606014
-0.532950
0.418194
0.127595
-0.367277
-0.322303
-0.183767
0.326003
0.622372
0.135914
0.341175
0.277259
-0.075222
0.662961
0.068558
-0.200745
-0.147378
-0.259185
-0.838425
0.381094
-0.240051
0.228886
-0.085915
-0.442656
-0.091065
-0.027301
0.221493
-0.067431
0.298536
-0.166417
-0.477449
0.201581
-0.522512
-0.185222
-0.098696
-0.275042
0.260309
0.101592
0.119825
-0.110179
-0.304706
-0.249856
-0.127879
-0.358903
0.002388
-0.145909
-0.176107
-0.271055
-0.046500
-0.448397
-0.273706
0.113466
-0.190586
-0.578523
0.134707
0.035412
0.045385
-0.400355
-0.319627
0.169353
-0.385296
0.097294
0.282351
-0.062564
-0.276898
-0.140170
-0.289778
0.177883
0.002726
-0.412683
-0.140119
0.226349
-0.228839
-0.488522
-0.390419
-0.110295
0.274115
-0.105650
0.187959
0.229566
-0.367703
-0.048626
-0.126501
-0.167503
0.392482
-0.125464
-0.094472
-0.005962
-0.484008
0.246406
0.022016
0.502794
-0.184444
-0.071706
-0.449737
-0.114587
-0.454485
-0.315398
0.251859
-0.133119
-0.088102
0.010440
-0.309538
0.130652
0.038795
-0.366815
-0.264349
-0.349720
0.232807
-0.536715
-0.663323
0.326299
0.341698
0.075414
-0.413132
-0.694260
0.118924
-0.344414
0.069453
-0.004683
-0.208919
-0.168850
0.262436
-0.306172
0.134429
-0.186227
0.004828
-0.324154
0.041132
-0.222073
-0.522366
-0.093170
-0.040409
-0.144500
-0.042139
-0.263167
-0.419160
-0.596688
-0.281671
0.036018
-0.042319
-0.050986
0.064265
0.085198
0.585931
-0.481048
0.305100
0.096537
0.252165
-0.445177
-0.214402
-0.281799
-0.032770
-0.250945
0.116842
0.236115
0.133584
-0.260577
-0.085339
-0.130560
-0.488938
0.239054
-0.098473
0.070913
-0.101304
-0.328329
0.123178
0.091003
0.120078
-0.098656
-0.077267
-0.247999
0.112169
0.197561
0.520506
-0.078302
-0.344691
0.083912
-0.237473
0.479079
-0.137402
0.399497
-0.069743
-0.533098
-0.321556
0.212582
-0.037117
-0.240337
0.044494
-0.089730
-0.208767
-0.573723
0.254272
0.037333
-0.394689
0.314257
-0.413973
0.085413
-0.290946
-0.008728
0.135061
0.185659
0.073215
0.255453
-0.494193
0.363568
0.408042
-0.299072
-0.491185
0.302143
-0.030113
0.040372
-0.230709
-0.190119
-0.158057
-0.603375
0.298758
-0.054300
-0.521896
0.233443
0.209906
-0.192249
0.499721
-0.122580
-0.374798
-0.123593
-0.362830
-0.030877
0.462080
0.333107
-0.209041
-0.277346
0.430105
0.207943
-0.167793
-0.200564
-0.400800
-0.013974
-0.439924
0.043924
0.045164
0.281101
-0.628811
-0.439925
-0.546302
-0.230278
-0.063709
-0.087144
-0.314391
0.287911
-0.211623
-0.308462
0.182393
-0.162700
-0.382348
-0.549953
-0.004417
-0.224096
0.142361
0.507298
-0.036914
-0.311549
0.043803
-0.423669
-0.038235
-0.073779
0.203670
-0.147189
-0.153327
0.263227
-0.135936
-0.184545
-0.266880
-0.014737
-0.414533
-0.345610
-0.079192
0.011630
0.289054
-0.174831
0.099706
0.165936
0.262290
-0.118864
0.469427
-0.404149
-0.154502
-0.448603
0.144225
-0.350639
0.044682
0.234843
-0.120530
-0.341891
-0.191636
0.012577
0.053003
-0.557307
0.099383
-0.031776
-0.004095
-0.357401
-0.098283
-0.105875
0.087338
-0.339492
-0.162434
-0.120332
-0.282279
-0.308589
0.205615
0.094061
0.201290
-0.219466
-0.282216
-0.119622
-0.014098
-0.192800
0.225350
0.021351
-0.236898
0.115427
-0.413594
-0.597582
-0.442931
-0.128505
-0.133905
-0.144484
0.110086
0.498555
-0.329170
0.418836
0.105413
-0.341416
-0.536568
-0.175514
-0.133429
-0.125412
-0.023432
0.103646
0.046339
0.234367
-0.413409
-0.198116
-0.269743
0.056300
-0.245276
-0.299124
-0.255772
0.036828
-0.438598
0.354713
-0.369819
0.052557
-0.345585
-0.290514
-0.485441
0.194168
0.238093
-0.162140
-0.273741
-0.067227
0.287076
-0.049508
-0.217189
-0.531661
-0.596325
-0.265956
-0.238616
0.447771
0.322744
0.070294
0.632989
-0.090186
0.381741
-0.139330
-0.624413
-0.185058
0.128716
-0.435837
-0.031010
0.134705
-0.186196
0.044120
0.130061
0.265658
-0.088231
0.006483
-0.252068
-0.438921
-0.252562
-0.138158
0.306049
0.125819
-0.256895
-0.039135
-0.145585
0.009155
-0.329005
-0.040238
-0.163471
0.168790
-0.252282
0.083970
0.468143
-0.301397
-0.219692
-0.579914
0.073573
0.493462
-0.339247
0.204622
-0.234659
-0.253420
-0.436356
-0.436558
-0.389605
-0.001560
-0.606806
-0.101745
-0.002935
-0.556322
-0.296194
-0.106743
-0.233314
-0.463494
0.286436
0.422454
-0.022455
-0.315162
-0.338190
0.145589
-0.417763
-0.421899
-0.590366
0.318067
0.075431
-0.144595
-0.033370
0.297833
0.097956
-0.264037
-0.083532
0.232492
-0.222418
-0.167906
-0.044564
-0.232525
0.062919
0.183589
-0.352315
0.088087
0.140593
0.301002
-0.402015
-0.232114
-0.143238
0.226423
-0.275862
-0.061822
-0.354956
-0.395146
0.258141
0.296167
-0.344917
-0.423448
-0.374070
-0.584460
-0.312886
0.434160
-0.370688
0.054487
0.146283
-0.017286
0.018274
-0.253490
-0.108138
-0.209781
0.016206
0.200401
0.393887
0.295601
0.143311
-0.327429
0.064246
-0.796316
-0.165696
0.191963
-0.148077
-0.330642
0.175257
-0.308659
0.044396
0.071254
-0.054394
-0.463563
-0.636718
0.048955
-0.152485
-0.041053
0.192009
0.268862
-0.177066
0.253964
-0.479306
0.072696
0.414797
-0.454656
-0.134886
-0.215890
-0.146545
-0.296023
-0.327562
-0.154203
-0.585964
-0.641272
0.332117
-0.135449
0.124137
-0.436589
-0.293084
-0.130817
0.283857
0.278282
-0.273084
-0.314678
-0.412539
-0.036187
-0.420038
-0.120471
-0.293391
0.466900
0.312925
-0.072172
-0.362580
0.018630
-0.176909
0.167327
0.319730
0.006092
0.066399
0.392202
0.241845
0.100622
-0.342121
-0.196321
0.292386
-0.491490
-0.349957
0.246123
0.223522
-0.146120
-0.226030
-0.009295
-0.135909
-0.233438
-0.125459
-0.346832
0.037959
0.038794
-0.486954
0.302931
0.389251
0.023285
0.224706
0.388952
-0.089144
-0.394956
-0.021380
-0.339919
-0.618837
-0.371331
-0.186819
0.064535
-0.398761
-0.016436
0.228610
0.052145
-0.387271
-0.052764
0.206874
-0.093164
0.204169
0.138628
0.183184
0.305892
-0.283401
0.016777
0.397625
0.344238
-0.150311
-0.264014
-0.025185
0.279829
-0.268168
-0.238535
-0.472469
0.315687
0.355564
0.461068
-0.353203
0.220054
-0.342917
-0.391340
-0.275670
0.014176
0.044654
-0.487988
0.020614
-0.355305
-0.150154
-0.222350
0.320312
-0.257674
-0.378953
-0.132898
-0.429648
-0.092893
0.044481
-0.127287
-0.123215
-0.112753
-0.667634
-0.302027
-0.251907
-0.072605
-0.074578
-0.069549
-0.273404
0.043542
0.032945
-0.202962
-0.051623
-0.421565
-0.382829
0.170912
0.220550
0.131532
-0.397321
-0.225854
-0.376812
0.111518
-0.299634
-0.086682
0.105443
-0.461232
-0.193606
0.484455
0.038078
0.547300
-0.054105
0.040142
-0.060309
0.119277
-0.196108
-0.462291
-0.374705
-0.081159
-0.427611
-0.375304
-0.070483
0.071413
0.437533
0.108602
-0.623615
0.026583
0.092870
0.059386
0.122818
-0.187092
0.158330
-0.063926
-0.135944
-0.074233
0.091232
-0.261295
0.209906
0.541477
-0.054900
-0.258836
0.224499
0.134540
-0.372766
-0.026025
-0.352503
-0.259781
0.168457
0.255902
0.390425
0.138007
-0.558647
-0.286001
-0.373815
-0.143410
-0.158867
0.227602
-0.361899
0.356459
-0.162210
-0.120530
0.178115
0.315987
0.251467
-0.023020
-0.328422
-0.189364
0.425462
-0.041116
-0.177641
-0.338707
-0.467135
0.131607
-0.541697
-0.262041
0.038153
-0.584474
-0.456452
-0.112623
-0.159117
0.276891
0.384698
-0.248286
-0.164318
-0.191415
0.508010
0.148828
-0.346128
0.118367
-0.220627
-0.140591
-0.055818
0.318100
-0.202916
-0.211174
0.094389
-0.382956
-0.007710
-0.302266
-0.021525
-0.368206
-0.429453
0.035579
-0.051655
-0.046405
-0.057934
-0.122081
-0.416433
-0.145146
-0.149308
-0.142892
-0.019916
-0.103042
0.200115
-0.394390
0.026005
-0.204877
-0.158327
-0.491959
-0.150695
0.173540
-0.268358
-0.183570
-0.086028
0.271883
-0.186286
-0.319640
0.061821
0.091682
-0.038615
-0.497197
-0.057064
-0.402179
-0.197042
0.476745
-0.606044
-0.283073
-0.307371
0.403773
-0.145907
-0.022132
0.185782
-0.263841
-0.096624
-0.099033
0.097470
0.192789
-0.018362
-0.263507
-0.036665
-0.226673
-0.506158
0.017161
-0.280823
-0.295452
0.292766
-0.291173
0.294945
-0.238320
-0.217054
0.013078
-0.271027
-0.093342
0.209538
-0.102606
-0.225494
-0.428311
0.209303
0.124709
-0.487918
0.118830
-0.355438
0.361458
0.066116
-0.501355
-0.125998
0.356780
0.111325
0.339475
-0.490018
0.130716
0.147832
-0.377160
-0.222050
-0.308926
-0.019952
0.056926
-0.115188
-0.029446
0.043392
-0.462105
-0.133782
-0.232152
-0.039320
0.061648
-0.119182
0.196333
0.012814
-0.644236
-0.017818
-0.764094
-0.136817
0.486199
0.293763
-0.262904
0.038294
-0.056539
-0.161620
-0.046054
-0.070183
-0.134800
0.149101
0.156114
0.108728
0.011946
0.072970
-0.090741
-0.151965
0.084500
0.356464
-0.031357
-0.031247
0.121673
-0.709560
0.145990
-0.331834
0.437024
-0.508249
-0.402228
-0.441685
0.178086
0.357921
-0.098292
0.463069
-0.147270
-0.606433
-0.003331
0.286062
-0.203660
-0.158738
-0.055616
0.016968
0.084349
-0.163902
-0.122495
0.079481
-0.346928
-0.405875
-0.073467
-0.351124
0.167192
-0.117583
-0.060143
-0.549879
0.022552
0.156817
0.215720
-0.265206
-0.001028
-0.205254
0.054822
0.064544
-0.180255
0.335537
-0.325149
0.598377
-0.031927
-0.237149
0.050058
0.283737
-0.090668
-0.515007
-0.111818
-0.107414
0.342763
0.032940
-0.400000
0.005892
-0.129510
-0.289717
-0.374881
0.284714
-0.418712
-0.026403
-0.338023
-0.473970
-0.248945
0.266369
-0.065622
0.151299
-0.354098
-0.041005
-0.545464
-0.330482
-0.274769
-0.059343
-0.245148
-0.007720
-0.223836
0.289464
0.131050
-0.394551
-0.529464
0.448233
-0.347305
-0.145684
0.251432
0.046718
-0.011031
0.014152
0.209104
-0.498250
-0.026066
-0.440494
0.018875
-0.251105
-0.438126
-0.449381
0.163797
-0.212638
-0.203998
0.076738
-0.086495
0.230308
-0.352047
-0.152784
-0.509613
0.103008
0.517483
-0.024137
0.197881
-0.305331
-0.094794
0.229156
0.304814
0.460788
0.129917
-0.237622
-0.045291
0.301574
0.127217
-0.032639
-0.107279
-0.303289
0.179863
-0.372421
0.146776
0.234295
-0.087935
-0.610556
-0.159539
0.078718
0.194659
0.095993
0.236337
0.370767
-0.269873
0.017747
-0.338822
-0.122647
-0.209301
0.194799
0.558264
-0.044743
-0.048708
-0.482809
-0.128801
-0.111563
-0.122299
-0.670992
-0.221458
0.021100
-0.154096
-0.016404
0.156008
0.088858
-0.252316
-0.098658
-0.058157
-0.113762
-0.298821
-0.179875
-0.307507
-0.183771
-0.330068
0.251163
-0.544915
0.366297
-0.027430
-0.052694
-0.282734
-0.228191
-0.385596
0.011576
-0.159437
-0.098314
-0.135399
0.288701
-0.479405
-0.388741
0.194468
0.217186
0.022480
-0.062309
0.476572
-0.265708
0.057300
-0.298898
-0.352888
0.121285
-0.166001
-0.194751
-0.204190
-0.122526
-0.077461
-0.407120
-0.018037
-0.415502
-0.152666
-0.405855
-0.415240
0.025999
0.049581
-0.223480
-0.298062
0.094943
-0.013284
-0.046391
0.107032
0.466740
-0.509687
0.263910
-0.274512
-0.057392
-0.005897
-0.256701
-0.051309
0.357529
0.226330
0.006326
0.389195
-0.023064
0.263573
-0.189433
-0.151009
-0.212205
-0.131069
0.140591
-0.097768
0.074791
-0.020450
0.072706
-0.107225
0.350446
0.064593
0.541417
-0.399816
-0.048383
-0.072818
-0.300046
-0.282405
0.215518
-0.358188
0.177653
0.348106
-0.379789
-0.374400
-0.184608
-0.420838
-0.060223
0.008483
-0.057330
-0.055189
0.219329
-0.198659
-0.175516
0.365345
-0.165173
-0.328548
-0.390360
0.383146
0.025813
-0.368162
0.481668
-0.210377
0.194611
0.256314
0.072737
0.460912
-0.188752
0.082245
0.267048
0.251864
0.210438
0.271983
-0.464912
0.000099
0.026462
-0.312550
0.192183
0.490280
-0.048727
-0.552407
-0.397372
0.126129
0.253754
-0.591187
-0.184194
-0.222494
0.185893
0.024306
0.151024
-0.245544
0.413402
0.021542
-0.039898
-0.213073
-0.191468
-0.071101
-0.043034
-0.330325
-0.031568
0.119702
-0.464903
0.545631
0.054063
0.012918
0.172012
0.078065
-0.223377
-0.465317
-0.277175
-0.061524
0.327325
-0.230029
-0.108776
0.013968
0.127190
-0.158335
0.257774
-0.290155
0.404532
0.026762
0.123063
-0.159500
-0.448098
-0.290845
0.329162
-0.251809
-0.015288
-0.194560
0.056803
-0.181170
0.179492
0.063062
0.183007
-0.311670
-0.302680
-0.546971
-0.419428
-0.208954
-0.378187
0.085977
-0.177336
0.290622
-0.104787
-0.357713
0.185506
-0.587442
-0.120645
0.366022
0.081426
0.396899
-0.122060
0.155147
0.011241
-0.136213
-0.405427
-0.357776
0.042268
-0.118246
0.466238
-0.284907
0.055582
-0.024813
-0.137478
-0.086697
0.241432
-0.239005
-0.268139
-0.245374
0.064289
-0.346203
-0.023348
-0.302604
-0.170557
0.079665
0.081819
-0.169341
-0.091227
0.078061
0.217210
-0.100649
-0.225085
-0.245668
-0.125491
-0.062400
-0.069597
-0.114710
-0.185603
-0.152181
0.016882
0.073027
-0.133695
0.039348
-0.272640
-0.437384
-0.116856
-0.309391
-0.183122
-0.605120
-0.207938
-0.087665
0.037373
-0.039534
-0.068616
-0.108755
-0.391776
0.190884
-0.363361
-0.033192
0.379147
-0.436320
-0.072639
-0.106290
-0.319704
-0.430037
-0.506602
-0.122730
0.235073
0.154086
-0.016811
-0.154380
-0.231165
0.211915
-0.318418
-0.046687
-0.528133
-0.394355
0.490126
-0.171294
0.038754
-0.665027
0.020041
0.171824
0.732343
0.392069
-0.184625
0.157240
-0.220069
-0.173756
-0.319220
-0.087217
-0.074307
-0.203102
0.003140
-0.192616
-0.051661
0.212374
-0.410918
-0.625677
-0.224792
-0.247440
0.050492
-0.050157
0.201927
-0.116819
0.275568
-0.641824
-0.128254
-0.029922
0.295204
0.034424
0.226383
0.168271
-0.184968
-0.182419
0.001068
-0.162199
-0.372585
-0.277851
0.091561
-0.151846
0.474241
-0.352475
-0.372532
-0.223717
-0.099914
-0.189544
-0.343251
-0.339267
0.024168
0.021692
0.097578
-0.547730
-0.140835
0.139284
0.018988
-0.011433
-0.090477
-0.324486
-0.089748
-0.492812
-0.419715
-0.708811
-0.273224
0.112220
0.003144
0.460004
0.356438
-0.203409
-0.044200
0.118595
0.226727
-0.207611
-0.466731
0.197899
-0.237295
0.050845
-0.141683
-0.490062
0.462857
0.609926
-0.021921
0.038091
-0.155463
-0.121483
0.051895
0.386284
0.065230
0.181681
0.108757
-0.134534
-0.137755
0.158314
-0.464898
-0.017299
-0.309363
-0.135532
-0.248271
-0.390093
-0.411862
0.090030
-0.299882
-0.410359
-0.082540
-0.585917
-0.217620
0.285536
-0.190071
-0.145548
0.099495
-0.184519
-0.145065
-0.108731
-0.087865
0.261954
-0.350454
0.077185
-0.293811
0.000521
0.175915
-0.165579
0.100494
0.139490
-0.342107
-0.152836
0.547555
-0.358758
0.055013
0.084239
0.468015
-0.312262
-0.311764
-0.148222
0.041316
-0.231186
0.066183
0.416153
-0.308414
-0.225271
-0.021521
-0.045434
0.017861
0.073972
-0.459595
-0.033226
-0.284676
0.198058
-0.256428
-0.269545
-0.436609
-0.202559
0.261177
0.166973
-0.028128
-0.285601
-0.363795
-0.012321
0.256461
-0.091291
-0.290153
0.110671
0.032453
0.392155
0.094785
0.368432
0.530383
-0.199438
-0.140317
0.369184
0.186116
-0.313471
-0.031643
-0.109000
0.300908
0.048626
-0.102645
0.328220
-0.147845
0.052403
-0.648021
0.449126
0.011690
-0.163499
0.059405
0.205197
0.401126
0.067405
-0.567702
-0.543976
-0.191116
-0.053478
-0.176310
-0.150109
-0.074095
-0.213068
-0.358486
0.519670
0.248617
0.504790
0.357733
0.143500
-0.455746
-0.123329
0.155806
0.228731
0.044446
-0.369982
-0.271953
0.164709
-0.048142
-0.366405
-0.116032
-0.418608
-0.088867
0.260833
-0.279747
-0.002079
-0.134810
-0.094917
0.181781
-0.253222
0.012807
-0.324474
0.043447
-0.027060
-0.147205
-0.132889
0.454584
0.257151
-0.409722
-0.011641
-0.271346
0.204572
-0.058733
-0.412060
0.030753
0.148284
0.121841
-0.094500
-0.427375
-0.062791
-0.119324
0.163047
-0.388659
0.325105
-0.121594
0.237998
-0.565282
-0.067016
-0.225902
-0.076255
0.302667
-0.316571
-0.004833
-0.187836
-0.436158
-0.195084
0.088426
0.397981
-0.170818
0.045562
0.186560
0.064720
-0.362284
-0.303559
-0.142976
-0.338556
-0.181250
-0.062736
0.233720
0.412881
-0.076808
-0.132193
0.060489
0.082471
-0.101348
0.356303
0.044259
-0.274605
0.233799
-0.456936
-0.188344
0.400640
-0.433958
0.459637
0.074788
0.228859
-0.125136
-0.135125
-0.131406
-0.181427
0.195374
0.347596
0.244213
-0.106496
0.112324
0.129692
-0.315470
-0.158417
-0.087148
-0.667432
-0.227425
-0.379154
0.252561
-0.343708
-0.054166
-0.070920
-0.219561
-0.600609
0.531812
-0.150287
0.097125
0.416979
-0.308883
0.263883
0.400838
-0.235384
-0.320076
0.083278
-0.261761
-0.230159
-0.075019
-0.235682
-0.305421
0.199472
-0.298925
0.451282
0.243944
0.048597
-0.068310
0.289972
-0.367709
-0.248272
-0.368514
-0.346495
0.062089
-0.440484
-0.398573
0.236953
-0.311326
0.007471
0.109480
-0.335309
0.148938
-0.264957
0.061381
-0.244864
-0.249877
0.027835
-0.042188
-0.224845
0.229075
0.033961
0.007813
0.170620
0.074279
-0.038521
-0.651378
0.261028
0.310590
0.109532
0.123642
-0.222593
0.323883
-0.209591
0.133663
-0.004989
-0.201867
-0.201243
0.525662
-0.197464
0.248821
-0.055436
-0.578513
-0.291595
-0.096136
-0.048587
0.572146
-0.443685
-0.415684
0.466467
-0.079147
0.144313
-0.169807
0.036767
0.338229
-0.457900
-0.181561
0.512204
0.163985
-0.210109
-0.003921
-0.270063
0.155211
-0.314000
0.019453
-0.091580
0.015967
-0.060836
0.054907
0.360723
0.135553
0.082408
-0.034501
0.124088
-0.113551
0.124902
0.123991
0.059754
-0.077229
-0.013005
-0.222808
-0.537089
0.072009
-0.000396
-0.035211
-0.292323
-0.097719
-0.629835
-0.414584
0.177726
-0.484993
-0.360175
-0.208473
-0.357280
0.096901
-0.267249
0.061736
0.119866
-0.381320
-0.234346
-0.029369
0.468407
0.138740
-0.347792
-0.224695
-0.210048
0.097433
0.216591
0.029305
-0.476372
-0.474265
0.222204
-0.315313
0.039164
0.220153
0.328175
-0.257872
-0.124316
-0.057507
0.280148
-0.072564
-0.268195
0.707830
-0.107212
-0.034514
-0.203511
-0.102552
0.159133
-0.027554
-0.573886
-0.013211
-0.473179
-0.105796
0.153848
-0.032256
0.229198
0.069173
0.292867
0.179001
0.430071
-0.729428
-0.248847
-0.147607
-0.208769
0.436298
0.103015
-0.176821
-0.254165
-0.236304
-0.363770
0.042267
-0.626057
-0.179676
-0.890265
0.293374
-0.816519
-0.465742
0.135458
0.205129
0.282275
-0.439346
-0.297098
0.094677
-0.036872
-0.551548
-0.332960
-0.403911
0.132402
-0.323875
-0.192277
-0.093483
-0.033164
-0.400087
0.098994
0.142458
0.464551
-0.128719
0.289832
-0.080418
-0.341503
-0.373169
-0.258504
0.036196
-0.096828
0.038503
-0.011012
-0.275402
-0.414310
-0.013238
-0.585185
-0.558108
0.163892
-0.127915
-0.256943
-0.465310
-0.363710
0.180721
0.109560
-0.059285
0.019934
0.086770
0.263171
0.285864
0.060622
-0.537236
-0.110177
-0.017876
0.120788
0.244891
-0.402125
0.124332
-0.602098
-0.412314
-0.242619
-0.423428
-0.127945
0.044703
-0.172663
-0.026118
-0.414261
-0.419110
-0.020028
-0.228051
-0.556701
-0.135505
-0.065794
-0.169800
-0.346920
0.253469
-0.190689
-0.009943
-0.242627
0.109855
-0.266165
-0.382779
-0.499286
0.132658
-0.512933
0.436162
-0.414102
-0.009091
0.207400
-0.070840
0.482961
-0.120293
-0.012931
-0.079599
-0.138208
0.217550
-0.181164
0.101331
-0.418784
0.514522
-0.125335
-0.141510
-0.156372
-0.273971
-0.562030
-0.016695
-0.011037
-0.141000
0.176307
-0.140693
-0.370549
-0.434618
-0.033685
0.094130
0.030182
-0.389497
0.339631
0.208193
-0.216383
-0.352180
-0.524742
-0.480497
-0.555167
0.031584
-0.364161
-0.313008
0.205611
-0.180940
-0.231312
-0.062140
0.159212
-0.504043
0.053485
0.079452
0.047411
-0.135125
-0.031616
-0.177758
0.181500
-0.151542
-0.517333
0.570436
0.241003
-0.163649
-0.424254
-0.215030
-0.097843
-0.130479
-0.050138
0.244755
0.087571
-0.376161
-0.303706
-0.116294
0.064004
-0.174327
0.203475
-0.041137
-0.412223
0.716509
0.214106
0.030054
-0.040019
0.254715
-0.110544
-0.063080
-0.185539
0.103862
-0.567669
0.093480
-0.293982
-0.167544
-0.280858
-0.148532
-0.376141
0.458640
-0.209657
0.027019
0.265754
0.589950
0.091922
0.290726
-0.474583
0.290109
0.392852
0.030118
-0.259326
0.127222
0.099296
-0.222871
-0.458534
0.027781
0.002315
-0.008284
-0.009642
0.048929
-0.310770
0.242320
0.237719
0.193692
-0.002541
-0.385553
0.562234
0.270491
-0.203265
0.480574
-0.052168
0.108861
-0.184085
-0.378314
0.248513
-0.229875
-0.083747
0.286328
0.244518
0.790237
-0.177536
-0.399531
-0.055749
0.176617
-0.171563
-0.290840
0.088143
-0.254625
-0.304748
0.663662
0.050154
0.001145
-0.033135
-0.396031
-0.019311
-0.512112
0.369585
-0.580740
-0.198713
-0.043300
-0.528006
-0.380336
0.001996
-0.374069
0.008081
0.132341
0.009018
-0.373991
0.051253
-0.127186
0.002349
0.471875
0.387425
0.568753
-0.253570
0.151166
0.335362
-0.091875
-0.063259
-0.425522
0.457495
0.447486
-0.377668
0.033439
-0.333023
-0.052646
0.141734
-0.105119
-0.109934
0.042726
0.432977
-0.061848
0.385204
0.115799
0.179880
-0.046281
-0.013527
0.059422
-0.406000
-0.263043
-0.051093
-0.153992
-0.026676
-0.173859
0.007931
-0.205012
0.492538
0.000350
0.148798
-0.571605
-0.102758
-0.077224
0.152025
-0.627240
-0.342107
0.305662
0.160794
0.537005
-0.692532
-0.081874
0.555311
-0.325804
-0.127709
-0.334656
-0.330495
0.116825
-0.417587
-0.225642
-0.070030
-0.189340
-0.369917
0.184934
0.432507
-0.101368
-0.190764
0.345866
-0.756438
0.063298
0.214211
-0.261893
0.170299
-0.359041
-0.503661
-0.237042
0.030070
0.383945
-0.059941
0.094521
0.008274
-0.318491
-0.383935
0.043958
-0.385966
-0.529943
-0.296673
0.235991
-0.042872
-0.008063
-0.054269
0.174759
0.309226
0.216103
-0.082609
0.253804
-0.327717
0.151720
-0.161777
0.438734
0.223627
0.015570
-0.392803
-0.228443
0.172053
0.401783
0.068778
-0.400172
-0.151841
0.024213
0.019258
-0.151761
0.110049
-0.065214
-0.381647
-0.209621
-0.343696
-0.355198
-0.028122
-0.068239
-0.064849
0.010633
-0.410331
-0.222640
0.204416
0.384029
-0.285663
-0.191090
-0.282793
0.134223
0.028607
0.197998
-0.159524
-0.205200
-0.601014
-0.230709
0.182883
-0.158002
0.229464
0.054534
0.314604
-0.538030
-0.256239
0.421882
-0.409029
-0.371549
0.542605
0.097771
-0.563418
0.097948
0.072007
0.178116
0.333833
0.053380
0.047090
0.267636
0.334249
0.086622
-0.305710
0.011185
-0.581755
-0.182673
-0.282720
-0.307752
0.057836
0.034100
-0.485370
-0.284202
-0.362324
0.135168
0.045247
0.027650
-0.196501
-0.206931
0.498304
0.109766
0.056299
-0.710330
-0.311996
-0.162793
-0.354745
0.186354
-0.012940
-0.383469
0.023111
0.207111
-0.593376
0.134829
0.176344
0.349560
0.002845
-0.318938
-0.450731
-0.167007
0.096628
-0.191149
0.145007
-0.130619
0.141149
-0.038109
0.060296
0.156406
-0.492974
0.089611
0.102832
-0.121957
0.431586
0.043049
-0.083444
0.032918
0.385991
-0.315244
0.214729
0.174414
0.098095
-0.263455
-0.205526
-0.087746
-0.231059
-0.006426
0.055107
0.027292
0.320026
0.039939
-0.371638
-0.155359
0.431589
-0.257056
-0.486315
-0.022507
0.309930
-0.310488
-0.285753
0.042917
-0.109139
0.216778
0.180196
-0.058091
-0.266509
-0.023503
0.047889
-0.640583
-0.217872
-0.007762
-0.342322
0.050881
0.106133
-0.177612
0.042015
0.041415
0.100608
0.125604
0.028585
-0.140236
0.145640
-0.443285
-0.037840
0.200724
0.058455
-0.516553
-0.307483
-0.168996
-0.061970
-0.447989
-0.090393
-0.120557
-0.109343
-0.371177
0.153032
-0.066025
0.282202
0.471593
0.090756
-0.064920
-0.058064
0.187675
-0.530603
-0.353344
-0.309035
-0.326137
-0.009291
-0.011959
-0.095599
-0.475190
0.352503
-0.102227
-0.159139
-0.011035
-0.192262
-0.520109
0.017154
-0.174368
0.074449
0.086261
0.401805
0.119199
-0.016758
0.076642
0.263601
0.088220
-0.226218
-0.089896
-0.451966
0.200751
0.748154
0.245364
-0.363156
-0.256387
-0.180413
0.226546
0.064284
0.175586
-0.628885
-0.755156
0.039643
-0.369504
-0.226457
-0.173681
-0.300238
-0.080270
-0.078627
-0.380133
-0.287830
0.060779
0.238125
-0.405498
0.005773
0.183629
0.068788
-0.037614
0.092693
0.078034
-0.016595
-0.604478
0.225662
-0.051542
0.012128
0.158584
-0.024267
-0.097437
-0.301653
0.284826
-0.214700
0.193472
0.204955
0.269619
-0.152613
0.003879
0.060862
0.282023
-0.280378
-0.566690
0.337349
0.428846
0.334594
-0.271898
-0.055447
0.000438
-0.592190
-0.433947
-0.291500
-0.107822
-0.807405
0.075391
0.145901
0.198195
-0.762148
-0.439746
0.269802
-0.374256
0.136038
0.273122
-0.115427
0.271393
-0.664139
-0.017671
-0.324085
0.141814
0.285513
-0.184899
0.253325
-0.131838
-0.027566
0.149405
-0.385063
0.054280
-0.087970
-0.141316
-0.332586
-0.066274
0.512241
-0.246296
-0.209656
-0.227590
-0.116845
-0.204126
0.344760
0.341563
-0.354384
0.025004
-0.479600
0.530435
-0.095865
-0.121258
0.248967
-0.064637
-0.173408
0.264159
-0.204184
-0.067077
0.282201
-0.091434
-0.045853
-0.271728
-0.107583
-0.037148
-0.021582
0.275584
-0.311578
-0.291063
-0.736098
-0.294900
0.036737
-0.360939
0.080236
0.127824
0.224440
0.098814
-0.506874
-0.116800
0.349400
0.349329
0.076094
-0.283622
0.579936
-0.481227
-0.554193
-0.692769
-0.121132
-0.264881
0.038740
0.164998
0.078980
0.499847
0.287423
-0.363407
0.115933
0.357960
-0.092473
-0.064992
-0.140934
-0.350594
0.006120
-0.456889
-0.127120
-0.122613
-0.589391
-0.153447
-0.259389
0.304629
0.206370
-0.255993
-0.223203
-0.225011
0.178763
0.119452
-0.085063
-0.098993
0.283976
0.322381
0.080941
0.319235
-0.377111
0.206501
0.293579
-0.406057
-0.304334
0.048364
-0.266876
0.191455
0.071703
-0.234526
-0.029626
-0.155850
-0.118509
-0.495421
-0.102873
-0.254640
0.312568
0.311312
0.083702
-0.533569
-0.057784
0.214234
-0.010304
-0.130288
0.145211
-0.442158
-0.356152
0.056109
-0.115004
-0.322059
0.055172
0.142338
-0.289290
0.279245
0.052789
-0.078776
-0.333709
0.078444
0.421846
0.337070
-0.166640
-0.147522
-0.068645
-0.216982
-0.490328
0.047753
-0.260142
-0.305753
-0.515973
0.263699
-0.298849
-0.045772
-0.228070
0.488359
0.174218
-0.526578
0.008676
-0.275000
-0.389627
-0.174544
-0.484661
0.045417
-0.011109
-0.264275
0.117392
-0.034240
-0.066362
0.485125
-0.225523
-0.052938
-0.145823
-0.076639
-0.090148
-0.295899
-0.129324
-0.230703
0.363556
-0.027954
-0.012055
-0.216470
-0.322230
-0.172583
-0.285090
0.383149
-0.004874
-0.322623
0.391493
-0.056420
0.103882
-0.077778
0.156027
0.430836
-0.121618
0.173685
-0.177257
-0.371201
0.187149
-0.293238
0.110556
-0.097332
0.303130
0.100564
0.274115
0.367565
-0.137998
0.415244
0.033055
-0.105106
0.058227
0.189763
-0.466973
0.064907
-0.058537
-0.109218
0.300361
0.254904
0.099463
0.255766
0.502532
-0.297044
0.156031
-0.234446
-0.159074
-0.154759
-0.056999
-0.461512
-0.319832
-0.047720
0.150784
0.238814
-0.113278
0.182619
0.301557
-0.546141
-0.460248
-0.039920
-0.044768
-0.179182
-0.493985
0.169122
-0.415038
0.469533
-0.109666
0.022935
-0.385569
-0.072905
0.099043
0.169340
-0.162638
0.569406
0.134921
0.016302
0.076361
-0.039485
-0.281124
0.208414
-0.213827
-0.617642
-0.481790
-0.171368
0.253574
0.166677
0.013624
-0.067377
0.194913
0.137886
-0.402371
0.091592
-0.043188
-0.189581
0.004437
0.026212
-0.114104
0.125582
0.499687
0.004533
-0.079616
-0.112817
-0.043691
0.506912
-0.018389
-0.411649
0.411408
-0.083916
0.168583
-0.412975
-0.001480
-0.513300
-0.559530
-0.398129
-0.022891
-0.041378
-0.123406
-0.147461
0.118347
-0.132846
0.462880
-0.308276
0.023285
-0.488381
-0.240025
-0.307649
-0.505560
0.146026
0.287178
-0.049668
-0.144189
-0.002107
0.017923
-0.358330
-0.008511
-0.267572
0.061470
-0.147104
0.100221
0.026119
-0.300806
-0.090260
-0.115388
-0.106115
-0.203031
0.406244
-0.237319
0.188313
-0.185575
-0.009295
-0.184208
0.190520
-0.106276
0.510815
-0.439975
-0.057149
-0.268051
-0.189688
0.189936
-0.206937
-0.397425
-0.334030
-0.284990
0.093369
-0.452394
0.069543
0.182122
-0.171303
0.087277
0.087276
0.278321
-0.074215
-0.216541
-0.150909
-0.150341
0.060747
0.241234
-0.174023
-0.126050
-0.108982
0.187412
-0.220167
-0.435690
0.043563
-0.210444
-0.144982
0.204306
-0.217335
0.585649
0.079675
-0.128566
-0.322426
-0.420815
0.297898
-0.412826
0.090794
-0.423889
-0.158628
0.083366
-0.207113
-0.329919
-0.399180
0.218186
-0.275052
-0.057051
0.428076
0.491644
0.301631
0.332616
0.066975
0.356555
-0.280929
-0.152093
0.449002
-0.075882
0.333824
0.535036
-0.240216
0.061563
0.387483
0.083697
-0.616046
0.219576
-0.465348
-0.346806
-0.200197
-0.594887
-0.138139
-0.379724
-0.317195
-0.200660
-0.097922
-0.186369
-0.084910
-0.083984
-0.625437
-0.467700
-0.498535
-0.225607
-0.535188
0.090797
0.148316
-0.370241
-0.507187
0.135765
-0.297338
-0.259379
-0.223481
-0.059732
0.312091
-0.228407
-0.126273
-0.159491
0.196124
-0.153612
-0.261138
-0.256424
0.250181
0.016822
0.023919
0.057780
0.125266
0.178382
-0.377655
0.003750
-0.103030
-0.210585
-0.528731
0.016233
0.051246
0.013344
0.144207
-0.563474
0.640197
-0.202582
0.203140
0.218393
-0.124401
-0.064312
-0.023225
0.317307
-0.004830
-0.319890
0.286593
0.282174
-0.017214
0.408848
-0.175780
-0.170734
-0.134191
-0.147114
0.100603
0.392472
0.012127
-0.066404
-0.219261
0.332156
-0.165427
0.027586
-0.298941
0.296539
0.196964
0.080606
-0.322870
0.025486
-0.081288
0.356302
-0.051163
0.365575
0.349996
-0.422431
0.065495
-0.301999
-0.075591
-0.219845
-0.079512
0.018514
0.168293
0.208413
-0.094991
-0.518439
0.275867
-0.553534
-0.427439
0.017398
-0.102501
-0.467880
-0.426163
-0.089211
-0.394393
-0.158767
-0.242220
0.084822
-0.688422
-0.126628
0.003993
-0.311337
-0.083532
0.218683
-0.524737
-0.228606
0.261200
-0.206270
0.076360
0.110297
-0.330319
-0.206166
-0.235340
-0.381786
0.184628
-0.289375
0.169900
-0.178924
0.379645
0.072106
-0.070017
0.003237
-0.549761
0.097408
-0.163592
-0.397332
-0.370423
-0.244735
-0.159200
-0.190370
0.278732
0.065692
-0.044230
0.265043
-0.153765
0.185139
-0.209470
0.341504
0.020903
0.032135
-0.648954
-0.093866
0.030493
-0.068665
0.034539
-0.177924
-0.059537
-0.176070
0.334092
-0.064391
0.141426
-0.245598
0.044393
-0.014595
0.041599
0.260813
-0.409274
-0.550300
0.524636
-0.458817
0.123961
0.404021
-0.177339
-0.004230
-0.026208
-0.129208
-0.006758
-0.076336
