-0.133848
0.020280
-0.166722
0.071929
-0.130671
-0.081835
-0.064332
0.087423
-0.096886
0.028708
-0.205861
-0.109241
0.014088
-0.015939
-0.059722
-0.024652
-0.121620
-0.126184
-0.172667
-0.051136
-0.033154
-0.156747
-0.109319
-0.051395
-0.064625
-0.019216
-0.162569
-0.027562
-0.024279
-0.172822
-0.107475
-0.061026
-0.086033
-0.065540
0.027987
-0.087669
-0.123780
0.014027
-0.064195
0.000604
-0.033948
-0.041841
-0.086656
-0.017442
-0.089394
-0.060041
-0.033648
-0.121957
-0.084990
-0.011638
-0.093006
-0.131468
-0.158088
-0.001505
-0.055596
-0.072441
0.004691
-0.049127
-0.097275
-0.100314
-0.036794
-0.109528
-0.053771
-0.055145
-0.098648
-0.079584
-0.010534
-0.043296
-0.072188
-0.077081
-0.170426
-0.112600
-0.101100
-0.115865
-0.034786
-0.086628
0.026856
-0.068595
-0.096513
-0.099566
-0.094563
-0.135574
-0.120442
-0.026760
-0.081004
-0.039346
-0.176694
-0.052643
-0.066916
-0.106014
-0.120348
-0.056056
-0.083820
-0.098622
-0.057437
-0.085852
-0.041077
-0.063229
-0.001927
-0.030014
-0.055786
-0.060467
-0.008456
-0.110539
-0.056943
-0.109833
-0.036818
-0.062387
-0.116647
-0.215288
-0.108579
-0.011664
0.013256
-0.103848
-0.080928
0.024250
-0.090102
-0.147902
-0.096094
-0.163198
-0.184610
-0.092142
-0.076474
-0.117517
-0.070939
-0.082070
-0.176772
-0.018595
-0.175138
-0.091002
-0.015365
-0.148523
0.043939
0.050322
-0.121560
-0.022471
-0.095436
-0.178609
-0.065459
0.019351
-0.049972
0.032957
-0.064001
-0.040554
-0.011712
-0.154170
-0.083295
-0.025005
0.011841
-0.125956
-0.140602
0.002816
0.020278
-0.077573
-0.035982
-0.061654
-0.069642
-0.063941
-0.021514
-0.091688
-0.047519
-0.091889
-0.129571
-0.108642
-0.062625
0.001890
0.032185
-0.133524
-0.070319
-0.109037
0.024389
-0.055806
-0.004890
-0.165131
-0.016566
-0.018530
-0.093747
-0.069971
-0.018751
-0.108499
-0.022949
-0.085695
-0.135025
0.036726
-0.016097
-0.097474
-0.113316
-0.121246
-0.047216
-0.064638
-0.039808
-0.073326
-0.115635
-0.027126
-0.062710
-0.070666
-0.105976
-0.068975
-0.098362
-0.038070
-0.060435
-0.140106
-0.091035
0.024607
-0.135929
0.011860
-0.095560
-0.080567
-0.001313
-0.059305
-0.129796
-0.064096
-0.097214
0.027204
-0.033852
-0.109476
-0.124984
-0.083849
-0.055082
-0.128670
-0.101066
-0.034520
-0.086734
-0.018231
-0.141891
-0.021399
-0.023271
-0.052006
-0.044752
-0.025073
0.012402
-0.131481
-0.025018
-0.062384
-0.172544
-0.111403
0.075750
-0.005540
-0.100568
-0.004470
0.048934
-0.222978
-0.020031
-0.051648
-0.099679
-0.083382
-0.048376
-0.014954
0.000401
-0.159991
-0.076308
-0.035977
-0.031787
-0.023866
-0.141460
0.014618
-0.143950
-0.091864
-0.035962
-0.074519
-0.090346
-0.105714
-0.113657
-0.002536
-0.100717
-0.065662
-0.066681
-0.078635
0.153129
-0.028753
-0.053000
-0.105257
-0.034206
-0.081512
0.022551
-0.069320
-0.050797
-0.062825
-0.006282
-0.141941
-0.021430
-0.146162
-0.134403
-0.084836
-0.033705
-0.088911
-0.156931
-0.161404
-0.034474
-0.010668
-0.036598
0.002850
-0.000887
-0.053082
-0.018856
-0.014198
-0.085038
0.003287
-0.004275
-0.148449
-0.073642
-0.081933
-0.124881
-0.036862
-0.061837
-0.120824
-0.097995
-0.071558
-0.105168
0.021222
-0.105941
-0.119378
-0.116187
-0.027885
-0.181919
-0.150069
-0.130054
-0.116809
-0.002804
-0.074218
-0.079152
-0.033427
-0.014440
-0.118503
-0.090165
-0.057178
-0.159530
-0.183637
-0.075205
-0.138647
-0.089566
-0.016579
-0.076642
-0.060989
-0.025717
0.078549
-0.134368
-0.080527
-0.037274
-0.004863
-0.030980
-0.121948
0.025784
-0.026845
-0.077817
-0.031006
-0.081970
-0.116941
-0.108391
-0.053794
-0.154484
0.010734
-0.086548
-0.078600
-0.083903
-0.136731
-0.036999
0.057996
-0.134299
-0.131369
-0.029166
-0.063221
-0.093068
-0.103784
-0.074553
-0.009575
0.041092
-0.131896
-0.080656
-0.082816
-0.117907
-0.052324
-0.087961
-0.129187
-0.013888
0.028329
-0.031515
-0.042311
-0.161210
0.012240
-0.077643
-0.082307
-0.110487
-0.056066
-0.150899
-0.014560
-0.078865
-0.101377
-0.081880
-0.119065
-0.085557
-0.019643
0.042514
-0.153420
-0.021611
-0.073223
-0.037729
-0.086937
-0.190196
-0.085899
-0.115804
-0.026455
-0.153729
-0.110898
-0.005228
-0.065121
-0.024873
-0.007086
-0.086255
-0.158045
-0.084982
-0.045620
-0.040214
-0.091447
-0.031099
-0.058393
-0.057870
-0.121665
-0.192809
-0.054222
-0.138349
-0.027817
-0.092341
-0.073685
-0.065304
-0.064958
-0.151401
0.029492
-0.095039
-0.112898
-0.075161
0.012883
0.032718
-0.202299
-0.094479
-0.008002
-0.086586
0.001101
-0.025958
-0.043007
0.022252
-0.114665
0.003444
-0.044300
-0.155074
-0.055228
-0.110693
-0.074865
-0.075446
-0.085567
-0.089061
-0.027492
-0.020141
-0.096885
-0.080212
-0.018080
-0.128882
-0.103406
-0.076915
-0.204568
-0.079350
-0.038989
-0.019898
-0.139902
-0.090833
-0.051262
-0.166484
-0.023553
-0.101826
-0.092636
-0.082061
-0.039581
-0.002054
-0.042166
0.010691
0.010422
-0.142873
-0.090865
0.010671
-0.085662
-0.000987
-0.122823
-0.212959
0.004229
-0.101051
-0.119696
0.087720
-0.012235
-0.079107
0.024326
-0.214525
-0.058677
0.077387
-0.177830
-0.082375
-0.021669
-0.078587
-0.081781
-0.023628
-0.053007
-0.119771
-0.073588
-0.038557
-0.047587
-0.031794
-0.029664
-0.135698
-0.067357
0.052390
-0.111156
-0.069230
0.011991
-0.122046
-0.018218
-0.010408
-0.035256
-0.045951
-0.036948
-0.111868
-0.029570
-0.106704
-0.119601
-0.075240
-0.022725
-0.131520
-0.048589
-0.083592
-0.200723
-0.121828
-0.107873
-0.040844
-0.011358
-0.060177
-0.087638
0.022525
-0.111147
-0.165306
-0.088581
-0.148060
-0.065460
0.013405
0.002925
-0.012069
0.038869
-0.031463
-0.100763
-0.094509
-0.075277
-0.165936
-0.145212
-0.111082
-0.044287
-0.103965
-0.140293
-0.006942
-0.072405
-0.161994
-0.042182
-0.111658
-0.074987
-0.084784
-0.122245
0.002263
-0.063410
-0.067781
-0.090271
-0.066852
-0.117997
-0.107842
-0.047312
-0.098666
-0.008509
-0.249463
-0.178711
-0.077662
0.014733
-0.071849
-0.045862
-0.011256
0.007652
-0.028707
-0.122588
-0.132524
-0.091239
-0.057121
-0.127998
-0.075568
0.016580
-0.062313
-0.056422
-0.129188
-0.121523
-0.119483
-0.077993
-0.047316
-0.040719
-0.023088
-0.032474
-0.028383
-0.194744
-0.014755
-0.132298
-0.066244
-0.193516
-0.128557
-0.113450
-0.066574
-0.128455
-0.129388
-0.096664
-0.122229
-0.094160
-0.170646
-0.072758
-0.209792
-0.028030
-0.015408
-0.095256
-0.207045
-0.127715
-0.111778
-0.113006
-0.092077
0.011513
-0.012462
-0.012251
-0.012341
0.012091
-0.040697
-0.099332
-0.046450
-0.133995
-0.063108
-0.024201
-0.000950
-0.053907
-0.019610
-0.047981
-0.134158
-0.092953
-0.054394
0.018432
-0.092698
-0.079755
-0.098049
-0.107887
-0.138510
0.042445
-0.025446
-0.104180
-0.114655
-0.099016
-0.154648
-0.038838
-0.133877
-0.066757
-0.126479
-0.121062
-0.020165
-0.199274
-0.157416
-0.149887
-0.115218
-0.003067
-0.085843
-0.048055
-0.096711
-0.186390
-0.047539
-0.115973
-0.106652
-0.013904
-0.092519
-0.040013
-0.092052
-0.003911
-0.008111
-0.086043
-0.116357
-0.079665
-0.112706
-0.109247
-0.058679
-0.076733
-0.040863
-0.168121
-0.121812
-0.037784
-0.125867
-0.090428
-0.007130
-0.150379
-0.115918
-0.018922
0.039445
0.007816
0.053621
-0.027445
-0.112965
-0.044764
-0.042079
-0.187124
-0.149972
-0.079203
-0.057836
-0.047867
-0.100267
-0.043586
-0.009875
-0.097289
-0.123602
-0.092735
-0.033779
-0.131502
-0.147471
-0.076189
0.070254
-0.026182
0.027173
-0.054238
-0.202460
-0.181822
-0.115683
-0.072789
-0.026869
-0.045346
-0.029927
0.021931
-0.142617
0.017778
-0.097336
-0.128898
-0.092851
-0.087735
-0.137074
-0.069970
0.066235
-0.121177
0.062750
-0.043335
-0.054021
-0.020770
-0.002317
-0.028754
-0.047070
-0.151339
-0.091533
0.014851
-0.000385
-0.150295
-0.039692
-0.041565
0.006257
0.009293
-0.057530
-0.024742
-0.107780
-0.066733
-0.076994
-0.124402
-0.016318
-0.010754
-0.058734
0.021481
-0.074119
-0.215981
-0.011819
-0.113164
-0.054571
-0.114067
-0.004473
-0.152769
-0.079264
-0.084573
-0.045745
-0.080294
-0.144991
-0.058007
-0.053981
-0.064244
0.001328
0.037243
-0.140460
-0.138916
-0.120262
-0.125294
-0.154396
-0.100260
-0.053743
-0.049144
-0.001545
0.022898
-0.116142
-0.131270
0.041818
-0.133123
-0.035877
-0.169784
-0.135504
-0.092473
0.056887
0.056251
-0.065798
-0.203784
-0.156962
-0.054865
-0.098975
-0.071563
0.015312
-0.015453
-0.080817
-0.054666
-0.015603
-0.103751
-0.040727
-0.144027
-0.165311
-0.139767
-0.145945
-0.145692
-0.033911
0.013971
-0.054448
-0.049968
-0.034452
-0.123308
-0.108330
0.076253
-0.054139
0.001184
-0.037012
-0.014781
-0.082059
-0.117435
-0.047601
-0.083824
-0.150418
-0.007352
0.016428
0.018575
0.024150
-0.042858
-0.010700
-0.056500
-0.099412
-0.084477
-0.034518
-0.101625
-0.045169
-0.089471
-0.029450
-0.015071
-0.040749
-0.212541
-0.022081
-0.035608
-0.053302
-0.140422
-0.014786
-0.121115
-0.157495
-0.161351
-0.054219
-0.033001
-0.126711
0.005247
-0.063831
-0.081648
-0.121533
-0.132318
-0.050159
-0.035506
-0.108062
-0.163873
-0.066276
-0.087796
-0.062987
0.002469
-0.146868
0.059664
-0.017171
-0.116907
-0.102992
-0.108767
-0.068239
-0.041010
-0.126395
-0.034180
-0.173407
-0.084409
-0.087099
-0.072873
-0.142855
-0.060150
-0.089262
-0.080519
-0.122919
-0.031241
0.029969
-0.175343
-0.160134
-0.021728
-0.109542
-0.036646
-0.153441
-0.091367
0.030952
0.025257
-0.004117
0.052265
-0.053132
-0.079460
-0.136899
-0.213244
-0.098451
-0.077661
-0.019266
-0.067535
-0.088334
-0.071210
-0.003812
-0.053232
0.003089
-0.132673
-0.049968
-0.042855
-0.070999
-0.018350
-0.087599
-0.059480
-0.057087
-0.151521
-0.069012
-0.121709
-0.217805
-0.021029
-0.017490
-0.026565
-0.014966
-0.105195
-0.014347
-0.021527
-0.044169
-0.049062
-0.073845
-0.206818
-0.060043
-0.150174
-0.133277
-0.137734
-0.008372
-0.037257
-0.070029
-0.110857
-0.144182
-0.074095
-0.145379
-0.117569
-0.075254
-0.160818
-0.102099
-0.109495
-0.071555
-0.210259
-0.059327
-0.188439
0.006446
-0.121990
-0.156885
-0.142905
-0.020675
-0.168164
-0.167894
-0.145917
-0.094697
-0.054051
-0.163955
-0.078228
-0.092278
-0.029631
-0.098502
-0.052171
-0.055078
-0.081020
0.027522
-0.216142
-0.070533
0.060434
-0.032374
-0.203784
-0.194379
-0.189788
0.030567
-0.042296
-0.066283
-0.040080
-0.246213
-0.026707
-0.088080
0.022186
-0.172553
0.039086
-0.127156
-0.071725
-0.120135
-0.084597
-0.079186
-0.028990
-0.161582
-0.083541
0.004693
-0.085832
-0.031805
0.011865
-0.135082
-0.093311
-0.038367
-0.172580
-0.034486
-0.028069
-0.131898
-0.110722
-0.022514
0.042307
0.042669
-0.092204
0.000299
-0.064214
-0.057657
-0.043289
-0.049864
0.030517
-0.046825
-0.058843
-0.085503
-0.095868
-0.089772
-0.091491
-0.143633
-0.092799
-0.055493
-0.076942
-0.066816
-0.092207
-0.121790
-0.041195
-0.010634
-0.040523
-0.062068
-0.046057
-0.097128
-0.124096
-0.076429
-0.077263
-0.058962
-0.033293
-0.026985
-0.038223
0.006388
-0.032685
-0.085440
-0.025588
-0.028915
-0.076204
-0.194931
-0.021609
-0.159503
-0.089329
-0.105342
-0.126620
-0.084274
-0.009568
-0.084013
-0.033382
-0.098085
-0.065873
-0.010946
-0.082592
0.040668
-0.111508
-0.033776
-0.090270
-0.179007
-0.032138
-0.055388
-0.174435
-0.105224
-0.163923
0.018956
-0.088768
0.019993
-0.098135
-0.115258
-0.102720
-0.155746
0.018944
-0.002809
-0.122145
-0.076565
-0.076625
0.076315
-0.155622
-0.194429
-0.015441
0.009168
-0.148674
-0.081108
-0.059058
-0.147765
0.025590
-0.035568
-0.112045
-0.069146
-0.044774
0.055653
-0.092084
-0.116407
-0.110541
-0.073562
-0.097648
-0.001389
0.156096
-0.014123
-0.091411
0.062328
-0.077355
-0.194743
-0.105895
-0.123168
-0.179260
0.011811
0.040603
-0.083889
-0.130568
-0.126002
-0.098423
-0.090185
0.000443
-0.065638
-0.115191
-0.032928
0.000679
-0.023520
-0.169755
-0.012997
-0.084820
-0.097860
-0.151729
-0.158033
-0.094405
-0.063442
-0.106500
-0.047841
-0.000933
-0.181759
-0.069216
-0.064963
-0.082700
-0.095391
0.049051
-0.132029
-0.067266
-0.133706
-0.144474
0.012761
-0.095511
-0.101001
-0.025912
-0.112857
0.016678
-0.095795
-0.086043
-0.090551
-0.077795
-0.029922
-0.050206
-0.085009
-0.065406
-0.007057
-0.138474
-0.103939
-0.049038
-0.020641
-0.077116
0.059038
-0.000981
-0.031401
-0.079328
-0.096319
-0.025794
-0.116907
-0.110363
-0.034590
-0.114161
-0.115985
-0.044247
-0.011834
-0.014472
-0.053880
-0.064113
-0.058930
-0.061721
-0.047911
-0.052989
-0.016057
0.027583
-0.028361
-0.148033
-0.113724
-0.077038
-0.008703
-0.169633
-0.081118
-0.019371
-0.073558
0.029093
-0.061835
-0.010344
-0.057881
-0.030422
0.065679
-0.022033
0.034352
-0.047252
-0.090225
-0.028525
-0.172141
-0.155494
-0.020258
-0.117482
-0.006162
-0.084978
-0.113851
-0.096966
-0.024441
-0.013750
-0.037806
-0.041708
-0.129427
-0.147105
-0.059662
-0.089695
-0.101909
0.021744
-0.091748
-0.108813
-0.178714
-0.154238
-0.166166
0.015400
-0.128012
-0.071154
-0.129142
-0.054373
-0.104129
-0.029067
-0.077745
-0.114001
-0.088001
-0.103906
0.034006
-0.057200
-0.129004
-0.079370
-0.169373
-0.149132
-0.035694
-0.037722
-0.031812
-0.172385
-0.100149
-0.056154
-0.033080
-0.076255
-0.057366
-0.104782
-0.008745
-0.015088
-0.123693
-0.063733
-0.153723
-0.017534
-0.014238
-0.088459
0.022747
-0.012122
-0.162596
-0.024308
-0.173958
-0.080988
-0.125948
-0.055100
-0.026884
-0.163640
-0.107412
-0.113650
-0.118971
-0.080699
0.019824
-0.103483
-0.051668
-0.111117
-0.138301
-0.125020
-0.070468
-0.034087
-0.072132
-0.060819
-0.031438
0.007070
-0.115147
-0.053763
-0.142065
-0.149362
-0.017379
-0.074101
-0.046296
-0.092329
-0.104089
-0.086789
-0.115146
-0.053722
0.008013
0.037621
-0.105332
-0.048266
-0.135913
-0.050222
-0.054459
-0.146874
0.009890
-0.101192
-0.085015
-0.112615
-0.086693
-0.107622
-0.062262
-0.131307
-0.083975
-0.108756
-0.159113
0.088309
0.014665
-0.152039
-0.095064
-0.135385
-0.065284
-0.107918
0.006371
0.054381
-0.050958
-0.055737
-0.046759
-0.045973
-0.076514
-0.067369
-0.149235
-0.059070
-0.067290
-0.106785
-0.073718
-0.045055
-0.038067
-0.142085
-0.117940
-0.095480
-0.070867
-0.022224
-0.102877
-0.007374
-0.054365
0.013669
-0.104627
-0.079830
-0.043306
-0.076137
-0.115793
-0.071640
0.115697
-0.123497
-0.103817
-0.047472
-0.068527
-0.065647
-0.123084
-0.034074
-0.018214
-0.098635
-0.015923
-0.052295
-0.096828
-0.073201
-0.086789
-0.166922
-0.090343
-0.114789
-0.117745
0.043822
-0.061278
-0.062337
-0.057760
-0.138104
-0.074489
-0.057077
-0.115186
-0.123157
-0.074312
-0.040199
-0.035508
-0.037734
-0.045800
-0.048292
-0.024973
-0.123635
-0.069495
0.011681
-0.163672
-0.008699
-0.101886
-0.071390
-0.100735
-0.068154
-0.060090
-0.113912
-0.027864
-0.090932
-0.083100
-0.116593
-0.071033
-0.179088
-0.135694
-0.033643
-0.003956
-0.031475
0.042046
-0.228952
-0.141774
-0.100805
-0.115198
-0.006192
-0.108829
-0.026512
-0.139541
0.028696
-0.097421
-0.025520
-0.065006
-0.070728
-0.092300
-0.193082
-0.072266
-0.174140
-0.071436
-0.055189
-0.025161
-0.041193
0.015332
-0.030725
-0.093467
-0.056868
-0.074485
-0.088079
-0.142687
-0.228465
-0.175433
-0.048124
0.025681
-0.076182
-0.022489
-0.030024
-0.033709
-0.155412
-0.073853
-0.035827
-0.115647
-0.052417
-0.167134
-0.170033
-0.120244
-0.132363
-0.068350
-0.020245
-0.071496
0.016590
-0.039143
-0.120603
-0.088221
-0.030915
-0.193823
-0.110672
-0.006224
-0.116197
-0.108778
-0.095462
-0.158895
-0.036051
-0.037196
-0.052991
0.042917
-0.109920
-0.202237
-0.170504
-0.112594
-0.067751
-0.111168
0.010574
-0.059055
-0.097266
-0.120813
-0.111793
0.049399
-0.053237
-0.158653
-0.024801
-0.082992
0.024555
-0.016526
-0.234056
-0.001475
-0.102527
-0.150372
-0.089301
-0.103363
-0.049952
-0.006251
0.074064
-0.133980
-0.027125
-0.090701
-0.037126
-0.023287
-0.024878
-0.020083
-0.031120
-0.060041
-0.147010
-0.093771
-0.075986
-0.177425
-0.050045
-0.114350
-0.141345
-0.034574
-0.049327
-0.065858
0.032029
-0.043406
-0.075075
0.016975
-0.032719
-0.019510
-0.107447
-0.131847
-0.097286
-0.015265
-0.074795
0.029531
-0.077297
-0.037073
-0.162827
-0.096063
-0.071361
-0.120770
-0.045331
-0.153927
-0.097654
-0.190523
-0.034340
-0.077991
-0.130791
-0.129889
-0.026776
-0.101656
-0.137196
-0.096875
-0.048752
-0.146026
-0.071301
-0.070605
-0.025107
-0.175021
-0.110747
-0.172825
-0.088247
-0.044932
-0.033159
-0.003322
0.031415
-0.059402
0.015411
-0.089148
-0.009891
-0.070089
-0.009395
0.097800
-0.103068
-0.009508
0.095657
-0.110920
-0.013770
-0.111901
-0.016791
-0.171011
-0.199688
-0.099884
-0.138229
0.005687
-0.092175
0.060472
-0.133955
-0.046695
-0.113721
-0.044233
-0.066593
-0.074139
-0.077432
-0.114096
-0.083216
-0.067587
-0.125776
-0.127707
-0.086674
-0.109772
-0.143437
-0.084882
-0.080949
-0.101963
-0.100044
0.070153
-0.055697
0.008110
-0.021728
-0.047294
-0.123715
-0.049961
-0.050274
-0.095606
-0.093934
-0.033322
-0.119726
-0.158582
-0.160541
-0.110546
-0.012949
-0.165054
-0.136871
-0.044788
-0.133424
-0.035268
-0.032652
-0.153202
-0.127545
-0.039669
-0.018146
0.027059
-0.123797
0.024881
-0.067309
0.023522
-0.079976
-0.112450
0.154196
-0.011098
-0.131932
-0.064807
0.004218
0.137124
-0.121568
-0.062773
-0.022204
-0.018427
-0.182431
-0.024651
-0.047520
-0.089739
-0.039755
-0.050651
-0.065821
-0.070152
-0.095213
-0.044651
-0.228915
-0.042751
-0.038752
-0.055365
-0.123975
-0.036724
-0.096199
0.044252
-0.088024
-0.127710
-0.040979
-0.085028
-0.071486
-0.090624
-0.066378
-0.212839
-0.138164
-0.062164
0.041562
-0.122807
-0.022335
-0.097622
0.011332
-0.069425
-0.119353
0.030108
-0.048317
-0.003921
0.013158
-0.036982
-0.108922
-0.095284
-0.087502
-0.052292
-0.070677
-0.045070
-0.081688
-0.080557
0.007342
-0.035283
-0.075750
-0.123539
-0.054679
-0.146042
-0.137263
-0.026232
-0.054693
-0.095218
-0.057439
-0.100827
-0.035746
-0.014558
0.016706
-0.068052
-0.146372
-0.156588
0.040404
-0.189495
-0.034299
-0.182907
-0.100531
0.019853
-0.022473
-0.091893
0.012411
-0.027203
-0.139218
-0.042248
0.029474
-0.157521
-0.076963
-0.065012
0.019760
0.004219
-0.061348
-0.195460
0.030958
-0.129628
-0.043012
-0.188029
-0.030545
-0.072620
-0.138127
-0.176885
-0.054250
-0.079446
-0.097497
-0.010689
-0.069757
-0.093810
-0.004252
-0.108299
-0.135323
-0.032843
-0.015298
-0.069907
-0.076121
-0.098771
-0.141010
-0.104769
-0.158573
-0.098156
-0.118284
-0.059390
-0.085205
-0.079853
-0.065110
-0.090270
0.039731
-0.061892
-0.135265
-0.002483
-0.012650
-0.117198
-0.021722
-0.002004
-0.058388
-0.073851
-0.084665
-0.042424
-0.050943
-0.145541
-0.004371
-0.170647
-0.081091
-0.087013
-0.048046
-0.108681
-0.130493
-0.114568
-0.029177
-0.072251
-0.175069
-0.110118
-0.032578
-0.150534
-0.080245
-0.113221
-0.064204
-0.065750
0.072033
-0.120605
-0.025984
0.006277
-0.207250
0.003609
-0.086696
-0.033895
-0.072903
-0.072820
-0.095165
-0.070717
-0.071664
-0.022865
-0.031577
-0.126475
-0.075005
-0.075797
-0.120451
-0.041088
-0.035817
-0.039528
-0.122428
-0.044712
0.088599
-0.138441
-0.101739
-0.052252
-0.132898
-0.029438
-0.075985
0.001745
-0.016251
-0.071658
-0.053159
-0.071263
-0.166899
-0.044815
-0.058663
-0.155329
-0.036430
-0.152206
0.005753
-0.158143
-0.158074
-0.025433
-0.069411
-0.025977
-0.141776
0.031153
-0.131651
0.016689
-0.096666
-0.145540
-0.127766
-0.137056
-0.035655
-0.094907
-0.072358
-0.012191
-0.046741
-0.039503
-0.061135
-0.169435
0.049857
-0.084863
-0.097836
-0.101524
-0.026110
-0.122180
-0.034253
-0.008289
-0.078771
-0.032625
-0.180552
-0.033129
-0.008588
-0.133378
-0.122550
-0.016945
-0.060134
-0.131725
0.040222
-0.060665
-0.142666
-0.157796
-0.093510
-0.079864
-0.107801
0.027899
-0.129750
-0.047696
-0.047150
0.006581
-0.110652
-0.090661
-0.010925
-0.105498
-0.132427
-0.106303
-0.243124
-0.067219
-0.154999
-0.028401
-0.107197
-0.013876
-0.045310
-0.060063
0.014052
0.007803
-0.065530
-0.203469
-0.129286
-0.030765
0.032049
-0.012225
-0.065083
-0.136956
0.014914
-0.048022
-0.030017
0.001984
-0.146768
-0.113378
-0.104936
-0.029719
-0.073758
-0.140651
-0.043870
-0.142491
-0.025339
-0.046956
-0.090608
-0.039817
0.023624
-0.078572
-0.039767
-0.069369
-0.013467
-0.108267
-0.123706
-0.065589
-0.132110
-0.021706
-0.000053
-0.005240
-0.055921
-0.095819
-0.141434
0.024503
-0.216064
-0.214926
-0.130722
-0.062496
-0.157944
-0.083640
-0.119979
-0.108436
0.010472
-0.131795
-0.047197
-0.047788
-0.141052
-0.164329
-0.132810
-0.057124
-0.094407
-0.005873
-0.083350
-0.063727
-0.052562
-0.117296
-0.107231
-0.078916
-0.085669
-0.129689
-0.082902
-0.124370
-0.004373
-0.041419
-0.096244
-0.101679
-0.101126
-0.131820
-0.181667
-0.172151
-0.119943
-0.057619
-0.024564
-0.086615
-0.041690
-0.061121
0.032817
-0.069835
0.022665
-0.097611
-0.060187
-0.096095
-0.040698
-0.080880
-0.103398
-0.080364
-0.093145
-0.038029
0.020237
-0.067864
-0.089744
-0.031661
-0.157301
-0.017881
-0.061480
-0.110776
-0.092593
-0.151622
-0.011959
-0.092287
-0.048280
-0.033994
-0.163480
-0.160830
-0.098608
-0.114617
0.071283
-0.101897
0.012997
0.025295
-0.091779
-0.096520
-0.080494
-0.027290
-0.191179
-0.021281
-0.132996
-0.089015
-0.021857
-0.018557
-0.104737
-0.050571
-0.122320
-0.111858
-0.067333
-0.121178
-0.100261
-0.060071
-0.109480
0.007729
-0.021654
-0.142847
-0.039611
-0.128618
-0.140213
-0.140421
0.041328
-0.027259
0.025113
-0.131107
-0.098516
0.011265
-0.035205
-0.179325
-0.145946
0.052369
0.017703
-0.027723
-0.138284
-0.038115
-0.070237
-0.042060
0.009852
-0.022208
-0.111533
0.002030
-0.174545
-0.056056
0.046368
-0.098741
-0.022817
-0.038551
-0.092110
-0.149365
-0.131070
-0.008489
0.001115
-0.127053
-0.095308
0.035206
-0.154862
-0.115789
-0.058466
-0.037034
-0.087238
-0.101702
-0.065704
0.027402
-0.027005
-0.100500
-0.139040
-0.109415
-0.095048
0.018696
-0.062991
-0.171485
-0.177645
0.005663
-0.109085
-0.148308
0.097763
-0.062699
-0.078122
-0.043123
0.006011
-0.163635
-0.075795
-0.076460
0.014827
-0.091471
-0.056819
-0.045418
-0.009230
-0.186598
-0.092189
-0.206782
0.009721
-0.054782
-0.214753
-0.004085
-0.091475
0.040455
-0.153466
-0.106757
-0.027787
-0.076007
-0.011220
-0.145841
-0.067035
-0.065171
-0.135500
-0.083134
-0.045019
-0.024387
-0.092782
-0.100171
-0.032146
-0.076363
-0.057671
-0.294612
-0.061294
-0.109055
-0.055592
-0.086898
-0.020951
-0.075896
-0.117243
0.027511
-0.021226
-0.044617
-0.042754
0.034500
-0.021487
-0.186394
-0.175538
-0.009360
-0.168882
-0.105447
-0.045970
-0.213792
-0.115237
-0.017504
-0.071749
-0.115965
-0.089209
-0.030983
-0.181434
-0.082157
-0.035930
-0.003205
-0.114930
-0.086861
-0.177887
-0.085338
-0.082889
-0.068000
-0.013132
-0.108355
-0.061817
-0.113584
0.084412
-0.146771
-0.028607
-0.062188
-0.106976
-0.039304
-0.058355
-0.128577
-0.010147
0.008956
-0.032911
-0.130286
-0.038701
0.011430
-0.084196
-0.214748
-0.085574
0.014629
-0.086866
-0.072799
-0.043756
-0.131366
-0.105075
-0.100173
-0.170957
-0.163702
-0.008832
-0.136770
-0.040002
0.012660
-0.117239
-0.108642
-0.079624
-0.064390
-0.032701
-0.143447
-0.117322
-0.065448
0.047249
0.022484
-0.099811
-0.159718
-0.106839
-0.068975
0.010650
0.007650
-0.038419
-0.016345
-0.036760
-0.026954
-0.108233
-0.018409
-0.109070
-0.102647
-0.061330
-0.029933
-0.106879
-0.143906
-0.036645
-0.029095
-0.011298
-0.051241
-0.013659
-0.061564
-0.025228
-0.100761
-0.026478
-0.133113
0.077591
-0.146698
-0.100612
-0.137097
-0.102619
-0.046294
-0.145007
-0.052457
-0.035354
-0.177850
-0.103244
-0.070742
-0.089051
0.049711
-0.068089
-0.107416
-0.118578
-0.033020
-0.268285
-0.041389
-0.046374
-0.112509
-0.022690
-0.039310
-0.226654
-0.048938
0.009786
-0.055104
-0.021103
-0.105674
-0.032577
0.039222
-0.097624
-0.065544
-0.039369
-0.053995
-0.054343
-0.046002
-0.100967
-0.065273
-0.124433
-0.058390
-0.059523
-0.016677
-0.207724
-0.050516
-0.142880
0.058724
-0.057683
-0.081324
-0.041139
0.052546
0.013089
-0.009277
-0.115677
-0.102403
-0.022580
-0.041233
-0.059868
0.047083
-0.027553
-0.111082
-0.100580
-0.001750
-0.017008
-0.219105
0.030001
0.039319
-0.050802
-0.030461
-0.167919
0.017820
0.015687
-0.116172
-0.031993
-0.195257
-0.002194
-0.035297
-0.161520
-0.009003
-0.093528
-0.023785
-0.075263
-0.092889
-0.060043
-0.104607
-0.081406
-0.055390
-0.012854
-0.063439
-0.045221
-0.048132
-0.136278
-0.028728
-0.136418
-0.045374
-0.178086
-0.118147
-0.065613
-0.125208
-0.064643
0.009613
-0.002208
-0.102795
-0.044177
-0.069861
-0.003259
-0.063197
-0.086247
-0.144230
-0.107859
-0.085339
-0.023296
-0.055220
-0.183106
-0.092588
-0.054081
-0.000216
-0.055711
-0.087871
-0.077414
-0.090244
-0.098216
-0.023069
-0.092763
-0.278975
-0.037483
-0.194609
-0.053999
-0.119023
-0.146247
-0.107290
-0.059691
-0.131588
-0.093138
-0.075888
0.020198
0.068077
-0.006380
-0.171737
-0.009476
-0.128766
-0.131669
-0.202316
-0.096870
-0.032973
-0.068688
-0.104739
-0.066146
-0.128851
-0.043558
-0.043672
-0.145060
-0.044746
-0.055337
-0.136778
0.019309
-0.103123
-0.088226
-0.029825
-0.082593
0.005718
0.051719
-0.229030
-0.105032
-0.054398
-0.070382
0.015052
0.038899
-0.042210
0.008119
-0.023773
-0.092118
-0.057256
-0.010436
-0.079511
-0.009528
-0.139674
-0.068249
0.017266
-0.095254
-0.206534
-0.061076
-0.132185
-0.094255
-0.086448
-0.133251
0.011482
0.031864
-0.141764
-0.134703
-0.104978
0.056838
-0.050463
-0.045157
-0.059015
-0.097952
-0.031330
0.024530
-0.041117
0.044137
-0.110385
0.027255
-0.093221
0.002343
-0.129786
-0.064639
-0.064007
-0.229467
-0.024018
-0.036557
-0.088344
-0.074286
-0.034110
-0.102959
-0.038501
-0.095832
-0.050341
0.031915
-0.093964
-0.008855
-0.107522
0.077148
-0.087421
-0.108448
-0.087033
-0.113858
-0.065111
-0.045629
-0.020190
-0.071099
0.037873
-0.103278
-0.090436
-0.106697
-0.071142
0.046475
-0.033945
-0.090609
-0.082123
-0.098703
-0.040636
-0.019108
-0.091536
-0.024703
-0.035622
-0.001602
-0.033274
-0.144379
0.000399
-0.020215
-0.043037
-0.051745
-0.021121
-0.093185
-0.101895
-0.054039
-0.064958
-0.093591
-0.028086
-0.095116
-0.022584
-0.025384
-0.134654
-0.128801
-0.059543
-0.057747
-0.131795
-0.002626
-0.034573
-0.011157
-0.133680
-0.050074
-0.176818
-0.085222
-0.063873
0.019689
0.024736
0.046224
0.063308
0.044639
-0.034575
-0.051376
-0.059426
-0.052340
0.050761
-0.053025
-0.119662
-0.133684
-0.079676
-0.157127
-0.145223
-0.198370
-0.071531
-0.009804
-0.025951
-0.115605
0.026141
0.012493
-0.013523
-0.153511
-0.000903
-0.128919
-0.047649
-0.123479
-0.147035
-0.052052
-0.006204
-0.040645
-0.173072
-0.220126
-0.016197
-0.111095
-0.098514
-0.059261
-0.115187
-0.050230
-0.025747
-0.051393
-0.035255
-0.101288
0.003508
0.013040
-0.137637
-0.112761
-0.019067
-0.013259
-0.079097
-0.145137
0.002533
-0.091296
-0.115946
-0.117322
0.014666
-0.041527
-0.104297
0.008220
-0.090129
-0.063075
-0.090206
0.015486
-0.118914
-0.156825
-0.102152
-0.003428
-0.071085
-0.082991
-0.062526
-0.039230
-0.098188
-0.077494
0.020294
-0.189280
-0.039198
-0.153557
0.107189
-0.019186
-0.010314
-0.036586
-0.162546
-0.092594
-0.015000
-0.093512
-0.012503
-0.145416
-0.060090
-0.049568
-0.112084
-0.114888
0.023490
-0.071501
-0.130937
-0.113989
0.055681
-0.224825
-0.072306
0.016484
0.027151
-0.103406
-0.014274
-0.015041
-0.018864
-0.161554
-0.036114
-0.095758
-0.068820
-0.086721
-0.075507
-0.006332
-0.036217
-0.060668
-0.072113
-0.141063
-0.120059
-0.130263
-0.033491
-0.203156
-0.002876
-0.115796
-0.126017
-0.026035
-0.136367
-0.017642
-0.004905
-0.066209
-0.030124
-0.042233
-0.082356
-0.057998
-0.126934
-0.082441
-0.136587
-0.038434
-0.052613
-0.005662
0.059089
-0.049341
-0.054105
-0.115844
-0.209094
-0.181085
-0.131093
-0.145328
0.003357
-0.241345
-0.155233
-0.098501
0.073805
-0.085174
-0.009918
-0.019644
-0.055754
-0.175871
0.097086
-0.062476
-0.005045
-0.048787
-0.127321
0.038360
-0.094527
-0.180381
-0.149003
-0.049373
0.028269
-0.239373
-0.097233
-0.175508
-0.128730
-0.038474
-0.160833
-0.026120
-0.026876
-0.048949
-0.102991
-0.130188
-0.040064
-0.025708
-0.212905
-0.030652
-0.018476
-0.126208
-0.021132
0.009112
-0.063550
-0.176204
-0.119785
0.029249
-0.074583
-0.109092
-0.034006
-0.127061
-0.114990
-0.079756
-0.080139
-0.061861
-0.102312
-0.071456
0.000357
-0.047847
0.005589
-0.084422
-0.179722
-0.052527
-0.125364
-0.168621
-0.035410
-0.037923
-0.091604
-0.025350
-0.048319
0.033964
0.043452
-0.063530
-0.066181
-0.187035
-0.045568
-0.102776
-0.051752
0.008162
-0.006977
-0.123777
-0.090700
0.013897
-0.058689
-0.070668
-0.074036
-0.085374
0.035132
-0.074113
-0.122616
-0.214738
-0.042075
-0.125465
-0.080548
-0.024569
-0.012307
-0.158531
-0.016214
-0.008478
-0.066256
-0.072533
-0.045256
-0.108101
-0.171899
-0.148843
-0.253686
-0.170649
-0.007140
-0.050210
-0.157059
-0.077553
-0.064863
-0.096301
-0.128246
-0.059633
-0.037218
-0.116727
-0.047688
-0.113360
-0.098692
-0.049098
-0.132637
-0.121556
-0.161072
-0.070315
-0.069514
-0.076494
-0.077179
-0.103355
-0.100810
-0.092571
-0.048337
-0.115733
-0.123795
-0.032350
-0.075215
-0.032066
-0.113815
-0.098891
-0.098854
-0.042057
-0.033422
-0.091853
-0.136210
-0.074090
-0.036762
-0.001489
-0.019132
-0.052692
-0.045273
-0.103244
-0.172216
0.084309
-0.115543
-0.131817
-0.070988
-0.006418
-0.174940
-0.092007
-0.062940
0.016075
-0.058017
-0.092147
-0.056312
-0.127315
-0.088347
-0.056507
-0.210205
-0.089218
-0.164962
-0.144355
-0.066991
-0.035717
-0.075293
-0.096992
-0.045437
0.019216
-0.185392
0.051842
-0.115095
-0.006068
-0.051179
-0.046261
-0.195035
-0.072378
-0.028919
-0.072770
-0.099988
-0.033712
-0.053353
-0.115052
-0.058642
-0.126437
-0.112575
-0.051247
-0.067672
-0.096029
0.017091
-0.012835
-0.053503
-0.124884
-0.018739
-0.077344
-0.010985
-0.084289
-0.046110
-0.006623
-0.070534
-0.046773
0.069935
-0.135043
-0.056515
-0.188489
-0.003290
-0.156643
-0.120951
-0.086415
-0.153619
-0.113626
-0.168569
-0.084137
-0.109063
-0.065400
-0.020891
-0.084569
-0.116349
-0.084904
-0.100993
0.029759
-0.101992
-0.037078
0.042172
-0.074919
-0.095094
-0.126456
-0.049310
-0.093511
-0.149660
-0.112026
0.009932
0.041249
-0.043453
-0.080101
0.000698
-0.112417
-0.037952
-0.097992
0.023051
-0.126245
-0.082910
-0.091895
-0.014335
0.004394
-0.113541
-0.129269
-0.047887
-0.056561
0.030103
-0.122527
-0.013609
-0.067993
-0.142126
-0.123682
-0.086280
0.029654
-0.139136
-0.116980
-0.027721
-0.047462
-0.190087
-0.091191
-0.078561
-0.103089
-0.112779
-0.074064
-0.122692
-0.095569
-0.045635
-0.085375
-0.054691
0.034618
-0.124265
-0.073409
0.013258
-0.154551
-0.090764
-0.070134
-0.080483
-0.066838
-0.022604
-0.131852
-0.109493
-0.101680
-0.075381
-0.114291
0.032613
-0.109890
-0.048792
-0.190795
0.005939
0.037527
0.042246
-0.137388
-0.066790
-0.065406
-0.026019
-0.069822
-0.040588
-0.109496
-0.077962
-0.046032
-0.084228
-0.037921
-0.022211
-0.041126
0.023234
-0.120780
-0.007508
0.037381
-0.112196
-0.065857
-0.029938
-0.115410
-0.141464
-0.132495
-0.158522
-0.142953
-0.043685
-0.095206
-0.011733
-0.110397
-0.022502
-0.028825
-0.055961
-0.167385
-0.041204
-0.058420
-0.102928
-0.094420
-0.017911
0.048844
-0.004522
-0.141558
-0.115641
-0.071496
-0.112236
-0.079098
-0.211666
-0.110783
-0.118657
-0.038144
-0.031895
-0.101980
-0.087324
-0.127450
-0.116385
-0.086156
-0.048977
-0.244329
-0.097653
-0.070892
-0.085059
-0.050178
-0.151659
-0.044995
-0.094244
-0.071399
0.038829
-0.204195
-0.085431
-0.001782
-0.074812
-0.111969
-0.040929
-0.109161
-0.003798
-0.123491
-0.115938
-0.015464
-0.095653
-0.112268
-0.091593
-0.048668
-0.064704
-0.100270
-0.104266
-0.126124
-0.175261
-0.018134
-0.083635
-0.069149
0.009804
-0.074827
-0.129519
-0.022543
-0.117759
-0.136935
-0.117854
-0.122628
0.027881
-0.236231
-0.156728
-0.112156
-0.121013
-0.118566
-0.201961
-0.149686
0.014818
-0.133288
-0.020520
-0.061361
0.017419
-0.080560
-0.016684
-0.073864
-0.045452
-0.059242
-0.054013
-0.145674
-0.141056
-0.085594
0.022108
-0.071057
-0.167447
-0.099451
-0.183323
-0.005361
-0.057840
0.003684
-0.090250
-0.043603
-0.031279
-0.089720
-0.012461
-0.006420
-0.187928
-0.165607
0.036592
-0.068861
0.023058
-0.014256
-0.109330
0.062206
-0.234241
-0.065383
-0.036170
-0.067652
-0.054811
0.008920
-0.071560
-0.099832
-0.077579
-0.030895
-0.090034
-0.031032
0.003305
-0.009404
-0.050163
-0.138116
0.021837
-0.088712
-0.069052
-0.048105
-0.218807
-0.006346
-0.047555
-0.002677
0.002578
-0.135264
-0.046301
-0.072964
-0.039473
-0.133691
-0.077189
-0.090292
0.000641
-0.132289
-0.115726
-0.140063
0.029967
-0.117902
-0.067103
-0.098584
0.002604
-0.046299
-0.034821
-0.020825
-0.131034
-0.010578
-0.134199
-0.126850
-0.088348
-0.200899
-0.014438
-0.033913
-0.100634
-0.005927
-0.099780
-0.048434
-0.026251
-0.033445
-0.091816
-0.115310
-0.064966
-0.165902
-0.053388
-0.134046
-0.090903
-0.067916
-0.167395
-0.076737
-0.162367
-0.138913
-0.056045
-0.042127
-0.064680
-0.066921
-0.126023
-0.011240
-0.013835
-0.053647
-0.080213
-0.046128
-0.063242
-0.138683
-0.083917
-0.066973
-0.052311
-0.038669
-0.119963
-0.106833
-0.104059
-0.026936
-0.166401
-0.190549
-0.062842
-0.158068
-0.081329
-0.036364
-0.048758
-0.076211
-0.056277
-0.077712
-0.103269
-0.225820
0.009683
-0.073552
-0.154967
-0.038345
-0.021736
-0.109720
-0.109441
-0.065468
-0.102199
-0.171504
-0.024377
-0.064888
0.018738
-0.094297
-0.092100
-0.060264
0.074981
-0.032813
-0.062288
-0.114383
-0.067580
-0.143430
0.016924
-0.041441
-0.073321
-0.091320
-0.053799
-0.036660
-0.038204
-0.100454
-0.059631
-0.170731
-0.032777
-0.031851
-0.146023
-0.095363
-0.143186
-0.231677
-0.210533
0.016238
-0.109054
-0.053736
0.018148
-0.017766
-0.018687
-0.129964
0.043744
-0.102379
0.026906
-0.083109
-0.190163
-0.089142
0.025878
-0.087569
-0.163816
0.012499
0.002093
-0.101433
-0.114188
-0.033208
-0.188118
-0.080595
-0.012095
0.097838
-0.069447
0.011844
-0.142143
-0.010489
-0.119605
-0.103571
-0.081782
-0.019497
-0.022916
-0.083928
-0.103420
-0.098447
-0.074626
-0.106995
-0.092201
-0.054573
-0.159227
-0.064052
-0.102426
0.022052
-0.084768
-0.068009
-0.132203
-0.133488
0.034483
-0.026866
0.030935
0.009651
-0.039491
-0.102216
0.042074
-0.022292
-0.012873
-0.001994
-0.149688
0.047701
-0.166164
-0.077827
-0.058057
-0.089360
-0.095577
-0.132091
-0.132240
0.008087
-0.144232
-0.049681
-0.111130
-0.130530
-0.102490
-0.046162
-0.093058
-0.037648
-0.127674
-0.132038
-0.007975
-0.128874
-0.115092
0.011916
-0.024168
-0.059314
-0.069003
-0.038608
-0.063339
-0.100897
-0.014636
-0.120362
-0.195979
-0.162155
-0.018089
0.039379
-0.138975
-0.075925
-0.137105
-0.145828
0.028952
-0.086656
0.009960
-0.047198
-0.044080
-0.094172
-0.108082
-0.029017
-0.101692
-0.118788
-0.054117
-0.081757
-0.155139
-0.006630
-0.032313
-0.052117
-0.153366
-0.034055
-0.126452
0.006035
-0.099388
-0.089459
0.021347
-0.018142
0.038568
-0.103231
-0.065570
0.027293
-0.139766
-0.064619
-0.052102
-0.116394
-0.074675
-0.030562
0.082219
-0.067114
-0.084618
-0.033568
-0.019324
0.025116
-0.114078
-0.141361
0.000629
-0.081956
-0.036708
-0.115780
-0.059651
0.044662
-0.093422
-0.060945
-0.061075
0.027116
-0.004478
-0.077724
-0.030210
-0.173735
-0.002573
-0.060375
-0.111872
-0.041948
-0.137884
-0.092546
0.006360
-0.111589
-0.049411
-0.093853
0.039745
-0.111573
-0.093076
-0.074430
-0.051625
0.023320
-0.171969
-0.262206
-0.076721
-0.069197
-0.009048
-0.033497
-0.120027
-0.110359
-0.086061
-0.151853
-0.120684
-0.111173
-0.192324
-0.102409
-0.107555
0.073558
0.011775
-0.197203
0.003470
-0.162289
-0.125504
-0.110074
-0.031084
-0.135619
-0.050556
-0.107288
-0.127058
-0.035042
0.000468
-0.062773
-0.064781
-0.065459
-0.053750
-0.109537
-0.114851
-0.012156
-0.071753
-0.184091
-0.019087
-0.100828
-0.142851
-0.073191
-0.137571
-0.015989
-0.158193
-0.073012
-0.053306
-0.053243
-0.078202
-0.177094
-0.023782
-0.056483
0.001158
-0.103640
-0.003737
-0.092456
-0.157104
-0.064563
-0.090205
-0.102811
-0.104127
-0.059685
-0.123046
-0.030427
-0.163118
-0.041582
-0.057487
-0.075912
0.020620
0.016850
0.042366
-0.013006
0.009970
0.022345
-0.017841
-0.046097
-0.203120
-0.033327
-0.000170
-0.082754
-0.058967
-0.076225
-0.010988
-0.188620
-0.096466
-0.030900
-0.094433
-0.039329
-0.083545
-0.056312
-0.113366
-0.044524
-0.178441
-0.161485
-0.088248
-0.087609
-0.079955
-0.120804
-0.116564
-0.131914
-0.025142
-0.094940
-0.057173
-0.014901
-0.078309
-0.081810
-0.058856
-0.084683
-0.060204
0.022992
-0.066574
-0.084565
-0.075510
-0.039137
-0.149155
-0.027830
0.031853
-0.085965
-0.052604
-0.008472
-0.197856
-0.121892
-0.076244
0.057318
-0.148066
-0.103615
-0.064195
-0.131291
-0.021749
0.037621
-0.089120
-0.104822
0.009530
-0.114222
-0.141173
-0.034344
-0.055451
0.032697
-0.040410
-0.072361
-0.016294
-0.103898
-0.132094
-0.018710
-0.123178
-0.116378
-0.049051
0.043263
-0.103585
0.007693
-0.103269
-0.044595
0.009380
-0.038086
-0.141281
-0.158654
-0.061131
-0.043252
0.013938
-0.191122
-0.056560
-0.128353
-0.116700
-0.178865
-0.189134
-0.156199
-0.082491
0.002165
-0.009872
0.059518
-0.023074
-0.073826
-0.012300
-0.150426
-0.126555
-0.127574
-0.024384
-0.071842
-0.120929
0.088132
-0.024268
-0.117610
0.026193
-0.059884
-0.083333
-0.054130
-0.119365
-0.063669
-0.093898
0.023883
0.010816
-0.257112
-0.030185
-0.012004
-0.027861
-0.097283
-0.041463
-0.096572
-0.007791
-0.165034
0.009600
-0.080472
-0.044224
-0.123166
0.019377
-0.115048
0.018254
0.023130
-0.057907
-0.005499
0.010174
-0.117436
-0.084927
-0.152216
-0.096653
-0.000371
-0.014529
-0.014667
-0.051848
-0.067283
-0.042526
-0.082095
-0.065777
-0.037332
-0.132023
-0.007897
-0.043286
-0.097045
-0.046204
0.069706
-0.025737
0.058084
0.030160
0.083961
-0.028660
-0.012927
-0.174279
-0.159886
-0.007459
-0.027904
-0.032979
-0.148153
-0.089636
-0.059560
-0.061485
-0.090191
0.012772
0.007176
-0.049115
-0.153667
-0.068199
0.047621
0.043680
-0.114395
-0.060420
0.080417
-0.081344
-0.113825
-0.176170
-0.172832
0.030563
-0.124644
-0.196709
-0.146297
-0.167064
-0.065052
0.005144
0.003358
0.020995
-0.062146
-0.063958
-0.088126
-0.092408
-0.089894
-0.027099
-0.154465
-0.136333
-0.085766
-0.001458
-0.147458
-0.053632
-0.091802
0.061270
-0.028050
-0.124252
-0.127970
-0.063708
-0.067754
-0.061790
-0.060463
-0.097664
-0.091148
-0.128174
-0.160879
-0.071497
-0.018159
-0.085573
-0.082043
-0.085328
-0.048300
-0.051857
-0.045738
-0.178477
-0.094374
-0.108581
-0.020936
0.030880
-0.061653
-0.065844
-0.168786
-0.049766
0.047112
-0.049854
0.025016
-0.171474
-0.106398
-0.063745
-0.074202
0.076951
-0.109918
-0.002406
-0.128669
-0.067870
-0.107593
-0.067130
-0.071891
0.031677
-0.039727
-0.027607
-0.106513
-0.112674
0.008476
-0.082037
-0.118247
-0.106733
-0.116096
-0.087470
0.065022
-0.018820
-0.123551
-0.043204
-0.052490
-0.109829
-0.136465
-0.121887
-0.084315
0.001440
-0.043148
-0.002128
0.052258
-0.061711
-0.032130
-0.010193
-0.095514
-0.100277
-0.017994
-0.143844
-0.048946
-0.012554
-0.111217
0.020553
-0.063175
-0.081821
0.003297
-0.014748
-0.083708
-0.060574
-0.018625
-0.017402
-0.084406
-0.075355
-0.079726
-0.060792
-0.149196
-0.146696
-0.084869
-0.141731
-0.060157
-0.028164
-0.127257
0.013104
-0.060337
-0.025429
-0.044466
0.042535
-0.073580
-0.149318
-0.041327
-0.045165
-0.152397
-0.203203
-0.112550
-0.103989
0.066705
-0.117383
-0.094306
-0.013373
-0.032937
-0.103193
-0.020616
-0.020667
-0.097404
-0.109213
-0.125975
0.012735
-0.020182
-0.056639
-0.133865
-0.041663
-0.164204
-0.013658
-0.133703
0.001869
-0.099072
-0.131246
-0.088231
-0.055901
-0.116526
0.008868
-0.103530
-0.093380
-0.166066
-0.080016
-0.182560
-0.124212
-0.019770
-0.143071
-0.047310
0.019701
-0.071337
-0.010746
-0.110864
-0.128911
-0.093686
-0.076256
-0.127122
-0.149374
-0.079510
-0.066517
-0.084996
-0.014736
-0.054619
-0.077851
-0.058694
0.000761
-0.073710
-0.086689
-0.060472
-0.102727
-0.129083
-0.129941
-0.076605
-0.072750
-0.066410
-0.156456
-0.116516
-0.163667
-0.172064
-0.129053
0.011194
-0.161402
0.016437
-0.146985
-0.026260
-0.110273
-0.001142
-0.073963
-0.075822
0.065607
-0.121020
-0.024386
-0.058621
-0.111745
-0.086070
-0.001510
-0.033343
-0.148174
-0.037297
-0.138928
-0.118775
-0.071328
-0.107992
-0.206791
-0.096073
-0.177125
-0.058746
-0.075959
-0.134133
-0.138345
-0.024585
-0.124208
-0.059375
-0.168503
-0.136806
-0.101450
-0.079788
-0.072168
-0.143487
-0.020081
-0.090068
-0.093625
-0.009910
-0.105599
-0.100313
-0.055236
0.012035
-0.006873
-0.224699
-0.169681
-0.038478
0.070608
-0.215066
-0.120602
-0.105374
0.030960
-0.095439
-0.062914
-0.037126
-0.020238
-0.040495
-0.083933
-0.039053
-0.179452
-0.108971
-0.055306
-0.049380
-0.060140
-0.035641
-0.034955
-0.026110
-0.060373
-0.018493
0.028844
-0.094871
-0.142833
-0.113635
-0.164715
-0.103216
0.000080
-0.039505
-0.125945
-0.068106
-0.042140
-0.070184
-0.077229
-0.023240
0.022998
0.018891
-0.083739
-0.076847
-0.106106
-0.054631
-0.069891
-0.042553
-0.077413
0.076511
-0.137973
-0.084833
-0.052515
-0.136152
0.009818
-0.149796
-0.134975
-0.053626
-0.109688
-0.195505
-0.079514
-0.046674
-0.011803
-0.054403
-0.042147
-0.059250
-0.156848
0.001097
-0.110394
-0.105666
-0.155808
0.054798
-0.136263
0.006945
-0.155091
-0.069954
-0.028220
0.043821
-0.127198
-0.047811
-0.042368
0.048005
-0.135715
-0.088290
0.025434
-0.018897
-0.027268
-0.009296
-0.031534
-0.018282
-0.122819
-0.009321
-0.075313
-0.076788
0.020033
0.004495
-0.052181
-0.068619
-0.036735
-0.086498
-0.021002
-0.078276
-0.198128
-0.110947
-0.146362
-0.099596
-0.011630
-0.091043
-0.040828
0.013895
0.013946
-0.046120
-0.148939
-0.145838
-0.005459
-0.076451
0.036927
-0.000514
-0.180825
-0.016844
-0.143206
-0.043134
-0.100507
-0.116050
-0.071699
-0.029567
-0.031953
-0.055252
-0.137159
-0.089235
-0.121975
-0.151351
-0.018292
0.042003
-0.167558
-0.029822
-0.037186
-0.178506
-0.080863
-0.034598
-0.005310
-0.113249
-0.161881
-0.171521
-0.118957
0.008041
-0.125756
-0.124921
-0.034664
-0.136160
-0.204568
-0.074937
-0.121023
0.092400
0.019354
-0.069509
-0.120855
-0.183360
-0.079833
-0.081144
-0.118006
-0.252990
0.002589
-0.055084
-0.059102
0.064834
-0.029783
-0.061249
-0.137788
-0.028308
-0.075063
0.002433
-0.074148
-0.031640
-0.059939
-0.133868
-0.105741
-0.033403
-0.127682
-0.130737
-0.138163
-0.003814
0.017356
0.035783
-0.115421
-0.086176
-0.060446
-0.055080
0.009607
-0.028342
-0.113956
-0.080429
-0.049653
-0.122747
-0.050671
-0.115752
-0.087330
-0.066411
0.033022
-0.022297
-0.096311
-0.131245
-0.118457
-0.031369
0.000859
-0.059451
-0.061973
-0.008506
-0.050305
-0.057777
0.038398
-0.089088
-0.085392
-0.047482
-0.040453
-0.076051
-0.103774
-0.072389
-0.097378
-0.170077
-0.081438
-0.106677
0.023800
0.039164
-0.054261
-0.018941
-0.053219
-0.151751
-0.033244
-0.053626
-0.003641
-0.105147
-0.063637
-0.080961
0.012860
-0.167056
-0.010891
0.023670
-0.103273
0.008015
-0.129728
-0.108544
-0.100870
0.012368
-0.116721
-0.123232
-0.019708
-0.159578
-0.006552
-0.058994
-0.039688
-0.116712
-0.103812
0.025424
-0.038886
0.048237
-0.106661
-0.143590
0.014509
-0.113958
-0.084847
-0.059346
-0.116908
-0.023993
-0.042130
-0.076131
-0.021928
-0.114997
-0.049202
-0.014223
-0.207300
-0.002716
-0.220554
-0.021928
-0.102925
-0.070581
-0.155169
-0.042833
-0.129818
-0.057207
-0.122755
-0.119912
-0.104139
-0.134658
-0.160291
-0.027588
-0.052136
-0.037253
-0.106220
-0.027884
0.045306
-0.038867
-0.088438
-0.131928
-0.110515
-0.097349
-0.118349
-0.085120
-0.075703
0.023085
-0.013729
-0.045243
-0.054653
-0.018700
-0.007778
0.035715
-0.014547
-0.053469
-0.019687
-0.054978
-0.111507
-0.150558
-0.059766
0.073607
-0.002982
-0.115465
-0.112221
-0.076868
-0.222452
-0.103929
-0.174340
-0.163794
-0.057241
-0.206101
-0.022315
-0.064622
-0.134754
-0.079389
-0.027650
-0.027381
0.006024
-0.197959
-0.050212
-0.067816
-0.181271
0.050708
-0.023552
-0.026827
-0.153890
-0.066968
-0.127146
-0.088308
0.046302
0.089022
-0.131937
-0.119677
-0.066339
-0.047523
-0.151650
-0.108889
-0.031689
-0.022471
-0.062148
-0.091151
-0.093337
0.025144
-0.071756
-0.117215
-0.033287
-0.149384
-0.037153
-0.047395
-0.091215
0.029431
0.002916
-0.079812
-0.129183
-0.011758
-0.128454
-0.096902
-0.054221
-0.117202
-0.016142
-0.044984
-0.163607
-0.025562
-0.050698
-0.046383
-0.081360
-0.211268
-0.105142
-0.061124
-0.130523
-0.117620
-0.105239
-0.086197
-0.064724
-0.036307
-0.043212
-0.072485
-0.068554
-0.153100
-0.051283
-0.039669
-0.044030
-0.029398
0.007180
-0.167993
-0.021871
-0.094013
0.024934
-0.158678
-0.021555
-0.035521
-0.195047
-0.099018
-0.054550
-0.077690
-0.050245
-0.116984
-0.098411
-0.148982
-0.138962
-0.175587
-0.076785
-0.012910
-0.093533
-0.087585
0.008994
-0.059489
-0.038177
-0.124104
-0.089974
-0.008339
-0.252111
-0.023958
-0.027393
-0.110298
0.026726
-0.101285
-0.055994
-0.041029
-0.060795
-0.113794
-0.046804
-0.045080
-0.096040
-0.032046
-0.081002
-0.078483
-0.168030
-0.071744
-0.115959
-0.141998
-0.123701
-0.056331
0.039202
-0.040279
-0.087772
0.045010
-0.028997
-0.164304
-0.075757
-0.045682
-0.060080
-0.106427
-0.095746
0.014732
-0.097632
-0.084732
-0.003855
-0.176862
-0.043560
-0.065522
-0.014645
-0.015401
-0.161327
-0.083384
-0.045834
-0.064803
-0.093123
-0.100063
0.038843
-0.178037
0.036002
-0.105057
-0.082688
-0.095271
-0.158717
0.054209
-0.112053
-0.072209
-0.024664
-0.094952
-0.005214
-0.076625
-0.074477
-0.062180
-0.232899
-0.047809
-0.096125
-0.004551
-0.018368
-0.104207
-0.123110
-0.055322
-0.003078
-0.136424
0.022301
-0.083484
-0.125446
0.015056
-0.003438
-0.077351
-0.105724
-0.033623
-0.050659
-0.068005
-0.083887
-0.053734
-0.018356
-0.028091
-0.030527
-0.167873
-0.136365
-0.229961
-0.152810
-0.140507
0.019784
-0.088120
-0.029368
-0.093657
-0.118500
-0.053690
-0.094066
0.042942
-0.095285
-0.094559
-0.158522
-0.050355
-0.038580
-0.021340
-0.070521
-0.069247
-0.098311
-0.016087
-0.011075
0.046908
-0.065066
0.008375
-0.049574
-0.094203
-0.081873
-0.171288
-0.061998
-0.097186
-0.012562
-0.017601
-0.061716
-0.012669
-0.077551
-0.055365
-0.173554
-0.067645
-0.149664
-0.107682
-0.096098
-0.121471
-0.109725
-0.062420
-0.087843
-0.048374
-0.035785
-0.067708
-0.064537
-0.000916
-0.151674
-0.044558
-0.056253
-0.150612
-0.049683
-0.134306
-0.068681
-0.160021
-0.097197
-0.054506
-0.119133
-0.057880
-0.080667
-0.129209
0.015783
-0.190053
-0.078204
-0.057109
-0.069481
-0.050446
0.046507
0.029211
-0.097013
-0.032395
-0.004530
-0.064179
-0.165508
-0.093080
-0.188864
-0.006503
-0.081679
-0.067205
-0.042691
-0.093772
-0.073020
-0.154890
-0.069881
-0.089244
-0.009573
-0.128567
-0.086505
-0.068945
-0.156996
-0.078527
-0.066476
-0.048754
-0.115318
0.000421
-0.122097
-0.112670
-0.083308
-0.113971
-0.061752
-0.099319
-0.094767
-0.146229
-0.045822
-0.105276
-0.103710
-0.058055
-0.064419
-0.013469
0.015081
0.001758
0.015803
-0.082773
-0.039693
-0.158436
-0.025993
-0.061395
-0.148009
-0.121698
-0.066794
-0.157965
-0.060313
-0.166565
-0.083056
-0.100257
-0.019069
0.047014
-0.150645
-0.101772
-0.163256
-0.011568
-0.121264
-0.067446
-0.043334
-0.107810
-0.161954
-0.241397
0.007980
0.098771
-0.047619
-0.000149
-0.044404
0.028210
-0.065186
-0.089177
-0.084137
-0.085440
-0.114518
-0.079815
-0.108432
-0.119586
-0.037934
-0.107769
0.068278
-0.032346
-0.064551
-0.024542
-0.091863
-0.141465
-0.062116
-0.069266
-0.065308
-0.123436
-0.083569
-0.216848
-0.060270
-0.020508
-0.020979
-0.092572
-0.031961
-0.096381
-0.076383
-0.005800
-0.068225
-0.034852
-0.208680
-0.114333
-0.159379
-0.091502
-0.077967
-0.060838
-0.123132
-0.077228
0.149381
0.015300
-0.130855
-0.021319
-0.095336
-0.110613
-0.016875
-0.114152
-0.121407
-0.055294
-0.053309
-0.052479
-0.017066
-0.173708
-0.159674
-0.055565
-0.105978
-0.101004
-0.123247
-0.079623
-0.092730
-0.073432
-0.098448
-0.141460
-0.135926
-0.032224
-0.032358
-0.016572
-0.051338
-0.152350
-0.170962
-0.035194
-0.025296
-0.078851
-0.145517
-0.063935
-0.096988
-0.180113
-0.001078
-0.095608
0.092181
-0.139247
-0.078709
-0.090388
-0.085735
-0.013664
-0.057600
-0.021179
-0.131560
-0.152136
-0.048435
-0.059683
-0.144785
-0.140543
-0.122600
-0.157114
-0.194282
-0.052039
-0.100023
-0.063299
-0.043502
-0.113460
-0.048588
-0.068413
-0.063532
-0.098360
-0.109058
-0.088526
-0.015668
-0.135243
-0.072178
-0.081082
-0.094508
-0.126651
-0.017338
-0.164156
-0.032647
-0.009229
0.015122
-0.060418
0.081573
-0.179651
-0.127694
-0.041009
-0.031835
-0.073470
-0.141962
0.019001
-0.069029
-0.080039
-0.160637
-0.100363
-0.088041
0.042927
-0.036842
-0.103872
0.030379
-0.091714
-0.188247
-0.118381
-0.130209
-0.073868
-0.117196
-0.007112
-0.008207
-0.118034
-0.073687
-0.070689
-0.068584
-0.075174
-0.164519
-0.073420
-0.133939
-0.160983
0.024617
-0.130296
-0.184981
0.013681
-0.003089
-0.150982
-0.022481
-0.063816
-0.118341
-0.045182
-0.093206
0.063541
-0.058212
0.009126
-0.035126
-0.070968
-0.126253
-0.059632
-0.023186
-0.197201
-0.171765
-0.055638
-0.029954
-0.031409
-0.020832
-0.172046
-0.052635
-0.052530
-0.064271
-0.084986
-0.050621
-0.042500
-0.112693
-0.011574
-0.109258
-0.084168
-0.042039
-0.139028
-0.065824
-0.049380
-0.107947
-0.083074
-0.071837
0.014620
-0.105497
-0.070313
-0.103599
-0.035117
-0.076365
-0.145216
0.000467
-0.058653
-0.055555
0.126330
-0.100706
-0.027283
-0.221080
-0.040983
-0.036102
-0.015504
-0.085656
-0.111094
0.035090
-0.021903
0.020337
-0.094560
-0.055387
-0.055434
-0.001421
0.007042
-0.004293
-0.113875
0.033638
-0.121793
-0.073730
-0.021001
-0.096718
-0.053115
-0.019034
-0.004350
-0.024678
0.031387
-0.065017
-0.056339
-0.037678
-0.051342
-0.080567
0.039220
-0.259529
-0.023884
-0.032705
0.014538
0.016444
-0.001875
0.036978
-0.077822
-0.153709
-0.027575
-0.115368
-0.049470
-0.100846
-0.128724
-0.116863
-0.073006
0.015724
-0.128113
-0.060852
0.007170
0.031637
-0.211309
-0.120266
-0.077241
-0.099359
-0.045124
-0.005142
-0.038750
-0.055128
-0.106110
-0.099815
-0.017208
-0.085629
-0.158539
0.003194
-0.031766
-0.044602
-0.056369
-0.003113
-0.030486
-0.109783
-0.181980
0.002448
-0.086256
-0.101494
-0.098096
-0.024335
-0.036688
-0.067551
-0.081164
-0.033673
-0.045877
-0.075075
0.008413
-0.085331
-0.088744
-0.023707
-0.048381
-0.051903
-0.040322
-0.132339
-0.041216
-0.073458
-0.031301
-0.073191
-0.042478
-0.003964
-0.116286
-0.139930
-0.149272
0.017697
-0.110460
-0.068050
-0.037113
-0.072236
-0.004703
-0.122481
-0.146122
-0.032601
-0.022375
0.037540
-0.006702
-0.104712
-0.077104
-0.117312
-0.060464
-0.182794
-0.144053
-0.013653
-0.042596
-0.116578
-0.028845
-0.082618
-0.051539
-0.048211
-0.189385
-0.150090
-0.085318
-0.049037
0.130157
-0.001357
-0.111965
-0.008026
-0.074039
0.024462
0.006000
-0.030156
-0.084872
0.005330
-0.048096
-0.090904
-0.002700
-0.057674
-0.169782
-0.052567
0.022817
-0.086354
-0.075742
-0.022359
-0.040989
-0.053406
-0.116881
-0.004159
-0.061625
-0.088323
-0.048385
-0.116700
0.011610
-0.078662
-0.081202
-0.068977
-0.130770
-0.236099
-0.141046
-0.019710
-0.058015
0.001227
-0.083150
0.051789
-0.032480
-0.140423
-0.135778
-0.102049
-0.116472
-0.077563
-0.021744
-0.119771
0.012367
-0.064289
-0.129553
-0.110947
-0.160920
-0.062426
-0.090562
-0.186487
-0.126770
-0.017514
-0.024313
-0.061939
-0.010217
-0.120106
-0.139623
-0.027138
0.040474
-0.063788
-0.010942
-0.062650
-0.104528
-0.080222
-0.162421
-0.034308
-0.086233
-0.133889
-0.109406
-0.008155
-0.007089
-0.036321
-0.001377
-0.041854
-0.041228
-0.031610
-0.043361
-0.032665
-0.121762
0.050323
-0.115353
-0.019803
-0.009850
0.004122
-0.139572
-0.152802
-0.071371
-0.079893
-0.104872
-0.100505
-0.099238
-0.088586
-0.115780
-0.159207
-0.092524
-0.075789
-0.069306
-0.145414
-0.138263
-0.023593
-0.003783
-0.106441
-0.057567
-0.048311
-0.030887
-0.034195
-0.115999
0.029269
-0.027238
0.023648
-0.144349
0.020753
-0.066724
-0.023374
-0.146384
-0.054121
-0.124202
0.061575
-0.060470
0.034855
-0.088167
-0.078199
-0.082776
-0.182778
-0.110480
-0.210255
-0.102316
0.016287
-0.084628
-0.063589
-0.108448
-0.024487
-0.172954
-0.048826
-0.104308
-0.160232
-0.102706
-0.136514
-0.091542
-0.159086
-0.018882
-0.034550
-0.096930
-0.098672
-0.040380
-0.020594
-0.117286
-0.041900
-0.119217
-0.048605
-0.120896
-0.055380
0.002395
-0.070725
-0.164543
-0.013474
-0.051516
-0.031991
-0.102481
-0.077262
0.034584
-0.154413
-0.084295
0.045006
-0.082790
-0.048381
-0.154149
-0.051223
-0.221829
-0.160584
-0.111920
-0.093441
-0.073406
0.023115
-0.037973
-0.055556
-0.026513
-0.023596
0.008640
-0.068785
-0.103893
-0.076908
-0.016380
-0.056340
-0.071148
-0.017717
-0.091823
-0.128799
-0.140954
-0.180509
-0.016448
0.008288
-0.054314
-0.118062
-0.104979
-0.103422
-0.057476
-0.082239
-0.042969
-0.028005
0.018704
0.001652
-0.030487
-0.064133
-0.088104
-0.097557
-0.163969
-0.066351
-0.173595
-0.026071
-0.065628
-0.103477
-0.104880
-0.073351
0.027241
-0.080272
0.019879
-0.030836
-0.067983
-0.035698
0.004287
0.013847
-0.092505
0.065742
-0.032493
-0.069417
-0.117817
-0.084937
-0.141560
-0.042511
-0.196960
-0.069696
0.037612
-0.000006
-0.100589
-0.113144
-0.046731
-0.101956
-0.074755
-0.136365
-0.023367
0.025944
-0.081843
-0.163270
-0.119830
-0.068971
0.015407
0.017616
-0.113722
-0.106077
-0.130712
-0.068578
-0.013693
0.016844
-0.069678
-0.111299
-0.046996
-0.056533
-0.119377
-0.073423
-0.080835
0.006796
-0.031188
-0.123820
-0.004126
0.028012
-0.045404
-0.006442
-0.077889
-0.080809
-0.114354
-0.016109
0.051007
-0.026943
-0.038514
-0.071448
0.010180
-0.036285
-0.153459
-0.118712
-0.041268
0.020728
-0.041428
-0.126132
0.002165
-0.112982
-0.085911
-0.159150
-0.205405
-0.043528
-0.048353
-0.094267
-0.100898
-0.003054
0.060903
-0.065221
-0.151066
-0.022826
-0.081841
-0.085939
-0.072356
-0.034061
-0.080164
-0.120863
-0.135523
-0.100034
-0.070685
-0.060979
-0.150001
-0.016850
-0.119443
-0.087014
-0.103521
-0.101668
-0.046336
0.093301
-0.153011
0.041343
-0.061618
-0.121366
-0.167006
0.092228
-0.082529
-0.131405
-0.012362
0.007269
-0.033918
-0.068888
-0.097755
-0.091221
-0.110927
-0.013016
-0.073648
-0.169914
-0.153215
-0.099341
-0.001272
-0.098827
0.080285
0.007764
-0.085455
-0.139611
-0.083272
-0.139556
-0.080869
-0.060296
-0.056177
-0.143226
-0.065801
-0.038497
-0.133399
-0.108486
-0.122333
-0.068031
-0.172450
-0.100958
-0.067393
-0.117854
-0.079893
-0.072287
-0.088022
-0.119778
-0.146599
-0.096966
-0.160689
-0.116226
-0.000583
-0.055831
-0.109751
0.041284
-0.089149
-0.195229
-0.002352
-0.155104
-0.122925
-0.028542
-0.031814
-0.107346
-0.028109
-0.030331
-0.132339
-0.095406
-0.173085
-0.001740
-0.061171
-0.106836
0.019392
-0.010493
-0.073294
-0.056359
-0.070032
-0.013299
-0.005949
-0.061053
-0.042160
-0.019912
-0.088905
-0.150964
-0.074628
-0.152268
-0.140166
-0.080470
-0.129844
-0.044716
-0.059331
-0.021204
-0.027913
-0.046133
-0.049850
-0.198623
0.003552
-0.084207
0.004693
-0.111428
-0.098125
-0.043262
-0.127612
-0.033565
-0.066742
-0.042357
-0.148927
-0.040363
-0.080801
-0.058208
-0.112815
-0.095221
-0.086415
-0.062126
-0.036692
-0.162109
-0.017052
0.034991
-0.055555
-0.036038
-0.054129
-0.151943
0.005805
-0.016936
0.061309
-0.060526
-0.125047
-0.114024
-0.057860
-0.082050
-0.088893
0.015616
-0.131732
-0.099610
-0.042406
-0.046694
-0.027440
-0.025465
-0.106370
-0.022657
0.003995
0.023997
-0.135497
-0.007726
-0.125211
-0.050922
-0.092856
-0.084440
-0.076329
-0.018523
-0.112149
-0.060111
-0.069560
-0.119414
-0.052763
-0.072205
-0.040969
-0.188618
-0.072527
-0.087928
-0.162674
-0.096256
-0.124280
-0.190083
-0.055039
0.019860
-0.123415
-0.094202
-0.070343
-0.056943
-0.008374
-0.092507
-0.110541
0.026603
0.010270
-0.062498
0.031081
-0.100397
-0.106166
-0.109060
-0.046746
-0.107738
0.086709
0.012628
-0.118169
-0.108086
-0.086689
-0.157943
-0.085802
-0.177785
-0.108341
0.036312
-0.121634
-0.137791
-0.112748
-0.042172
-0.107202
-0.091720
-0.115913
-0.165768
-0.023761
-0.163312
-0.072363
-0.065948
-0.076380
-0.140275
-0.227457
0.048426
-0.016403
-0.098067
-0.094786
-0.072516
-0.280800
-0.098087
-0.057650
-0.080000
0.036648
0.049361
-0.092123
-0.054177
-0.068707
-0.070462
-0.109933
-0.155522
-0.155192
-0.066799
-0.186133
-0.035109
-0.077229
0.002073
-0.119860
-0.017868
-0.167505
-0.106384
-0.036395
-0.077151
-0.017274
-0.084425
-0.096899
-0.096654
-0.128515
-0.008934
-0.128093
-0.114080
-0.058640
-0.050536
-0.166140
-0.041384
-0.006301
-0.080185
-0.204061
-0.094010
-0.086449
-0.000692
-0.090901
-0.141710
-0.084874
0.001787
-0.036729
0.056245
-0.098691
-0.010528
-0.082232
-0.013245
-0.168508
-0.012364
-0.111767
-0.102902
0.029534
-0.024156
-0.105262
-0.086369
-0.043877
-0.020189
-0.079238
0.011242
-0.156756
-0.125927
-0.193073
-0.023671
0.004033
-0.028357
-0.141317
-0.071809
-0.021073
-0.051676
-0.062325
-0.126949
-0.142298
-0.077982
0.027956
-0.096104
-0.066341
0.097106
0.000305
-0.047551
-0.053406
-0.065878
-0.043042
0.007182
-0.015334
0.005987
-0.028923
-0.120083
-0.157104
-0.044351
-0.075232
-0.143339
-0.050685
-0.047645
-0.198864
-0.098574
-0.096161
-0.161478
-0.000156
-0.139836
-0.154294
0.015061
0.033423
0.026430
-0.144104
-0.036886
0.023038
0.051911
0.001884
-0.147335
-0.045251
-0.069340
-0.083892
-0.112473
-0.044454
-0.039910
-0.155875
-0.143835
-0.101353
-0.145577
-0.046040
-0.008888
-0.067196
-0.029262
-0.126152
-0.047674
-0.046045
-0.047687
-0.114263
-0.019833
0.042885
-0.116952
0.043596
-0.096413
-0.036175
-0.085776
-0.036214
-0.029884
-0.037560
-0.099623
-0.136413
-0.033974
-0.039766
0.073731
-0.072733
-0.085287
0.027855
-0.102295
-0.078585
-0.163964
-0.180844
-0.152594
0.002658
-0.089460
0.042897
-0.026202
-0.068879
-0.067533
-0.052721
-0.094154
0.020968
-0.097304
-0.056421
-0.080463
0.016466
-0.002423
-0.095914
-0.048370
-0.188673
-0.116287
-0.063544
-0.085266
-0.070861
-0.022831
-0.076896
-0.126049
-0.080664
-0.008525
-0.041052
-0.105254
-0.125955
-0.075075
0.051331
-0.053401
0.001210
0.022734
-0.079024
0.016836
-0.020200
0.001956
-0.030962
-0.137307
-0.056637
-0.057261
-0.092110
0.023216
-0.096718
-0.005575
-0.123551
-0.004957
-0.079186
-0.043781
-0.049488
-0.051945
-0.085302
-0.101139
-0.022654
-0.070245
-0.170331
-0.059847
-0.006291
-0.095344
0.001426
-0.162282
0.008678
-0.049523
-0.097824
-0.013287
-0.031093
0.008226
-0.191323
-0.104257
-0.021765
-0.061325
-0.132251
-0.074771
-0.053582
-0.053989
-0.060493
-0.119208
-0.036267
-0.032125
-0.103112
-0.060378
-0.128575
-0.042934
-0.134251
-0.048593
-0.105650
0.098512
-0.021565
-0.090871
-0.116233
-0.080456
-0.078753
-0.081935
-0.185453
-0.052411
0.012632
-0.151976
0.013674
-0.051118
-0.158738
-0.060071
-0.135193
-0.096335
-0.063218
-0.036648
0.014399
-0.026577
0.041799
-0.025992
-0.090695
-0.044691
-0.030922
-0.078598
-0.128291
-0.126238
-0.066453
-0.110926
-0.022995
-0.025561
-0.127119
-0.076825
-0.171168
-0.123689
-0.015198
-0.102420
0.061281
-0.156268
-0.083539
-0.025542
0.011661
-0.028853
-0.059175
-0.185448
-0.011889
0.017150
0.013922
-0.089167
-0.070537
-0.053662
-0.045720
-0.055179
0.046651
-0.108283
-0.039529
-0.060762
-0.081260
-0.128526
-0.038086
-0.135715
-0.026503
-0.039389
-0.097969
-0.118900
-0.044042
-0.004945
-0.051889
-0.090662
-0.103227
-0.050959
0.038000
-0.046313
-0.078429
-0.105353
0.021995
-0.077426
-0.011480
0.022091
0.006811
0.017438
-0.132105
-0.058469
0.111473
-0.122894
-0.035958
-0.093092
-0.119129
-0.031527
-0.006674
-0.178052
-0.142038
-0.086783
-0.141348
0.097205
-0.106184
-0.075333
-0.093059
-0.112482
-0.154288
0.066245
-0.092882
-0.101627
-0.060216
-0.141328
-0.078632
-0.044148
-0.119340
-0.147653
-0.097368
-0.025611
0.010290
-0.088983
-0.020058
-0.014529
-0.025488
-0.098194
-0.033878
-0.079728
-0.136222
0.012156
-0.054105
-0.004990
-0.129106
-0.240167
-0.105407
-0.171976
-0.129233
-0.076207
-0.081869
-0.099174
0.049907
-0.139386
-0.083630
-0.020408
0.080246
-0.074952
0.010261
-0.100106
-0.083536
-0.079833
-0.031507
-0.089241
-0.117600
-0.028931
-0.003878
0.017240
0.028501
0.023823
0.008344
-0.003577
-0.117302
-0.068713
-0.058128
0.026767
-0.149564
0.015719
-0.083672
-0.040672
-0.145963
-0.065534
0.004811
-0.121485
-0.165623
-0.204803
-0.099910
-0.070866
-0.213829
-0.103051
-0.003884
-0.136041
-0.146449
-0.137762
-0.074625
-0.048046
-0.076360
-0.061957
-0.151824
-0.122940
-0.074693
-0.060528
-0.039455
-0.007345
-0.069474
-0.115049
-0.210373
-0.169681
-0.133596
-0.145652
-0.027381
-0.085294
-0.119922
-0.067941
-0.038776
-0.060121
0.050054
-0.117465
-0.039562
-0.084594
-0.072782
-0.070163
-0.038602
-0.192977
0.050048
-0.117032
-0.056327
-0.060482
0.028005
-0.009962
-0.062504
-0.177993
0.073510
-0.110645
-0.046214
-0.027716
-0.089142
-0.206789
-0.067477
-0.035216
-0.072554
-0.047310
-0.080116
-0.060465
0.005294
-0.065468
0.058809
-0.012163
-0.057270
-0.101735
-0.173874
-0.113263
-0.016908
-0.147020
-0.141638
-0.211806
-0.144764
0.023495
-0.142912
-0.057210
-0.026404
-0.134552
-0.123392
-0.101072
-0.048990
-0.064007
0.015739
-0.107662
-0.116868
-0.186617
-0.101647
-0.153937
-0.071314
-0.066608
-0.089321
-0.049665
-0.028836
-0.170108
-0.141955
-0.045038
-0.012596
-0.051132
-0.101657
-0.074288
-0.127803
-0.024735
0.089516
-0.057634
-0.184397
-0.147052
-0.121835
-0.038517
-0.079630
-0.084040
-0.140052
-0.051763
0.064671
-0.001991
-0.032597
0.017016
0.004785
-0.024645
-0.132365
-0.041214
-0.036090
-0.077310
-0.104660
-0.079766
-0.125047
-0.120856
-0.068345
-0.096520
-0.098790
-0.067429
-0.009550
0.076848
-0.128475
-0.111894
-0.122397
-0.114123
-0.127537
-0.066182
-0.141864
-0.065572
-0.114063
-0.127924
-0.154947
-0.072588
0.005912
-0.040049
-0.161602
-0.032441
-0.071464
-0.117174
-0.003296
-0.159216
-0.095925
0.013960
0.008170
0.025255
-0.008101
-0.172177
-0.055053
-0.110195
-0.052613
-0.091429
-0.149549
0.057562
-0.088927
-0.150749
-0.071117
-0.124167
0.022451
-0.058884
-0.041173
0.034513
-0.158896
0.010635
0.013243
0.008334
-0.097047
-0.122848
-0.038939
-0.125464
-0.030691
-0.019850
0.089143
-0.109967
0.050842
-0.087595
0.026738
-0.040534
-0.063077
-0.000324
-0.035290
-0.144953
0.071316
-0.033628
-0.078244
-0.120752
-0.036344
-0.076477
-0.221493
-0.120117
-0.025679
-0.028433
-0.152487
-0.064108
-0.025771
-0.140658
-0.060604
-0.095378
-0.101499
-0.104313
-0.018935
-0.122753
-0.018270
-0.063693
-0.018956
-0.114587
0.048357
-0.088212
-0.033328
-0.031886
-0.031924
-0.049812
-0.177234
-0.071660
-0.096032
-0.153270
-0.015517
-0.137300
-0.109536
0.039503
-0.037840
-0.045714
-0.112915
-0.034814
0.016793
-0.073875
0.063512
-0.141076
-0.088593
0.005290
-0.060639
0.010576
-0.145992
-0.097211
-0.153848
-0.029056
-0.035626
-0.169956
0.012827
-0.052296
0.005299
-0.041373
-0.061132
-0.047090
-0.197649
-0.148203
-0.021921
-0.132603
-0.106212
-0.199745
-0.104877
-0.088928
-0.029072
-0.148337
-0.057983
-0.056822
-0.045006
-0.104875
-0.072582
-0.165335
-0.100322
-0.127136
-0.120215
-0.060678
-0.131342
-0.156758
-0.171413
-0.043672
-0.068989
-0.042081
-0.128059
-0.110450
-0.045411
-0.108647
-0.103316
-0.000134
-0.065771
-0.094750
0.024035
-0.047965
-0.029028
-0.158311
-0.031952
-0.058872
-0.149874
-0.027840
-0.014019
-0.090804
-0.151266
-0.002516
-0.020229
-0.116808
-0.088721
0.005475
-0.163395
-0.063729
-0.069297
-0.065181
-0.031553
-0.248952
-0.014493
-0.017206
-0.126752
-0.098540
-0.118649
-0.068096
-0.094225
-0.108915
0.059207
-0.149071
-0.182552
-0.030921
-0.055228
-0.241290
-0.079778
-0.060004
-0.034995
-0.043785
-0.073428
-0.047338
-0.074802
-0.115142
-0.004025
0.069995
-0.036212
-0.021661
-0.044275
-0.097891
-0.086903
-0.029036
-0.069900
-0.042530
0.038811
-0.110904
-0.126691
-0.071418
-0.028243
-0.032589
-0.132321
-0.009498
-0.151406
-0.189542
-0.057712
-0.018459
-0.108612
-0.057009
-0.052861
-0.043925
-0.013570
-0.206333
0.081218
-0.083064
-0.075396
-0.101120
-0.061120
-0.060550
-0.033889
-0.138690
-0.022004
-0.061744
-0.166491
-0.033936
-0.066429
0.070812
-0.078782
-0.183598
-0.033269
-0.042723
-0.041667
-0.065550
-0.151717
-0.086072
-0.002935
0.017275
-0.192362
-0.053668
-0.119208
0.020024
-0.127157
0.049041
-0.057173
-0.012984
-0.054368
-0.040492
-0.083027
-0.080703
-0.088070
-0.037457
-0.058780
-0.132787
-0.095703
-0.015335
-0.027414
-0.073149
-0.058781
-0.065702
-0.107746
-0.184155
-0.177511
-0.116634
-0.093367
-0.097024
-0.146108
-0.079264
-0.143702
-0.021220
-0.053687
-0.050073
-0.064842
-0.073713
-0.102535
0.006140
-0.180437
-0.060101
0.040227
-0.007457
-0.137511
-0.021523
-0.152871
0.044699
-0.022947
-0.048119
-0.022086
0.038786
-0.098836
-0.032710
0.053260
-0.250888
-0.003178
-0.023425
-0.076899
-0.069490
-0.126330
-0.068709
-0.044575
-0.107331
-0.092775
-0.082674
-0.206969
-0.117979
-0.098571
-0.148760
-0.023430
-0.062073
-0.067374
0.003322
-0.063611
-0.073545
-0.056564
-0.150944
-0.095738
-0.097306
-0.008900
-0.037840
0.002848
-0.137378
-0.084232
-0.056268
-0.034727
-0.111516
-0.096073
-0.071054
-0.005737
-0.037887
-0.018292
-0.052571
-0.116981
-0.055385
0.004004
-0.163191
-0.072523
-0.140932
-0.126028
-0.010881
-0.120970
-0.129766
-0.129756
-0.093480
-0.077778
-0.053892
-0.075278
-0.070029
-0.023543
-0.023408
-0.034019
0.048274
-0.084425
-0.035588
-0.063560
-0.086064
-0.176651
-0.123372
-0.016406
-0.169268
-0.041038
-0.006378
0.012522
0.025153
-0.067055
-0.063718
-0.096863
-0.060815
0.016708
-0.055358
-0.167655
-0.044151
-0.184448
-0.039977
-0.096235
-0.159412
-0.037134
-0.110583
-0.068380
-0.140158
-0.072324
-0.093375
-0.108369
-0.058259
-0.117224
-0.067355
-0.062020
-0.069920
-0.081032
-0.001491
-0.099561
-0.072958
-0.138493
-0.051646
0.055729
-0.071425
0.013866
0.003313
-0.107659
0.000715
-0.097524
-0.071003
-0.108260
-0.104212
0.026558
0.033002
0.024633
-0.087346
-0.160622
-0.113154
-0.064027
-0.084964
-0.077368
-0.170198
-0.090988
-0.074521
-0.005884
-0.007163
-0.180905
-0.016205
-0.048131
-0.046787
-0.123667
-0.045960
-0.087743
-0.045896
-0.046840
-0.157226
-0.109742
-0.090293
-0.074209
-0.151050
-0.005699
-0.053267
0.000563
-0.202233
-0.115596
-0.104416
-0.191345
-0.019539
0.039245
-0.088414
-0.059377
-0.090620
-0.143645
-0.005651
-0.204758
-0.049821
-0.002764
-0.086445
-0.083321
-0.118657
0.012268
-0.209759
-0.108465
-0.152092
-0.065379
-0.057170
-0.078536
-0.060250
-0.002121
-0.025657
-0.060207
-0.043807
-0.073019
-0.132332
-0.043315
-0.023607
-0.036015
-0.126528
-0.065552
-0.064413
-0.019663
-0.146908
-0.034979
-0.091248
-0.113376
0.013902
0.004862
-0.034340
0.099923
-0.014702
-0.036045
-0.046541
-0.033802
0.022911
-0.143496
-0.012018
-0.049407
-0.028177
-0.187813
-0.022282
-0.139460
-0.113187
-0.102421
-0.086728
-0.080361
-0.001518
-0.101146
-0.056935
-0.064074
-0.167444
-0.115119
-0.014373
-0.009652
-0.117988
-0.110849
-0.154545
-0.117536
-0.085127
-0.102388
-0.118070
-0.128962
-0.090123
-0.068387
-0.047291
-0.067219
-0.084804
-0.143179
-0.021040
-0.124992
-0.110609
-0.021978
-0.018269
0.022044
-0.021957
-0.067581
-0.005466
-0.106500
-0.093555
-0.107837
-0.128103
0.017980
-0.119170
0.011211
0.010401
-0.012232
-0.111363
-0.081083
-0.030708
0.001364
-0.059596
-0.073440
-0.013063
-0.137331
0.018343
-0.123857
-0.058791
-0.025476
0.110660
-0.095825
-0.036517
0.012070
-0.145170
-0.094898
-0.085898
-0.015547
-0.130565
-0.057207
-0.025391
-0.073313
-0.072707
-0.094620
-0.002141
0.029970
0.006365
-0.052435
-0.033819
0.000585
-0.084065
-0.108890
-0.082965
0.054918
-0.083153
-0.073457
-0.065174
0.064477
-0.060434
-0.116960
-0.058602
-0.007543
-0.203375
-0.005353
-0.104587
-0.104655
-0.074813
-0.032478
-0.063392
-0.047165
0.013833
-0.105768
-0.088451
-0.062604
-0.083971
-0.108925
-0.122193
-0.048348
-0.140823
0.001165
-0.103021
-0.072700
-0.069580
-0.096777
-0.040102
-0.087397
-0.025864
-0.167158
-0.008744
0.025179
-0.095713
-0.046014
-0.129302
-0.097946
0.000252
-0.215706
-0.069309
-0.096969
-0.027783
-0.166734
0.012040
-0.117451
-0.189358
0.002932
-0.104071
-0.017892
-0.042304
-0.003079
-0.029915
-0.015318
-0.098717
-0.069328
-0.079160
-0.033762
-0.113658
-0.116851
-0.089150
-0.068731
-0.158031
-0.116330
-0.199985
-0.166609
0.024108
-0.109018
-0.092508
-0.133821
-0.080736
-0.098821
-0.058977
-0.056279
-0.057088
-0.115919
-0.003941
-0.097655
-0.036587
-0.160764
-0.165410
-0.065514
-0.199595
-0.167995
-0.143978
-0.095983
-0.093774
0.005509
-0.120761
0.033665
-0.007622
-0.062335
-0.089578
-0.026530
-0.077101
-0.028345
-0.131245
-0.013575
-0.061369
-0.064562
-0.113138
-0.101332
-0.090593
-0.123624
-0.092062
-0.043664
-0.143750
-0.141630
-0.105345
-0.129540
-0.070468
-0.002020
-0.033556
0.052294
0.018047
-0.065390
-0.034137
-0.024812
-0.063910
-0.083852
-0.063869
-0.159334
0.100341
0.035596
-0.017279
-0.065027
-0.182734
0.010435
-0.075640
-0.105527
-0.078709
-0.209634
-0.189635
0.014568
-0.106760
-0.111996
-0.112336
-0.107905
-0.144973
-0.063806
-0.158041
-0.035622
-0.108519
-0.094447
-0.134026
-0.163314
-0.096776
-0.148115
-0.162340
-0.088134
-0.183888
-0.205256
-0.123444
-0.126625
0.023707
0.007199
-0.017548
-0.126619
-0.149727
-0.102369
-0.018783
-0.053270
-0.143416
-0.208647
-0.066077
-0.099511
0.015460
-0.062710
-0.137343
-0.089034
-0.061270
-0.107232
-0.031611
-0.096714
-0.049538
-0.145839
0.007449
0.032197
-0.050354
-0.029260
-0.193231
-0.091133
-0.067547
-0.179058
-0.029939
-0.128392
-0.188864
-0.096272
-0.016464
-0.090909
-0.080142
-0.007365
-0.104247
-0.045781
0.015381
-0.002369
-0.071632
-0.101626
-0.104639
0.001858
-0.110996
-0.065791
-0.108754
-0.075201
-0.048496
-0.188276
-0.038336
-0.098465
-0.122807
-0.075812
-0.023756
0.002536
-0.138243
-0.102604
-0.057750
0.014966
-0.181740
-0.138373
0.005592
-0.145533
-0.031364
-0.046650
-0.052500
-0.129583
0.008773
-0.082293
-0.060897
-0.026510
-0.044440
-0.017565
-0.198247
-0.009680
-0.067719
-0.062465
-0.016919
-0.037776
-0.068889
0.010101
-0.122196
-0.006353
0.017574
-0.067005
-0.106596
-0.139898
0.074897
0.011725
-0.119713
-0.150809
-0.155463
-0.070732
-0.190597
-0.154170
-0.045805
-0.052624
0.013086
-0.242820
-0.030499
-0.015586
0.022877
0.026534
-0.162092
-0.018469
-0.061505
-0.049575
-0.185442
0.015196
-0.064074
0.011099
-0.064696
-0.159221
-0.095812
-0.033940
-0.026215
-0.037689
-0.074512
-0.018799
-0.094844
-0.090285
-0.170245
-0.102768
-0.012883
-0.101109
0.012944
-0.143661
0.000887
-0.053498
-0.112790
-0.065627
-0.107862
0.001027
-0.166810
-0.124923
-0.221860
-0.071649
-0.069500
-0.084218
-0.080586
0.011729
-0.156941
-0.065297
-0.003821
-0.134248
-0.069485
-0.097754
-0.083312
-0.132015
-0.078329
0.082971
0.023490
-0.211911
0.094037
-0.164440
-0.088703
-0.039984
-0.232689
-0.123620
-0.101605
-0.125756
-0.038143
-0.065536
-0.115332
-0.114558
-0.060033
-0.120899
-0.083925
-0.094976
-0.065760
-0.036499
-0.005511
0.020322
0.001117
0.037471
-0.024014
0.060421
-0.102543
-0.076395
-0.007328
0.045809
-0.158255
-0.036102
-0.218541
-0.158004
-0.113602
-0.019833
-0.217825
-0.061402
-0.081566
-0.130154
0.006033
-0.183357
0.065866
-0.074601
-0.106952
0.005506
0.000527
-0.088250
-0.114818
-0.035362
-0.015632
-0.045012
-0.087440
-0.154772
-0.151881
-0.076452
-0.108703
-0.051272
0.026612
-0.078822
-0.000826
-0.060326
0.014201
-0.017122
-0.108029
-0.013798
-0.180269
-0.115069
-0.077485
-0.033217
-0.027742
-0.013419
-0.113317
-0.074146
-0.052198
-0.029454
-0.182879
-0.139855
-0.235030
-0.066117
-0.125910
-0.007313
-0.167444
-0.029772
-0.181822
-0.073270
-0.086524
-0.112346
0.008773
-0.009047
0.003346
-0.121411
-0.080171
-0.090921
-0.041406
-0.139159
-0.089356
-0.105917
-0.110150
-0.102450
-0.059909
-0.217502
-0.046123
-0.050332
0.004559
-0.057935
-0.028064
-0.028907
-0.027023
-0.152625
-0.162174
0.025637
-0.134747
-0.146703
0.016680
0.024475
-0.066609
-0.023797
-0.062280
-0.152030
-0.129588
-0.026749
-0.047090
-0.053507
-0.024441
0.019723
-0.023828
-0.055660
-0.060475
-0.066585
0.008913
-0.104340
-0.048891
-0.076358
0.009462
-0.078928
0.001915
-0.133496
-0.083552
-0.145247
-0.104055
-0.134050
-0.012651
-0.093657
-0.141085
-0.078116
-0.104751
-0.230872
-0.052200
-0.140196
-0.176738
-0.135438
-0.063906
0.002770
0.121945
-0.132536
0.013928
-0.050948
-0.049995
-0.111509
0.012618
-0.132387
-0.171299
-0.071653
-0.069522
-0.151708
-0.071761
-0.091352
-0.089341
-0.138549
-0.082345
-0.059896
-0.121138
-0.169234
-0.036685
-0.042409
-0.076726
-0.047127
-0.065760
0.006226
-0.182857
-0.044711
-0.031323
0.036490
-0.127380
-0.048158
-0.101035
-0.033551
0.005107
-0.127950
-0.089835
-0.036940
-0.164731
-0.021492
-0.192288
0.038284
-0.091735
0.003160
0.047356
0.047382
-0.047424
-0.049775
-0.009186
-0.118993
-0.096649
-0.120299
-0.034323
-0.036348
-0.195669
-0.097220
-0.096133
-0.064833
-0.118328
-0.044670
0.028734
-0.065619
-0.151913
-0.009103
-0.178491
-0.179033
-0.118986
-0.046216
-0.123708
-0.071762
-0.046185
-0.072009
-0.122163
-0.090370
-0.114750
-0.101076
-0.009607
-0.106306
0.049279
-0.174390
-0.090890
-0.068335
0.015904
-0.095839
-0.010111
-0.023327
-0.037771
-0.074017
-0.117351
-0.003077
-0.153342
-0.189735
-0.121738
-0.009176
-0.040970
-0.071010
-0.106933
-0.053760
-0.074706
-0.194263
-0.090833
-0.031277
-0.095715
-0.087306
-0.052900
-0.099811
-0.069162
0.016858
-0.037710
-0.008114
0.065410
-0.022347
-0.056127
-0.035763
-0.090749
-0.081053
-0.045755
0.048715
-0.040127
-0.098470
-0.088445
-0.088971
-0.163806
-0.120079
-0.195436
-0.119182
-0.088921
-0.095604
-0.056015
-0.100609
-0.047010
-0.029052
-0.072474
0.011097
-0.153919
-0.056019
-0.076007
-0.168900
-0.084739
-0.060320
-0.062058
-0.049246
-0.024502
-0.010706
-0.032565
-0.038314
0.013241
-0.070537
-0.034505
-0.086133
-0.145202
-0.031810
-0.084468
-0.012301
-0.019606
-0.066136
-0.142398
-0.030396
-0.117451
-0.131308
-0.061345
-0.015605
-0.057747
-0.035098
-0.024539
-0.043352
0.070585
-0.031106
-0.150640
-0.026868
-0.007962
-0.163667
-0.024164
-0.054532
-0.006696
-0.057459
-0.104944
-0.122339
-0.093763
-0.076054
-0.095533
-0.080433
-0.122824
-0.027528
-0.070880
-0.118094
-0.077432
0.014353
0.012840
-0.021510
-0.169904
-0.040532
-0.063891
-0.046354
-0.046666
-0.048522
-0.067420
-0.134641
-0.075242
-0.070822
-0.070146
0.040170
-0.004481
-0.023753
-0.122749
-0.053627
-0.030723
-0.101030
-0.123873
-0.120026
-0.082187
-0.053659
-0.100586
-0.000212
-0.053499
-0.104267
-0.111977
0.041983
0.010174
-0.119665
-0.031118
-0.090587
-0.005204
-0.085137
-0.035507
-0.082607
0.010923
-0.106750
-0.090861
-0.058279
-0.139847
-0.074955
-0.042507
-0.033913
-0.139605
-0.008407
-0.063673
-0.115340
-0.055557
-0.093726
-0.085603
-0.123923
-0.132381
-0.053021
-0.075783
-0.203353
-0.109384
-0.112301
-0.166651
-0.072107
-0.016459
-0.141247
-0.043143
-0.103361
-0.021992
-0.022794
-0.070842
-0.039415
-0.070121
0.008135
-0.030385
0.006827
-0.073800
-0.159000
-0.091532
-0.092351
0.013190
-0.097932
-0.141767
-0.012125
-0.048963
-0.092719
-0.093834
-0.056466
-0.130840
0.029418
-0.015683
-0.132492
-0.156727
-0.117813
-0.027716
-0.058000
-0.144231
-0.085472
-0.059782
-0.097390
-0.081640
-0.084159
-0.061109
-0.077968
-0.092362
-0.028660
-0.006251
-0.068113
-0.090662
0.012977
0.001234
-0.049649
-0.105908
0.021791
-0.182658
-0.080225
-0.102385
-0.107688
-0.063930
-0.103528
-0.150782
-0.064606
-0.039210
-0.069367
-0.074113
-0.082622
-0.076084
-0.111264
-0.110563
-0.003453
-0.015100
-0.095928
-0.169018
-0.154744
-0.178508
-0.091110
0.025255
0.027266
-0.089800
0.041621
-0.032636
-0.083735
0.000528
-0.114861
-0.073945
0.061131
-0.088573
0.057066
-0.106724
-0.140190
-0.134873
-0.027162
0.005427
-0.076625
-0.064722
-0.047205
-0.013175
-0.002665
-0.081027
-0.134310
-0.028914
-0.027461
0.088103
-0.074407
-0.045004
-0.075502
0.032578
-0.081729
-0.138869
0.002606
0.109334
-0.087775
0.041517
-0.041803
-0.214526
-0.166424
-0.139779
0.014426
-0.046858
0.006220
-0.041266
-0.117662
-0.059215
-0.213685
-0.012768
-0.006562
-0.001871
0.021975
0.001029
-0.055409
-0.004994
-0.142897
-0.079439
-0.050100
-0.050298
-0.044709
0.053361
-0.047101
-0.014587
-0.132976
-0.085667
-0.022560
-0.087479
-0.107027
-0.050942
-0.129964
-0.065609
-0.127053
-0.086584
-0.007835
0.103598
-0.057062
0.030778
-0.068475
-0.089897
-0.128257
-0.193016
0.020252
-0.012328
-0.036935
-0.051856
-0.119097
0.010702
-0.083404
-0.024554
-0.037425
-0.061615
-0.140813
-0.069436
-0.123256
-0.069264
-0.096223
-0.057099
-0.135013
-0.035224
-0.083871
-0.003586
-0.008786
-0.120419
-0.013265
-0.049577
-0.067123
-0.081936
-0.102152
0.007248
-0.154007
-0.107754
-0.123174
-0.018646
-0.115887
-0.019324
-0.091873
0.006090
-0.035049
-0.183863
-0.089646
-0.007909
-0.033448
-0.114708
0.011965
-0.023476
-0.101990
0.020015
-0.117655
-0.030190
-0.047681
-0.204846
-0.084904
-0.064451
-0.087523
0.008689
-0.120255
-0.079474
-0.102980
-0.143512
-0.151467
-0.005235
-0.129656
-0.092623
-0.024127
-0.039355
-0.026553
-0.106292
-0.032788
-0.095405
-0.140597
-0.116110
-0.192438
-0.053899
-0.132486
-0.070028
-0.098146
-0.138955
-0.009275
0.009913
0.002427
-0.079878
-0.098383
-0.214296
-0.067169
-0.018364
-0.097922
-0.049273
-0.109370
-0.094155
-0.082892
-0.094508
-0.131924
-0.097705
-0.091416
-0.055001
-0.086909
-0.103288
-0.128547
-0.065885
-0.052159
-0.120582
-0.078160
-0.062437
-0.020582
-0.138697
-0.038406
-0.114138
-0.003010
-0.126153
0.013682
-0.079051
0.007639
-0.043998
-0.110555
-0.146667
-0.053654
-0.134732
-0.066879
-0.089624
-0.085194
-0.091788
0.052535
-0.021028
-0.100039
-0.098534
-0.042264
-0.025300
-0.053077
-0.062439
-0.020610
-0.043185
-0.079716
-0.136053
-0.104898
-0.055042
-0.098521
-0.072447
-0.079574
-0.013712
-0.079730
-0.093213
-0.145122
-0.014123
-0.106520
-0.098771
-0.064444
-0.140183
-0.047025
-0.004441
-0.047004
-0.022833
-0.103490
0.011067
-0.022679
0.008958
0.019199
-0.091005
-0.069936
-0.102544
-0.067508
-0.082876
-0.083100
0.020206
-0.156639
-0.040393
0.024391
0.003587
0.050135
-0.048889
-0.106185
-0.136871
-0.084669
-0.059390
0.036679
-0.129728
-0.166023
-0.059295
-0.049004
-0.098489
-0.123605
-0.005327
-0.099059
-0.081793
-0.080372
0.052112
-0.165430
-0.032861
-0.128918
0.034230
-0.204334
-0.084469
-0.112822
-0.121935
-0.142368
-0.038576
-0.052593
-0.027324
-0.104122
-0.057117
-0.083988
0.018572
-0.024901
-0.127574
-0.078748
-0.084544
-0.187655
0.008951
-0.017421
-0.073454
-0.081504
-0.168584
-0.148240
-0.060712
-0.023625
-0.096693
-0.105343
-0.011442
0.002236
-0.009141
-0.063657
-0.174010
-0.114662
0.054484
-0.086113
0.014859
-0.162289
-0.074710
-0.103125
-0.100362
0.021933
-0.062952
-0.154033
-0.051944
-0.042568
-0.144974
-0.053534
0.003684
-0.089683
-0.012441
-0.036133
-0.024652
-0.161814
-0.164921
-0.137502
-0.190109
-0.126517
-0.023385
-0.109858
-0.135237
0.004259
-0.149337
0.048281
-0.026277
-0.162963
-0.001909
-0.124784
-0.062905
-0.130838
-0.100216
0.010896
-0.018383
0.105971
-0.116207
-0.093956
-0.053210
0.028751
0.012534
-0.064055
-0.055805
-0.102770
-0.031336
-0.006151
-0.001215
-0.057157
-0.071788
-0.024461
-0.044508
-0.013736
-0.171575
0.001663
-0.212132
-0.103301
-0.121713
-0.154745
-0.080761
-0.037641
-0.125682
0.014364
-0.135550
-0.141303
-0.058655
-0.142868
0.075069
0.108567
0.019632
-0.055631
-0.095204
-0.022781
-0.130854
-0.052157
-0.057929
-0.055128
-0.117511
-0.085888
0.041242
-0.084963
-0.016634
-0.022285
-0.182380
-0.023459
-0.004332
0.059468
-0.031880
-0.018740
-0.072894
-0.027675
-0.060030
-0.029057
-0.097748
-0.114223
0.007341
-0.045589
-0.033091
-0.058900
0.016217
-0.174377
-0.100464
0.006537
-0.059728
-0.066680
-0.074620
-0.043098
-0.164252
-0.129905
-0.123571
-0.012675
0.042091
-0.067594
0.022909
-0.066108
-0.159748
0.005758
-0.048454
-0.093775
-0.159353
-0.134413
-0.125194
-0.108416
-0.041167
-0.075969
-0.092539
-0.043074
-0.081313
-0.026603
-0.068537
-0.077585
-0.074269
-0.082286
-0.037679
-0.102182
0.064266
-0.100990
-0.040711
-0.078754
0.016596
-0.033737
-0.027703
-0.179567
-0.024523
-0.167911
-0.031186
-0.097088
-0.120011
-0.143526
0.016141
0.014815
-0.018672
-0.021394
-0.102200
-0.026653
-0.077271
-0.027987
0.007244
-0.064563
-0.144678
-0.129506
-0.110999
-0.014086
-0.061514
-0.160502
-0.146477
-0.105926
-0.136414
-0.205019
0.032139
0.021037
-0.065722
-0.079341
0.027647
-0.113407
-0.143772
-0.037895
-0.211888
-0.064242
-0.067168
-0.107776
-0.017744
0.042150
-0.061974
-0.046420
-0.017742
-0.001669
-0.014459
-0.136768
-0.058448
-0.081186
-0.076290
-0.174834
-0.082403
-0.118735
-0.128266
-0.104123
-0.058388
0.072850
-0.033070
-0.147354
-0.046431
-0.062275
-0.153704
-0.057208
-0.117377
-0.070466
-0.158336
-0.122650
-0.093050
0.016287
-0.051806
-0.099191
-0.036248
-0.011575
-0.066165
-0.176101
-0.042665
-0.104953
-0.027013
-0.105696
-0.061333
-0.083097
-0.042589
-0.068072
-0.008414
-0.148746
-0.036772
-0.051998
-0.102294
-0.143731
-0.158046
-0.139268
-0.018391
-0.141207
-0.100261
-0.099861
-0.170235
-0.052696
-0.093325
-0.083896
-0.099239
-0.120204
-0.120657
0.004458
-0.020917
-0.029053
-0.026523
-0.064750
0.010139
-0.001606
-0.088212
-0.074846
-0.129594
0.001758
-0.053507
-0.099646
-0.030502
-0.140482
0.013790
-0.147890
0.044966
-0.057949
-0.109197
-0.084868
-0.059922
-0.048509
-0.065463
-0.056818
-0.015953
-0.094152
-0.101335
0.070134
-0.088813
-0.037524
-0.142158
-0.062130
-0.097694
-0.205637
0.009508
0.022333
-0.175685
-0.067871
-0.011762
-0.049020
-0.055836
-0.087492
-0.001901
-0.075623
-0.062916
-0.054655
-0.010543
-0.050778
-0.050938
-0.094167
-0.091846
-0.099993
-0.174062
-0.137660
-0.119969
0.011253
-0.130318
-0.080495
-0.122087
-0.177223
-0.076768
0.023421
-0.079017
-0.006017
0.012093
-0.076228
-0.063075
-0.001938
-0.063175
-0.090444
-0.109209
-0.103175
-0.173414
-0.140276
-0.024595
-0.047264
-0.068533
-0.053341
-0.047754
-0.134977
-0.139001
-0.024954
-0.088607
0.032641
-0.071293
-0.118899
-0.038350
-0.043542
-0.038356
-0.092617
-0.052494
-0.034451
-0.011144
-0.117077
-0.075648
-0.040097
-0.036961
-0.149744
-0.154727
0.023639
-0.073428
-0.041329
-0.150858
-0.058462
-0.153197
-0.068826
-0.113758
-0.089795
0.112856
-0.080309
-0.187046
-0.036467
-0.177998
-0.011362
-0.181813
-0.100914
-0.049495
-0.054288
-0.103958
0.000269
-0.016972
0.006710
-0.193779
-0.085880
0.037782
-0.029533
0.052074
-0.170743
-0.085890
-0.104874
-0.028405
-0.157907
-0.123843
0.015526
-0.006065
-0.056492
-0.113630
-0.098263
-0.141478
-0.187136
-0.034213
-0.130732
-0.124824
-0.086244
-0.086717
-0.083067
-0.062689
-0.124856
-0.122303
-0.053810
-0.162950
0.009267
-0.015612
-0.171626
-0.070281
-0.023311
-0.185074
-0.162382
-0.038214
0.060036
-0.110266
-0.130596
0.041506
-0.048639
-0.150589
-0.030811
-0.046895
-0.057765
0.043110
0.000889
-0.035956
-0.120984
-0.119099
-0.068716
-0.054213
-0.041801
-0.098493
-0.027028
-0.166707
-0.127695
-0.126515
-0.008165
-0.171738
-0.104127
-0.081273
-0.076907
-0.091738
-0.113471
-0.110409
-0.053066
-0.048077
-0.146499
-0.038935
-0.075359
-0.089010
-0.029531
-0.076624
-0.051726
-0.062140
-0.072579
-0.038509
-0.082516
-0.068909
-0.106913
-0.070466
-0.174086
-0.070773
-0.123456
-0.111657
-0.022827
-0.030428
-0.112056
-0.091998
-0.165357
-0.153272
-0.019425
-0.115054
-0.190209
-0.130329
-0.031699
-0.087916
-0.068105
-0.129837
-0.050043
-0.091185
-0.115269
-0.037987
0.023672
-0.016858
0.008026
0.019492
-0.019089
-0.093802
-0.046294
-0.110865
-0.159208
-0.024605
-0.093578
0.062825
-0.161581
0.042476
0.016045
-0.065296
-0.076772
-0.091966
-0.197368
-0.055242
-0.146552
-0.089397
-0.043212
-0.088762
-0.160556
-0.074447
-0.173578
-0.060391
-0.102411
-0.053100
0.025338
0.009756
-0.114468
-0.148704
0.041809
-0.052010
-0.148604
-0.062736
-0.116362
-0.026095
-0.065870
-0.058607
0.133760
-0.085877
-0.130011
-0.009463
-0.061646
-0.038359
0.022602
-0.062793
0.024843
-0.080461
-0.149285
0.025122
-0.082161
-0.267008
-0.019878
-0.064990
-0.015257
-0.141110
-0.050113
-0.050664
-0.141273
-0.014466
-0.126095
-0.011400
-0.072058
-0.143169
-0.000806
0.020261
-0.115034
-0.193129
-0.068806
-0.095079
-0.038357
0.076975
-0.087606
0.001422
-0.159861
-0.076302
-0.147324
-0.060743
-0.051210
-0.095644
0.038048
-0.204081
-0.154018
-0.149253
-0.076143
-0.051480
-0.025980
-0.150436
-0.104459
-0.097533
-0.062088
-0.048908
-0.007775
0.044736
-0.179991
-0.085905
-0.094639
-0.039145
-0.041109
-0.100253
0.067346
-0.080345
-0.113799
-0.130985
-0.138210
-0.144507
-0.102592
-0.039411
-0.016083
-0.057434
-0.028299
-0.019115
-0.053725
-0.061739
-0.094134
0.025327
-0.140066
-0.003728
-0.068514
-0.112851
-0.015561
-0.069077
-0.128523
-0.072724
-0.206429
-0.074325
-0.080483
-0.152558
-0.088010
0.029038
-0.243747
-0.104568
0.045786
-0.123696
-0.048067
-0.087631
-0.046248
0.013696
-0.044135
-0.061813
-0.191887
-0.092168
-0.096593
-0.106189
0.064394
-0.075538
-0.082806
-0.086115
-0.137428
-0.132940
-0.094233
-0.052069
0.007851
-0.144744
-0.058271
-0.090895
-0.172404
0.043158
-0.038381
-0.146306
-0.120940
-0.116215
-0.033985
0.037433
-0.017488
-0.049490
-0.041734
0.036828
-0.015176
-0.050614
-0.070858
-0.142942
-0.096392
0.002541
-0.177813
-0.079577
-0.066570
-0.137584
0.096852
0.079124
-0.143870
-0.109099
-0.167554
-0.005188
-0.093730
0.005020
-0.078254
-0.101472
-0.050836
0.000059
-0.098126
-0.002011
-0.130591
-0.042301
-0.171951
-0.098159
0.033733
-0.008667
-0.026938
0.042298
-0.073219
-0.072364
-0.044827
-0.104786
-0.003091
-0.058446
-0.132766
-0.056972
0.004807
-0.071509
-0.122875
-0.077322
-0.112720
-0.064759
-0.034273
-0.080227
-0.095692
-0.058725
-0.116683
-0.045926
-0.102316
-0.045860
-0.027722
-0.147066
-0.098780
-0.083732
-0.164945
-0.120159
-0.015630
-0.069734
-0.062735
-0.083694
-0.128729
-0.053217
-0.105979
-0.055071
-0.079295
-0.040544
0.009187
-0.108629
-0.138234
-0.114982
-0.029128
-0.116332
-0.046631
-0.114046
-0.139778
0.083531
-0.064406
-0.003107
-0.029973
0.007332
-0.096198
-0.052936
-0.062410
-0.030869
0.033067
-0.113684
-0.021708
-0.144115
0.001619
-0.052082
-0.051467
-0.074444
-0.128782
-0.080672
-0.121638
-0.083266
0.000797
-0.057969
-0.044201
0.012717
-0.077784
-0.049081
-0.090259
-0.046675
-0.092035
-0.117342
-0.036375
-0.071748
-0.077293
0.009839
-0.060563
-0.017928
-0.033862
-0.081572
0.044523
-0.104559
0.018520
-0.011100
-0.130586
-0.202723
-0.062388
-0.060193
-0.137089
0.003701
-0.110483
-0.104775
-0.000768
-0.151833
-0.005835
-0.100170
-0.127880
-0.051420
-0.172150
-0.128178
-0.079345
-0.041594
-0.078650
-0.197528
-0.025391
-0.083698
-0.018556
-0.008679
-0.053657
-0.090517
-0.060423
-0.087751
-0.090949
-0.018846
0.052609
-0.018933
-0.166231
-0.175335
-0.128244
-0.242926
-0.047090
-0.086649
-0.176645
-0.037593
-0.140020
-0.048611
0.033111
-0.019433
0.020618
-0.014051
-0.089576
-0.070855
-0.166616
-0.089628
-0.028161
-0.165223
-0.106099
-0.126949
-0.137413
-0.132207
-0.160143
-0.002428
-0.153207
-0.043636
-0.145301
-0.029747
-0.080326
-0.049853
-0.003918
-0.180981
-0.070693
-0.057201
-0.097933
-0.077058
-0.053950
-0.184402
-0.089735
-0.080396
-0.147151
-0.050283
-0.094718
-0.094359
-0.072652
-0.087982
0.042557
-0.080057
-0.177284
-0.037094
-0.052535
-0.047805
-0.030831
-0.046608
0.008419
-0.053988
-0.101496
-0.074700
-0.087600
-0.148930
-0.054589
-0.020801
-0.055796
-0.124376
-0.025325
-0.145173
0.043191
-0.019609
-0.085389
-0.078631
-0.142527
-0.066866
0.045118
-0.028289
-0.020137
-0.036555
0.033574
-0.037302
-0.008343
-0.049222
-0.057589
-0.121302
-0.077877
-0.150070
-0.028728
-0.028902
-0.108317
-0.004562
-0.009792
-0.055392
0.093175
-0.162304
0.002454
-0.103272
-0.190389
-0.118098
0.084139
-0.179795
-0.104332
-0.046958
-0.127923
-0.070377
-0.041665
-0.057122
-0.063334
-0.076744
-0.095513
-0.044440
-0.019214
-0.090621
-0.053895
-0.038836
-0.080757
-0.095202
-0.137575
-0.080518
-0.037037
-0.047081
-0.005493
0.019461
-0.093971
-0.028429
-0.127788
-0.193507
-0.082132
-0.111029
-0.115157
-0.065378
-0.075924
-0.006323
-0.081143
-0.159120
-0.075746
0.001558
-0.087428
-0.143709
0.069105
-0.050137
-0.065784
-0.090078
-0.133516
-0.034355
-0.034145
-0.072477
-0.059786
0.049331
-0.102016
0.029297
0.060153
-0.023712
-0.106579
-0.043830
-0.044959
0.021924
-0.046377
-0.162820
-0.032269
-0.114007
0.019327
-0.106081
-0.045116
-0.085855
-0.151490
-0.011722
-0.133168
-0.178322
-0.014647
-0.047104
-0.046435
-0.064754
-0.071247
-0.140253
-0.112861
-0.104328
0.003243
-0.139757
-0.045752
-0.106386
-0.027153
-0.083143
-0.108775
-0.099201
-0.100354
0.027739
-0.073403
-0.169044
-0.094360
-0.128101
-0.153506
-0.134468
-0.058598
-0.063370
-0.104207
-0.049813
-0.135758
-0.005779
-0.078213
-0.057721
-0.001753
-0.015282
-0.036353
-0.136125
-0.077023
-0.168567
-0.115928
-0.017481
-0.062175
-0.058690
-0.163367
-0.115804
-0.097053
-0.082965
-0.062573
-0.004249
-0.017741
-0.075650
-0.193412
-0.147445
-0.094893
-0.116937
0.074378
-0.046005
-0.016928
-0.118070
-0.122507
-0.098086
-0.057917
-0.179572
-0.036352
-0.072748
-0.125768
-0.034824
-0.019484
-0.164342
-0.157260
-0.098705
-0.053431
-0.031188
-0.056205
-0.051284
-0.138604
-0.196743
0.031195
-0.116725
-0.085456
-0.053332
-0.003124
-0.073656
-0.148100
-0.046552
-0.056707
-0.052478
-0.087518
-0.018256
-0.151606
-0.019981
-0.185153
-0.118443
-0.050390
-0.176542
-0.059285
-0.023792
-0.056903
-0.130764
-0.148935
-0.041435
-0.083494
-0.050944
-0.203429
-0.154548
-0.029719
-0.020844
-0.014533
-0.022659
-0.033426
-0.049299
-0.048334
-0.033832
-0.128604
-0.018651
-0.175257
-0.040846
-0.104139
-0.025224
-0.161872
-0.118500
-0.196667
0.002338
-0.115532
-0.080079
-0.051337
-0.007949
-0.169034
-0.070317
-0.033735
-0.019004
-0.045818
-0.140531
-0.100037
-0.086609
-0.120033
-0.072323
-0.213411
-0.078759
-0.063811
-0.063105
-0.037458
-0.046178
-0.003661
-0.129763
-0.102313
-0.105957
-0.055603
-0.040355
-0.031343
-0.056080
-0.123650
-0.129058
-0.088528
-0.052788
-0.037848
-0.034119
-0.009349
-0.027211
-0.096455
-0.126198
-0.036271
-0.052125
-0.015470
-0.036561
-0.021553
-0.092714
-0.083666
-0.089958
-0.056833
-0.145983
-0.102367
-0.040575
-0.076040
-0.143926
-0.144328
-0.101066
-0.034000
0.095937
-0.073230
-0.121435
-0.093350
-0.048982
-0.031279
-0.046974
-0.101327
-0.096412
-0.132564
-0.040890
-0.164532
-0.091595
-0.011643
-0.069138
-0.134882
0.013918
-0.055518
-0.094079
-0.029878
-0.093689
-0.141747
-0.008615
-0.087771
0.017064
-0.092152
-0.008890
-0.143566
-0.058258
-0.009137
-0.053881
-0.043241
-0.048952
-0.109517
-0.061120
-0.065096
-0.121159
-0.024694
-0.069870
-0.051574
-0.030460
-0.003115
-0.059551
-0.117512
-0.077127
-0.047237
-0.061060
-0.049314
-0.071784
-0.091068
-0.071446
-0.018820
-0.142507
-0.132647
-0.138539
-0.086406
0.003535
-0.123249
-0.084000
-0.035917
-0.023111
-0.081562
-0.066745
-0.037883
0.050594
-0.144211
-0.145843
-0.070643
-0.076465
-0.065905
0.006337
-0.000614
-0.055300
-0.067885
-0.073673
-0.008755
0.000449
-0.084336
-0.080769
-0.005450
-0.102897
-0.087280
-0.120896
-0.043200
-0.145727
-0.095587
-0.088589
-0.117693
-0.040082
-0.022739
-0.043178
-0.031809
-0.041306
0.006448
-0.160315
-0.004974
-0.176045
-0.108428
0.081672
-0.115266
-0.013166
-0.046201
-0.127903
-0.068306
-0.014618
-0.037841
-0.025582
-0.049206
0.019241
-0.097846
-0.012149
0.056362
0.065433
-0.028680
-0.059940
-0.086150
-0.001259
-0.061527
-0.048480
0.102495
-0.045810
-0.073668
-0.055744
0.056724
-0.080904
-0.002298
-0.082101
-0.054266
-0.078680
-0.182727
-0.027888
-0.005227
-0.023858
0.019391
-0.039976
-0.067642
-0.104853
-0.056782
-0.131243
0.019327
-0.155306
-0.090658
-0.007694
-0.068072
-0.003823
0.013165
-0.140802
-0.177437
-0.083752
-0.124687
0.003133
-0.092406
0.002194
-0.062501
-0.162464
0.005133
-0.054152
-0.103968
-0.002686
-0.041424
-0.038770
-0.031887
-0.027938
-0.052182
-0.035955
-0.103657
-0.041174
-0.142454
-0.139144
-0.081028
-0.083962
-0.113859
-0.121626
-0.041439
-0.034220
-0.063313
-0.019749
-0.140933
-0.079871
-0.028910
-0.072488
0.009200
-0.023068
-0.102544
-0.067800
-0.053818
-0.103131
-0.068892
-0.144886
-0.066281
-0.132588
-0.064472
-0.003641
-0.039337
-0.143717
0.029763
-0.024524
-0.058948
-0.143438
-0.034778
-0.109335
-0.072025
-0.167422
-0.060941
0.057326
0.011890
-0.029653
-0.134998
-0.056327
-0.044105
-0.061097
-0.200181
-0.144340
-0.065033
-0.017291
-0.198473
-0.025668
-0.119993
-0.128312
-0.001893
-0.029445
-0.123087
-0.108158
0.057000
-0.038538
-0.144480
-0.124260
-0.023465
-0.163618
0.003976
-0.095133
-0.054023
-0.116692
0.080373
-0.145745
-0.049682
-0.027187
-0.117066
-0.114907
-0.112625
-0.058092
0.007084
-0.091779
-0.129062
0.074445
-0.108274
0.017311
-0.093346
-0.113058
-0.095323
0.063149
-0.061978
-0.176785
-0.110989
-0.011394
-0.073729
-0.062713
-0.020106
-0.095053
-0.078016
-0.079484
0.030330
-0.092830
-0.107394
-0.041328
-0.128551
-0.067688
-0.141066
0.022282
-0.039842
-0.044634
-0.083342
-0.011684
0.030457
-0.089709
-0.141009
-0.096284
0.002965
0.003419
0.018266
-0.056151
-0.077614
-0.072704
0.015223
-0.057208
-0.003314
-0.066350
-0.016848
-0.074099
-0.143009
-0.027832
-0.080737
-0.071061
-0.039257
-0.119068
-0.023027
-0.055524
-0.062417
-0.047046
-0.082052
-0.063709
-0.080048
-0.070207
-0.065571
-0.065578
-0.016938
0.022450
-0.061318
-0.100982
-0.115863
-0.025272
-0.078903
-0.105519
-0.066060
-0.029325
-0.013261
-0.102272
-0.000035
-0.140692
0.020007
0.009568
-0.196343
-0.018179
-0.020617
-0.093401
-0.062841
-0.070196
-0.090006
-0.097820
-0.064511
-0.067509
-0.074517
0.013611
-0.056201
-0.077529
0.004478
-0.086813
-0.175085
-0.094081
-0.080307
-0.068223
-0.077289
-0.002780
-0.061540
-0.016627
-0.050074
-0.107886
-0.058707
-0.073182
-0.135471
-0.098969
-0.076177
-0.113787
-0.063268
-0.163497
-0.014666
-0.093438
-0.067997
-0.123450
-0.099265
-0.142525
0.015926
-0.068662
-0.121887
-0.093825
-0.021792
0.064922
-0.038613
-0.106707
-0.077587
-0.046381
-0.036494
-0.085628
-0.183853
0.059308
-0.055637
-0.001493
-0.074925
-0.018641
-0.036881
0.042339
-0.003807
0.009417
0.102036
-0.109120
0.018463
-0.058741
-0.128271
-0.038567
-0.139010
-0.096871
-0.045173
-0.169237
0.025996
-0.111029
-0.142209
-0.027231
-0.207382
-0.063124
-0.035071
-0.107155
0.031377
0.035719
-0.030617
-0.001041
0.039723
-0.075647
-0.101216
0.008427
-0.111431
-0.009539
-0.003097
-0.083412
-0.063851
-0.193514
-0.006132
-0.050380
-0.049182
-0.100752
-0.085294
-0.039754
-0.118040
-0.117787
-0.084493
-0.088835
-0.110501
-0.141069
0.016107
-0.012119
-0.022522
-0.073378
-0.094699
-0.028345
-0.147493
-0.023989
-0.147884
-0.023813
-0.071926
0.033911
-0.041597
-0.124059
-0.117050
-0.106923
-0.134009
-0.087068
0.066728
0.032194
-0.095200
-0.013333
-0.119137
-0.167095
-0.135693
-0.144282
0.068598
-0.136806
0.050176
0.066488
-0.082926
-0.043943
-0.115326
-0.120146
-0.043621
-0.048257
-0.083476
-0.059255
0.014485
0.077425
-0.126260
-0.005700
-0.033986
-0.135344
-0.068555
-0.111174
-0.185913
-0.039873
0.008902
0.069613
-0.088494
-0.114029
-0.048102
-0.063165
-0.050885
-0.063825
-0.046068
-0.070192
-0.083803
-0.102599
0.012148
0.007929
-0.062396
-0.076688
-0.082581
-0.085546
-0.101131
-0.005106
-0.149195
-0.011886
-0.030846
-0.194494
-0.038434
-0.084490
-0.146854
-0.043636
-0.123126
-0.068852
-0.115956
-0.094173
-0.109178
-0.016893
-0.170084
-0.109447
-0.132887
-0.119077
-0.066788
-0.007856
-0.033125
-0.038958
-0.034401
-0.013721
-0.022769
-0.123161
0.030187
-0.042766
-0.065385
-0.071065
0.055751
-0.156017
-0.152736
-0.095823
0.087252
0.017066
-0.028004
-0.103936
-0.119215
-0.045429
-0.037102
0.020065
-0.094809
-0.081508
-0.093944
-0.060804
-0.125026
-0.088618
-0.127736
-0.036498
-0.192737
-0.037230
-0.098502
-0.119486
-0.143163
-0.089161
-0.133113
-0.093832
-0.061657
-0.020604
-0.078806
-0.033352
-0.030179
0.018205
-0.167030
-0.065051
-0.071716
-0.066985
-0.119371
-0.038237
-0.135573
-0.187995
-0.021002
-0.051631
-0.068522
0.003022
-0.094761
-0.032152
-0.084921
-0.075283
-0.120243
-0.169134
-0.154429
-0.091286
0.008134
-0.164623
-0.097191
-0.134813
-0.222403
-0.054774
-0.129421
-0.084992
-0.168537
-0.055412
0.028973
-0.046652
-0.091876
0.020822
-0.103841
-0.020995
-0.024727
-0.128287
0.009216
-0.123668
-0.025237
-0.145361
-0.107824
-0.144171
0.010311
-0.031393
-0.086689
-0.047633
-0.251619
-0.044195
-0.098494
-0.118819
-0.153132
-0.129338
-0.022989
-0.025445
-0.146960
-0.140646
-0.086038
-0.108728
-0.066085
-0.174226
-0.040868
-0.096762
0.025404
-0.135825
-0.050741
-0.056213
-0.142764
-0.082830
-0.062300
-0.116522
-0.055911
-0.026576
-0.038072
-0.028271
-0.127314
-0.110597
-0.063058
0.008916
-0.046330
-0.098922
-0.007044
-0.067922
0.019666
-0.077294
-0.097462
-0.125062
-0.127422
-0.080535
-0.042526
-0.131364
-0.041128
-0.094609
-0.125172
-0.210243
-0.075016
-0.058012
-0.023614
-0.001557
-0.048035
-0.073012
-0.026734
-0.043123
0.009195
-0.208365
-0.115613
-0.031677
-0.135896
-0.038244
-0.026810
0.049880
-0.051572
-0.056551
-0.133555
-0.222919
-0.103933
-0.032496
-0.170973
-0.198713
-0.077851
-0.091509
-0.161702
-0.006105
-0.066237
-0.131058
-0.135501
-0.107564
0.036282
-0.044937
-0.115436
-0.027101
-0.073077
-0.060539
-0.010988
-0.082094
-0.075697
-0.145053
-0.126738
-0.002247
-0.057862
-0.113841
-0.149141
-0.071842
-0.122739
-0.048368
-0.080799
-0.095827
-0.204501
-0.083220
-0.052550
-0.157614
-0.087621
-0.016734
-0.082076
0.032722
-0.005970
0.015303
-0.073741
-0.125492
-0.046019
-0.050016
-0.027526
-0.037641
-0.097937
-0.051157
0.044254
-0.197148
-0.111869
-0.015390
-0.146269
-0.322973
-0.083634
-0.098062
-0.093303
-0.080520
-0.115723
-0.007273
-0.061851
-0.041976
0.004585
-0.144379
0.070345
-0.073922
-0.088398
-0.053499
-0.101507
-0.093019
-0.085607
-0.043871
-0.094229
-0.043921
-0.054010
-0.095389
-0.013756
-0.101012
0.062756
-0.069783
-0.153876
-0.175927
-0.070088
-0.121178
0.010791
-0.103587
-0.090501
-0.107004
-0.098613
0.019265
-0.069565
-0.083525
-0.005762
-0.089480
-0.096865
-0.053439
-0.013352
-0.045815
-0.081437
-0.077475
-0.030331
-0.081834
-0.121705
-0.024732
-0.052552
0.003597
-0.079032
0.042733
-0.060169
-0.060454
-0.015397
0.049696
-0.049149
-0.043886
-0.042071
-0.028036
0.041667
-0.095501
-0.116212
-0.040485
-0.057811
-0.063983
-0.082761
-0.146621
-0.013406
-0.104739
-0.009449
-0.158854
-0.107208
-0.102797
-0.048691
-0.080492
0.017429
-0.063079
-0.081670
-0.094655
-0.029009
-0.160576
-0.067819
-0.087280
-0.102802
0.001771
-0.111475
-0.009165
-0.144091
-0.101498
-0.072965
-0.182387
0.052217
-0.069948
-0.059078
-0.108862
-0.174261
-0.165869
-0.042691
-0.117352
-0.062334
-0.057781
-0.130506
-0.081912
-0.120494
-0.137210
-0.131813
-0.053549
-0.082733
-0.020689
-0.111045
-0.109100
-0.024153
-0.013371
-0.147330
-0.019285
-0.127217
-0.117035
-0.013994
-0.193062
-0.106616
-0.023218
-0.048359
-0.006443
-0.027229
-0.015550
-0.188848
-0.009895
-0.031329
-0.042385
-0.017441
0.030274
-0.033358
0.029009
-0.134934
-0.158947
-0.045483
-0.104573
-0.063373
-0.147206
0.042545
0.036767
-0.046716
-0.030565
-0.113278
-0.056906
-0.063781
0.009682
-0.027856
-0.077003
-0.006950
0.012720
-0.088630
-0.062010
-0.108375
-0.065120
-0.071318
-0.013046
-0.084793
-0.112489
-0.103510
-0.060946
-0.120902
-0.095975
-0.047772
-0.053837
-0.119330
-0.102296
-0.054848
-0.116770
-0.057048
-0.068219
-0.018941
0.059105
-0.086360
0.022548
-0.152342
-0.181888
-0.106176
0.041618
0.007586
-0.089864
-0.069936
-0.058375
-0.077642
-0.110806
-0.164770
-0.092656
-0.033866
-0.099645
-0.044268
0.006055
0.055071
-0.035828
-0.168315
-0.174019
-0.149807
0.054639
-0.096466
-0.071149
0.035214
-0.058381
-0.090469
0.012456
-0.067276
0.015224
-0.045421
-0.112838
-0.140647
-0.068684
-0.068041
-0.047179
-0.052613
-0.134341
0.015957
0.034666
-0.141758
-0.026949
-0.089754
-0.209889
-0.163255
-0.111925
0.067993
0.072814
-0.170032
-0.047242
-0.086099
-0.062138
0.032223
-0.119103
-0.066759
-0.083581
-0.036529
-0.121209
-0.076185
0.023440
0.003329
-0.022893
-0.060255
-0.084200
-0.020029
-0.156620
0.008276
-0.039332
-0.094156
-0.021618
-0.117033
-0.100723
-0.071937
-0.009420
-0.111598
0.028511
-0.038802
-0.053852
-0.197071
-0.105496
-0.029638
-0.119613
-0.033699
-0.081972
-0.015973
-0.116931
-0.137162
-0.057390
-0.152350
-0.076368
0.023961
-0.070616
-0.121215
-0.103743
-0.073340
-0.092970
-0.115661
-0.064921
-0.026745
0.058438
-0.112588
-0.089328
-0.022078
-0.135103
-0.188457
-0.063346
-0.052800
-0.072803
-0.113809
-0.064589
-0.078445
-0.068629
-0.002301
-0.073150
-0.057113
-0.170784
-0.113366
-0.103117
-0.130182
0.008207
-0.011685
-0.068769
0.024679
-0.028131
-0.120753
-0.037710
-0.090731
-0.041191
-0.138339
-0.150079
-0.048349
-0.139919
-0.069498
-0.123064
0.000010
-0.105202
0.023244
-0.102576
0.011077
0.108458
-0.061754
-0.084717
-0.088811
-0.038071
-0.082280
-0.230235
-0.105690
-0.125441
-0.101481
-0.094018
-0.042010
-0.087349
-0.096905
-0.064829
-0.026978
-0.211263
-0.028710
-0.128153
-0.052873
-0.112890
-0.122735
-0.099737
-0.075270
-0.130687
-0.112171
-0.083395
-0.111197
-0.127186
-0.161887
-0.208444
0.009480
-0.012503
-0.076327
-0.064852
0.023580
-0.016027
-0.078264
0.093129
-0.001979
-0.045612
-0.052586
0.030387
0.006509
-0.006374
-0.079589
-0.162799
-0.067396
-0.075804
0.061986
-0.144785
-0.109262
-0.060143
-0.037347
-0.051453
-0.089785
-0.126947
0.043810
-0.101283
-0.003263
-0.020354
-0.088536
-0.023613
-0.031224
-0.100712
-0.050463
-0.106059
-0.021693
-0.135713
-0.096877
-0.070705
-0.073633
-0.136917
-0.075424
-0.096441
0.025937
0.037989
0.009711
-0.017957
-0.201272
-0.169230
0.031978
-0.116115
-0.151561
-0.077283
-0.043017
-0.066704
-0.049534
-0.037075
-0.120115
-0.016555
-0.015816
-0.091567
-0.106800
-0.125830
-0.070910
-0.103804
-0.036640
-0.029340
0.036931
-0.155867
-0.098614
