-0.109798
-0.231208
-0.400171
-0.078170
-0.216280
-0.205088
0.198102
-0.067389
-0.278326
-0.145910
0.122950
0.214977
0.156362
-0.060480
-0.015587
-0.065218
-0.156486
-0.233820
0.112939
0.035139
-0.267146
0.240438
-0.129057
-0.022585
-0.131364
0.128005
-0.138725
-0.239610
-0.030079
-0.022591
-0.293088
-0.392432
0.103306
0.063002
-0.484419
-0.168869
-0.260490
0.032819
-0.210051
-0.388310
-0.026671
-0.217114
0.087259
-0.327305
-0.190607
0.243464
-0.115492
0.294411
-0.140014
-0.072217
0.020342
-0.511905
0.460894
-0.138726
-0.357415
0.049956
0.114764
0.146676
0.249403
-0.019114
-0.238770
-0.107672
-0.162514
-0.107239
0.116419
-0.099730
0.038338
-0.198649
-0.470581
0.089174
-0.215002
-0.286118
0.233043
-0.073585
-0.080726
0.048696
0.097882
-0.182694
0.075585
-0.072623
-0.127887
0.101518
0.114973
-0.019150
-0.150060
-0.355060
-0.139835
-0.087222
0.052458
-0.168448
-0.242893
-0.185158
0.134117
-0.091898
0.322077
-0.257838
-0.060769
-0.157141
0.089716
0.183663
-0.216113
0.111539
-0.446895
-0.068604
-0.046206
-0.122534
0.156216
-0.100352
0.048007
0.329782
-0.256873
-0.018093
-0.269812
-0.164344
-0.080962
-0.112922
0.040557
-0.055081
0.004642
0.441374
0.132588
-0.001232
-0.243330
0.139120
-0.177736
0.030671
-0.101627
-0.212749
-0.048193
-0.274047
0.191031
-0.186827
-0.130758
-0.020748
-0.131116
0.256557
-0.184193
-0.309213
0.034847
-0.067439
0.208594
-0.029924
-0.081867
-0.063850
-0.157336
-0.166266
-0.359124
-0.247064
-0.092329
0.054721
-0.293691
-0.119551
0.335477
0.371969
-0.252661
-0.325219
-0.144844
-0.133239
0.005581
-0.443796
-0.075715
-0.071845
0.042736
-0.034620
-0.004675
-0.131231
-0.575206
0.017993
0.040661
-0.234141
-0.061115
-0.229157
-0.127725
-0.204535
0.033636
-0.051916
0.037751
-0.188706
-0.010445
0.339403
0.026804
-0.323579
-0.104302
0.089963
-0.324522
-0.020878
0.035595
-0.039405
0.261578
0.009085
-0.116573
-0.028362
-0.088545
0.042340
-0.256370
-0.137897
0.246204
0.023488
-0.078588
0.077485
-0.267530
0.324042
0.022276
0.050809
-0.297411
0.047510
-0.145054
0.016887
-0.059800
0.175222
0.062880
-0.078725
-0.084141
-0.057022
-0.038620
-0.090089
0.224330
-0.197238
0.169153
-0.353860
0.007198
-0.298491
-0.401388
0.088423
0.174545
-0.409636
-0.230216
0.094434
-0.288800
0.116740
-0.321806
-0.105035
-0.289342
0.074504
-0.483649
0.298570
0.041009
-0.220785
-0.143009
-0.069749
-0.318888
-0.271704
-0.186414
-0.248065
0.229577
-0.141668
-0.455152
-0.358182
-0.160061
-0.270510
-0.037099
-0.337942
0.062313
-0.133505
-0.131207
-0.060711
-0.115280
0.001199
-0.080447
-0.110142
-0.315068
-0.287306
0.024832
0.043192
-0.032517
0.129071
-0.043966
-0.223441
-0.161223
-0.298649
-0.017721
-0.097188
-0.295056
-0.238967
-0.324006
0.026721
-0.292926
0.013392
-0.266139
0.211485
0.181293
0.084607
0.183084
0.030170
-0.034300
-0.091772
0.051397
0.035310
-0.256231
-0.173544
0.210667
0.039358
0.155619
0.150239
-0.425935
0.367660
-0.058804
0.105007
0.167117
0.100405
-0.284579
0.088470
0.181966
-0.252044
-0.033666
-0.038400
0.016776
-0.072412
-0.217295
-0.041275
-0.069382
0.134729
0.200391
0.113232
-0.012120
-0.056764
0.068589
-0.012104
-0.199199
-0.129382
0.026565
-0.407679
-0.035064
0.082307
-0.017785
0.215004
-0.133836
0.182947
0.227964
-0.174056
-0.088917
0.196934
-0.216202
-0.303620
-0.243065
-0.153533
-0.186854
0.364566
-0.008359
0.282188
-0.295826
-0.056169
-0.169124
-0.100083
-0.265497
0.104731
0.134679
-0.221580
-0.127253
-0.264919
-0.282065
-0.071735
0.283118
0.178861
0.260613
0.115496
-0.153455
-0.032911
-0.185493
0.025447
0.130316
0.040547
-0.136326
0.047206
-0.210497
-0.120321
-0.299659
-0.478871
-0.372350
-0.143995
-0.080304
-0.067403
-0.145823
-0.057770
-0.279387
-0.235837
-0.250128
0.040515
-0.209290
-0.087130
-0.014078
0.034937
-0.280459
0.092237
-0.056714
-0.171379
0.037897
-0.050950
-0.191297
-0.218961
-0.289383
-0.022033
0.152213
-0.111191
0.162020
-0.107190
0.252454
-0.061544
-0.402447
-0.229560
0.261984
0.060489
-0.256789
-0.051325
-0.007278
0.378961
-0.061328
-0.302905
-0.164471
0.028327
0.110791
0.097235
-0.314707
-0.336328
-0.138881
0.362491
-0.176188
-0.090623
0.091576
-0.401150
0.066726
0.067637
-0.252498
-0.029274
0.083466
0.169986
-0.238232
0.011738
0.092052
0.015850
0.143063
-0.134648
0.043264
-0.104468
-0.329098
0.243154
-0.001728
-0.270859
0.149539
0.123708
0.065096
-0.107436
-0.039255
-0.016429
0.078182
0.197067
-0.210583
0.272956
-0.082515
-0.038995
0.136821
-0.090046
-0.179253
-0.164294
-0.423347
0.270156
-0.400437
0.189632
-0.238455
-0.053096
-0.291970
-0.147125
0.019126
-0.132637
-0.418205
0.036015
-0.169206
0.046593
-0.505838
-0.191775
0.028354
-0.039327
-0.000016
-0.025539
0.182311
-0.294796
0.100741
-0.043647
-0.242014
-0.080135
0.028863
-0.108983
-0.201126
0.093405
-0.409400
-0.169637
-0.047710
0.089851
-0.127933
-0.446371
-0.291106
-0.019302
-0.163057
-0.309950
0.269662
-0.285263
-0.032882
-0.154567
-0.213128
-0.418485
-0.027476
0.142875
-0.149057
-0.355128
-0.225210
-0.142538
-0.246235
0.411348
0.127297
-0.197258
-0.036896
-0.375681
-0.085590
-0.021662
0.248785
-0.127517
0.037797
-0.127125
-0.267925
-0.249987
-0.017931
-0.356297
-0.233889
0.063242
-0.026149
0.357357
-0.075549
-0.304963
-0.178218
-0.258760
-0.156645
-0.328312
-0.179793
0.034145
-0.076485
0.000331
-0.192623
0.327989
0.169537
-0.163939
0.002025
-0.185560
-0.173908
-0.132756
-0.064307
-0.036256
0.237508
-0.335027
0.141339
0.044263
0.013786
0.031918
-0.140381
-0.219528
-0.311647
-0.187853
0.023280
-0.236334
-0.131247
0.361837
0.317168
-0.166046
-0.281593
-0.017218
-0.003620
-0.120632
0.145655
0.393544
-0.179343
0.445143
-0.165664
-0.004502
-0.097902
-0.110218
-0.342477
-0.032759
0.110733
-0.037020
0.150936
-0.047959
0.128903
-0.161211
-0.158004
0.436960
-0.179575
-0.034731
-0.030980
-0.211107
-0.069479
-0.126208
-0.010350
0.131815
-0.576219
-0.177661
-0.126358
0.308411
-0.418181
0.055375
0.184701
-0.284965
-0.240031
-0.135406
-0.328522
0.004567
0.303770
0.152881
-0.247869
-0.108729
-0.013086
-0.112678
0.201513
-0.051966
0.042096
-0.232367
-0.057993
-0.182975
0.075113
-0.159678
-0.067371
-0.357200
-0.304962
-0.145598
0.312485
-0.058969
-0.320467
0.231304
-0.204569
-0.012063
-0.239235
0.050201
0.273572
0.481119
0.023723
-0.249862
-0.101067
0.282215
-0.238922
-0.064303
-0.014228
0.089465
-0.000855
-0.337842
0.081926
0.001204
-0.229770
0.093092
-0.238935
0.078384
-0.346552
0.008632
0.036087
0.348387
-0.142511
0.007123
-0.072570
-0.121812
-0.291200
0.284531
-0.051160
0.305743
0.260630
-0.229039
0.120175
0.116014
-0.142105
0.028381
0.000222
-0.316349
-0.364885
0.151426
-0.064310
-0.422227
0.264687
-0.127652
-0.214079
-0.228518
-0.667758
-0.118128
0.035004
-0.298781
-0.419013
0.074594
-0.176511
0.021666
-0.226055
0.072057
-0.051382
-0.269370
-0.409048
-0.275052
0.268381
-0.235752
0.006174
-0.272210
-0.119755
-0.276009
-0.218933
-0.024296
-0.313089
0.219280
0.066723
-0.115997
0.018735
-0.516297
-0.070767
-0.261581
-0.240835
-0.171930
0.160039
0.053839
-0.009516
0.003890
0.305940
0.110040
0.135694
-0.027065
-0.194810
0.048106
-0.201539
-0.047130
-0.334765
-0.131946
-0.182635
-0.254315
-0.503920
-0.438640
0.288758
-0.122645
-0.068440
0.123667
-0.205548
0.244508
-0.339286
0.060136
-0.127487
-0.396785
-0.037759
-0.237022
-0.454195
-0.150176
-0.146967
-0.338364
-0.134017
-0.501105
0.143686
-0.116447
0.161394
-0.083620
0.020124
0.045537
0.175423
-0.248354
-0.181433
-0.310511
-0.094797
-0.369430
0.040022
-0.378564
0.214699
-0.250743
-0.022464
-0.233400
0.079987
-0.055365
-0.021807
0.094669
0.200909
-0.063973
-0.037978
-0.083193
-0.057828
-0.191898
0.092168
0.056155
0.205552
-0.010360
0.029571
-0.421181
0.364517
0.114320
-0.118209
0.168793
0.009678
-0.012886
0.105863
-0.025661
-0.065232
0.380979
-0.381940
0.063045
0.066761
-0.049969
0.194699
-0.049170
-0.141739
0.085795
-0.091117
-0.503614
0.097054
-0.061572
0.210650
-0.114293
-0.388709
-0.076904
-0.005513
0.006395
-0.055523
-0.149893
-0.081838
-0.161391
-0.249494
-0.421339
-0.237874
0.226024
-0.154046
0.127499
0.006368
0.077495
-0.304328
-0.176919
-0.423482
0.116982
0.229541
0.065132
-0.209950
0.071925
-0.440885
0.164992
-0.118001
0.047606
-0.087448
0.133812
0.047151
-0.046793
0.119259
-0.017162
-0.110524
-0.149764
-0.059734
-0.307865
-0.192105
-0.091685
-0.431505
-0.331259
-0.316945
-0.163308
-0.083810
-0.166536
0.204943
-0.129105
-0.395522
-0.265575
-0.414534
-0.175255
-0.056289
-0.136157
-0.291258
0.038153
-0.320326
-0.257849
-0.136118
-0.291032
-0.318178
-0.092672
-0.429556
0.044468
-0.140594
-0.017458
-0.263635
-0.071166
-0.215671
-0.174595
-0.187563
-0.359024
-0.059201
0.078073
-0.181668
-0.128574
0.015698
-0.103701
0.282172
-0.117353
-0.327947
0.110469
-0.103495
0.161485
0.317622
-0.291685
0.059873
0.212017
0.004189
-0.007837
-0.089988
0.178403
0.022063
0.001987
-0.038952
0.268317
0.026381
-0.184672
-0.211975
-0.120623
-0.484586
0.344063
-0.107382
-0.411200
-0.075155
-0.298720
0.131040
-0.204496
-0.001587
-0.243441
0.046957
-0.251555
-0.090701
0.116064
-0.188190
-0.024959
-0.081589
-0.135502
-0.010729
-0.165969
-0.010728
-0.074384
-0.100158
0.156680
0.119148
-0.143034
-0.018056
0.067510
-0.054392
0.020092
0.005127
-0.609056
-0.075108
-0.486098
-0.059078
-0.115785
-0.253132
-0.075340
-0.023529
-0.153678
-0.429086
-0.395337
0.044129
0.136562
0.044047
0.136695
-0.025549
0.161283
-0.107593
-0.366632
-0.021741
-0.314140
-0.609985
-0.201690
-0.108839
0.256754
-0.236587
0.057894
-0.072285
-0.016973
-0.129047
-0.305884
-0.080635
0.245421
-0.097686
-0.056009
-0.086160
-0.126258
0.370979
0.159066
0.028473
0.090856
-0.117490
-0.085797
-0.091371
0.006468
-0.126440
-0.128703
-0.301483
-0.081152
-0.436747
0.105489
-0.083362
0.122887
0.399470
-0.069675
-0.003899
-0.159380
-0.215826
0.299507
-0.500277
-0.100339
-0.214614
-0.395925
0.019180
-0.009151
0.208526
0.079840
0.024373
-0.175539
-0.044834
0.042360
0.381798
-0.106409
-0.063762
0.446369
0.076399
-0.322618
-0.330792
-0.248618
-0.016081
-0.410027
-0.154672
-0.095805
-0.224502
0.175069
-0.264469
-0.141200
-0.044315
0.002661
-0.093413
-0.140614
-0.196232
0.106069
-0.002400
0.097129
-0.302523
-0.012886
-0.141460
-0.303975
-0.005334
0.166455
-0.122770
-0.277263
-0.051147
-0.047900
-0.289181
-0.142927
-0.144945
0.195772
-0.081212
0.473551
-0.462666
-0.445430
-0.035827
-0.020838
-0.210382
-0.066842
0.239480
0.138023
0.241362
0.148118
0.083177
-0.064096
-0.079948
0.033641
-0.053503
0.153331
0.110455
-0.398516
0.238738
-0.093405
-0.193264
-0.051094
-0.192100
0.152859
-0.283898
0.040680
-0.010421
-0.165182
0.079459
-0.119398
-0.190807
-0.226389
-0.171707
0.198078
-0.182138
-0.149723
-0.137143
0.129068
0.081910
0.003219
-0.450907
0.095473
-0.141836
-0.564438
-0.050021
-0.075804
-0.191309
0.127566
0.057977
-0.258258
0.039374
0.124334
-0.243871
0.097585
-0.381022
-0.293001
0.196964
0.256861
-0.299218
-0.155962
0.015588
-0.243968
-0.118031
0.121081
-0.087579
-0.303638
-0.211770
0.273700
-0.075437
-0.010682
-0.124973
0.151397
0.099592
-0.404181
-0.486864
-0.237727
-0.257672
-0.268669
-0.304726
0.088964
-0.057118
-0.162956
-0.113240
0.031503
-0.269357
0.057712
-0.230560
-0.157056
0.085284
0.042206
-0.094569
0.243397
0.379821
-0.205137
-0.275115
0.240700
-0.131931
-0.155592
-0.324223
-0.056689
0.039289
0.142548
-0.404756
0.043133
-0.170360
-0.059692
-0.011083
-0.390795
-0.258173
0.161728
-0.411861
-0.167678
-0.269088
-0.252022
0.071611
-0.292338
-0.115415
-0.152367
-0.238477
-0.123383
0.027862
-0.025923
-0.022827
0.085054
-0.083541
0.007644
-0.060946
-0.086098
0.105209
-0.023150
-0.054080
0.020773
0.143391
-0.141482
0.271489
-0.115076
0.137381
-0.169883
-0.124113
-0.132697
-0.079929
-0.019494
-0.305873
-0.362525
0.121657
0.109196
-0.062753
-0.097780
0.180700
0.034262
-0.081609
0.313040
-0.227448
-0.333335
0.068672
-0.283071
-0.276982
-0.412399
0.009165
0.007292
-0.035517
0.160808
-0.089310
0.326132
-0.088921
-0.132202
0.110531
0.137425
-0.240353
-0.531648
-0.105279
0.284894
0.325744
-0.120000
-0.246717
-0.120833
-0.000406
0.366959
0.068861
-0.010009
-0.092176
0.117198
0.067827
0.201895
0.003536
-0.370967
0.165875
-0.057487
-0.048377
0.118575
-0.185815
-0.009485
-0.154949
-0.135377
0.003306
-0.112246
-0.317947
-0.326558
-0.084979
0.128752
-0.032080
-0.090244
-0.172976
-0.171181
0.079974
-0.280427
-0.044084
-0.161651
0.180290
-0.240846
0.193363
0.306203
-0.392562
-0.246018
-0.014989
-0.074077
0.089252
0.031259
-0.320496
-0.150950
-0.022639
-0.009092
0.104918
-0.234938
-0.409245
-0.107063
-0.093127
0.096380
-0.099509
-0.218052
-0.235053
-0.531809
-0.116760
-0.105456
-0.404771
-0.260547
0.191383
-0.106431
0.191524
-0.462782
-0.118311
0.126593
-0.101117
0.023150
-0.010779
0.353324
-0.185981
-0.155493
0.301214
0.028743
0.186230
-0.002996
-0.432907
-0.166863
0.272726
0.151424
-0.043388
-0.458072
-0.187480
0.076021
-0.309140
0.104275
-0.260028
0.064088
0.092286
0.350699
0.205077
0.021350
-0.434486
-0.178220
-0.337582
-0.082157
-0.230019
0.021773
-0.068220
-0.191125
0.138420
-0.207798
-0.203386
-0.285875
0.110237
0.148282
0.151933
-0.461821
-0.029092
-0.191401
-0.179684
0.039027
0.029043
-0.220502
0.188944
-0.091606
-0.486187
-0.209566
0.040820
0.009197
-0.034606
-0.071669
0.253166
-0.219585
-0.078877
-0.371199
-0.246795
-0.208773
-0.316752
0.055328
-0.190916
0.034890
-0.112146
-0.103930
0.016374
-0.184177
-0.038736
-0.351600
-0.274489
-0.325405
0.280684
0.135285
0.210983
0.375531
0.082960
0.024608
0.243399
-0.083436
-0.357617
-0.052611
-0.024056
-0.078161
-0.035245
-0.598219
0.225999
-0.050273
0.026466
-0.207149
-0.019659
-0.015467
-0.377941
0.187614
-0.215294
0.079708
0.293320
-0.162562
-0.311649
0.072512
0.071535
0.228592
0.005966
-0.117526
0.218474
-0.031085
-0.019196
-0.161726
0.263937
0.242125
-0.345821
0.188555
-0.089543
-0.226004
-0.174531
0.001016
-0.149203
-0.126868
-0.190100
0.320291
-0.070822
-0.006968
0.035757
0.517625
0.028971
-0.533384
0.051886
-0.290809
-0.324258
-0.058562
-0.036899
-0.128943
-0.147805
-0.047165
0.022941
-0.082224
-0.275743
0.112527
0.041863
0.154562
-0.296883
-0.198943
-0.315063
-0.277704
-0.069906
-0.054403
-0.144753
-0.184420
0.001935
-0.179795
0.062830
0.193555
0.087025
-0.102399
-0.396994
-0.087107
-0.173094
-0.329847
0.259495
-0.050488
-0.319866
0.113794
0.027832
-0.060346
0.100170
-0.180241
0.371634
-0.003611
-0.000697
0.046874
-0.083552
-0.304121
-0.163418
-0.007086
0.232875
0.091391
0.024617
0.109366
-0.369182
-0.213825
0.052329
-0.100650
-0.030745
-0.437246
-0.224939
-0.163867
-0.003616
0.462703
-0.341450
-0.036234
-0.208691
-0.003195
0.021209
0.049265
0.247831
-0.206178
0.253595
0.137038
0.124129
-0.083316
0.010712
-0.016394
-0.371698
-0.290491
-0.188394
-0.290498
-0.012494
0.040058
0.054564
-0.126111
-0.462640
0.362384
0.096244
0.004502
0.208137
-0.104134
-0.017139
-0.199710
0.472733
0.067773
-0.009207
0.327235
0.172644
-0.360709
-0.221543
-0.196271
0.020357
-0.204842
-0.169583
0.168209
-0.337085
-0.290522
0.193067
0.005617
-0.015750
-0.338867
-0.376419
-0.180630
0.102032
0.201336
0.016495
-0.081705
-0.175776
-0.208036
0.014967
-0.281198
0.081704
-0.508963
-0.159754
-0.253230
-0.065098
0.002761
0.484951
-0.237407
0.122371
-0.222128
-0.284183
0.313073
-0.304206
-0.191884
0.048152
-0.057696
0.038073
-0.075957
-0.190755
-0.074326
-0.020815
0.017475
-0.216607
-0.229369
-0.159308
0.022619
-0.046968
-0.232850
-0.075899
-0.111007
-0.065499
-0.270218
-0.521295
-0.121557
-0.174438
-0.260780
-0.090410
-0.211086
0.083164
-0.036816
-0.193935
-0.250569
0.167256
0.150395
-0.463471
0.082824
-0.288037
-0.189336
-0.096301
-0.130473
-0.202379
-0.221750
0.083405
-0.070819
0.012907
0.073937
-0.171122
-0.145318
-0.044633
-0.161682
-0.455121
-0.067708
-0.212207
-0.210664
-0.043224
0.160225
0.064186
-0.315865
-0.386718
-0.204349
-0.155989
0.022156
-0.030604
0.063839
0.058041
-0.344513
0.218295
0.043980
-0.030771
-0.022480
-0.311110
-0.060285
-0.292107
0.089393
-0.410465
-0.193143
0.122616
0.014625
0.224482
-0.193889
-0.348925
-0.284859
0.078955
0.075764
0.013633
-0.025057
0.013194
-0.175668
-0.446046
-0.116524
0.033508
0.144943
-0.156565
-0.179602
-0.288920
0.020737
-0.079259
-0.228581
0.116144
-0.264959
0.148225
0.215179
0.125405
0.131953
-0.151138
-0.182816
-0.063270
-0.144592
0.043455
-0.007546
0.082007
-0.143581
-0.045424
0.105872
-0.277835
-0.212791
-0.189214
0.013392
-0.460141
-0.088210
-0.079943
-0.063647
0.181243
-0.224720
-0.155582
-0.151204
-0.261904
-0.033291
0.042438
-0.435100
0.115089
-0.145005
0.070752
-0.038647
-0.057712
-0.195913
-0.186221
0.110647
0.288729
-0.341295
0.170890
0.177409
-0.245400
0.092769
-0.150324
-0.201532
-0.230868
0.111214
-0.153303
-0.073020
-0.372052
-0.160480
0.077541
-0.072535
-0.169624
-0.293554
-0.153678
-0.088964
-0.217077
0.444553
-0.063225
-0.299866
-0.186216
-0.376026
-0.201663
-0.024170
0.216345
-0.093902
-0.134190
0.330552
0.086678
-0.425968
-0.039597
0.151224
-0.050434
-0.128536
0.190163
-0.311020
-0.156678
-0.220915
0.165121
0.063697
-0.062266
0.149965
-0.039657
-0.111653
-0.293626
0.067583
-0.259333
-0.082717
0.074547
0.100730
-0.144059
-0.008928
-0.211858
-0.011780
0.016828
0.175991
0.080467
-0.058417
-0.034572
0.049231
-0.097075
0.062136
-0.027150
-0.127417
0.136791
-0.260162
-0.547043
-0.131593
0.273798
-0.129138
-0.277265
0.104473
-0.154729
-0.096808
-0.109093
-0.260438
-0.437841
0.035897
-0.143854
-0.259831
0.000461
-0.006508
0.204546
0.103302
-0.364057
-0.085903
0.370865
-0.186755
-0.322497
0.014253
0.065383
-0.269602
-0.004244
0.072605
0.182122
0.042105
0.314838
-0.353594
-0.349232
-0.023494
-0.521796
0.100686
-0.050649
0.029835
-0.100334
-0.103660
-0.389611
0.144168
0.171456
-0.027594
0.157547
-0.390923
-0.001317
0.074613
0.076516
-0.042754
0.110440
-0.183922
0.143021
0.163985
0.000891
-0.098170
0.487572
-0.108728
-0.180345
-0.289611
0.210907
-0.120474
-0.292024
0.157679
-0.094614
0.110906
-0.318992
-0.118482
-0.143252
-0.037319
0.033336
-0.173798
0.045147
-0.156412
0.035753
-0.234742
0.167735
-0.101629
-0.094786
-0.265844
0.160596
-0.593845
0.194142
0.192548
-0.169945
0.130124
0.208454
-0.076725
-0.431021
-0.200562
0.222509
-0.124231
0.053713
0.153744
0.279239
-0.147079
-0.000729
0.183152
-0.175616
-0.193554
-0.159643
-0.197775
-0.244495
-0.125932
-0.027701
-0.200335
0.086783
-0.116590
0.420296
0.077777
-0.158119
-0.154830
0.209312
0.050182
-0.061711
0.172740
-0.269789
-0.130024
-0.030692
-0.324121
-0.168741
-0.132692
-0.200288
0.022021
-0.090709
0.133993
0.043550
-0.243287
-0.329927
-0.058813
-0.197221
0.001205
0.185114
-0.127295
0.125768
-0.318328
0.065274
-0.120625
-0.162148
0.112637
-0.063311
-0.374278
0.204928
-0.408885
-0.209292
0.222544
0.006329
-0.067062
-0.028080
-0.266793
-0.183900
-0.141592
0.013452
-0.217589
-0.060350
-0.304974
-0.145366
-0.073380
0.001515
-0.265426
-0.336615
-0.131435
-0.116725
-0.279636
-0.153641
0.084644
-0.154271
-0.373618
0.044949
0.043948
-0.004153
0.060937
0.058320
-0.208008
0.000671
-0.259911
-0.228665
-0.166985
0.032290
0.010717
0.030364
-0.175419
-0.157448
-0.157702
-0.117926
-0.108392
-0.077805
-0.230132
-0.030070
-0.204981
-0.342898
-0.232437
0.165680
-0.163902
-0.394356
0.116130
-0.310864
-0.247895
-0.122815
-0.164475
0.221486
-0.095276
-0.247823
0.047510
-0.336220
-0.194713
-0.039362
-0.099930
-0.563560
-0.274615
0.208212
-0.174498
-0.280509
0.335248
0.285245
0.060386
-0.050876
0.255237
0.319375
-0.004601
-0.320019
-0.162424
0.017204
-0.337888
-0.019513
-0.052730
0.160122
-0.107916
-0.280630
-0.043146
-0.006316
-0.226571
-0.297391
-0.007936
-0.143673
-0.158623
0.331141
-0.065416
0.256972
-0.078317
-0.016778
-0.178390
-0.173418
-0.262426
-0.222657
-0.065782
-0.031470
-0.109836
-0.107158
0.230538
-0.417305
-0.160283
-0.166254
-0.055438
-0.031206
0.076911
-0.006828
-0.009473
-0.229673
-0.246888
-0.254923
-0.236170
0.045185
0.155454
-0.167958
-0.137446
-0.136457
0.113227
-0.021866
0.007079
-0.145417
-0.256947
-0.076975
0.041878
-0.157338
0.232888
-0.301268
0.184463
-0.079379
-0.283615
0.182576
-0.371827
0.084298
-0.185238
0.006915
0.155970
0.004055
-0.015716
0.447017
-0.139159
0.042580
-0.038026
0.057048
-0.101916
-0.083369
-0.153437
-0.300525
0.126513
0.119839
-0.494465
-0.275563
0.054300
-0.406222
-0.037161
0.066992
-0.124388
-0.022310
-0.225234
0.220507
-0.029116
-0.069464
0.081992
-0.162491
0.028921
0.074920
-0.184840
-0.170328
-0.102174
-0.167988
-0.104868
0.037703
-0.143644
0.045569
0.155501
-0.032867
-0.216826
-0.112786
0.120138
-0.096938
-0.011594
0.011888
0.200683
-0.212310
-0.329865
0.150419
0.198020
0.131268
0.026755
-0.248695
-0.067818
-0.282255
-0.271144
0.019505
0.016520
0.339557
-0.161042
-0.325205
-0.120387
0.031020
-0.139890
-0.131065
-0.218022
-0.155051
-0.025844
-0.538695
0.034923
0.205797
-0.016082
-0.185988
0.011464
-0.024056
-0.246062
-0.052541
0.166703
-0.375986
-0.289166
0.432264
0.008401
-0.212229
0.031708
-0.323686
-0.096494
-0.010318
0.170356
-0.132924
-0.187275
-0.143697
-0.084476
-0.065263
0.112553
-0.011619
-0.437365
0.072320
-0.194945
-0.167584
-0.203465
-0.369488
-0.186256
-0.333410
-0.153004
0.125513
-0.201102
0.292852
-0.248014
-0.231047
0.230343
-0.431751
0.166344
-0.297364
0.021805
-0.273615
0.153072
-0.273187
-0.238585
0.146462
-0.439960
0.022705
0.256924
0.096218
0.200925
0.103224
-0.304048
0.013571
0.047804
0.001900
-0.190940
0.351370
-0.210476
-0.426528
0.099664
-0.353977
-0.450526
0.035588
-0.210448
-0.224799
-0.087380
0.029291
0.443311
-0.100233
0.001907
-0.391461
-0.138896
-0.183068
-0.010900
-0.108780
-0.175631
-0.020543
-0.011099
0.064533
0.004484
0.111903
-0.274051
-0.249309
0.030390
0.172676
-0.095490
-0.007035
-0.120156
-0.051375
-0.034583
-0.194687
0.090527
0.029882
0.133646
0.366534
-0.121001
0.112761
-0.162693
0.180762
-0.036695
-0.103598
-0.057334
-0.207689
-0.293261
-0.145823
0.041079
-0.003498
-0.069376
-0.235324
0.208296
-0.205431
0.190013
-0.005964
-0.190484
0.111174
0.000903
0.014036
-0.035383
0.175333
0.109594
-0.244117
0.013695
-0.118020
0.201283
0.083576
-0.143493
0.157060
0.162070
0.098063
0.180453
-0.150197
0.051550
-0.592957
-0.281193
0.077632
0.013790
0.273912
0.053188
-0.067215
0.148012
-0.282651
-0.143543
-0.248215
0.146842
-0.172425
-0.245312
0.035741
0.053210
-0.054209
0.116492
-0.293977
-0.094983
0.095230
-0.283609
-0.475873
0.235168
0.086138
-0.206688
-0.118221
0.235317
-0.090553
-0.173432
-0.187782
-0.059157
-0.145740
-0.193971
0.203413
-0.082352
0.241421
-0.210502
-0.164047
-0.477951
-0.056354
-0.296174
-0.319226
-0.277229
-0.199512
0.034037
-0.268037
-0.432319
-0.064108
-0.018608
-0.290773
-0.046805
-0.269264
-0.206405
0.043324
0.008015
0.353751
-0.159810
-0.338273
0.217593
0.069770
0.142032
-0.220553
-0.132110
-0.169922
-0.076561
-0.114639
-0.002091
0.013018
-0.077121
-0.182314
-0.052353
-0.092874
0.207558
-0.136111
0.236905
-0.083065
0.095629
0.193080
-0.152446
-0.026679
-0.046757
0.125153
-0.088891
-0.167414
0.201466
0.015718
0.064617
-0.172244
0.154113
-0.496850
0.160206
-0.076180
-0.268148
0.225199
-0.304480
-0.113002
0.062051
-0.382310
-0.049183
0.249253
0.003661
0.176815
0.056514
-0.150413
-0.124439
-0.048416
0.077876
0.151959
-0.147759
-0.035878
-0.452779
-0.473338
-0.320239
-0.185570
0.123859
-0.049974
-0.164082
0.143929
0.022505
-0.114156
-0.197998
-0.159387
-0.181295
-0.210220
-0.229132
-0.463512
-0.361480
0.082401
0.093868
-0.240983
-0.178134
-0.116322
0.316210
-0.013377
0.051982
0.042210
-0.000557
0.190782
0.024941
0.256535
-0.107235
0.240058
-0.306127
0.008491
-0.251513
-0.213930
-0.083549
0.078137
-0.041001
0.091266
-0.030781
0.026459
-0.263268
-0.127194
-0.101956
-0.230774
0.209129
0.197654
-0.365438
0.268843
-0.252877
-0.164316
-0.052238
-0.118211
0.002954
-0.376101
-0.543812
-0.112925
-0.041591
-0.160917
0.129309
-0.041932
-0.025798
0.204779
-0.061635
-0.112328
0.083715
0.243063
0.169389
0.150047
-0.138858
-0.126732
0.086724
-0.417121
-0.094408
-0.245927
-0.075440
-0.428859
-0.236384
0.033658
0.033454
0.080456
-0.285387
-0.002908
-0.052660
-0.136891
0.011222
-0.337923
0.009655
0.241134
-0.384521
0.178696
-0.169291
-0.196965
0.038460
0.606194
0.100377
-0.443509
-0.174557
-0.077025
-0.034688
-0.160618
-0.057502
-0.293261
-0.103255
0.146683
-0.332171
0.032914
0.076199
-0.198333
-0.399484
-0.018174
0.087309
-0.394040
-0.121364
0.178115
-0.120688
-0.015083
-0.186676
-0.126664
-0.572915
0.107117
0.069323
-0.571391
0.006811
-0.242366
-0.054996
0.548925
0.035666
-0.264949
-0.044357
-0.155946
-0.070932
-0.224849
-0.087550
-0.410951
-0.113555
0.272752
0.265185
-0.238588
-0.283267
-0.086801
-0.308976
-0.379583
0.080135
-0.150936
-0.152451
0.077497
0.388002
-0.038164
0.257744
0.174040
-0.027975
0.086360
0.170082
-0.215597
0.219409
-0.082885
-0.099567
0.021989
-0.183603
-0.239698
0.077964
-0.345455
-0.193712
0.018259
0.024570
-0.021473
-0.054413
0.009052
0.252688
0.032609
-0.080937
0.015536
-0.028986
0.367165
0.268125
-0.284149
-0.191509
0.252726
0.025530
-0.035817
0.216209
-0.120072
-0.146206
-0.046432
-0.304529
-0.332819
-0.250400
0.043497
0.132038
-0.245727
-0.217346
-0.397472
-0.162878
0.111732
-0.010184
-0.577575
-0.067808
0.084486
-0.320901
-0.122133
0.044893
0.000395
-0.099333
-0.221979
-0.145287
0.052316
-0.143084
0.285266
-0.104942
0.143553
-0.079109
0.034273
-0.027887
0.067944
-0.209010
-0.015066
-0.192499
-0.055362
0.274673
0.145332
0.001501
0.204879
-0.060072
-0.295418
-0.070902
-0.169667
0.310225
-0.105883
-0.396146
-0.050432
0.099972
-0.562295
-0.115762
-0.240392
-0.357663
-0.063389
-0.264540
-0.116484
-0.101501
0.363306
0.033128
0.297813
-0.151085
0.245209
-0.277330
-0.176795
-0.336702
-0.118545
0.227315
-0.085526
-0.116355
-0.054734
-0.335075
0.387988
-0.135802
-0.282930
-0.372418
0.041959
-0.410568
-0.194601
0.002399
-0.267758
-0.081144
0.102446
-0.064052
-0.142530
-0.211147
0.058036
-0.116552
-0.050144
-0.253668
-0.243018
0.050773
-0.023273
-0.118841
-0.214773
0.277961
0.245231
0.018341
-0.206970
-0.066609
-0.108516
-0.209510
0.061747
-0.324257
-0.005303
-0.288867
-0.288320
-0.362339
0.243136
0.025002
-0.149930
-0.124395
0.051500
0.060580
0.071164
-0.025706
-0.003953
0.163366
-0.248469
0.050899
-0.130733
-0.222201
0.138290
0.010233
-0.081982
-0.178639
-0.056325
0.277430
-0.230772
-0.557761
-0.005129
-0.143188
-0.191471
-0.125586
-0.028224
0.146544
-0.099668
-0.027656
0.076570
0.089769
-0.100570
-0.028991
-0.139240
-0.360319
0.064435
0.017314
-0.169997
-0.314301
0.019172
-0.390544
0.065892
-0.375261
0.085150
-0.100887
0.161484
-0.200173
0.151328
0.166395
-0.047209
-0.052245
-0.247197
0.135314
-0.288805
-0.261200
-0.157474
-0.086941
-0.101136
-0.028155
-0.326624
-0.335527
0.082563
0.085476
0.100573
0.001742
-0.100620
0.129906
-0.167128
-0.174833
-0.276157
-0.051732
0.087722
-0.674745
0.293886
-0.079211
0.146272
0.059574
-0.037038
0.269941
-0.275189
0.003139
0.142450
-0.332316
0.001324
-0.225262
0.279880
0.151567
-0.066562
-0.254232
-0.411613
0.082096
-0.247326
0.013519
-0.053152
-0.235659
0.003352
0.173169
-0.213190
-0.245038
-0.007581
-0.177854
-0.110100
0.049338
0.343138
0.081130
-0.163135
-0.223669
0.004448
0.467277
0.020594
0.219969
-0.017857
-0.319877
-0.073140
-0.095898
-0.187890
-0.257630
-0.100772
-0.363979
0.017899
-0.148989
-0.031966
-0.064319
-0.051195
-0.050309
-0.001714
-0.128108
-0.066553
-0.210189
-0.081447
-0.207310
0.124638
-0.389257
-0.027464
-0.234447
0.064042
-0.372496
-0.044710
-0.092640
0.004580
-0.048483
0.050345
0.187578
-0.014607
0.120561
-0.102387
-0.242285
-0.006320
-0.061331
0.025834
0.124080
-0.359716
-0.567424
-0.090453
-0.164470
-0.234906
0.223836
-0.281474
-0.327729
0.118114
-0.127403
-0.036941
-0.048471
0.138684
-0.130191
-0.314264
-0.027614
-0.143815
-0.246827
0.115392
-0.018361
0.317256
0.082142
0.160960
-0.066544
-0.001166
-0.028985
-0.030999
-0.095234
-0.095588
-0.057632
-0.122289
0.154633
-0.180114
0.042739
-0.328400
-0.004693
0.041510
0.211210
-0.155419
-0.279275
0.020324
-0.063941
-0.220378
-0.103370
-0.420522
-0.031417
-0.043215
-0.437182
0.031281
-0.112205
-0.025455
-0.455294
0.231002
0.051303
0.145647
0.003421
0.063029
0.208439
-0.332740
0.030987
-0.147823
-0.066632
-0.162985
0.073063
0.183154
-0.203763
-0.028148
0.049111
0.165877
-0.022028
-0.037401
-0.101026
-0.206852
0.116064
-0.334749
-0.130651
-0.220092
-0.150846
-0.351129
0.128529
0.167056
0.185854
0.030157
-0.059595
0.079364
0.172089
-0.102996
-0.383286
0.105787
-0.241869
-0.111598
0.095662
0.057540
-0.304723
-0.233289
0.082241
0.287942
-0.135898
-0.156352
0.142351
0.052425
0.039685
-0.087241
-0.097317
-0.104753
-0.064808
-0.117951
-0.186006
0.120703
-0.575523
-0.073787
-0.090561
-0.318105
-0.315058
-0.112272
0.020610
-0.038880
-0.116683
0.038660
-0.106143
-0.213400
-0.060050
-0.029076
-0.181502
0.056475
-0.172670
0.110460
-0.147594
0.026903
-0.044268
-0.249030
-0.072659
-0.274418
-0.180267
0.138925
-0.066708
-0.057051
-0.064540
0.124748
0.030739
-0.111095
-0.029651
-0.246302
0.136583
-0.250384
-0.094174
0.193699
0.132364
0.112490
-0.328929
-0.134442
0.039823
-0.408161
0.003323
0.035178
-0.102535
-0.198414
-0.645703
-0.025444
-0.171278
0.215534
-0.089938
-0.240462
-0.209099
0.271884
-0.120577
-0.263588
0.034078
0.143477
0.239316
-0.346328
-0.159687
0.331307
-0.144459
-0.003084
-0.123733
0.020577
-0.114546
-0.114787
-0.050551
-0.080240
0.034668
-0.072275
-0.035509
0.023026
-0.214501
0.005766
0.076669
0.138377
-0.017796
-0.468622
-0.385147
-0.175673
-0.292504
0.127221
-0.340585
0.014735
-0.021707
0.092329
0.046179
0.010096
-0.281929
-0.215136
0.005096
0.203090
-0.073122
0.041945
-0.029510
0.115096
-0.202136
0.138485
-0.331350
-0.169034
-0.021084
-0.054084
-0.197174
-0.256630
-0.417369
-0.116640
0.057447
-0.001613
-0.123634
-0.222181
0.081236
0.124673
0.052619
-0.432560
-0.254748
-0.229546
0.127314
-0.325161
-0.090054
-0.424655
-0.178722
-0.123081
0.049871
-0.235423
-0.424125
0.046887
0.005511
0.070758
0.055849
-0.002808
-0.053883
-0.389855
-0.138992
-0.048395
-0.258272
0.024369
-0.288927
0.002097
0.061313
-0.353946
-0.167738
-0.299934
0.099910
0.057297
-0.007256
-0.378369
-0.064081
-0.100413
-0.029815
0.024649
0.316069
-0.191440
-0.322938
0.057566
-0.421756
-0.101749
-0.038060
0.125964
0.042525
-0.191259
0.058872
0.051539
0.020461
-0.390495
-0.133796
-0.087528
0.223098
0.020998
-0.129875
-0.098880
-0.505672
-0.160457
-0.134623
-0.197061
-0.131134
-0.262241
-0.061490
-0.132917
-0.189879
-0.154924
-0.034733
-0.076415
-0.381248
-0.270133
0.009266
-0.266285
-0.065545
-0.184855
-0.195713
-0.096514
-0.039428
0.233474
0.023457
-0.353463
-0.189606
0.024632
0.103151
-0.021296
-0.074582
0.050012
-0.287717
-0.189675
-0.032676
-0.191502
-0.184127
0.520626
-0.189374
-0.027837
0.354439
0.081585
0.103212
-0.195207
0.187043
-0.096029
-0.034734
0.053543
0.218974
-0.184099
-0.155882
-0.088009
-0.185453
-0.054925
-0.015331
-0.010879
-0.179401
-0.178549
0.093317
-0.341587
-0.285264
-0.084089
0.261504
-0.153775
0.186822
-0.150375
0.094934
0.295170
-0.107626
-0.006065
-0.254991
0.223149
-0.288130
-0.096055
-0.087740
-0.040067
0.025438
-0.242955
0.136667
-0.236741
-0.002292
-0.333396
0.150798
-0.129402
-0.081910
-0.282687
0.230175
0.056393
0.220174
0.064497
-0.135160
0.102992
0.023153
-0.319255
-0.004380
-0.537244
-0.401170
-0.071760
0.002297
0.122067
-0.098413
-0.019065
-0.044932
-0.360094
0.014426
0.428071
0.034435
0.132887
-0.029838
-0.252753
0.282458
0.156276
0.100269
0.131168
-0.184964
-0.056145
0.111594
-0.263136
0.033324
0.055955
-0.168053
-0.206350
-0.226977
-0.147816
-0.285620
-0.125660
-0.152784
-0.037633
-0.217379
-0.042627
-0.177762
-0.099257
-0.068595
-0.433627
-0.070368
-0.191242
0.301571
-0.123414
-0.308763
0.022212
0.128606
-0.029173
0.066272
-0.149555
-0.149944
0.206401
-0.311239
-0.039342
-0.622147
-0.184244
-0.142320
0.014422
-0.203397
0.189983
-0.225364
0.368907
-0.118490
0.211522
-0.238559
-0.152038
-0.037417
-0.269239
-0.195511
0.015508
-0.086909
-0.302550
-0.010985
-0.055999
0.249604
-0.124894
-0.003000
0.027148
0.021474
-0.027229
0.283289
-0.155918
0.493975
-0.248669
-0.041765
-0.345509
-0.043436
0.096227
-0.368812
0.051222
0.264187
0.167279
0.131106
0.009798
-0.146780
0.438923
0.037425
-0.292497
0.106711
0.109386
0.143229
-0.253258
0.168113
0.324455
-0.341891
-0.213306
-0.060569
-0.063493
-0.267207
-0.064500
0.096103
0.093661
-0.049476
0.002641
-0.004045
-0.158417
-0.396449
-0.079621
0.015780
-0.178009
0.100325
-0.079457
-0.114071
-0.299218
-0.329648
-0.441232
0.086828
-0.208564
-0.043500
-0.216341
-0.075333
0.040166
-0.039207
0.245817
0.085204
-0.128039
0.247681
-0.324814
0.035576
-0.160083
0.315618
-0.145040
0.316993
-0.184638
-0.150040
0.087903
-0.141757
-0.200377
-0.032918
-0.012735
0.243876
0.132601
0.097700
-0.157523
0.086396
-0.330405
0.077344
0.156295
0.201068
0.012289
-0.059227
0.060408
0.106608
-0.170547
-0.045767
-0.120434
-0.169423
-0.093474
-0.299140
-0.319719
-0.343754
0.118001
0.152518
-0.002165
-0.069414
-0.142451
-0.037875
-0.439132
-0.097535
0.136539
0.037104
-0.057117
-0.049236
0.005506
-0.188100
-0.408543
-0.080370
-0.195117
-0.127743
-0.053258
0.052366
-0.110473
-0.480133
0.019671
-0.269259
-0.292383
0.017900
-0.067647
-0.019366
-0.346654
-0.210268
-0.084348
-0.173341
-0.264162
-0.118469
-0.168110
-0.318331
-0.023328
0.076632
0.103992
-0.179940
-0.185649
-0.127142
-0.520478
-0.253147
0.315229
-0.206120
0.074840
-0.135254
-0.104670
-0.126688
0.105759
0.162241
0.111947
-0.205379
-0.142711
0.116781
0.186246
-0.418952
-0.248875
-0.152155
0.274081
-0.172045
-0.054388
0.094420
-0.123337
-0.314989
-0.343036
-0.152607
-0.033843
-0.228474
-0.171815
-0.049393
-0.173224
-0.063219
-0.193409
0.048627
-0.371472
-0.053487
0.002465
-0.084871
-0.313294
0.022469
-0.180696
-0.086997
-0.461314
-0.133699
0.155263
-0.048188
0.027352
-0.074671
0.079982
-0.018320
-0.160634
-0.213769
-0.105359
0.175825
0.294674
0.035805
0.083275
0.031342
-0.135374
-0.336380
-0.145454
0.075374
-0.069731
0.084170
0.392550
-0.207433
-0.111986
-0.394900
-0.172750
0.274332
0.008216
-0.138795
-0.173947
-0.114048
-0.227499
-0.046843
-0.172990
0.070474
-0.138997
-0.040409
-0.156431
-0.217542
-0.111885
-0.265299
-0.089901
0.330113
-0.017027
-0.251348
-0.025869
-0.068704
-0.162930
0.187766
0.040483
-0.099743
-0.150574
0.085428
-0.254871
-0.457099
-0.174535
0.052225
-0.319353
-0.147389
0.259352
-0.094594
-0.079451
-0.150432
0.074280
-0.149300
0.274030
-0.150259
0.301393
0.240625
-0.070314
0.010630
-0.124921
-0.286496
-0.015018
-0.001321
-0.325110
-0.181600
0.283340
-0.159164
0.219230
0.090477
-0.077991
0.088152
-0.091345
0.212071
-0.094217
-0.291909
0.050243
0.140341
-0.066801
-0.050834
-0.235507
-0.337997
-0.043874
0.159235
-0.220911
-0.225305
-0.218745
-0.086260
-0.142982
0.090590
0.007895
-0.204346
0.075874
0.101475
-0.035668
-0.286950
0.100249
-0.073803
-0.095327
-0.135462
-0.036336
-0.178436
-0.036783
0.037901
0.076216
-0.189293
-0.348881
0.159382
0.173673
0.000091
-0.184313
-0.430727
-0.040460
-0.245773
-0.086405
-0.254313
-0.029100
0.078238
-0.165760
-0.163042
-0.078468
-0.041011
0.028952
0.009999
0.268220
0.016831
0.050006
-0.507238
0.083127
-0.357648
-0.034868
0.083299
-0.118482
-0.061076
-0.108886
-0.294478
-0.159525
-0.078770
-0.162961
0.349041
-0.132358
0.039173
0.024517
0.005273
-0.034256
-0.041255
-0.123325
0.099369
-0.035674
0.020379
-0.244306
0.028651
0.016882
-0.232173
0.064219
0.004588
-0.248466
-0.144065
0.180065
0.250085
0.218784
-0.031466
-0.137082
-0.119935
0.098065
-0.001621
0.152663
0.240491
-0.105272
-0.002647
-0.387574
-0.211115
0.046595
-0.291968
-0.201742
-0.009772
-0.137831
0.195218
-0.185062
-0.079778
-0.319677
-0.009708
-0.026603
-0.167259
0.075488
-0.238545
-0.320297
0.133299
0.058411
0.273451
-0.062240
-0.242073
-0.353669
-0.238896
-0.141655
-0.270009
0.049792
-0.230065
0.045992
-0.225183
-0.219572
-0.032655
0.011354
0.332509
0.184349
0.046087
-0.461245
-0.108335
-0.554163
-0.433599
-0.303008
0.088503
-0.117534
0.031142
-0.089264
0.021717
-0.203383
0.060162
-0.159381
0.358928
0.132663
-0.209700
-0.361384
0.004894
-0.355040
-0.107438
-0.011104
-0.025077
0.296471
0.066222
-0.333180
0.237360
-0.110180
-0.212700
-0.055395
-0.307412
-0.155634
-0.086507
0.071254
-0.020479
0.020031
-0.127431
-0.220259
-0.045498
-0.207741
-0.194843
-0.045864
0.374773
0.142623
0.217010
-0.187520
0.140703
-0.070904
-0.250388
0.033367
0.139324
-0.019044
-0.109845
-0.069839
0.253120
0.028072
-0.232824
-0.042985
-0.074457
0.410748
0.051317
-0.183754
0.003811
0.254390
-0.159096
0.229811
-0.122642
-0.507552
-0.213491
0.046727
-0.341064
-0.065308
-0.394966
-0.130827
0.028730
-0.060644
0.259913
-0.165097
-0.269244
-0.103452
-0.063089
-0.184348
0.112188
-0.073663
-0.051093
-0.063609
-0.072332
-0.104223
-0.101596
0.143117
0.010265
-0.093395
-0.313138
-0.172237
-0.158370
-0.243132
0.020550
-0.238226
0.128688
-0.091228
-0.201148
-0.231949
-0.118434
-0.104185
0.005259
0.099005
-0.284962
0.047267
-0.037982
-0.624280
-0.440621
-0.217675
-0.163219
0.098221
-0.060836
-0.077624
0.002028
-0.181752
-0.100723
-0.391721
-0.032124
-0.097388
-0.095751
-0.069033
0.049974
0.067534
0.077763
0.129383
0.178381
-0.031396
0.062998
-0.333795
-0.064961
-0.139368
-0.000730
-0.208447
0.013584
-0.152294
-0.518128
-0.425343
0.036243
0.189185
-0.271345
-0.149934
-0.326781
0.199119
-0.143575
-0.287128
-0.345113
-0.297652
0.159868
-0.180502
-0.358420
0.080786
-0.035743
0.215336
0.016458
0.229868
0.008454
0.048731
0.249265
-0.402517
-0.249160
-0.274968
-0.248566
0.239883
-0.021042
0.012341
-0.229177
-0.018883
0.011355
-0.046439
-0.223690
0.135706
-0.221549
0.053857
0.066836
0.010305
-0.118735
0.030057
-0.086504
0.228762
0.006075
0.200033
0.050677
-0.222016
0.230135
-0.132737
0.059346
-0.314060
0.022923
-0.495621
-0.001609
-0.279447
-0.247715
-0.070626
-0.033117
0.043779
-0.044201
0.163857
-0.239700
0.034890
-0.136715
0.077703
-0.400693
0.008029
-0.113504
-0.095972
-0.262169
-0.073506
-0.165618
0.588829
-0.130286
-0.172623
-0.095386
-0.199217
0.092426
-0.231720
-0.543451
-0.170532
0.060604
-0.272914
-0.290195
-0.233464
0.008801
-0.019005
-0.326404
-0.338622
0.002178
0.034816
-0.389724
-0.254963
-0.428483
0.388152
0.052841
-0.039750
-0.165767
0.140071
-0.231819
-0.063061
-0.595659
-0.118445
0.208568
0.147848
-0.186436
-0.350937
0.005172
0.001729
-0.081686
-0.025725
-0.201956
0.044485
-0.075407
-0.264603
0.287383
-0.287673
-0.102890
-0.140135
-0.124434
0.139250
-0.076589
0.070152
-0.144907
-0.058972
-0.090525
-0.212908
0.041172
0.029153
-0.131553
-0.180011
-0.226747
-0.330545
0.086050
-0.243108
-0.177257
-0.147159
-0.094484
-0.313410
-0.073656
-0.154409
-0.112327
-0.076637
0.016115
-0.050920
0.086453
-0.258043
0.022042
-0.221137
-0.100414
0.076357
0.035462
-0.070231
-0.445283
-0.173631
-0.081267
-0.113959
-0.392207
-0.432530
-0.075530
0.090978
-0.022089
-0.068510
0.165367
-0.016789
-0.263763
-0.406154
-0.147090
-0.125913
-0.271527
0.082246
-0.034924
-0.222491
-0.345891
0.052555
-0.291808
-0.505235
0.050791
-0.072924
0.248227
0.166707
0.306506
-0.055924
-0.112281
-0.454257
0.129479
-0.051117
0.050008
0.085558
0.102656
-0.034602
-0.319470
-0.160435
0.050325
-0.104374
-0.452424
-0.334866
0.055753
-0.131762
0.216057
0.436534
0.023226
-0.335554
0.023661
0.011961
-0.287817
0.011993
-0.113721
-0.261573
0.176684
-0.051918
-0.282294
0.028855
-0.174201
-0.049335
-0.310767
-0.108537
-0.342838
-0.193427
-0.008624
0.228309
-0.111396
-0.235367
-0.076595
-0.176966
0.174168
-0.096274
-0.140163
-0.336616
0.155240
-0.091153
-0.179470
0.038991
0.171480
-0.037047
-0.390697
0.259253
-0.045274
0.236437
0.021264
-0.114287
-0.325316
-0.378959
-0.001017
0.011392
-0.370741
0.087537
0.055574
0.010640
-0.312225
0.114688
0.127947
0.126846
-0.054259
-0.203694
-0.007349
0.053076
-0.222352
-0.064517
0.197567
-0.367329
-0.407220
0.192320
-0.223570
-0.082982
-0.098910
0.074983
0.095769
0.145293
-0.078028
-0.001724
-0.097368
-0.279989
0.002206
-0.330230
-0.121052
-0.196262
-0.326143
-0.163776
0.214842
-0.004305
0.042381
0.059944
0.291770
0.039600
-0.090032
-0.184653
-0.023208
-0.009672
0.202287
-0.078341
0.200911
-0.068436
-0.177210
-0.492809
-0.148854
-0.134704
-0.330022
-0.154557
-0.043744
0.041222
-0.226757
0.268232
-0.457565
-0.336904
-0.168720
0.028317
0.001888
0.122417
-0.240512
0.040650
-0.329107
-0.167890
-0.334281
-0.067127
-0.345868
-0.380321
-0.227364
-0.053497
0.156361
-0.420529
0.063178
-0.285944
-0.005592
-0.139168
-0.003608
-0.138560
-0.133152
-0.126633
-0.006268
0.130778
-0.207181
-0.033434
-0.019793
-0.276813
0.158284
0.022423
-0.284856
-0.230201
-0.261999
0.142624
-0.142011
-0.016685
0.176740
0.077218
-0.173613
-0.302022
-0.114457
-0.099255
0.011101
0.150515
-0.461576
-0.309588
0.103488
-0.222432
-0.003224
0.162709
-0.099231
-0.019396
0.202932
0.039105
0.039728
-0.193713
0.020242
-0.438736
-0.052331
-0.067690
-0.094263
0.010301
0.063185
-0.009895
-0.042871
0.291018
-0.392942
-0.134697
-0.020893
-0.025341
-0.266390
0.073848
-0.215101
-0.552556
-0.069930
0.080172
0.040041
-0.006260
0.164195
-0.125231
-0.237513
0.008289
-0.439455
0.261989
-0.088922
-0.491587
-0.153882
-0.090441
0.297874
0.040078
0.105009
0.209113
0.294179
-0.375760
0.074185
-0.370203
-0.466206
-0.160379
0.201214
0.071086
-0.058501
-0.058629
-0.020712
-0.139939
-0.033157
0.013814
0.384137
0.077611
-0.205300
-0.143034
-0.202398
-0.040678
-0.318484
-0.139123
0.283003
0.035162
-0.121814
-0.229682
-0.029127
-0.133872
-0.300715
0.093789
-0.196961
0.275438
0.045907
-0.191350
-0.105974
-0.074237
-0.008244
0.023650
-0.089968
0.133251
-0.177847
-0.282083
0.034103
0.147040
-0.237931
-0.069476
-0.058847
0.333210
0.104064
-0.239684
0.115467
-0.287173
-0.029351
-0.168342
0.019962
-0.136992
-0.031348
0.152034
-0.214500
-0.141080
0.022083
-0.263880
0.185788
0.443179
0.099065
-0.171190
0.024364
-0.314111
-0.242485
-0.182007
0.050306
-0.250143
-0.354527
0.135168
0.062289
-0.027513
-0.217887
-0.131435
0.002942
-0.101145
-0.356393
0.043709
-0.110964
-0.259184
0.011102
-0.444432
-0.256328
-0.278246
-0.187420
-0.220932
0.362435
0.093168
-0.102454
-0.046313
-0.105794
-0.036228
0.185071
0.026427
0.106828
-0.072043
-0.066291
-0.101584
-0.316196
-0.275908
0.299616
-0.191981
-0.146556
-0.072335
-0.179771
-0.264588
-0.315385
-0.173008
0.157912
-0.058568
-0.402669
-0.009606
-0.359290
-0.459492
-0.017491
0.049099
-0.129843
-0.144713
-0.290028
0.021774
0.101262
-0.042753
-0.192800
-0.369209
-0.055875
-0.168520
0.199987
-0.039075
0.082839
0.018202
0.007604
0.071824
-0.112558
-0.096609
-0.010210
-0.011642
-0.355726
-0.043607
-0.241227
0.002880
-0.301870
0.024089
-0.157368
-0.048548
-0.095068
-0.274430
0.227288
0.014683
-0.144880
0.131608
-0.029081
-0.041468
-0.420555
-0.552082
0.087387
-0.096532
-0.113077
0.034847
-0.010836
0.340103
-0.193563
-0.195656
-0.245276
-0.320487
-0.314095
-0.089697
-0.040061
-0.043154
0.128450
0.153189
-0.272847
0.231489
-0.118725
-0.286797
-0.033600
0.027489
0.163269
-0.233158
0.298736
0.465961
0.023381
-0.223925
0.019123
0.221454
-0.180454
-0.019116
-0.204557
0.083054
0.043451
-0.053502
-0.146732
-0.527511
-0.381909
-0.465142
0.036587
-0.038502
-0.116522
-0.032160
0.066208
0.394663
-0.210925
0.050611
-0.056039
0.033079
0.071331
-0.110321
-0.070339
-0.158800
0.008580
-0.120316
-0.128323
0.230356
-0.132857
0.116422
-0.271443
-0.396009
-0.189948
0.013408
-0.049232
-0.142336
-0.242653
0.053760
-0.327611
0.438273
-0.012781
-0.482612
-0.090168
0.103682
-0.003142
0.013683
0.112619
-0.149159
-0.287335
-0.048710
-0.050082
0.242530
-0.009065
0.097625
0.007531
-0.363791
-0.003780
-0.281141
-0.144402
0.020666
-0.182042
0.185754
-0.335994
-0.229810
-0.306801
-0.076001
-0.053960
-0.039852
-0.118735
-0.540188
0.215021
-0.000457
-0.144453
0.271912
-0.186525
-0.120303
-0.087562
-0.237992
-0.061746
0.019980
-0.198681
0.062461
-0.008604
0.296160
-0.062876
-0.188522
-0.055119
-0.071553
-0.003371
-0.019002
-0.113689
-0.091693
-0.170906
-0.511966
-0.158187
-0.077206
-0.386495
0.043537
-0.208697
-0.258944
0.321558
-0.129218
-0.133272
-0.226121
0.051512
0.024005
-0.139222
0.027401
-0.415793
0.173036
-0.329883
0.072691
0.275543
-0.022877
-0.211024
0.119218
0.094094
0.106849
-0.228013
-0.028881
-0.324184
0.018657
-0.078918
-0.431009
0.027636
-0.356237
0.001717
0.135613
-0.323609
-0.057839
-0.138923
-0.349074
-0.356873
-0.105156
-0.048201
-0.216177
0.161936
0.248951
-0.317077
0.004863
-0.155710
-0.196241
-0.036540
-0.221184
0.138974
0.233976
0.020854
-0.399716
-0.270123
0.273719
-0.042824
0.260424
0.032898
-0.196978
-0.147508
-0.009600
-0.017401
0.155572
-0.056417
0.047416
0.116212
-0.438971
-0.104672
0.176814
-0.043526
-0.214182
0.223262
0.136824
-0.006023
-0.215665
-0.053288
-0.185647
0.054491
0.238516
-0.038130
-0.123157
-0.278636
-0.015257
-0.060012
-0.106526
0.053787
-0.052636
0.029402
-0.630134
-0.223049
-0.136126
0.285522
-0.391112
0.059109
0.263896
-0.069962
-0.109978
0.150174
-0.283924
-0.195902
0.369640
0.222771
0.191535
-0.278223
-0.320414
-0.092795
-0.210072
-0.004467
-0.003895
-0.011993
-0.136993
-0.097169
0.158952
0.047343
-0.131159
0.324894
-0.174979
-0.079122
-0.279169
-0.135581
0.092159
0.208474
-0.216658
-0.248132
0.081659
0.091313
0.320835
-0.135392
-0.494639
0.006931
-0.115846
-0.100816
-0.059068
-0.299864
-0.379057
-0.229988
0.059462
-0.197846
-0.357733
-0.120749
-0.177624
-0.076144
0.049810
0.108556
0.341816
0.352261
0.219266
0.155462
0.021626
-0.105698
-0.018872
0.049154
0.176677
0.229937
-0.145796
0.015936
-0.220164
0.192850
-0.336631
0.234558
-0.130468
-0.518051
-0.104744
-0.498186
-0.375765
-0.028563
-0.325116
0.181426
-0.108237
-0.047880
0.366375
-0.208374
-0.116834
-0.226126
0.065084
-0.064626
0.045907
-0.127746
-0.236299
0.028774
-0.345032
0.059313
-0.065028
-0.027959
0.153224
-0.395348
-0.156389
0.171430
-0.339977
0.128294
-0.307528
-0.203801
0.002456
0.115520
0.105189
0.118504
0.003828
0.419737
0.288915
0.268518
-0.045657
-0.126913
0.015421
-0.088469
-0.084013
-0.215540
-0.061961
-0.156267
0.003980
-0.183844
-0.255009
-0.226708
0.182193
0.093860
0.028658
0.031353
-0.214912
-0.033191
0.132203
-0.120232
0.126368
-0.320073
-0.091192
0.067888
0.277850
0.398701
-0.261354
0.041495
-0.274053
0.142554
0.037396
0.338217
-0.289805
-0.057348
-0.403292
0.030696
-0.156912
-0.226892
-0.031615
0.037722
-0.078678
-0.000806
-0.399547
-0.110768
-0.431292
0.094589
-0.039519
-0.278121
0.003815
-0.027195
-0.275109
-0.356040
-0.331900
-0.016369
-0.127795
-0.236785
0.099946
-0.222586
-0.004710
-0.044310
-0.041279
0.056357
-0.491872
-0.182279
0.055840
0.226728
0.219619
-0.179834
0.193624
0.087644
0.212057
-0.173576
0.092652
0.279220
-0.011513
0.256174
-0.283158
-0.055684
-0.136709
-0.191381
0.016353
-0.093695
-0.171889
0.144036
-0.409627
-0.196588
0.204823
0.016323
0.146498
-0.255225
-0.256908
0.058221
-0.081189
-0.056771
-0.153697
0.227468
0.324282
-0.272327
-0.273389
-0.010006
-0.114674
-0.380062
-0.380160
0.093990
-0.005269
0.084382
0.022159
0.220366
-0.214176
0.062927
-0.015744
0.074945
0.300632
-0.106160
0.074945
0.051786
-0.368053
0.250385
0.026044
0.016661
0.034906
-0.156703
0.019630
-0.207965
-0.230608
-0.113458
0.124840
-0.026087
-0.315130
0.153486
0.034383
0.118603
-0.077568
-0.268868
0.061676
0.018945
-0.149889
-0.000474
0.154577
-0.048209
-0.196094
-0.289840
0.058477
-0.303182
-0.296640
0.107692
-0.242374
-0.190033
-0.055612
0.147795
-0.168320
-0.179028
0.083833
-0.190196
-0.055075
0.166333
-0.155307
-0.069240
-0.207238
-0.062952
0.268071
0.312578
-0.081488
-0.017129
-0.108845
0.027109
0.065528
0.165116
0.307940
0.300042
0.156198
-0.205042
-0.181918
0.087703
0.334442
0.122507
-0.104887
0.209786
-0.192146
0.174435
0.078561
0.070886
0.058384
-0.191300
0.031181
0.018731
0.069178
0.040596
0.026369
-0.034229
-0.248800
0.327790
-0.308113
-0.200833
-0.032258
-0.176860
0.004559
-0.043433
0.316846
-0.117361
-0.158955
0.227153
-0.160998
-0.425738
-0.269688
0.019134
-0.066615
0.135647
-0.534797
-0.235130
0.192658
-0.469424
-0.067795
-0.124597
0.019080
-0.090872
0.325153
-0.314989
-0.009240
0.029494
-0.057582
-0.244955
0.028684
-0.133687
-0.185428
-0.200805
-0.010237
0.045568
0.121952
-0.146554
-0.132786
-0.082404
-0.255848
-0.295590
0.069344
-0.065637
-0.039250
-0.262213
0.223786
-0.401108
-0.245470
0.035860
0.156113
0.085506
0.079854
-0.177416
-0.038699
-0.274858
0.144652
0.073854
-0.308322
0.193129
0.089691
-0.737985
0.017957
-0.009737
-0.030967
-0.096864
-0.196118
0.010178
-0.244530
0.315878
-0.159721
-0.125798
-0.215857
0.146805
-0.272156
-0.316874
-0.249895
0.043390
-0.058849
-0.077166
0.086340
-0.044070
-0.030201
-0.070589
0.099168
-0.338427
-0.086427
-0.201453
-0.072962
-0.230840
-0.401422
0.041850
-0.119510
0.182907
-0.132168
-0.307136
-0.066729
-0.221720
-0.062265
-0.160182
-0.273722
0.064466
-0.296457
-0.115333
0.196662
0.414108
-0.105075
-0.088701
-0.181529
-0.461645
0.266331
0.055969
0.348824
-0.359524
-0.023983
-0.112266
-0.196298
0.105259
0.055123
0.063627
0.121173
-0.110599
0.061605
-0.063371
-0.238635
-0.145415
-0.016565
-0.001078
-0.408400
-0.042783
0.078037
-0.239089
0.069650
0.072986
-0.051478
-0.139204
-0.207530
0.236098
-0.102221
-0.088969
-0.175561
-0.176700
-0.089847
-0.015278
-0.260504
-0.276462
0.237213
0.103663
0.116543
-0.448408
-0.114699
-0.224385
-0.271812
-0.509184
-0.294000
0.009031
-0.359250
-0.088832
-0.080425
-0.157020
0.063594
-0.018359
-0.273255
0.292849
-0.133991
-0.100805
-0.142482
-0.261588
-0.149382
0.013661
-0.041600
-0.005357
0.280407
-0.224722
0.024122
-0.093947
-0.011955
-0.255272
-0.343362
0.144979
-0.257609
0.255806
0.279676
0.069429
-0.144166
-0.345596
-0.314445
-0.167700
-0.051673
0.068340
0.023060
-0.150398
-0.178875
-0.061864
-0.188679
-0.025083
-0.222315
0.006847
-0.198430
0.046950
-0.297042
-0.124374
0.078895
0.005455
0.108156
-0.194193
-0.039828
-0.161846
-0.146136
0.001998
0.058236
-0.009299
0.159323
-0.257094
-0.158659
-0.131555
0.349510
0.237192
0.025940
-0.046849
-0.142737
-0.187670
0.241997
0.103004
-0.165950
-0.085295
0.009536
-0.091674
-0.446268
0.163477
0.208431
0.212129
-0.170268
0.033887
0.068451
-0.032011
0.107622
-0.076215
0.328569
0.015515
-0.127172
-0.214648
-0.544527
-0.257481
0.052392
-0.516203
0.028955
-0.232600
0.225525
-0.090805
-0.087615
0.270845
-0.471562
-0.355605
-0.127076
-0.072505
0.178433
-0.011535
0.173781
-0.099564
-0.459765
-0.200998
0.077534
-0.071748
0.025938
0.074845
0.231745
-0.261547
0.009121
0.044103
-0.251877
0.221142
0.112557
-0.310622
0.028633
0.247709
-0.231651
-0.051218
-0.080506
-0.228017
-0.280021
-0.317030
-0.023990
0.190783
-0.356982
-0.406977
-0.341621
0.060717
0.023737
0.029315
-0.246611
-0.062332
-0.271513
-0.229937
0.229716
-0.111806
-0.266548
-0.059843
-0.250729
0.024451
0.212041
-0.129686
-0.283041
-0.090914
0.104093
0.223098
-0.286805
0.225285
-0.256137
0.174869
-0.188227
0.042700
0.072536
-0.121550
0.004303
-0.026202
-0.236695
-0.308712
-0.231724
-0.059776
-0.272010
-0.557375
-0.088715
0.043057
-0.280622
-0.339582
-0.005115
0.095490
0.076495
0.047914
-0.195161
-0.115732
-0.139223
-0.058923
-0.066518
0.183472
-0.177116
-0.103649
-0.086606
-0.081859
0.119334
-0.142976
-0.276667
0.308314
-0.098147
0.013742
-0.031933
-0.249471
-0.161717
-0.044116
0.013539
0.312065
-0.009295
-0.267610
-0.038423
0.255562
0.038025
-0.019835
-0.146370
0.270498
-0.317713
-0.076564
-0.274391
-0.274870
0.087256
0.245284
0.175906
0.088046
0.211384
0.133365
0.073091
0.014248
0.140591
-0.234132
0.105827
-0.315789
-0.104169
0.103502
-0.257234
-0.076412
0.291619
0.180649
-0.250850
0.141704
0.116533
-0.058599
0.285825
-0.001588
0.056153
-0.132212
-0.441882
-0.075141
-0.275556
0.073546
0.390316
0.079969
-0.128464
-0.220915
-0.398404
-0.168980
-0.272483
0.116913
-0.114118
-0.110701
-0.325773
0.174950
-0.064537
-0.110676
0.025049
-0.086744
0.085305
-0.033504
-0.167266
-0.275336
0.111912
0.296549
0.148381
0.073767
0.162834
-0.217626
-0.241643
-0.157795
-0.279582
-0.073196
0.148817
-0.064884
-0.253900
-0.004286
0.005482
0.192585
-0.021723
0.198661
-0.034182
0.315972
0.030254
-0.189890
0.052682
-0.133959
0.203766
0.376211
-0.316691
0.164759
-0.336439
-0.078432
-0.418563
0.078798
-0.312709
-0.047861
-0.267099
0.243752
0.274528
0.067139
-0.003731
-0.289758
-0.101712
0.029181
0.054319
0.072319
0.247155
-0.181383
0.086357
0.266115
-0.129903
-0.260470
-0.349180
0.302352
0.200713
-0.150437
-0.258805
-0.189145
0.069829
-0.255919
-0.289427
0.037161
-0.196778
-0.079219
-0.117795
-0.409759
0.062270
-0.089676
-0.028161
0.063369
-0.041794
0.081230
-0.108956
-0.153999
-0.303631
0.112449
0.288335
0.011629
-0.485105
-0.176741
0.028267
-0.047059
-0.292869
-0.105559
-0.223970
-0.124951
-0.062082
-0.409247
-0.219549
-0.039167
-0.087184
-0.131054
-0.050882
0.079916
-0.131672
-0.036647
-0.093961
-0.222697
-0.276392
0.236285
0.141196
0.138107
0.147488
0.474523
0.173273
-0.067931
-0.084314
0.017577
-0.063192
0.201764
0.101480
0.109308
0.106598
-0.120778
-0.194868
0.158061
-0.452219
-0.109346
0.058965
-0.074475
-0.363563
-0.233279
-0.145994
-0.062994
-0.017441
-0.281759
-0.453885
-0.141587
-0.270770
-0.382592
0.352805
-0.144310
-0.017103
0.096687
-0.147329
0.108841
-0.088127
-0.060814
-0.158397
0.295946
-0.211533
0.031151
0.192234
-0.079920
-0.018805
-0.070313
0.136126
-0.079579
0.078255
0.118813
-0.285796
-0.131842
-0.126393
0.273564
-0.115317
-0.038625
-0.112340
0.141895
-0.002807
0.211541
0.015992
-0.081652
0.241765
0.204751
-0.118786
0.186073
-0.196321
-0.105542
0.103388
-0.066293
-0.155464
-0.202786
-0.011935
0.097237
-0.109094
0.163522
0.048168
-0.188211
0.103727
-0.401322
0.152812
0.114021
-0.067329
-0.236556
-0.128793
-0.110009
-0.079000
-0.245769
0.111205
0.117681
-0.132090
0.006538
-0.066024
-0.452738
-0.111240
0.015914
0.064674
-0.201788
-0.008375
-0.120544
-0.225606
0.090616
-0.228098
-0.248386
-0.044394
-0.338164
-0.108797
-0.110525
0.221855
-0.012252
-0.127705
0.114118
0.253736
0.030889
0.075164
-0.463869
-0.019386
-0.120233
-0.144978
-0.243963
-0.307106
-0.134960
-0.065575
-0.269729
-0.082891
0.037697
-0.236893
0.045376
-0.036562
-0.185819
-0.187226
-0.126852
-0.150019
-0.296777
-0.097455
-0.041181
0.121353
-0.030643
0.001595
-0.142873
0.105290
-0.086777
-0.165652
-0.050638
-0.081993
-0.202885
-0.188327
-0.099481
0.453783
-0.121158
0.091928
0.153956
0.266248
-0.276787
-0.452274
-0.499581
-0.135100
0.114824
-0.177960
0.027238
0.023070
-0.589838
-0.095017
-0.026564
0.091003
-0.171888
0.155528
-0.070889
-0.131269
0.140857
-0.292519
-0.193363
-0.424082
0.016424
-0.112361
-0.255756
0.073308
-0.023569
-0.123440
0.025506
-0.109678
0.063085
0.356002
0.114700
-0.187510
0.080987
-0.062622
0.018311
0.117871
-0.015291
-0.061858
-0.201981
0.180479
-0.089039
0.061649
0.171046
-0.100597
-0.099310
-0.200087
0.145040
-0.094695
-0.056404
-0.163893
0.167437
-0.024444
-0.511708
-0.388823
-0.181676
-0.480920
0.024463
0.059731
0.037544
0.366306
-0.178578
0.289556
-0.152678
-0.212365
-0.126187
0.225248
-0.231026
0.115875
-0.256432
0.005790
0.131768
-0.256152
-0.543604
-0.136295
-0.359781
-0.114060
-0.004364
-0.087161
-0.039003
-0.095029
0.163835
-0.041428
0.397321
-0.168756
0.117044
-0.084448
0.159682
0.146915
-0.146749
0.163664
-0.371307
-0.364238
0.249125
-0.076184
-0.262389
-0.435503
-0.323424
-0.213785
0.231485
-0.064201
-0.015787
-0.011501
0.005802
-0.550153
-0.393535
-0.043504
-0.157959
-0.182065
-0.034481
-0.372070
0.053044
-0.154040
-0.203978
-0.021311
-0.085424
-0.222138
-0.257405
0.274056
0.035670
0.134812
-0.023859
-0.061505
-0.488630
-0.162100
0.029161
-0.063679
-0.258219
-0.076626
-0.059436
-0.148462
0.063661
-0.123116
-0.096797
-0.407124
-0.393171
-0.087971
-0.315675
-0.078718
-0.178739
0.008786
0.125797
0.431645
0.202572
0.017422
0.097747
0.024021
0.352855
-0.085773
-0.307326
-0.012643
-0.132692
0.078881
-0.207537
-0.077198
0.084952
-0.264509
-0.169042
0.068753
-0.224584
0.199202
-0.228495
0.122015
0.178795
-0.412794
-0.159019
-0.140045
0.156235
-0.314058
-0.281107
-0.051473
0.145607
-0.104837
-0.058831
0.005298
-0.020273
-0.216060
-0.187936
-0.342576
0.223313
-0.091296
0.212051
-0.105907
-0.138647
0.175801
-0.007016
-0.071043
-0.172941
0.134202
0.035439
-0.160501
-0.262017
0.221401
-0.040071
-0.201917
-0.038983
-0.275698
-0.285537
-0.088171
0.228685
-0.042646
-0.396040
-0.052869
0.131711
-0.363541
0.152796
-0.136629
-0.270783
-0.234086
-0.256598
-0.043366
-0.079884
0.236379
0.169245
0.084270
0.048123
-0.097031
-0.280424
-0.365906
0.051300
0.007715
0.179262
0.004838
0.096024
0.100599
-0.262970
0.208890
0.181309
-0.005329
0.196765
0.107057
-0.322165
-0.379792
0.014211
-0.210211
-0.184349
0.135051
-0.341923
-0.067309
-0.305275
-0.205985
-0.275153
-0.406031
0.211637
-0.303402
-0.327228
-0.084523
-0.186442
-0.111994
-0.461366
-0.589848
-0.053657
0.059149
0.181308
-0.302739
-0.005628
-0.067328
0.324777
0.154268
-0.125669
0.088406
0.078634
-0.035403
-0.055178
0.065586
0.124902
-0.270871
0.046751
0.037948
-0.217882
0.228141
-0.033366
-0.068773
-0.233562
-0.005202
-0.009468
-0.080005
-0.332213
-0.326979
-0.056512
0.320696
0.063626
0.002941
-0.384731
0.026416
0.000866
-0.004605
0.071098
-0.034554
-0.351289
-0.006717
0.011105
-0.205099
-0.130579
-0.148752
-0.108020
0.225080
-0.186357
-0.138780
0.165050
-0.123792
0.111732
-0.239159
-0.112322
-0.236582
-0.226015
-0.023000
-0.004630
-0.210535
-0.162902
0.108547
-0.101047
-0.090082
-0.357308
-0.195962
0.079410
-0.318803
-0.025682
-0.134797
0.092457
-0.251519
-0.125911
-0.307307
0.006026
0.084572
-0.297194
0.261432
-0.188206
0.117737
-0.219364
-0.163759
-0.120276
-0.211257
0.271135
-0.371148
-0.276182
0.325883
-0.167424
-0.001408
0.014809
-0.022363
-0.141162
0.218551
-0.149981
0.101146
0.180639
-0.253484
-0.146575
-0.140856
0.182011
-0.214035
-0.052028
-0.042363
-0.537770
0.018149
-0.118411
-0.137026
-0.178568
-0.129510
-0.089907
-0.357437
-0.089350
0.338827
-0.312129
0.006919
-0.248993
-0.005545
0.304470
-0.043668
-0.306219
-0.266446
-0.023493
-0.108199
0.137801
-0.159168
0.219360
-0.097420
-0.329014
-0.221717
-0.172007
-0.292555
0.113412
-0.240706
0.215923
-0.050038
-0.088753
0.144634
0.148146
-0.072070
-0.070072
0.058471
-0.132013
-0.247171
-0.187219
0.142535
0.083001
-0.351448
0.064388
-0.220728
-0.205266
-0.366927
-0.017620
0.065373
0.061547
-0.449844
0.171967
0.132994
-0.167074
0.183686
-0.021685
-0.026363
0.127823
-0.219309
-0.170903
0.005003
0.151104
0.006301
0.398498
-0.076696
-0.250892
-0.210948
0.253357
-0.249288
-0.373749
0.049995
-0.153307
0.120770
-0.155083
-0.457315
0.342869
0.039711
0.025162
-0.338597
-0.038859
0.148856
0.180412
-0.159299
-0.211551
-0.168618
-0.077072
0.098617
-0.179082
-0.277485
-0.339327
0.057079
-0.596030
-0.159513
-0.466258
-0.283180
-0.254347
-0.201315
-0.060835
0.057738
0.059542
-0.008352
0.032558
-0.038904
0.141769
-0.327551
0.196352
-0.093278
-0.000809
-0.091489
0.016473
0.068827
-0.099191
-0.120367
0.056600
0.112847
-0.160255
-0.106058
0.209942
0.072600
0.140196
-0.111023
-0.073496
-0.285158
-0.261785
-0.021395
-0.001868
-0.168868
-0.082101
0.021287
-0.058366
-0.260957
-0.215836
0.053566
-0.224856
0.046268
-0.159551
-0.041099
-0.204257
-0.204221
-0.150393
-0.178656
-0.164003
-0.257728
-0.028435
0.160683
-0.297819
-0.217693
-0.084259
-0.364098
0.168365
0.406575
0.156058
0.025310
-0.287707
0.088887
0.093390
-0.000382
0.184185
0.070968
0.116667
-0.038063
-0.059993
-0.106787
-0.091071
0.149106
0.169460
-0.072006
-0.252817
-0.209678
-0.459593
-0.258332
-0.073926
0.046213
0.100276
0.044900
0.100885
-0.179094
-0.141806
-0.388327
0.267816
-0.026288
-0.134495
-0.586681
-0.480177
0.113317
-0.164674
0.083616
-0.296111
-0.345781
-0.152583
0.078896
0.000961
-0.180570
-0.185579
-0.160797
0.028568
-0.263998
-0.013774
-0.193168
0.299287
-0.255105
-0.117324
0.158643
-0.164298
-0.276699
-0.233668
-0.075136
0.011069
0.203968
0.005323
0.158532
0.201670
-0.359916
-0.114407
-0.064905
-0.035182
0.175216
-0.111077
0.063578
0.457768
0.159537
0.296695
0.101018
-0.282604
0.067291
-0.226311
0.048937
0.107041
-0.004537
-0.170604
-0.047158
-0.074377
-0.192441
-0.101309
0.108189
0.076473
-0.304560
-0.090410
0.011456
0.339612
-0.053660
0.174798
-0.057111
-0.327314
-0.088160
-0.102654
0.367198
-0.140447
-0.094245
0.228473
0.314156
0.044368
-0.225711
0.070987
0.050691
-0.276616
-0.019548
-0.139365
-0.305380
0.264473
0.126363
-0.054924
-0.089500
-0.027833
-0.095836
-0.257715
0.142162
-0.171155
-0.145178
0.029012
0.192510
-0.038236
0.216115
-0.018926
0.246519
-0.224719
0.033398
-0.189035
-0.012485
-0.061789
0.093671
-0.387498
-0.015645
-0.270946
-0.216264
0.201500
0.436048
0.089432
-0.309770
0.202181
0.035899
-0.258120
-0.163161
0.403347
-0.123743
0.188385
0.072863
0.055706
-0.101720
0.011854
-0.297904
-0.203747
-0.080416
-0.461128
-0.078579
-0.265130
-0.142276
-0.159444
0.180930
-0.047346
-0.312194
0.042434
-0.333034
-0.017638
-0.287870
-0.000643
-0.308957
0.031564
0.331102
0.037504
-0.054467
-0.019058
0.133308
-0.019136
-0.421568
-0.084135
-0.142519
-0.307709
-0.239497
-0.112173
0.057401
-0.325258
0.178450
-0.076637
-0.430515
-0.155524
-0.281836
0.113410
0.029978
-0.010106
-0.311700
-0.224818
0.096985
-0.149918
-0.053433
0.331768
-0.176186
-0.177928
-0.308455
-0.211899
0.004160
0.061140
-0.176765
-0.270510
-0.069181
-0.364858
0.288115
0.111443
0.351848
0.209851
-0.391868
0.104253
0.015372
-0.188610
-0.138768
-0.261965
-0.095170
0.091004
0.203214
0.073794
-0.047087
-0.085393
0.171909
-0.184980
-0.176557
-0.148394
-0.089866
0.087068
0.164850
0.087083
-0.223234
-0.086612
-0.014773
-0.189876
0.055474
0.068142
-0.195613
-0.271531
-0.047727
0.108293
-0.136725
-0.010826
0.062636
0.031726
-0.225132
-0.343568
0.080867
-0.182858
0.055948
-0.314651
-0.288178
-0.073405
-0.262739
0.024542
-0.199314
0.108779
-0.046102
0.079873
-0.375467
0.091000
-0.363512
-0.223077
0.101648
0.137709
0.161331
-0.032325
-0.199163
0.020257
0.315275
-0.434348
-0.380291
0.081474
-0.105398
-0.006601
0.184679
-0.187049
-0.005070
0.118735
0.195531
0.047684
0.258042
-0.048119
0.052776
0.000315
-0.171713
-0.216998
0.311012
-0.275656
-0.149689
0.008449
-0.118689
0.105803
-0.274400
-0.186238
-0.044428
-0.166224
-0.173582
0.068171
-0.010576
-0.191747
0.065434
-0.107454
-0.099424
0.001292
-0.035719
0.018225
-0.020448
0.031643
-0.159998
-0.077069
-0.052545
-0.215082
-0.062976
-0.309110
0.264265
-0.234646
0.025101
-0.204992
-0.020415
-0.232894
0.318589
-0.140035
-0.238331
-0.118474
-0.218548
0.005623
-0.100792
-0.232290
0.206598
0.049639
-0.138505
-0.039230
-0.034245
-0.359820
-0.074783
0.260883
-0.311426
0.016343
-0.073198
-0.395180
-0.081354
0.094426
-0.136959
0.032991
-0.152757
0.018911
0.197772
-0.197242
-0.136470
-0.089136
-0.400514
-0.005108
0.212038
0.157129
-0.077258
-0.263485
-0.268884
-0.416152
-0.288793
0.059308
-0.126089
0.145403
0.202547
0.235182
-0.089377
-0.226211
-0.217347
-0.299419
0.175471
0.083528
0.209345
0.148191
-0.201222
-0.004737
-0.151527
-0.041159
-0.104808
0.036169
-0.026341
-0.256288
-0.006191
0.141146
-0.116539
0.115706
0.214615
0.217961
-0.279260
0.069687
-0.129813
0.027659
-0.081749
-0.074757
0.036755
-0.156398
-0.140477
-0.088044
-0.087209
0.321228
-0.548514
-0.259568
-0.494977
-0.055562
0.262660
-0.086687
0.106312
0.072182
-0.191485
-0.015143
0.134661
-0.055918
-0.274464
0.048153
-0.257535
-0.068754
-0.027280
-0.122543
0.050202
0.062225
-0.267472
-0.001063
-0.080160
0.080387
-0.047784
-0.229210
0.099945
0.172754
0.004985
0.018793
-0.123884
0.154160
0.206468
0.016506
0.083967
0.253093
-0.161716
-0.065554
0.124793
-0.142693
-0.216305
-0.044617
-0.083466
0.053410
-0.242345
-0.039307
-0.220895
-0.349954
-0.318193
0.063347
0.368913
-0.259215
-0.042384
-0.089884
0.123751
0.077342
-0.259125
0.070478
-0.207848
0.078345
-0.005423
-0.005059
-0.243644
-0.360929
-0.351162
-0.198352
0.123008
0.010813
0.148456
-0.013355
-0.151578
-0.042759
-0.054855
-0.523027
-0.292549
0.047985
-0.244562
-0.346211
-0.052817
0.185502
-0.077377
-0.112923
-0.497989
-0.324879
-0.001530
-0.159300
0.024385
-0.015348
-0.450176
-0.156263
-0.134856
-0.234317
-0.118736
-0.132228
-0.267814
0.018260
-0.147164
-0.260160
-0.380264
-0.172894
-0.211379
0.109552
-0.176726
0.256121
-0.002357
-0.083576
0.010076
-0.119912
-0.327825
0.176818
-0.135754
-0.052994
-0.199983
-0.043601
0.013577
-0.284387
-0.066258
0.030984
-0.286291
-0.086441
0.060696
0.006701
0.032161
-0.030537
-0.097122
0.074444
-0.227488
-0.257256
-0.025190
0.002755
-0.154638
-0.117850
0.055623
-0.154705
-0.183825
-0.353812
-0.063619
0.273980
-0.215237
0.082834
-0.215248
0.201918
0.125529
-0.380039
-0.330079
-0.019495
-0.018853
-0.070084
0.039620
-0.048546
-0.143438
0.166715
0.161915
-0.249621
0.265759
0.144596
0.203169
-0.142897
-0.041276
0.096340
-0.072832
0.060948
-0.399331
-0.093880
-0.254202
0.288748
-0.208826
0.159086
-0.026270
-0.063807
-0.030637
-0.357822
-0.018333
0.022472
0.024340
-0.193548
-0.058505
0.642041
0.192545
-0.550376
-0.164606
-0.186567
0.135585
-0.171978
0.066618
-0.239978
0.177052
0.120447
-0.177077
-0.111614
0.426419
-0.164298
-0.004835
0.041781
-0.069655
0.356999
0.009721
0.008744
-0.509543
-0.017688
-0.214529
-0.358803
0.166834
-0.031638
-0.324007
0.033498
-0.183302
0.043949
-0.249649
-0.113997
0.127769
-0.055265
-0.051725
-0.429833
0.185609
-0.177890
-0.061641
-0.273508
0.043350
0.047421
0.279742
0.026968
-0.044213
0.191407
0.203734
-0.082735
-0.318850
-0.067577
-0.032344
-0.231589
-0.126372
-0.227484
0.019719
0.042909
-0.193198
0.223301
-0.220368
-0.060937
0.063058
0.188434
0.013164
0.068525
-0.020486
0.024940
-0.199741
-0.244391
-0.049683
-0.091709
0.170160
-0.036228
-0.157884
-0.235049
0.028491
-0.295893
0.048731
-0.006308
-0.009880
-0.086001
-0.061533
0.231216
-0.081270
-0.229285
0.112344
-0.058603
-0.214509
-0.230017
-0.091840
-0.148921
0.356480
0.177708
-0.031485
0.195422
-0.152318
-0.229425
-0.286243
-0.022282
0.072501
-0.067483
-0.206347
-0.105509
0.051769
-0.011304
-0.166176
0.046326
-0.185622
-0.022528
-0.027903
-0.305573
-0.295961
0.274539
-0.155995
0.192291
-0.066292
-0.191382
-0.000873
-0.134312
0.185804
-0.076804
-0.072727
-0.196070
0.106937
-0.008522
-0.059945
-0.006184
-0.143354
-0.198288
0.219114
-0.221422
-0.272234
-0.287698
0.108571
0.272990
-0.111712
-0.044396
0.014515
-0.192386
0.018504
-0.003456
-0.054636
-0.008292
-0.235368
-0.409912
-0.279053
-0.186005
-0.061444
-0.254247
-0.060703
0.252375
-0.141248
-0.203158
-0.236089
-0.050226
-0.209827
-0.097633
-0.337099
-0.215143
-0.156296
-0.083793
-0.185785
-0.236725
0.033840
-0.326276
0.164709
-0.055981
-0.076163
-0.123861
-0.280074
-0.418604
0.269748
0.011455
0.159993
-0.225661
0.159255
-0.145752
0.128398
0.034108
0.088081
0.197850
0.132220
0.312600
-0.140016
-0.069093
0.014918
0.124498
-0.141919
-0.178926
-0.062439
0.131012
-0.008728
0.132118
-0.010633
-0.136108
-0.055679
0.031187
-0.442000
-0.327646
-0.005057
0.199332
-0.135311
0.047884
-0.147956
0.100591
-0.038991
-0.019797
0.159833
0.017470
-0.159049
-0.226051
0.053925
-0.128628
-0.568865
-0.377010
0.108350
-0.023126
-0.230221
0.019327
0.161115
-0.003941
0.010029
-0.044590
-0.143111
0.068290
0.108119
-0.058889
-0.049043
-0.137278
0.138994
0.099211
-0.346985
-0.190272
0.085597
-0.106309
-0.090773
-0.215721
-0.317614
-0.125370
-0.135496
-0.472006
-0.026863
-0.208606
-0.092660
-0.008760
-0.095151
-0.010194
0.142455
0.112091
0.169885
-0.228284
-0.147182
0.035730
0.098907
-0.130149
-0.125802
-0.438583
-0.362528
0.009512
0.043865
0.013191
-0.256146
-0.088747
0.174358
-0.124885
-0.149124
-0.337185
-0.053212
-0.057547
-0.459710
-0.291006
-0.091338
0.333431
-0.436754
0.037868
-0.202223
0.001256
0.124804
0.037251
-0.151902
-0.137920
0.373959
-0.244448
-0.066398
-0.409685
0.113888
-0.002602
-0.083191
0.143927
0.133501
0.028191
-0.132269
-0.167380
-0.214098
-0.055602
0.121020
-0.309680
-0.199349
0.072407
-0.087804
0.169172
0.121129
-0.042700
-0.362791
-0.208850
-0.010104
0.166196
0.085946
-0.183736
-0.388803
-0.107306
0.113900
0.190575
0.324004
0.000650
-0.108625
-0.196429
-0.310033
-0.033344
-0.065848
0.080036
0.044045
-0.054680
-0.267284
-0.071435
-0.083966
-0.202724
-0.107699
-0.362068
-0.198136
-0.145823
-0.204504
-0.244584
-0.059284
-0.157965
-0.254574
0.097177
0.229770
0.028502
-0.052197
0.283068
0.011032
-0.045850
-0.453948
-0.387905
-0.119229
-0.238455
-0.035033
-0.178813
-0.069681
-0.356126
0.086891
-0.230088
-0.266216
0.266056
-0.131602
0.076983
-0.290883
-0.308778
-0.481240
-0.120128
-0.310862
0.204103
0.091562
-0.336558
-0.147977
-0.009745
0.096555
0.010502
0.025277
0.010201
0.246682
0.013877
0.151994
-0.088709
-0.047617
-0.072315
-0.069620
0.090190
-0.333884
0.231583
-0.129684
-0.393294
-0.233929
0.125861
-0.046322
-0.086859
-0.078646
-0.364091
-0.488793
-0.248561
0.283038
0.056202
-0.045035
-0.249296
-0.131469
0.184635
0.192459
-0.113410
0.023601
-0.250055
-0.188282
0.061202
-0.109119
-0.246318
-0.319841
-0.156642
-0.414887
-0.036777
-0.199448
-0.289021
0.056402
-0.206026
-0.045328
0.010529
-0.230938
0.080965
0.331643
-0.110375
0.057673
-0.100423
-0.295034
0.015333
0.073019
0.322689
0.177893
-0.022651
-0.306131
0.123233
0.092917
-0.483009
0.133281
0.232825
-0.118248
0.065527
0.011626
-0.124204
0.107463
0.085461
-0.420236
-0.426482
-0.020198
-0.239146
-0.082531
-0.176075
-0.057556
0.022969
0.202874
-0.087758
0.018784
0.200421
0.047313
-0.120727
0.398923
0.263128
-0.424568
0.036022
-0.317182
-0.325521
0.034406
-0.038389
0.053069
-0.133159
-0.313417
0.148328
-0.064484
-0.172207
-0.184476
-0.117959
-0.093071
-0.290656
0.044989
-0.170026
0.052691
-0.027658
0.158411
-0.351693
-0.113015
0.216250
0.264173
-0.179379
0.000339
-0.108229
-0.043359
0.009447
-0.080708
-0.195871
-0.221595
0.106684
-0.404230
-0.036393
-0.232594
0.103459
0.156427
-0.014323
-0.223757
0.072771
-0.004328
-0.290299
-0.245215
-0.136266
-0.247421
0.015713
-0.143119
-0.058233
-0.327679
-0.126802
-0.225187
-0.069612
-0.066164
0.081495
0.114627
-0.052089
0.011957
0.128520
-0.097813
-0.050553
0.148938
0.038802
0.022374
-0.228563
-0.490579
0.116401
-0.344704
-0.216631
0.009275
-0.028562
-0.169981
0.045008
-0.058673
-0.448238
-0.031148
-0.113171
-0.133493
0.130662
-0.192778
0.128697
0.124209
0.059319
0.401312
-0.188655
-0.135376
-0.318582
0.007219
-0.229885
0.128576
-0.041130
0.036453
-0.271869
-0.192635
-0.217003
-0.444180
-0.157416
-0.384933
-0.367232
0.213014
-0.167265
-0.136247
-0.224224
-0.367982
0.117814
-0.406047
-0.281296
-0.070388
-0.317642
-0.177023
-0.176453
-0.443619
0.089495
0.001785
0.057905
-0.227281
-0.146447
-0.101199
0.007707
-0.054930
0.068794
-0.288797
-0.192392
0.075429
-0.011512
0.183989
0.111244
-0.082261
-0.199465
0.198430
-0.082115
-0.098781
-0.222811
0.060781
-0.126837
-0.127105
-0.092523
0.172150
-0.252705
-0.425261
-0.144838
-0.035108
-0.013828
-0.277745
-0.350789
0.144464
-0.306556
-0.148957
0.258557
-0.277105
-0.070175
-0.416566
-0.137768
-0.079780
-0.413832
-0.003902
0.322606
-0.184551
0.037511
0.066669
-0.125923
-0.292385
0.076981
-0.120142
0.286861
0.228692
0.049677
0.167181
0.072125
-0.012832
-0.007288
-0.071609
0.032010
-0.155690
-0.043876
0.271004
0.074877
-0.021001
-0.437242
-0.004829
-0.179706
0.241678
-0.205374
0.062129
-0.042204
-0.132458
-0.022509
-0.057007
0.210052
0.150797
-0.204171
-0.167022
-0.386330
-0.087480
-0.125518
0.011730
-0.497550
-0.067633
-0.300653
-0.283976
0.071851
0.115596
0.064317
-0.042773
-0.219609
-0.094655
-0.097817
-0.288580
0.211214
0.149482
-0.004017
0.116653
-0.253958
0.201386
-0.479994
-0.068994
-0.171043
-0.325636
-0.265520
-0.040290
-0.213725
-0.120672
-0.212521
-0.431521
-0.108815
-0.117959
0.221475
-0.117653
0.058387
0.021648
-0.120067
-0.120974
0.108680
-0.321154
-0.105934
-0.141930
-0.005243
0.170166
-0.102207
-0.100230
0.096649
0.080298
-0.189339
-0.173936
-0.187963
-0.223554
0.235233
-0.431452
0.188899
-0.159101
-0.433445
0.238269
0.059246
-0.084228
-0.184730
-0.181687
-0.102404
-0.199912
0.252109
0.048160
0.265963
0.015974
-0.121676
-0.337576
-0.076967
-0.046910
-0.128799
-0.054475
-0.311806
-0.051075
0.195792
0.140925
-0.271975
-0.282035
0.243932
-0.418876
-0.340678
-0.202006
0.011959
-0.023393
-0.376514
0.108439
-0.085919
0.089364
-0.107843
-0.022183
-0.169312
-0.122846
-0.162137
-0.130166
-0.177865
0.059357
0.119054
-0.019177
0.109530
-0.056766
-0.031178
-0.194212
0.023878
-0.483488
0.045222
-0.251053
0.046633
-0.435945
-0.251092
-0.131514
-0.040142
-0.329110
-0.291562
-0.223077
-0.065823
0.000830
0.029405
-0.074681
-0.221710
0.047725
-0.310597
0.079347
0.091201
-0.015188
-0.134283
0.077931
0.072156
-0.067962
0.041085
-0.152517
-0.187139
0.128615
0.019615
0.135226
0.307634
-0.017299
-0.020043
0.192697
-0.029082
-0.072218
0.196182
-0.178751
0.126158
-0.219151
-0.501624
-0.348761
0.383026
0.043087
-0.216561
-0.026904
-0.230470
0.053228
0.091353
0.010005
0.046954
-0.100598
0.061171
0.081626
-0.216021
-0.095491
-0.042582
-0.085397
0.262896
-0.345400
-0.072200
-0.362103
0.088068
0.300661
0.159755
-0.443322
-0.271884
0.087746
-0.342033
-0.322284
0.395768
-0.254083
-0.376183
-0.269085
0.019195
-0.124074
-0.175980
-0.191714
-0.053523
-0.114928
-0.029373
0.002919
-0.110677
-0.444732
-0.013376
0.100917
0.285834
-0.143119
0.175953
-0.058083
0.082900
0.189025
0.047300
-0.201651
0.220847
0.018394
-0.165874
0.104808
-0.155154
-0.139636
0.095582
-0.163345
-0.132663
-0.242854
0.091760
-0.235042
-0.167576
0.082314
-0.250514
-0.075061
-0.087188
-0.360892
-0.274179
-0.153923
-0.058595
-0.102056
-0.119466
-0.301628
0.195566
-0.348827
-0.006584
0.025192
-0.178942
-0.049450
-0.047427
-0.045102
0.021962
-0.197697
-0.165456
-0.213657
-0.086757
-0.306686
0.154114
-0.516437
0.098729
-0.374960
-0.197511
-0.077530
-0.144059
-0.240035
-0.027062
-0.125172
0.501560
-0.069421
-0.067282
-0.063722
-0.203879
0.156392
0.082419
-0.393489
-0.224828
-0.181333
0.012218
-0.195631
-0.061021
-0.175982
-0.103481
-0.122774
-0.067346
-0.050840
0.226931
-0.282836
0.020032
-0.113254
-0.112778
-0.482401
-0.109124
0.020080
0.118864
0.104576
-0.032461
-0.172572
0.088962
-0.026765
0.032903
0.015337
0.026146
0.172580
0.178909
-0.503330
-0.136910
-0.343408
-0.029261
-0.319100
-0.283097
0.036233
0.265231
-0.060521
0.117351
0.196639
-0.105124
0.318788
-0.500492
-0.365621
0.066279
0.148816
-0.278935
0.041942
-0.085419
-0.182531
0.080117
0.033538
-0.348375
-0.301250
-0.176758
-0.306129
-0.225548
-0.161567
0.176342
-0.066111
0.082944
0.164525
0.278767
-0.072287
-0.330838
-0.064142
-0.201040
0.131087
-0.247197
-0.154782
-0.092200
-0.026615
-0.068049
-0.267055
0.042716
0.088181
0.246823
-0.198528
0.031826
-0.304675
0.094490
0.147712
0.018928
-0.269998
-0.395045
0.135508
0.170601
-0.086730
-0.003220
0.007835
-0.140687
0.131763
0.340996
-0.314205
-0.083340
-0.099548
-0.214380
-0.220076
-0.275720
-0.119909
0.240030
-0.302485
-0.334489
-0.205989
-0.437496
-0.292229
-0.230832
0.073346
-0.029750
0.014539
0.049761
-0.070681
-0.089711
-0.115461
-0.102218
-0.402935
0.082757
-0.392229
-0.504090
0.187957
-0.204267
0.059043
0.032062
0.101470
-0.192222
-0.419490
-0.005987
0.117575
-0.274768
-0.014696
-0.098580
-0.102892
-0.380138
-0.180969
-0.139242
0.298954
0.006687
0.134795
-0.012128
0.211954
-0.283248
-0.226992
-0.156468
0.358234
-0.109946
-0.343844
-0.253694
-0.280096
0.005185
0.032443
0.135871
-0.105469
0.155477
-0.214714
0.125260
-0.018780
-0.006852
-0.009962
-0.218295
-0.043745
-0.181381
-0.061502
-0.403339
-0.022401
-0.125324
-0.219005
-0.001126
-0.068495
-0.149224
0.337744
0.012520
-0.633048
-0.030397
-0.073883
0.016922
-0.128082
-0.438150
0.197841
-0.303116
-0.243069
0.084223
-0.160272
-0.125171
-0.162676
0.084263
-0.055282
-0.024865
-0.296116
0.051167
-0.162935
-0.373099
-0.462529
-0.068790
-0.143214
-0.092616
0.408223
-0.107645
-0.059353
0.026679
-0.048527
-0.127302
-0.282857
-0.239321
-0.119846
-0.270323
-0.244412
-0.038919
-0.054723
0.189521
-0.168728
0.036779
-0.365462
0.083739
-0.349257
-0.126176
0.311929
-0.091903
-0.237012
-0.059047
-0.130104
-0.101336
-0.006686
0.090759
-0.110568
-0.609051
-0.109681
0.036854
-0.194281
-0.212249
-0.040474
0.129243
0.147766
0.023702
-0.046828
0.144249
-0.370470
0.262624
0.045042
0.170719
0.234903
-0.069421
-0.049158
0.013780
-0.040151
0.110814
-0.114056
0.245801
0.078524
-0.132602
-0.352535
0.017303
-0.031171
0.282341
-0.126035
0.309774
-0.176212
0.164906
0.205489
-0.226770
-0.049713
-0.101043
-0.226466
-0.182259
0.055000
-0.093610
0.217088
0.227385
-0.369375
-0.241632
0.111195
0.073320
-0.103595
0.052088
-0.197159
-0.034745
-0.467659
-0.058758
0.002739
0.133377
0.238840
0.003527
-0.180086
-0.148380
-0.059202
-0.110088
0.106654
0.117184
-0.005898
-0.261405
-0.243650
-0.293913
-0.330831
0.294546
-0.121154
-0.174457
0.130074
-0.027270
-0.103127
0.071940
-0.123316
-0.184191
-0.321747
0.088647
-0.071331
-0.111381
-0.044817
0.061743
-0.000650
0.083330
0.117061
-0.104283
-0.118148
-0.437466
0.052451
-0.280630
-0.238631
0.043569
-0.169477
0.008435
-0.019324
0.010854
-0.038643
-0.227922
-0.013193
0.119600
0.243209
-0.266092
-0.008924
0.130516
-0.307389
0.093678
-0.194289
-0.110066
-0.213989
0.023419
-0.018433
-0.144178
-0.196806
-0.368183
-0.027605
-0.097961
0.191812
-0.244539
-0.132059
-0.197695
0.068845
-0.234965
-0.019305
-0.074787
-0.152346
0.053194
-0.188456
-0.204852
0.083594
0.102362
-0.048050
0.140256
-0.186325
0.059371
-0.085815
0.134980
0.029619
-0.222563
0.006193
-0.196396
-0.051233
0.023899
-0.085025
0.065473
-0.349813
-0.419786
-0.071755
0.028338
-0.300883
0.476355
-0.115674
-0.275788
-0.178198
-0.019154
-0.107549
-0.295018
0.050162
0.394409
-0.316338
-0.067747
-0.210954
-0.169808
0.025447
0.187740
-0.037166
0.097394
-0.117083
0.054652
0.052578
-0.014138
-0.111550
-0.024205
0.258645
0.335969
-0.373015
-0.351991
-0.089648
-0.199345
-0.297994
-0.168520
0.001884
-0.341527
-0.141986
0.019260
0.024066
-0.015965
-0.258382
0.263688
-0.007750
-0.256545
-0.135611
0.107614
-0.186886
0.136977
-0.102169
-0.186313
-0.229714
0.396176
-0.122276
-0.027063
-0.201485
-0.072917
-0.058639
0.083544
-0.088885
-0.058924
0.362411
-0.159546
-0.067407
0.009782
-0.168173
-0.030259
-0.424976
-0.272891
0.068931
-0.426181
-0.369097
0.035185
0.117640
-0.063894
0.021392
-0.030631
-0.200593
0.202523
-0.185266
-0.248981
0.110575
-0.276943
0.197076
0.032433
-0.115085
-0.171118
-0.036096
0.117611
0.442336
0.250667
-0.106765
-0.299417
0.145666
-0.027942
-0.038548
-0.268534
0.055224
0.052722
0.074206
-0.529011
0.252487
0.166017
0.059935
0.081545
0.028721
0.404652
-0.279695
0.214928
-0.162567
-0.284705
0.092645
0.188434
-0.124618
0.009272
-0.473496
0.115706
0.096706
0.018795
0.013636
0.139693
-0.542760
-0.078857
-0.030159
0.109631
0.101978
0.107337
-0.208482
-0.059284
0.166522
-0.121377
0.240050
0.264289
0.066869
0.032786
-0.270147
-0.030875
0.076187
-0.143232
-0.053769
0.025306
-0.050838
-0.009841
0.050825
-0.488813
-0.080217
0.083380
-0.143749
-0.064020
0.083527
-0.133691
-0.373813
-0.052434
0.023420
-0.173131
-0.167299
-0.050153
-0.103005
-0.042226
-0.071004
-0.398715
0.064230
-0.095443
0.122893
-0.255813
0.204694
-0.067554
-0.078560
-0.161150
0.097211
0.365739
-0.050455
-0.157055
-0.125622
-0.381593
0.050425
0.094031
-0.344893
-0.129885
-0.032746
-0.167129
0.173475
-0.173235
-0.003760
-0.357199
0.057913
-0.244906
-0.192840
-0.389718
-0.272640
-0.118319
-0.394972
0.266675
-0.130642
0.344071
-0.045237
-0.066438
-0.207584
-0.331473
-0.076148
0.101899
0.233363
-0.217601
0.202642
0.296348
0.134824
-0.183166
-0.073620
-0.211620
-0.013645
-0.242634
-0.039580
-0.004432
-0.050951
-0.171505
0.058744
0.148650
-0.275641
0.028123
-0.081124
0.082246
-0.226765
-0.227880
-0.066196
-0.507484
0.432979
0.040169
-0.542737
0.045653
-0.158485
0.005924
-0.076480
0.021472
0.277799
0.093360
-0.083311
-0.069912
-0.072644
-0.070659
0.057929
0.226639
0.177523
-0.355095
0.075966
-0.149286
-0.050843
-0.181027
-0.133373
-0.079567
-0.249829
-0.192610
0.306963
-0.107086
-0.076589
0.059245
-0.190183
-0.389326
-0.056070
-0.269357
-0.140483
-0.081231
-0.057478
0.090637
-0.152545
0.251274
0.089843
-0.019328
-0.068955
-0.034193
-0.071460
-0.236710
-0.106178
-0.223097
0.381888
-0.474067
0.028530
0.284699
0.060456
0.119255
-0.159286
0.132727
-0.094395
-0.098589
-0.261774
0.136218
0.083405
0.067548
-0.061900
0.367200
-0.306400
-0.178289
-0.154175
-0.429209
0.245236
0.219838
0.143591
0.190988
0.114509
-0.171552
-0.157479
-0.243590
-0.271179
0.028271
-0.051192
0.115026
-0.267451
0.118124
0.201877
-0.014997
-0.131334
-0.629472
-0.092514
-0.093194
-0.237595
-0.125689
-0.209150
-0.239910
-0.109437
0.428065
-0.265656
-0.070699
0.060981
-0.268634
-0.206788
-0.164096
-0.188824
-0.104717
0.078350
-0.371971
-0.173535
-0.010792
0.052371
-0.454172
-0.009405
-0.234368
0.279326
-0.158114
-0.149706
-0.155195
-0.040458
-0.113721
-0.150730
-0.390046
-0.344370
-0.023978
0.186395
-0.162899
-0.178822
0.248323
-0.082088
0.002866
0.290979
-0.183145
-0.351873
-0.172992
0.000493
0.049252
-0.016253
-0.226520
0.031011
0.124951
-0.357044
-0.025823
-0.129111
-0.333057
0.131716
-0.095730
0.251645
-0.133596
0.186965
-0.372108
0.334697
-0.173496
-0.030428
-0.152804
0.099743
-0.059453
-0.119764
-0.315324
0.026859
-0.363849
0.275332
-0.078574
-0.084725
-0.123762
0.193996
-0.053183
0.403254
0.053712
0.269923
-0.008037
-0.173468
0.168113
0.027657
0.147841
-0.158406
-0.024133
0.057894
0.305812
-0.023014
-0.334761
-0.210288
-0.438147
-0.328710
-0.098871
-0.310186
-0.041208
-0.220279
0.071224
0.037081
-0.210917
-0.287730
-0.202944
-0.238710
0.030421
-0.332306
-0.139017
0.227003
-0.383748
-0.233926
0.210434
-0.193325
-0.060785
-0.136354
-0.010908
-0.265936
0.002698
0.150568
-0.437269
-0.133823
0.339556
-0.177578
0.148150
-0.023103
-0.128300
-0.120259
-0.440122
-0.146562
-0.013672
-0.184085
-0.097016
-0.016345
-0.298423
-0.423437
-0.320255
-0.211295
0.034206
-0.044873
-0.142115
-0.252722
-0.141967
-0.130447
0.226979
0.077803
0.108252
0.023617
0.104047
-0.229336
-0.193673
-0.054998
-0.116039
-0.136909
0.151717
-0.134164
-0.054424
0.057455
-0.005211
-0.127083
0.132851
-0.134060
0.070734
0.016861
0.069355
-0.024427
-0.094465
0.071124
-0.372323
-0.211537
-0.392575
0.006149
-0.061778
-0.323002
0.177665
-0.275373
-0.219202
-0.252876
-0.497811
-0.149693
0.088790
0.301228
-0.331797
0.165486
-0.135844
0.038150
-0.263644
-0.088098
-0.151678
-0.201938
-0.569292
-0.154484
-0.050131
-0.098931
-0.386319
-0.219736
0.003446
-0.207001
-0.025729
-0.085683
0.002144
0.185967
0.218526
0.092376
0.225838
-0.226685
-0.020482
-0.009044
0.107164
0.026584
-0.020852
-0.306191
-0.093949
-0.151585
0.070618
0.135625
-0.185405
0.146599
0.041678
0.075999
0.163172
-0.306947
-0.057414
-0.048148
-0.155957
-0.006666
-0.253398
-0.129233
-0.287235
0.300582
-0.199928
-0.132963
-0.076345
-0.297523
0.527227
-0.066944
-0.131829
0.212216
-0.269577
-0.116529
-0.121640
-0.357988
-0.360971
-0.453219
-0.262617
-0.091166
-0.120086
-0.101460
-0.469553
-0.311667
0.145774
0.106856
-0.157627
-0.233775
0.074127
0.021461
-0.067581
-0.043588
-0.035026
-0.258534
-0.142211
-0.041239
0.068281
0.049835
0.176373
-0.261176
-0.201388
0.037804
0.319048
-0.156686
0.220363
-0.243000
-0.144675
0.192812
0.238583
0.288450
0.448802
-0.013242
-0.009781
0.002242
-0.199430
-0.258688
-0.493171
0.110885
0.517082
-0.336296
0.010520
0.000492
0.025815
-0.089651
-0.333662
0.008187
0.123653
-0.173225
-0.150548
-0.055118
-0.154470
-0.357738
0.013870
-0.141929
0.123472
-0.226375
-0.102535
0.058223
-0.172674
0.359757
-0.130508
-0.438702
0.067069
-0.564963
0.290024
0.006641
-0.164500
0.092441
0.006085
-0.034281
-0.221090
-0.113150
0.049947
-0.204504
-0.110485
-0.099293
-0.009880
-0.024582
-0.356622
0.052665
0.002421
-0.119429
0.030851
0.114266
0.017935
0.028694
-0.132045
-0.105504
-0.114652
0.201950
0.059449
-0.232318
0.242454
0.091710
0.047917
0.179410
-0.121356
0.174900
-0.139045
-0.189144
-0.152101
-0.019838
-0.190194
0.103857
-0.036262
-0.229463
-0.228423
0.104245
-0.308564
0.136289
-0.064672
-0.132401
-0.019108
-0.029665
-0.109398
-0.129664
-0.230460
0.095176
-0.187862
-0.035315
0.012499
-0.092599
-0.206430
-0.470336
-0.313563
-0.028656
0.065477
0.091628
-0.170139
-0.117406
0.073539
-0.051372
-0.103661
0.049266
-0.139673
-0.312128
0.116712
0.169144
0.077324
-0.063477
-0.364331
-0.174986
-0.073152
0.047886
0.040957
0.025967
-0.126333
-0.017473
-0.356175
-0.259334
0.032372
0.081308
0.249445
-0.236294
-0.202089
-0.334014
-0.150599
-0.193934
0.207925
-0.047527
0.109302
0.066471
0.087796
0.066934
-0.063976
0.108542
0.162801
-0.006765
-0.438553
0.018334
-0.152981
-0.052817
-0.258447
-0.119861
0.118319
-0.117662
-0.057187
-0.433498
0.179177
0.069364
0.127017
-0.004276
-0.195713
-0.139138
-0.079175
-0.461688
-0.202750
-0.148952
0.048537
-0.068225
-0.291463
-0.054895
0.037150
-0.128407
-0.175550
-0.091037
-0.083843
-0.145113
0.046568
0.006471
-0.389178
-0.148149
-0.326036
0.128762
0.173175
-0.098953
-0.182503
0.135692
-0.262080
-0.086724
-0.102041
-0.193626
0.035993
-0.194691
-0.110161
-0.138774
-0.265283
0.068189
-0.051667
-0.123296
-0.218451
-0.080701
-0.105795
-0.121558
-0.109988
-0.033943
0.020973
-0.322973
0.090075
0.321832
-0.182570
-0.508240
0.011806
-0.017508
-0.122201
-0.212223
-0.231328
-0.151878
-0.007376
-0.348922
-0.213596
-0.234978
-0.278238
-0.036232
-0.077979
0.343035
0.172256
-0.335979
0.033129
-0.115533
-0.008654
-0.048524
-0.051809
-0.211891
0.292233
-0.129983
0.084537
-0.127418
-0.221702
-0.493605
-0.104336
0.023085
-0.034684
-0.001388
0.017814
-0.442961
0.266906
-0.032659
-0.070676
-0.317625
0.075390
0.109092
-0.256230
-0.214186
-0.029816
-0.271327
-0.134979
-0.158787
-0.226978
-0.011458
-0.094544
-0.297051
-0.038687
0.012311
0.088168
0.210106
-0.498866
-0.192672
-0.227766
-0.183689
0.340672
-0.032486
0.027851
-0.088188
0.029797
0.136919
0.258947
-0.201743
0.086263
0.317968
-0.000652
-0.033176
-0.105920
-0.061526
-0.114808
0.074093
0.015719
-0.245670
-0.127862
-0.083256
0.063843
0.209345
-0.009182
-0.095514
-0.113680
-0.127306
0.037466
-0.119205
-0.059871
-0.062291
0.079777
-0.043467
-0.190153
-0.240254
0.205104
0.181675
0.085786
-0.005558
0.143148
-0.108401
0.395110
-0.002184
-0.126145
0.314214
0.103344
-0.012787
-0.227065
0.123053
-0.007763
-0.282524
0.178720
0.028084
-0.015397
-0.182942
-0.054220
0.009794
-0.027668
0.033293
-0.049635
0.052332
-0.096532
-0.309976
-0.414911
-0.338929
0.087642
-0.228970
-0.130921
-0.109164
-0.117465
-0.113619
-0.253152
-0.152098
-0.184076
-0.107484
-0.139299
0.014228
0.148454
0.017069
0.093895
-0.146576
-0.224849
-0.068138
-0.005561
-0.257885
-0.276999
-0.340039
0.103574
-0.074747
-0.344103
0.125300
-0.112967
-0.130672
0.306549
-0.013631
-0.385815
0.109113
-0.366670
-0.204593
0.169957
0.093102
-0.116026
-0.288272
0.033333
0.012731
-0.071198
0.313523
-0.175082
-0.129953
-0.164817
0.227075
-0.096233
0.038515
0.006257
-0.011346
-0.134154
-0.159716
-0.408603
0.041825
-0.259375
-0.075148
0.056244
-0.464643
-0.335516
0.115645
-0.101233
0.214889
0.134517
0.118022
-0.063795
0.060768
0.206604
-0.243324
-0.558963
-0.168506
0.269317
-0.040335
-0.280127
-0.221942
0.208716
-0.262124
-0.139220
0.135882
0.125726
0.373327
-0.059379
-0.086746
-0.239508
0.156499
-0.057315
-0.083633
-0.025717
-0.071828
-0.399262
-0.095804
-0.105560
-0.184014
0.004315
0.183546
-0.199888
0.202862
-0.281588
0.119121
-0.180420
-0.078240
0.216431
0.050237
0.336909
0.187314
-0.002867
0.167281
-0.186626
-0.031795
-0.276171
-0.248463
0.105838
0.109966
-0.206170
-0.245294
-0.007946
0.080996
-0.441218
-0.066248
-0.044422
-0.133809
-0.243122
-0.212964
-0.246079
0.094055
0.101011
-0.002931
-0.329407
-0.148471
-0.140989
-0.233846
0.160752
-0.091130
0.184580
0.296149
-0.415572
-0.136751
-0.088947
0.162154
-0.040000
-0.499325
-0.156113
-0.112841
-0.147120
-0.300360
-0.298795
-0.190593
-0.310699
-0.259402
0.052808
-0.220483
-0.076864
-0.134616
-0.252992
-0.143967
0.232704
0.150850
0.087141
-0.134657
-0.012783
0.019301
-0.231025
0.138698
-0.003385
-0.120362
0.306398
-0.028942
-0.039556
-0.069914
-0.141772
-0.161689
-0.029592
0.180619
-0.613527
-0.053260
-0.006871
-0.182389
-0.297410
-0.394723
0.022109
-0.041043
0.041627
-0.023176
-0.369129
-0.068206
-0.365943
-0.103046
-0.100856
0.286823
-0.050413
-0.060540
-0.436616
-0.001067
-0.253504
-0.092230
0.311773
-0.025291
-0.187297
-0.232804
0.123324
0.071097
-0.251030
-0.010737
0.285143
-0.085918
-0.012438
0.141189
0.087039
-0.067541
-0.138601
-0.012972
-0.081069
0.104790
0.244803
0.160576
-0.378422
-0.481886
-0.217471
-0.157857
-0.021206
-0.118063
-0.088754
-0.360878
-0.437881
-0.148540
-0.112046
0.047186
-0.169591
0.251300
0.079484
-0.097673
0.335003
-0.301002
0.268871
-0.307385
-0.235918
-0.124147
0.115975
0.162026
-0.459763
-0.223665
-0.325063
-0.035123
0.171994
0.069861
-0.093835
-0.150272
-0.190385
0.182087
-0.017994
-0.484993
-0.077995
-0.040689
-0.014211
0.192477
-0.113793
-0.347014
-0.265039
0.100194
0.108404
-0.040404
0.187499
0.045720
0.276940
-0.106197
-0.269741
-0.125072
-0.245268
-0.071741
0.188694
-0.254112
0.129035
0.042962
0.125992
-0.024015
-0.521377
0.309640
-0.066609
-0.308687
0.016020
0.030362
0.305709
0.116033
0.178817
-0.009813
-0.219984
0.221601
-0.117282
0.074283
-0.063970
0.041115
-0.004907
-0.284975
-0.375220
-0.021506
-0.139768
-0.091283
-0.329539
-0.059976
-0.253644
0.002062
0.224345
-0.101939
-0.083572
0.108919
-0.175950
-0.188299
0.022962
-0.355170
-0.011192
-0.107559
-0.064630
-0.043787
0.117080
-0.082018
0.158923
0.420581
0.040727
-0.147540
-0.362689
-0.114911
-0.095481
-0.018898
-0.178286
-0.021100
0.043355
-0.316165
-0.188231
-0.199857
0.077686
-0.090277
-0.176531
0.133306
-0.058950
-0.059235
-0.255123
-0.232769
0.226663
0.353961
-0.185356
-0.242036
-0.068407
-0.058028
-0.571308
-0.181164
-0.013357
-0.064688
-0.048041
0.177422
0.385446
0.365438
-0.345692
-0.181520
-0.100533
-0.026501
0.010470
-0.096486
-0.359994
-0.205063
-0.493566
0.003924
-0.260701
0.269627
-0.253555
-0.183531
-0.321375
0.246761
-0.258694
-0.026009
-0.305686
-0.069466
0.205498
0.148005
-0.077352
-0.028788
0.166786
0.039894
0.132724
-0.147181
-0.105285
-0.167720
0.174522
-0.313689
-0.310562
0.153788
-0.112161
0.077463
0.289052
0.054647
0.201512
-0.275729
-0.215221
-0.043642
0.125681
0.019110
-0.128953
-0.294867
-0.059540
-0.036019
0.006490
-0.476792
-0.108367
-0.175011
0.106571
0.111933
-0.134721
0.184888
-0.205388
-0.251495
-0.176577
-0.209030
0.201393
-0.254226
-0.401661
-0.102290
-0.062939
-0.326448
0.020871
0.080513
-0.135681
0.150621
0.095879
0.005715
-0.238481
0.223806
-0.133108
-0.358419
-0.264433
0.026922
-0.368798
-0.097793
0.169433
-0.018535
-0.085721
-0.160360
-0.092703
0.131303
-0.375384
-0.088583
-0.123287
-0.014994
-0.097035
0.072881
-0.260429
-0.207673
-0.249912
-0.179681
-0.355226
0.130529
-0.261478
-0.228606
-0.171394
-0.402880
0.186611
-0.056113
-0.067758
-0.067308
-0.266227
-0.000039
-0.294622
0.027857
-0.163709
-0.263182
-0.080659
-0.467427
0.214826
-0.191470
0.119637
-0.189520
-0.009741
0.062221
0.088979
-0.052338
-0.340826
0.012056
0.256554
-0.211857
-0.205822
0.037217
-0.174355
-0.081199
0.024943
-0.126887
-0.390998
-0.243996
-0.199177
-0.045705
-0.188237
-0.539708
-0.366780
-0.049066
-0.004586
-0.041743
-0.242259
0.152660
0.060594
-0.041877
-0.105218
-0.022656
0.210741
-0.032193
-0.048283
0.009773
-0.190272
0.135898
-0.193114
0.249666
-0.043530
-0.018021
-0.202210
-0.383790
-0.380669
-0.298071
-0.114756
-0.001557
-0.010121
0.174027
-0.126555
0.146305
-0.016000
-0.063819
-0.190304
-0.333925
-0.254650
-0.424872
0.057698
0.003597
0.020060
0.050784
-0.175693
-0.126363
-0.040679
-0.243618
-0.165060
-0.124839
0.346013
-0.080629
-0.135290
0.207623
0.186733
-0.688837
0.020782
-0.424478
0.112643
-0.255221
0.114809
0.259351
0.047163
-0.375621
-0.185444
-0.088074
-0.065414
-0.190635
-0.288488
-0.232246
-0.377585
0.195958
0.114325
-0.087933
-0.106520
-0.063622
-0.127051
0.046456
0.145093
0.130352
0.022535
-0.084382
-0.045957
-0.134675
0.052137
-0.381761
-0.083530
-0.076259
-0.641245
-0.414483
-0.136569
0.104971
0.094877
-0.193914
-0.167721
0.279245
-0.167097
-0.036094
0.207494
-0.225725
0.184890
-0.251374
-0.028005
-0.120062
-0.246766
0.038284
-0.185772
0.167182
0.097176
-0.166376
0.359981
0.163627
-0.165802
0.102113
-0.103531
0.066812
0.072181
-0.256782
0.087217
-0.121839
0.068356
-0.062364
-0.113122
-0.070254
0.071900
0.122965
-0.555860
-0.343471
0.237417
0.028944
0.053429
-0.050141
-0.190123
0.076006
0.020609
0.273884
-0.204496
-0.010349
-0.068290
-0.136062
-0.424860
0.157174
-0.008317
0.001260
0.185786
0.096721
0.198399
0.031698
0.334700
-0.118807
-0.373588
0.237678
-0.077051
-0.124617
0.096079
-0.233608
-0.301861
-0.199318
0.108045
0.125860
0.119920
0.344355
0.101175
-0.189968
-0.120110
0.152234
0.084409
-0.064428
-0.005320
-0.371653
-0.157110
0.016415
0.125569
-0.084858
-0.029594
-0.154865
0.010872
-0.199150
-0.139209
0.141276
0.085468
-0.432156
0.089202
0.030095
-0.453435
-0.036609
0.284374
-0.075507
0.317852
0.117796
-0.528986
-0.339972
-0.149238
-0.092472
-0.462004
0.129073
0.026565
0.244381
-0.174252
0.004178
0.093278
0.076055
0.139676
-0.216649
-0.042485
-0.271221
-0.132233
0.071417
-0.074942
-0.062301
-0.216671
0.090058
0.008303
0.077306
-0.147920
0.076674
0.147012
-0.175787
0.075807
-0.205075
-0.120340
-0.125871
-0.150983
-0.285814
0.128367
-0.483526
0.241950
0.017965
-0.326396
-0.306501
-0.131816
0.052623
-0.368008
-0.167941
-0.317310
0.176475
-0.100415
-0.141918
-0.204495
-0.017568
-0.265475
-0.323597
0.103615
0.134348
-0.144658
-0.240444
0.072534
0.004325
-0.100713
-0.261776
0.079441
0.171768
-0.082776
0.362878
0.125828
-0.204977
-0.267926
-0.227937
-0.294294
0.027385
0.009778
-0.097768
-0.240093
0.014867
0.017180
0.140665
0.227414
-0.052187
-0.264121
0.389655
-0.071484
0.217036
0.056769
0.114482
-0.166178
0.102608
0.153847
-0.043583
-0.031470
-0.208277
-0.087683
-0.224661
-0.178456
-0.108078
-0.002594
-0.062309
-0.028062
-0.232452
-0.300469
-0.096117
-0.094023
-0.297882
-0.395095
-0.014595
0.235035
-0.021544
-0.062617
-0.578380
-0.089787
0.019385
-0.256831
-0.302953
-0.251390
0.008883
-0.329716
-0.216590
-0.199151
-0.164693
-0.058673
-0.294412
-0.242676
0.230932
-0.028824
-0.328709
-0.000551
-0.137101
-0.252078
-0.367472
-0.060164
-0.031621
-0.026437
0.008031
-0.114305
-0.213887
0.338041
-0.061766
-0.040533
0.286844
0.228794
-0.051542
-0.480007
-0.232976
-0.114735
0.325740
-0.252584
0.084347
0.234621
0.189712
-0.022332
-0.038821
0.212828
0.159136
-0.074866
-0.390811
-0.112616
0.059554
0.099419
-0.251799
0.293497
0.163896
-0.147228
-0.233743
-0.052211
0.093604
-0.114697
0.087020
-0.300126
-0.248661
-0.195189
-0.018892
0.080784
0.064869
-0.122012
-0.022734
0.197522
-0.142315
0.071550
0.083146
-0.291013
-0.133847
-0.237413
0.009340
-0.159232
-0.372507
0.154026
0.020291
0.016336
-0.017341
0.035675
-0.287511
-0.221240
0.115749
0.231400
-0.100948
-0.168077
-0.149027
0.074798
-0.012481
0.216679
0.001910
-0.300557
-0.098887
0.351615
0.023626
0.152407
-0.258336
0.188396
0.294343
0.027723
-0.095450
0.050381
-0.195498
0.050895
-0.396301
-0.158203
-0.041591
-0.013911
-0.082438
-0.329400
0.099498
0.022842
-0.105469
-0.070328
-0.072484
0.043646
-0.057962
-0.081049
0.209345
0.127080
-0.085172
-0.136923
0.223253
-0.546696
-0.020248
-0.319196
-0.053689
-0.115824
-0.168526
0.193400
0.105255
-0.476704
0.068976
-0.084417
-0.096420
-0.546839
-0.197878
-0.050883
-0.168474
-0.146724
-0.247464
-0.046366
-0.244828
-0.147917
0.012025
-0.040437
-0.202385
0.043960
-0.089489
-0.424411
-0.022563
-0.028507
-0.162117
-0.194649
0.041556
0.226071
-0.242671
-0.129740
-0.039229
-0.332295
-0.353698
-0.370843
-0.086705
-0.019537
-0.235299
-0.122363
-0.244089
-0.105538
-0.144058
-0.288304
0.112072
-0.174923
-0.340155
-0.296149
0.017419
0.001779
0.080327
-0.171267
-0.002698
-0.095950
0.239406
0.113161
-0.495650
0.027553
-0.429941
-0.095398
0.056308
-0.278694
-0.031517
-0.166716
-0.254333
0.518119
0.055859
-0.187152
-0.243655
0.222290
-0.457050
0.021353
-0.120747
-0.002984
0.104524
-0.046672
-0.068311
0.019669
-0.183777
0.050010
-0.079261
-0.133097
0.029662
-0.244897
-0.000018
0.096291
-0.142372
-0.049720
-0.220104
-0.422724
-0.061821
-0.059492
-0.270955
0.014147
0.149507
-0.269876
-0.250381
-0.107521
-0.306498
0.021662
-0.289946
-0.234246
-0.130225
0.168417
0.219118
-0.338276
0.171218
-0.110980
-0.054930
-0.200719
-0.038662
-0.074099
-0.168300
-0.070641
0.335010
0.060464
0.169461
0.309296
0.015186
-0.342925
0.393090
0.445656
-0.136421
-0.109162
-0.053183
0.047720
-0.109065
-0.149490
-0.296336
-0.148556
-0.065194
-0.123068
0.305043
0.075451
0.031428
-0.260957
0.061186
-0.294867
-0.488351
-0.169671
-0.224904
-0.114561
-0.012464
0.067623
-0.112860
-0.398285
-0.031581
-0.303283
-0.028444
0.099644
-0.242629
0.085930
0.112008
-0.015638
0.102009
-0.169937
-0.641989
0.048322
-0.066366
-0.333032
-0.284016
-0.183473
-0.043410
0.003462
-0.181986
-0.167455
0.023909
-0.001691
-0.174975
0.006233
-0.460068
-0.205641
-0.323014
0.316312
-0.040490
-0.215222
0.095479
0.287809
-0.253509
0.095591
-0.257654
-0.239565
-0.219566
0.059470
-0.462509
-0.218938
-0.174499
0.214761
-0.178840
-0.076375
-0.062551
-0.237259
-0.056871
0.032978
0.025842
-0.201568
-0.010179
-0.045787
-0.163366
-0.050728
-0.284202
-0.223263
-0.127527
0.009066
0.075569
-0.009682
-0.271069
0.369187
-0.162506
0.061107
-0.093491
0.063085
-0.166368
-0.006887
-0.044091
0.026644
0.021050
0.256808
0.114336
0.007894
-0.286361
-0.030752
0.217072
-0.102373
-0.012369
-0.119783
-0.156938
0.093965
-0.105514
-0.056030
-0.310934
-0.425510
-0.155936
-0.219989
-0.194207
-0.012102
0.225399
-0.121020
-0.089108
-0.257071
-0.249241
-0.283463
-0.229633
0.032340
-0.202661
0.052428
-0.401531
-0.067082
-0.038020
-0.211224
-0.198363
-0.527956
-0.041099
-0.001632
-0.032598
0.009607
-0.033583
-0.249625
0.024971
-0.063502
-0.126184
0.016197
-0.011879
-0.118542
0.172750
-0.184047
-0.215387
-0.247985
-0.145484
-0.102926
0.224955
0.065408
0.041757
-0.010849
-0.171578
-0.223580
-0.266141
-0.238268
-0.180633
-0.000842
0.275080
-0.033375
0.100704
0.203712
-0.055038
-0.037698
-0.314350
-0.418863
-0.224895
0.003786
0.176725
0.321538
-0.488645
-0.228176
-0.020175
-0.097600
0.068686
-0.212269
0.144579
0.185633
-0.246129
-0.090328
0.229278
-0.182431
-0.107810
0.148475
