-0.072039
-0.562687
0.082423
0.055637
-0.070732
0.029257
0.132267
0.077673
0.002219
0.201048
0.463019
0.044037
-0.077862
-0.422619
0.000924
0.000667
0.015540
0.158369
-0.265525
-0.108547
-0.052038
0.090526
0.183000
0.072132
-0.023003
-0.227027
0.064350
0.057018
0.161619
-0.038798
0.066697
-0.045940
-0.117970
0.030230
-0.074291
0.352408
-0.290676
0.271929
-0.415916
-0.194278
0.218617
0.057123
-0.271285
0.072203
0.058019
-0.329167
0.012304
0.122736
0.003778
0.050570
-0.253744
-0.110652
-0.210571
-0.232503
0.124826
-0.338534
-0.107954
-0.445928
-0.078039
-0.404122
0.270749
0.040286
0.129829
-0.141727
0.032972
0.029041
0.040979
-0.310785
0.460712
-0.235992
-0.603636
0.031838
-0.040629
0.185578
0.038017
0.090795
-0.096262
-0.102527
-0.188315
0.160412
0.115032
-0.333710
-0.333804
-0.035307
0.418327
0.175607
-0.001697
-0.186955
-0.151365
-0.128007
-0.093832
-0.161257
-0.213370
-0.089433
-0.100100
0.223275
0.152988
0.136560
0.166852
-0.065660
-0.452615
-0.036863
0.167167
-0.122340
0.042483
0.367511
-0.229011
-0.361609
-0.096435
0.194861
-0.020790
-0.299947
-0.008374
0.447490
-0.127242
0.037797
-0.116152
0.482281
0.138082
-0.365392
-0.132536
-0.107792
0.034220
-0.220652
-0.119411
-0.098187
-0.268970
0.120582
0.245554
0.163651
0.193874
-0.315033
-0.132224
0.059186
0.234850
-0.124055
0.512284
0.527493
-0.012553
0.460399
0.101667
0.202942
0.022139
-0.284157
0.130602
0.036995
-0.269933
-0.341250
-0.192649
-0.167770
0.227472
-0.151059
-0.324647
0.150090
-0.350110
0.089016
-0.474833
-0.348134
0.325997
0.163198
-0.232283
-0.366503
0.110255
0.103057
-0.079808
0.200233
0.135914
-0.030221
-0.126730
0.024808
-0.534838
-0.159388
0.041511
0.203416
0.361867
-0.152518
-0.257463
-0.121318
-0.117257
0.455602
-0.565601
-0.268950
0.436707
0.337523
0.319319
-0.385135
0.075921
-0.443173
-0.613560
0.044972
0.021345
-0.318070
-0.298128
-0.272460
-0.352608
-0.026350
0.040195
0.309291
-0.003762
-0.383007
0.049825
0.098340
0.121749
0.098068
-0.057164
-0.282700
-0.354183
0.473568
-0.250032
-0.264536
0.096131
0.295633
-0.065330
-0.161146
-0.063595
0.077098
-0.034556
0.218880
0.042955
0.122043
0.244660
-0.326982
-0.029920
0.125335
-0.013447
0.232878
0.491918
0.310959
-0.207074
0.111870
-0.494228
-0.287062
0.197821
0.182909
0.176410
-0.240925
-0.349369
-0.064350
-0.015318
0.259175
0.499855
0.599293
-0.151923
0.162628
0.299722
-0.347980
-0.044041
-0.142413
0.017963
-0.033662
-0.262405
0.241240
-0.140421
0.538115
0.210629
-0.171229
0.351613
0.130061
0.120677
-0.101087
0.283997
-0.037177
-0.213267
0.022462
0.199873
-0.254937
0.019745
-0.045539
-0.145260
0.121132
0.200905
-0.453398
-0.080552
0.034652
-0.117617
-0.310594
-0.100892
-0.062674
0.241366
0.126627
-0.213768
0.682709
0.402550
-0.164787
0.097472
-0.221101
-0.262274
-0.141717
0.198143
0.522861
-0.093147
0.100896
0.010712
0.394711
0.389284
0.159143
0.596240
0.337009
-0.055978
-0.294433
0.018417
0.240788
-0.368071
-0.458721
-0.005753
-0.203353
-0.426561
-0.049762
-0.156683
0.429933
0.012147
-0.151919
-0.084221
0.000200
0.384020
0.524613
-0.179557
-0.064723
-0.071887
-0.031446
-0.115381
0.106126
0.274765
-0.277380
0.001036
0.240217
0.214515
0.004902
-0.308420
0.350031
-0.153565
0.037596
-0.179145
0.217965
0.123529
0.224140
-0.512710
0.232205
-0.041403
0.019231
-0.247167
-0.364441
-0.210450
0.162691
-0.198135
0.396961
-0.153918
-0.305004
0.014398
-0.289144
0.338013
0.179484
-0.052259
0.198193
-0.272369
-0.046942
-0.202101
0.205667
0.350046
-0.466447
-0.025759
-0.327951
0.321847
0.076478
0.239482
0.257094
0.048396
-0.310219
-0.308995
-0.096609
-0.380162
-0.289845
-0.078775
-0.447329
0.132134
0.136496
-0.082040
-0.365615
0.317112
-0.162242
-0.323809
-0.131075
0.066198
-0.004916
0.224663
0.476697
0.075191
-0.053056
-0.091196
0.140912
-0.069996
-0.150571
0.050472
0.229729
-0.193328
-0.174163
-0.048711
-0.113035
0.121640
-0.142332
0.207957
0.374155
-0.199589
0.036506
-0.111748
-0.077721
0.072113
-0.278465
-0.026078
0.075849
0.095009
-0.552745
0.288459
0.276095
-0.001372
0.027662
0.117656
-0.029324
-0.345837
-0.489866
-0.093231
-0.047629
0.070110
0.192032
0.048442
-0.082955
0.268818
-0.389360
-0.142363
-0.491855
-0.213279
0.098597
0.031383
-0.029598
-0.024789
-0.212655
-0.115019
-0.010453
0.438380
-0.220570
-0.160581
0.153677
0.658823
-0.317630
0.154608
0.437904
-0.066138
0.356903
0.071075
0.072372
-0.061021
-0.199721
-0.067740
-0.156676
0.115676
-0.049650
-0.122586
-0.045296
-0.120868
0.277095
-0.050874
0.172449
0.071465
0.101832
-0.065382
0.165387
0.148243
0.274319
0.211419
0.398140
0.029908
0.043766
0.556933
0.060999
0.071542
-0.234073
-0.288433
0.089800
0.082626
0.172730
0.032679
-0.092917
-0.109061
-0.295216
0.209061
0.106537
0.527316
0.156096
-0.611238
-0.343092
-0.034371
-0.116758
-0.135274
-0.088755
0.049076
-0.059902
-0.499755
-0.264459
-0.044506
-0.166524
-0.215134
-0.490251
-0.050287
0.480223
-0.054048
0.048440
0.140143
-0.321458
0.454614
-0.078009
-0.028287
0.100753
0.356168
0.262080
-0.181192
0.521738
0.084452
-0.058881
-0.275520
0.106575
-0.271907
-0.081034
-0.495873
-0.135260
0.132642
-0.116296
-0.039428
-0.164746
-0.276349
-0.111451
-0.398975
-0.120128
-0.063203
-0.488572
-0.363746
-0.301292
-0.418409
0.056622
0.138045
-0.184960
0.140055
0.096736
-0.060054
-0.301253
0.199806
-0.248295
-0.483664
0.087746
0.097591
0.239348
0.075197
0.473875
-0.196155
-0.101410
0.174882
-0.116676
-0.052066
0.183596
0.383360
0.308517
0.135654
0.090734
-0.015322
-0.147525
-0.036523
-0.116072
-0.092023
-0.283348
-0.152093
-0.156242
0.218102
-0.210197
0.418582
-0.138905
0.113399
-0.085410
0.003976
0.190893
0.056363
-0.192437
0.004750
0.094982
0.397240
-0.172228
-0.008920
-0.275636
-0.275446
0.204749
0.388011
0.233419
-0.501476
0.310992
-0.236271
-0.023281
-0.134195
-0.244689
-0.084882
-0.089391
-0.075260
-0.032893
0.131819
0.296467
-0.158534
0.000932
0.249663
0.041478
0.075709
-0.212232
-0.340188
-0.282785
-0.003587
-0.172167
0.305663
-0.159684
-0.303104
0.245434
-0.048724
-0.004324
0.204504
-0.198115
-0.442502
0.048142
0.061123
0.099416
-0.006019
0.109305
-0.134180
0.377234
0.021983
-0.100164
0.382091
-0.031553
-0.396960
0.245542
-0.359017
0.051990
0.123431
0.547451
-0.078672
-0.246973
-0.129780
0.326802
0.110160
-0.130552
-0.320244
0.210815
0.275534
-0.079056
0.305011
0.217184
0.097956
-0.182283
-0.012448
-0.067094
0.256321
-0.213020
0.051466
0.159503
0.353164
0.068681
0.132808
-0.050905
0.198969
-0.163314
0.249827
-0.236776
0.219984
-0.093041
0.211289
-0.344935
0.358428
-0.284028
-0.183492
-0.050861
0.185367
0.203677
0.074724
-0.034850
-0.119278
0.184799
-0.110014
0.269733
-0.342037
0.230383
0.227422
0.371033
-0.283748
-0.188430
0.043799
-0.217205
-0.057471
-0.063514
0.152970
0.211658
0.120043
-0.148783
0.010418
-0.440307
0.223032
-0.260244
0.123161
-0.103224
0.405745
0.073425
-0.118196
0.263185
0.129026
-0.207416
0.225433
0.197978
0.326848
-0.211006
0.392448
0.112180
-0.193931
-0.156622
-0.026914
0.246277
0.100746
-0.054183
-0.027120
0.187119
-0.231559
-0.358992
0.035961
0.073744
-0.309490
-0.281967
0.517630
-0.139225
-0.037511
0.418398
-0.240347
0.182734
-0.087253
-0.368346
0.346582
0.591108
0.254473
0.021718
-0.357440
-0.318719
0.001874
0.026370
-0.013274
0.032001
0.509360
0.150910
-0.094533
-0.209297
0.568295
-0.062636
-0.181298
-0.131677
0.026152
0.064259
0.153012
-0.011588
0.076764
-0.101947
0.356273
-0.355463
-0.303217
0.117425
0.007748
0.322367
0.174084
-0.754240
0.417980
-0.001518
0.226564
-0.515821
-0.127884
-0.219769
0.253029
0.079402
0.109808
-0.007035
-0.045005
-0.149522
0.427337
-0.067841
0.233205
-0.026847
-0.068321
0.132797
0.068036
-0.061814
-0.043073
0.131472
-0.162696
-0.282713
0.056491
0.386325
-0.350472
-0.052301
-0.041937
-0.013799
-0.221699
-0.205806
-0.358567
0.274158
0.115565
-0.026616
-0.136025
-0.445106
-0.256125
0.133177
-0.135152
0.326422
0.493538
0.052765
0.241078
0.330284
-0.067747
-0.130435
-0.157401
-0.004721
-0.043355
0.106357
0.042448
-0.212374
-0.010995
-0.436887
-0.200870
-0.097065
-0.341537
0.080613
-0.262483
-0.168374
-0.009440
-0.200091
-0.011334
0.168808
-0.092797
0.196775
0.051486
-0.099756
0.274545
0.167254
0.238113
0.007820
0.188965
0.229576
0.495300
0.550522
-0.221343
-0.065500
-0.008590
0.154886
-0.074192
-0.149013
-0.428215
-0.188366
-0.226776
0.102120
-0.216064
0.089354
-0.260921
0.503007
0.179255
0.023210
-0.483075
0.205432
-0.248798
0.094416
-0.412421
0.265044
0.497361
0.139090
0.212236
0.243769
-0.009830
-0.154639
-0.109441
0.260618
-0.333715
0.258426
-0.514648
0.316814
0.216437
-0.353702
0.050810
-0.039987
0.272906
0.026709
0.450810
0.469104
-0.179873
0.053196
0.067316
0.081344
0.148025
-0.369455
0.516089
0.350266
0.269661
0.243989
-0.053120
0.248687
0.261782
-0.056146
0.012885
-0.264192
-0.179730
0.224903
-0.020295
-0.179359
0.135316
-0.534635
0.022167
-0.031742
-0.486145
-0.100626
0.402385
-0.003486
-0.041149
0.719605
0.375346
-0.070743
0.020368
-0.088866
0.100658
0.170770
-0.078060
0.075595
0.215394
-0.177871
-0.053977
0.080092
-0.357673
-0.247886
-0.149988
-0.480462
-0.299620
0.046956
-0.083987
0.277749
0.122335
-0.250753
0.289246
0.149519
-0.100214
-0.180673
-0.154950
0.118914
-0.126044
0.259947
-0.174057
-0.516937
-0.213932
-0.570542
-0.125516
-0.331312
-0.263556
0.307424
-0.042553
-0.109995
0.177441
0.156090
0.265684
-0.265571
-0.078829
0.190587
0.425374
0.201374
0.086643
0.279812
-0.162882
-0.364356
0.095868
0.139760
-0.155766
-0.300718
-0.322991
0.013444
-0.182629
0.117579
-0.463049
0.091286
0.206036
0.013910
0.200924
-0.477647
0.077285
0.317663
0.240238
0.213202
0.098454
0.017813
-0.297624
0.206821
-0.272835
-0.253920
-0.154795
-0.013987
-0.290503
-0.033188
0.175598
-0.115129
0.330673
0.291130
-0.311500
0.019735
-0.074346
-0.417353
-0.230944
-0.026848
0.129764
0.181159
0.279828
-0.094664
-0.001030
0.202124
0.145606
0.128438
0.019361
0.000022
0.035004
-0.106532
-0.128583
0.012916
-0.259821
0.384492
-0.048275
0.009820
-0.103850
0.084353
0.131291
-0.218917
0.279433
0.176752
-0.044073
0.095208
-0.149146
0.089939
0.073544
-0.061872
-0.086658
-0.252173
0.311696
0.002983
-0.343358
0.300762
0.401576
-0.205266
-0.156473
0.265428
-0.196320
-0.281984
0.194793
-0.133428
-0.029086
0.215258
-0.245242
0.150868
0.183368
-0.322430
0.337841
-0.023420
-0.288695
-0.102389
-0.173028
0.065015
0.237070
-0.347205
0.202642
0.020036
0.362222
-0.165942
-0.033229
0.013575
0.088430
-0.041191
-0.003170
0.284446
0.137982
0.325933
-0.191931
0.116440
-0.473358
-0.012856
-0.063309
0.196634
0.320226
-0.091346
0.319650
-0.100212
0.165777
-0.201198
-0.171042
-0.634199
-0.332316
0.221503
-0.083586
-0.051007
0.071509
-0.279249
0.270590
-0.151757
-0.061728
0.052085
0.055660
0.307083
0.278737
-0.381218
0.275060
0.161114
0.115485
-0.209268
0.173643
-0.163818
-0.307344
-0.071438
-0.153943
0.278358
0.060002
-0.202572
0.269051
0.222153
-0.268014
-0.199246
0.302741
0.378590
-0.009893
-0.075141
-0.290781
-0.081035
0.093948
0.242825
-0.389967
-0.357126
0.400216
0.000233
0.042398
-0.184756
0.038329
-0.248535
0.105324
-0.019372
0.361906
0.015288
-0.025745
0.002186
-0.261153
-0.298052
-0.525921
-0.133564
-0.082805
-0.337173
-0.583715
0.223853
-0.052938
-0.019016
-0.105685
-0.225001
0.147821
0.014039
-0.079958
0.337078
0.237023
-0.242452
-0.201700
0.353921
-0.270271
0.135158
0.127242
0.209811
-0.147311
0.447129
-0.438665
0.197470
0.094025
-0.370953
-0.085688
-0.214058
-0.304738
-0.188519
-0.126310
0.224613
0.026464
-0.171623
-0.072509
-0.263958
0.109331
-0.360624
-0.068927
-0.075080
-0.349781
0.194165
0.179743
-0.165160
0.363769
0.138227
0.069370
-0.436792
-0.239436
-0.130410
-0.349257
-0.184994
-0.341392
-0.091155
-0.314333
0.367580
-0.234578
-0.133650
0.029514
-0.072115
0.177356
0.297339
0.040707
0.110143
-0.094762
-0.128643
-0.065429
-0.316280
-0.294494
-0.232996
-0.014869
0.121136
-0.216212
-0.021532
0.555275
0.564259
-0.285590
-0.307841
-0.163761
0.189750
-0.141498
-0.038345
0.184604
0.527124
-0.259933
0.101073
-0.447863
0.185646
0.195254
0.091279
0.177015
0.279022
0.018593
-0.227126
-0.070351
0.030209
0.011282
0.029461
-0.040351
-0.280151
0.378233
0.029756
-0.167053
-0.097976
-0.381597
0.127945
0.453443
0.132041
0.064786
-0.066384
0.103779
-0.123684
0.111705
-0.509198
0.147525
-0.389687
0.445994
0.328634
-0.001866
-0.013693
-0.057356
0.554122
0.109799
0.137160
0.284094
0.087190
-0.053413
-0.036032
-0.055364
-0.440125
-0.305239
0.011151
-0.053424
-0.141640
0.188646
0.509433
-0.190925
-0.003610
-0.133793
-0.203333
-0.017830
-0.600466
0.027945
-0.136616
-0.090728
0.448443
0.215172
0.151503
-0.232768
0.389841
0.244033
0.338330
0.202861
0.046193
0.106056
-0.100685
-0.111172
-0.242935
0.164262
-0.266711
-0.167639
-0.232733
0.064859
0.303473
-0.268024
0.264662
0.062154
0.086004
0.288562
0.307254
-0.238539
0.349946
-0.166935
0.257172
-0.329159
-0.000471
-0.200376
-0.009089
-0.030879
-0.028326
0.149046
-0.125401
-0.213733
-0.176781
-0.076927
0.429661
0.256936
-0.176593
0.452023
0.218458
-0.342631
-0.281608
-0.002186
-0.380894
0.417902
0.307554
0.000276
0.459923
0.068871
0.231812
-0.021863
-0.188596
0.127785
0.435565
-0.125876
0.541512
0.521578
-0.119209
0.032537
0.128988
-0.412222
-0.200008
-0.104411
0.013403
-0.079526
-0.145950
0.318125
0.533906
-0.138061
0.076657
-0.295723
-0.412672
0.386163
0.101521
-0.366746
-0.436375
-0.121605
-0.362647
-0.170630
0.484682
0.124590
-0.178179
0.116504
-0.258191
-0.198421
-0.101178
-0.105757
-0.526005
0.024646
-0.000765
-0.234311
-0.288639
0.489210
0.047276
0.230600
-0.071185
-0.001029
-0.187619
0.018922
0.328887
0.077473
0.011784
-0.092857
-0.267240
-0.503244
0.019918
-0.248403
-0.144812
-0.051139
-0.487588
0.321794
-0.434781
-0.148320
-0.186091
-0.213432
0.055747
-0.029451
-0.147537
-0.081190
0.148667
0.113763
-0.183446
0.077696
0.183747
-0.019354
0.234404
-0.164986
-0.025340
0.276042
-0.034561
0.279260
0.034418
0.004731
0.019879
0.391812
0.202897
0.439940
-0.440817
0.238526
0.039045
-0.372490
-0.235484
0.019985
0.080490
0.172252
-0.091152
0.092952
-0.288954
0.330788
0.397195
0.388620
0.010432
0.484818
-0.224435
-0.014267
-0.432809
0.036315
0.081283
0.181798
0.155123
0.250859
0.025417
0.435237
-0.053227
-0.176172
-0.108365
-0.016396
0.253252
0.059689
0.092836
0.079816
-0.171156
-0.196478
0.524282
-0.403475
-0.215115
-0.102014
0.140667
0.073351
-0.248580
0.081611
-0.028548
-0.317735
0.078020
0.209469
-0.300535
0.104580
-0.199473
0.078124
0.162383
0.109976
0.274865
0.029071
-0.298900
0.465828
-0.241066
-0.103940
-0.103118
-0.099529
-0.019846
-0.115427
-0.115410
-0.051732
-0.034571
-0.129105
0.023542
-0.118114
0.184366
-0.327114
0.017161
0.065039
0.008528
0.069372
0.309755
0.188648
-0.325580
0.096263
-0.183400
-0.402873
0.201152
-0.237824
-0.145964
0.529135
0.106922
-0.016609
0.449723
-0.508821
-0.041325
0.456048
-0.114492
0.157760
-0.120855
0.442907
0.399504
-0.216762
-0.232092
0.206673
-0.154374
-0.104173
-0.244309
-0.448154
0.121863
0.209769
0.371465
-0.018365
0.045025
0.109619
-0.229629
0.294390
-0.027232
0.131977
-0.080006
-0.141184
0.035300
-0.058549
0.027777
-0.299175
0.104026
0.073757
-0.699635
0.482784
-0.206167
0.444187
0.262322
0.263621
-0.068155
0.097663
0.052159
-0.026099
-0.540568
0.045200
-0.462558
-0.209127
-0.451109
0.051755
-0.225314
-0.014532
-0.106793
-0.077914
0.517607
0.088874
0.092298
-0.073754
0.084379
0.063058
0.046841
0.456130
-0.267628
0.171968
-0.031726
-0.038113
-0.090553
0.076039
-0.000889
-0.225081
0.011843
0.321387
0.368256
-0.112909
0.174649
-0.540543
-0.058582
-0.133629
0.179090
0.325853
0.224093
0.227799
0.202591
-0.259552
0.015638
0.287755
-0.069471
0.388087
0.263364
0.180339
0.465477
0.173888
0.069542
-0.075423
-0.158880
0.022391
-0.004438
-0.009407
-0.187346
0.125186
-0.183758
-0.318423
-0.102712
0.076912
0.035947
0.294951
0.024786
0.124048
-0.106151
-0.606057
-0.063319
-0.031143
-0.056805
-0.364143
0.345574
0.154089
-0.121887
0.191247
0.206593
-0.212110
-0.238179
-0.406370
0.319806
0.147320
0.574283
-0.201255
0.553119
-0.029879
-0.220734
0.265789
-0.180754
0.191067
-0.086518
-0.018044
0.026300
0.006594
-0.195525
0.213469
-0.174613
0.037854
0.028024
-0.187594
0.283458
0.120054
-0.313082
0.084079
-0.319231
0.116020
-0.030598
-0.079684
0.019748
-0.234889
-0.246662
-0.137383
-0.209194
0.090932
0.285821
-0.295891
0.156763
-0.307499
-0.122013
-0.213436
-0.006112
0.058524
-0.258058
-0.089028
-0.397714
0.072953
-0.216907
-0.402075
0.232912
-0.062265
0.493592
-0.559777
-0.036008
0.077803
-0.420604
-0.019562
-0.266114
-0.321961
-0.112188
-0.214461
0.102764
-0.529569
0.153229
0.300797
0.078794
0.200744
0.119845
0.173328
0.121661
0.147353
-0.305898
-0.089704
-0.326367
-0.045440
0.071445
0.073957
0.002967
0.139974
0.041247
0.303520
0.201586
0.365506
-0.184476
-0.021081
-0.053051
0.138359
-0.307372
0.091164
-0.017298
-0.274546
0.173546
-0.155442
0.499249
-0.207846
-0.378568
0.101108
-0.267071
-0.000374
-0.213982
0.063448
0.068515
0.238370
-0.076691
0.242225
-0.296190
-0.026577
0.183196
0.402827
-0.058148
0.069663
0.303446
0.263478
-0.062275
0.018535
0.201678
0.197225
0.103746
0.011547
0.107224
-0.197513
-0.236298
0.426841
0.328414
0.307400
0.227501
-0.043568
0.130148
-0.074331
-0.118675
0.160902
0.041684
0.085532
0.029594
0.385674
-0.120796
-0.552082
-0.303322
0.213145
-0.342869
-0.239647
0.429971
0.041288
0.054438
0.038176
-0.056480
0.133832
0.218878
0.204345
0.057678
-0.309719
0.277581
0.508124
0.311638
0.060397
0.077294
0.135740
-0.081182
0.189506
0.027598
-0.312234
0.050065
0.129398
0.049749
-0.079756
-0.322985
0.345265
0.446966
0.149919
0.047307
-0.007325
0.186677
0.371759
-0.368468
0.200445
-0.259645
-0.492959
-0.172016
0.067029
-0.408655
0.015647
-0.384587
0.029077
0.210513
0.262849
0.006162
0.149472
0.307683
0.030776
-0.061438
-0.085280
-0.296379
-0.191595
0.401484
0.242047
-0.027542
-0.225895
0.222581
-0.178689
-0.272169
0.135784
0.088744
0.285179
-0.091947
0.431106
0.172692
0.135959
-0.026220
-0.327838
-0.118362
-0.281672
0.219221
0.072896
-0.229530
-0.042769
-0.429677
0.238297
-0.137142
-0.255878
-0.240914
0.110753
-0.148716
0.100492
-0.064192
0.277366
0.042662
0.010906
0.068429
-0.138255
0.223233
-0.195692
-0.121599
0.466088
0.140597
0.104957
0.418943
0.146127
-0.050283
-0.355755
0.023023
0.269078
0.076175
-0.036613
0.094684
0.162065
0.024216
0.079970
0.102008
0.315755
0.317778
0.411694
0.057468
-0.175694
0.081286
0.339948
-0.039271
-0.007855
-0.223226
-0.184455
0.211627
0.001447
0.189309
-0.109788
-0.185667
0.091038
-0.209251
0.194332
-0.220338
-0.083020
-0.196138
-0.385713
0.280765
-0.160612
0.032054
0.120555
0.040043
-0.009747
0.025186
0.160277
0.574255
-0.462622
-0.134689
0.164549
0.400766
0.257716
0.167013
-0.101612
-0.392701
0.168920
0.169029
0.310656
-0.269904
0.367043
0.001252
-0.386805
-0.114375
0.158874
-0.314587
-0.177261
0.615172
0.227834
-0.242771
0.195458
-0.152022
0.236736
-0.131415
-0.021059
0.003998
0.157355
-0.352563
-0.457395
-0.042941
-0.214457
0.107600
-0.151582
0.303056
-0.239584
-0.094841
0.348965
0.054581
-0.183440
-0.298671
0.062351
0.073690
0.018613
-0.228273
-0.136045
-0.135550
0.268005
0.205098
0.457930
-0.166504
0.271802
0.199732
-0.209707
-0.087968
-0.279674
-0.242588
-0.468870
-0.580008
-0.017961
0.324684
-0.380974
0.073082
0.117697
0.237654
-0.522776
-0.157648
0.111674
0.348613
0.036713
-0.352090
0.400638
-0.032859
0.210455
-0.099611
-0.432226
0.066878
0.187179
-0.035311
-0.031220
0.023684
0.123712
0.229729
-0.425408
0.058498
-0.057880
-0.149225
0.184743
-0.109050
0.289688
0.002389
-0.133704
-0.107681
-0.077545
0.168943
-0.008126
0.291320
0.296971
-0.108586
0.028622
-0.345352
-0.130892
-0.021017
-0.384935
-0.473658
0.272121
-0.141052
-0.030062
0.249326
0.158239
-0.425436
0.215574
-0.002606
0.161862
-0.277572
-0.317172
0.234715
-0.061512
-0.190051
0.167820
0.053699
-0.061960
0.218981
0.239770
0.188041
0.140157
-0.365406
0.001074
-0.191010
0.007831
0.070873
0.142391
0.286521
-0.433832
-0.449085
0.420668
0.215822
-0.025162
0.050342
-0.609795
0.092464
0.407799
0.287888
-0.021737
0.377335
0.397276
0.028282
-0.098778
-0.200550
0.125020
-0.118756
-0.087415
0.029750
-0.065024
0.056915
0.111779
-0.035150
0.373224
0.198017
-0.045034
0.134193
0.351525
0.182004
0.092229
0.489961
-0.196698
0.006091
-0.118553
0.189159
-0.178094
0.347553
-0.119243
-0.004609
0.538851
0.218215
-0.070275
0.003224
-0.275716
0.592221
-0.035997
-0.421000
-0.047308
-0.360295
-0.107973
-0.426730
-0.055395
0.165858
0.090085
0.126229
-0.086965
0.364255
0.172139
0.037340
-0.386179
0.379688
0.587006
-0.316171
-0.304255
-0.035940
0.384479
-0.133254
0.143138
0.032892
-0.047706
-0.553718
0.290198
0.179815
-0.035813
-0.299367
-0.020464
0.074229
-0.264847
-0.150671
-0.194707
-0.283734
0.139893
-0.131193
-0.206871
0.343898
-0.077194
0.195558
-0.113571
0.067493
0.272398
-0.340394
-0.120097
-0.027945
0.389391
0.174370
0.170083
0.161118
-0.326344
0.015537
0.318983
-0.197262
0.074079
-0.127697
-0.228060
-0.223759
0.541546
0.196743
0.232649
-0.268635
0.274450
-0.649377
-0.019467
-0.300901
0.477265
-0.121017
-0.088472
0.180291
-0.170157
0.251983
0.146257
0.039961
0.214359
-0.083793
-0.277384
0.091782
0.125283
-0.217573
0.234552
0.004823
-0.315516
0.058953
-0.317830
0.236686
0.183680
-0.304750
-0.532386
0.057727
0.156146
-0.452475
0.306172
0.120242
-0.201800
0.166789
-0.029882
0.264849
0.161693
0.113159
-0.214705
0.143858
-0.158302
-0.459681
-0.244806
-0.013131
-0.151124
0.263909
0.185638
0.365280
0.130669
0.082368
-0.144221
-0.180719
-0.090533
-0.180642
-0.008256
0.036358
0.012503
0.131305
-0.353250
-0.164341
0.053876
-0.330869
-0.226393
0.104462
-0.085604
0.263689
0.031091
-0.026759
0.158604
0.039519
0.046750
0.176570
0.185359
0.031591
-0.189888
-0.095128
0.262712
0.047837
-0.207321
-0.017756
-0.040653
0.302558
-0.154435
-0.226036
0.223912
-0.263805
-0.200915
0.008739
-0.015654
-0.210939
-0.123042
-0.286139
-0.176731
0.191007
0.231302
-0.272838
-0.223907
-0.309460
0.403595
0.374221
-0.067527
-0.292414
0.089279
0.177133
-0.127303
-0.025490
0.509060
0.113382
-0.088647
0.222653
-0.270847
0.015285
0.005214
-0.112456
-0.302593
-0.135333
0.186063
0.223569
-0.027680
-0.309652
-0.185371
-0.364042
0.453887
-0.043095
0.400380
0.231249
-0.272388
-0.010640
-0.065571
0.005784
0.041559
-0.089999
0.077779
-0.012944
0.347167
0.225674
0.132443
0.075959
-0.017841
-0.317473
-0.219728
0.516826
-0.249281
0.112895
0.088890
0.214225
-0.421783
0.583307
0.136239
0.021163
-0.421600
-0.010558
0.142902
-0.153781
0.068256
0.421500
-0.057769
0.061663
-0.131359
0.261832
-0.173986
-0.003323
-0.055886
0.411460
0.451275
0.109169
-0.113613
0.171897
0.020899
-0.217456
-0.075535
-0.053101
-0.345535
-0.349488
0.019252
-0.001226
-0.234030
-0.097360
0.086945
-0.126786
0.087854
-0.037686
-0.025784
-0.275194
0.170936
0.049471
0.170733
-0.253849
0.305902
-0.365818
0.055096
-0.478870
-0.229350
-0.193287
-0.281114
-0.370438
0.150968
0.264970
0.053855
-0.128524
0.364172
-0.060548
0.210999
0.167525
-0.079537
-0.170909
-0.045133
0.220566
-0.246481
-0.486529
0.005552
-0.004550
-0.397567
0.046616
-0.084145
-0.127940
-0.068810
0.561706
0.158964
-0.010656
-0.021331
-0.153602
-0.210206
0.023510
-0.321650
-0.383473
-0.021453
-0.518612
-0.088357
-0.266168
0.089475
0.319355
-0.265970
0.522279
0.122033
-0.028595
-0.119079
-0.194605
0.044150
0.105580
-0.085516
-0.159802
-0.349175
0.041608
0.199210
0.138545
0.214538
0.357789
-0.283227
-0.245333
-0.065296
0.192371
-0.327308
-0.150033
-0.283714
0.080525
-0.386266
-0.015094
-0.204083
-0.407507
0.176037
0.090549
-0.076268
-0.207989
-0.135678
-0.200449
-0.067726
0.153504
0.157120
0.112950
0.379330
-0.057767
0.015836
0.462796
-0.014729
-0.033812
-0.452909
0.186099
0.060687
0.018177
0.259867
-0.486520
-0.016181
0.031825
0.152143
-0.006850
-0.159360
-0.442990
-0.184533
-0.089084
-0.360160
0.431690
0.352710
0.136387
0.294717
-0.327011
-0.312579
-0.571383
0.275326
0.354781
-0.331368
0.036787
0.030382
0.155623
-0.264724
-0.373576
-0.048894
-0.339862
0.102519
0.011133
0.433140
0.108172
0.334890
-0.135937
0.112090
0.331469
-0.019175
-0.437460
0.033746
0.174606
-0.282961
0.052198
0.028228
0.520235
0.009098
-0.075302
-0.092328
-0.395832
0.103289
0.363204
-0.045004
-0.046926
-0.190220
-0.251054
0.045269
0.488760
0.509395
0.041266
0.017046
0.412982
-0.413932
0.214199
-0.203238
0.074905
-0.107349
0.201722
-0.082469
0.186149
-0.269071
0.103689
-0.358172
0.053101
0.120258
0.045874
-0.118225
0.089586
-0.235630
-0.390940
-0.097286
-0.075714
0.086190
0.108575
-0.121610
0.315791
-0.320821
-0.242133
-0.247034
-0.230347
0.239188
-0.217352
0.150798
0.216943
0.209256
-0.478433
0.010801
0.156125
-0.206490
0.118692
0.135811
0.116396
-0.088461
-0.281525
0.392611
-0.170885
0.350640
0.081362
0.324551
0.421764
0.005961
-0.145203
0.227277
0.192975
-0.144197
0.160451
0.047545
0.067840
-0.594236
-0.349037
-0.163879
-0.117125
0.230731
-0.056812
0.157797
-0.042696
-0.336895
-0.088944
0.072966
0.365800
-0.061317
0.208075
0.359055
-0.118405
0.241050
-0.044160
-0.017648
0.023097
-0.282850
0.235227
-0.219118
-0.244581
-0.117729
-0.243676
-0.392116
-0.079100
-0.162198
0.148311
0.472764
0.221455
0.080892
0.005494
-0.063806
-0.145676
0.406252
0.138374
-0.201409
-0.313053
-0.117287
0.248489
-0.179446
0.135204
0.057812
0.123568
0.209469
0.196149
0.260887
-0.340055
-0.005004
-0.080297
0.015805
-0.230786
-0.172368
0.252797
-0.078221
-0.303552
-0.345103
0.131047
0.181423
-0.535783
-0.051627
-0.435704
-0.143007
0.224098
-0.027663
0.200577
-0.159418
-0.059427
0.022090
-0.061198
-0.205873
-0.123401
0.134498
-0.020122
-0.137197
-0.139966
-0.102925
0.103229
-0.401002
0.270950
-0.245178
0.225915
-0.202780
0.378948
0.304843
-0.193580
-0.011662
-0.044209
0.332709
0.194982
-0.480854
-0.330032
0.525386
0.065303
0.154110
-0.486685
-0.136670
0.010827
0.032024
-0.416762
-0.195670
-0.161772
-0.007299
-0.551216
-0.126352
0.166739
-0.010966
-0.285598
-0.142062
0.113698
-0.168127
-0.112691
0.271255
-0.177173
-0.532957
0.090853
-0.163366
0.391151
-0.150722
0.064748
0.219341
-0.059425
0.028240
-0.087478
0.170403
0.038634
0.372987
0.152974
0.245998
-0.350183
-0.218498
0.016296
-0.298968
-0.005386
0.575910
-0.064996
-0.212555
0.060460
-0.281231
-0.217683
-0.458505
-0.043278
0.138297
-0.055855
-0.010602
0.315813
-0.129193
-0.029779
0.144375
-0.163216
0.213764
0.042552
0.072951
0.268397
-0.648447
-0.183904
-0.066333
-0.206620
0.231272
-0.217226
0.100767
0.021308
-0.085970
0.521506
0.092090
-0.028649
-0.449086
-0.005367
-0.041658
0.490225
0.031283
-0.236440
-0.030841
0.080270
0.289671
0.157484
0.210846
0.091764
-0.454450
0.069596
0.243202
0.284731
-0.004935
-0.403041
0.344562
0.295352
0.131203
-0.167801
0.056935
-0.044477
-0.316118
-0.032820
-0.339555
0.013882
0.485922
-0.024057
0.012850
-0.064162
0.139777
0.218823
0.475810
0.014946
0.162398
0.212462
0.027761
-0.342028
0.275811
-0.088595
0.128845
0.427199
0.195823
-0.023356
0.012753
0.107108
0.013887
-0.024705
-0.469203
-0.112391
0.132124
-0.118436
0.042495
0.272952
-0.353269
-0.240610
-0.100883
-0.008944
0.062449
-0.149538
0.246582
0.114839
0.075452
-0.107006
-0.157780
-0.340050
0.202482
-0.097300
-0.198876
-0.108560
0.286586
-0.010666
-0.396325
0.016623
0.231547
0.367974
0.069045
0.399097
-0.142816
-0.370284
0.259470
0.469781
-0.079829
0.140188
-0.040264
0.049686
-0.190060
-0.068207
-0.294053
0.261666
-0.058938
-0.236600
-0.063797
0.432463
-0.314501
-0.125072
-0.300097
0.202385
0.231688
-0.281862
0.349670
-0.358233
-0.134489
-0.488810
-0.158657
0.096676
-0.026829
-0.153693
-0.089543
-0.124131
0.007129
0.090437
0.143797
0.139066
0.027834
-0.333424
-0.040017
-0.094150
0.299557
-0.564531
0.402087
0.105789
0.140032
-0.091338
-0.267267
-0.169008
0.158888
-0.605355
0.200742
-0.215295
0.177414
0.052110
0.068894
-0.169696
-0.135598
-0.031055
-0.496463
-0.011390
0.054583
-0.270639
0.101573
-0.133597
0.062310
0.161779
0.096757
-0.334456
-0.091059
0.544104
0.032055
-0.103339
-0.261871
0.430191
0.244308
-0.247532
0.144744
-0.079663
0.093952
0.274128
-0.075237
-0.160055
-0.430257
0.083118
-0.087810
-0.416243
-0.069908
-0.205326
0.026528
0.040860
0.153565
0.048830
0.020653
0.061490
-0.094589
-0.426901
-0.270011
-0.044662
-0.388003
-0.102298
0.179350
0.115228
-0.229318
0.280410
0.010216
-0.190579
0.125368
-0.157621
-0.046506
0.146189
0.152897
-0.034787
-0.135430
0.088163
-0.030240
0.234920
-0.156180
-0.188848
-0.320776
0.199294
0.467996
-0.203061
-0.178028
0.014323
0.056837
0.255086
0.125661
-0.031770
-0.017326
0.020947
0.126131
-0.058413
0.173277
-0.016569
-0.221880
-0.542370
0.089380
-0.378014
0.141988
-0.352357
0.055409
-0.046541
0.495060
-0.202376
-0.113618
-0.128163
0.297492
0.458365
0.305401
0.373724
-0.149476
0.189782
0.386197
-0.195301
-0.244094
0.089757
-0.237707
-0.321287
-0.263998
0.416984
0.333499
-0.426245
0.194399
-0.327763
-0.059292
-0.178270
0.030228
0.011540
0.061350
-0.224916
-0.056587
-0.152912
-0.399746
0.112387
0.164704
0.092617
0.075018
-0.157336
0.041106
-0.129684
-0.406002
0.036331
0.061700
-0.056857
0.355045
-0.325071
0.049144
0.431292
0.235113
0.112940
-0.164642
0.084259
0.096296
-0.141703
0.127547
0.045000
-0.030098
0.170722
0.032666
0.165815
0.154821
0.629990
-0.473331
-0.204835
-0.068839
0.245546
0.350623
0.173399
-0.064999
0.225709
0.237260
-0.135631
0.004105
-0.276473
0.162325
-0.014261
0.015270
0.336933
-0.132925
0.257730
-0.048640
-0.343147
-0.355106
0.075344
-0.302628
0.249412
0.256933
-0.128103
0.218356
0.101978
-0.019765
-0.082064
-0.339695
0.335719
0.042259
0.282831
0.119402
-0.111426
-0.151434
0.055680
0.223520
-0.204616
-0.078436
-0.115801
0.330298
0.003564
0.426668
0.059451
0.060567
0.296137
-0.161073
-0.002942
0.090158
0.016607
0.006033
-0.054281
-0.122044
-0.486282
0.006393
0.302519
0.241224
-0.311694
0.016035
-0.190756
0.059582
-0.156478
-0.167766
0.450280
0.352136
-0.045615
-0.032730
0.264893
-0.127028
-0.243556
-0.156682
0.023699
0.013356
-0.099576
-0.212353
0.327454
-0.096327
-0.085120
-0.090823
-0.149076
-0.088713
0.184076
0.485575
0.500670
-0.329796
-0.155994
0.042548
-0.278300
0.080702
0.112515
0.238785
0.165001
-0.374050
-0.189890
0.010154
0.146036
0.084116
0.284453
-0.188290
-0.205364
-0.153703
0.382976
-0.491944
0.177555
0.020854
-0.186854
0.342882
-0.162603
0.255641
0.191700
-0.034541
-0.567546
-0.017843
-0.012117
0.098447
-0.317857
-0.349337
0.396589
0.500738
-0.085703
-0.185026
-0.069155
-0.263428
-0.340428
-0.275398
-0.215088
0.406172
-0.152925
-0.019138
0.093976
0.436509
-0.089844
0.376374
-0.136060
0.029051
-0.261425
0.531812
0.142053
0.245664
-0.031060
-0.019611
0.090611
-0.136165
0.022718
0.091359
-0.341334
-0.050819
0.037215
-0.197734
-0.041184
-0.124904
-0.349591
0.145642
-0.070092
0.168184
0.602749
0.123413
0.000605
-0.345159
0.179104
0.301184
-0.198365
0.358976
-0.123590
-0.162102
-0.112660
0.019100
-0.160694
0.253537
-0.514794
-0.032762
-0.101137
0.123605
-0.157419
-0.180190
-0.313790
-0.184819
0.402239
0.242568
0.274411
0.032947
-0.251001
0.018007
0.125547
-0.224991
0.232034
0.073061
0.031846
0.156132
0.352592
0.048660
-0.244975
-0.175813
0.221645
-0.333321
-0.337314
-0.497868
0.380399
0.025744
0.000994
-0.349923
0.286467
-0.288314
0.182217
0.249379
0.486555
-0.001393
0.032786
0.111222
-0.271744
0.333215
0.259444
-0.460208
0.058500
-0.007846
0.157338
-0.064332
0.371006
0.395374
0.028331
0.230919
0.245840
-0.010652
-0.267713
-0.308466
0.022428
-0.469189
0.019264
0.038554
0.205520
0.088595
-0.107749
-0.238089
-0.079051
-0.319657
-0.045401
0.347368
-0.145118
-0.263780
0.195746
-0.213846
0.115657
0.027828
-0.360473
-0.246471
-0.083585
-0.009442
0.162544
-0.227506
-0.356535
-0.021492
-0.023956
-0.230123
0.129162
0.328556
-0.115222
-0.120410
0.470174
0.214943
-0.062846
-0.007652
-0.019602
0.046998
0.013865
-0.438578
0.464001
-0.341076
0.091628
0.326352
-0.040292
-0.097297
0.177378
0.224932
-0.103544
-0.033193
0.061622
-0.163179
-0.061591
-0.080071
-0.230442
0.322346
-0.070219
0.406745
-0.186515
0.377940
0.208561
0.075554
0.290933
0.279166
-0.087241
0.142766
0.134526
0.237987
-0.136810
-0.196182
-0.473024
0.394685
0.000094
0.075236
-0.445271
-0.020490
-0.021965
-0.121170
-0.352628
0.148619
-0.486063
0.542787
-0.320210
-0.230667
-0.312905
0.152648
0.173406
0.058962
0.094247
-0.151831
-0.178723
-0.695156
-0.305845
-0.135852
-0.165535
-0.015067
-0.084587
0.285109
0.064171
0.300920
-0.526115
0.377439
0.098668
-0.127106
-0.102443
-0.066695
-0.251883
-0.075432
-0.036641
0.109778
0.003064
-0.214448
0.198790
-0.313890
0.227591
0.116624
-0.251905
0.151232
-0.018535
-0.314097
0.127510
-0.223061
0.351373
0.110136
0.079014
0.211379
-0.188988
0.251670
-0.564342
0.407397
0.293246
0.491764
-0.456195
0.127456
0.003346
-0.107777
0.193637
0.262200
-0.050473
-0.039165
0.036038
0.017020
-0.118533
-0.291636
0.017289
0.014143
-0.077879
-0.383765
-0.028343
-0.605491
0.174513
-0.017159
-0.057789
-0.031104
-0.290461
-0.695295
-0.022653
-0.146136
-0.192593
0.033098
-0.726555
0.134588
-0.066564
0.118106
0.260211
-0.309466
-0.028504
-0.205884
-0.064679
-0.414398
0.532991
0.090809
0.116754
-0.447437
0.131668
-0.334365
0.021007
0.012096
0.230304
0.138753
-0.302045
0.476790
0.107823
0.311760
0.265530
0.149218
-0.046181
-0.311712
0.025521
-0.297796
0.144298
0.196783
0.180476
-0.368797
-0.695155
-0.211871
-0.082671
-0.301055
-0.441577
0.245262
-0.048392
-0.118762
-0.312104
-0.042222
-0.245306
0.124914
0.211664
0.200478
-0.013458
-0.384627
-0.233627
-0.183725
0.062682
0.362084
-0.101168
-0.481515
0.048671
0.038638
-0.075853
-0.131917
-0.064298
0.243744
-0.395973
0.339160
-0.026004
-0.276480
0.088926
0.012285
-0.081065
0.102123
0.219190
-0.160284
0.207316
0.452717
0.102888
0.010484
0.062077
0.234829
-0.368985
-0.368254
0.002018
-0.557386
0.312595
-0.103239
0.233394
-0.180985
0.476056
-0.222681
0.120946
-0.273334
-0.139941
-0.164086
-0.123662
-0.248569
0.182679
-0.145167
0.132028
0.082105
-0.018811
-0.581497
-0.282247
0.315575
-0.145881
0.321119
-0.255388
0.083115
-0.104759
0.078060
-0.137788
0.189051
-0.137439
0.260871
-0.041832
0.049103
0.159390
0.325047
0.424072
0.091721
-0.152175
0.158150
0.216430
0.062317
-0.280683
-0.103787
0.182505
0.366607
0.107620
-0.059661
0.050523
0.311362
-0.034255
-0.074607
0.154443
-0.398598
-0.152521
-0.033397
0.428822
0.161637
0.397523
-0.033521
-0.009181
0.042411
-0.197881
0.158056
-0.038048
-0.288080
-0.521793
0.319124
0.245966
0.009742
0.001992
-0.327104
0.186150
-0.019963
-0.134639
-0.077633
-0.409056
0.364192
-0.169116
0.289098
0.213000
0.014611
0.180505
-0.140320
-0.117858
0.195048
-0.054310
-0.414220
-0.101620
-0.217460
-0.222210
-0.127059
-0.033090
0.036401
-0.126925
0.158947
-0.299011
-0.095583
0.181405
-0.121806
-0.037662
-0.189040
-0.255754
0.508094
-0.140151
-0.266697
0.294495
-0.471592
0.574837
0.310365
0.137453
0.066199
0.098629
-0.023434
0.103595
-0.210032
-0.306402
-0.020357
0.178152
-0.160659
-0.119617
-0.505959
0.017396
0.331859
0.184888
-0.324601
-0.147998
0.029610
0.244264
0.173180
0.251774
0.177532
-0.351941
-0.278965
-0.308177
0.043984
0.161478
0.207475
0.141741
-0.013520
-0.283166
-0.113554
0.157794
-0.188572
0.027579
0.020359
-0.006173
0.207073
0.138399
0.241334
-0.171635
0.492259
-0.246149
0.125179
-0.019500
0.192770
-0.032528
0.143506
0.108627
0.346330
-0.444561
-0.117958
-0.328442
-0.108800
0.094276
0.228550
0.100632
0.278576
-0.155851
0.132051
-0.147832
-0.053063
0.175437
0.082237
0.210697
-0.103185
0.435047
-0.333850
0.069271
-0.128529
0.327207
0.278179
0.383307
0.307039
-0.181334
-0.062827
0.501422
-0.146123
0.217765
-0.529633
0.096614
-0.200892
-0.027041
0.025024
0.132790
0.402832
-0.130516
0.031426
-0.368760
0.006176
-0.037444
0.004092
-0.355822
-0.286508
-0.117875
-0.297001
-0.176154
0.072842
-0.391955
0.117032
0.033048
-0.175680
-0.203311
-0.230842
-0.125308
-0.209061
-0.085402
-0.231214
0.028016
-0.006864
-0.083413
-0.142231
-0.302176
0.102816
0.170116
0.340711
0.092463
-0.142541
0.231441
-0.079614
0.362870
0.059982
0.323001
0.040998
-0.030280
-0.404952
0.107309
-0.351035
-0.177235
0.027833
-0.244308
0.295628
-0.109827
-0.195403
-0.475709
0.016337
-0.004192
-0.308899
-0.042175
0.289369
-0.031538
0.389565
-0.151412
-0.313758
0.219225
-0.362179
0.003392
0.406271
0.133377
0.128791
-0.014084
-0.053104
-0.111508
-0.042297
0.141246
-0.214688
0.147348
-0.290788
-0.306478
0.238401
-0.013707
0.665524
0.217516
0.126397
0.418395
0.111413
0.337072
-0.109637
-0.154945
-0.307633
0.147808
0.109394
0.262362
0.063549
-0.085717
0.623399
-0.019300
0.153956
-0.106321
-0.280251
0.217174
-0.185322
0.036918
0.253939
0.034927
-0.150261
0.088342
-0.239073
-0.168963
-0.044562
0.313206
-0.159820
-0.128865
0.393802
-0.024687
-0.052834
0.291092
0.208271
-0.199010
0.149133
0.223614
0.020466
-0.316553
0.054754
0.120067
0.331477
-0.151534
-0.061857
0.251846
0.586333
-0.064634
0.130745
0.051175
-0.043999
-0.002779
-0.205937
0.235635
0.086005
0.243637
0.261597
0.102244
0.342433
-0.169118
0.243149
0.136072
-0.340239
0.284624
-0.060614
0.002325
-0.113611
-0.248649
0.022064
0.072960
0.294493
0.198093
-0.097686
0.003382
-0.261065
0.251845
0.164518
-0.015774
-0.565309
-0.125871
0.444365
0.592021
0.045679
0.167629
0.005908
0.347321
0.040943
-0.022596
0.247457
-0.247054
-0.003469
-0.093366
-0.207808
0.141472
-0.158461
0.363693
0.437495
0.024980
-0.484396
0.487008
-0.214906
0.024190
0.101517
0.232421
-0.109849
-0.008799
0.311088
-0.502028
-0.330753
0.120914
-0.385683
-0.418769
0.171721
0.005968
0.123120
0.053142
-0.150289
-0.248753
-0.181056
0.273863
-0.076145
0.164406
0.125629
0.267646
0.464501
0.126838
-0.049834
0.198877
0.181082
-0.351359
0.262069
0.447799
-0.076237
-0.615410
0.009327
-0.125493
0.118719
-0.119903
0.069969
0.151912
0.037838
0.035887
-0.018675
-0.281401
0.011079
0.012202
-0.207247
-0.236624
-0.367808
-0.063628
-0.202816
-0.118846
0.019430
0.531208
0.029762
-0.378479
-0.051346
0.229082
-0.099755
-0.124839
0.200641
-0.139486
-0.151770
-0.015932
-0.050013
0.447131
-0.073829
-0.024015
-0.187019
0.086465
0.053577
0.096932
0.150064
0.089277
-0.119628
-0.121513
0.223075
0.079993
-0.210470
0.035610
0.184710
0.200352
-0.057496
0.075959
-0.328342
0.215690
0.512996
-0.019370
-0.225596
-0.470177
-0.670519
-0.180185
-0.099099
0.237622
0.165753
-0.015309
-0.163400
0.105232
0.031515
-0.086408
0.337073
0.094108
-0.036347
-0.123378
-0.390372
0.117466
0.158339
-0.246345
0.047269
-0.444167
0.058218
0.029032
-0.255961
-0.580520
0.164819
-0.123124
-0.033147
0.137995
-0.336932
-0.105199
0.324775
0.006566
-0.401381
-0.283241
-0.102842
0.298739
0.364951
-0.121572
-0.301636
-0.293452
0.069685
-0.363868
-0.141950
-0.125051
-0.135238
0.010858
-0.284492
-0.010950
0.068907
-0.032697
-0.013785
-0.311545
-0.259200
0.113256
-0.003683
-0.429437
0.274369
-0.070330
0.133660
0.267711
0.382141
0.035697
0.438747
-0.107319
0.168614
0.368150
0.202942
-0.081875
0.162011
-0.030928
-0.525277
0.184237
-0.008335
-0.138797
0.702139
0.310157
0.145152
-0.230937
0.115069
-0.283972
0.051480
-0.027290
0.420771
-0.426618
-0.063209
-0.082503
-0.422520
-0.194953
0.083340
-0.304493
0.158673
-0.361796
-0.328426
0.021425
0.390184
-0.228765
0.295137
-0.049152
0.069281
-0.307908
-0.019013
0.190104
0.041021
0.369679
0.207504
0.260671
-0.045268
-0.032437
0.392124
-0.457465
0.072074
0.207112
0.340753
-0.277192
-0.106791
-0.101194
0.148923
-0.101758
-0.228457
0.164808
-0.040122
-0.323646
0.151326
-0.038801
0.131434
0.093217
-0.134342
0.202317
0.311757
-0.156804
-0.017930
-0.163640
0.172947
0.041911
-0.041308
-0.443788
-0.197124
0.090019
-0.269155
-0.090831
-0.279690
-0.022025
-0.291743
0.307685
0.400850
0.145240
-0.225448
0.103083
0.160994
-0.251495
0.177749
0.096659
0.186092
0.097380
-0.279659
0.034048
0.422684
-0.152806
0.251937
0.109587
-0.187741
-0.060441
0.117827
-0.327221
0.254877
-0.055193
-0.212325
-0.087417
0.173992
0.148476
-0.042129
-0.233951
-0.326366
0.226575
-0.184938
0.163929
0.321156
0.217011
-0.128825
0.140084
-0.051000
-0.449523
0.198162
0.014510
-0.087820
0.105604
0.209671
-0.017004
0.317730
-0.187176
-0.034100
0.457779
0.165638
0.418695
0.348979
-0.007423
0.111560
0.168359
0.130899
0.312105
-0.504960
0.232677
0.354418
0.021312
0.485128
-0.033496
0.201702
0.187899
-0.117365
-0.119582
-0.080374
-0.298089
-0.310702
-0.263026
0.271425
0.563490
0.109783
0.027347
-0.168879
-0.119676
-0.173295
-0.246226
0.138608
0.166776
-0.464648
-0.127901
-0.157681
-0.111921
-0.175842
-0.143255
-0.140325
-0.067110
0.195066
-0.074101
0.011975
-0.239050
0.150397
0.551488
-0.000654
-0.447045
-0.005959
0.515985
-0.064888
0.124487
-0.206633
0.303769
-0.096124
-0.225293
0.212430
-0.033084
-0.052567
0.272993
0.392417
-0.160027
0.214641
-0.403260
-0.337010
0.468893
0.205557
0.033938
0.078001
0.047530
0.277296
0.384414
0.302143
0.058337
0.073893
0.387742
0.235208
-0.078505
-0.081761
0.099013
0.122290
0.074837
-0.083608
-0.086227
-0.385030
-0.321894
0.086824
0.123508
0.242868
0.121499
0.021674
-0.006952
0.125434
0.132616
-0.110965
0.254538
-0.135656
-0.008255
-0.157769
-0.115602
0.328991
0.047744
0.008692
0.174967
-0.053140
-0.222059
0.204913
0.052649
-0.034177
-0.074182
0.197379
0.052323
0.439344
-0.160090
-0.034888
0.355867
-0.396365
-0.026292
-0.021187
0.006273
0.023428
-0.178457
-0.002519
0.271234
0.057213
0.255583
0.521946
-0.053382
-0.310440
0.079495
-0.055829
0.661081
-0.362825
0.166137
0.189430
-0.257097
-0.320450
0.294639
-0.071458
-0.226690
0.390896
-0.412203
0.256240
-0.471650
0.014006
0.284265
-0.325015
0.178610
-0.270365
0.377625
-0.294080
-0.219869
0.231466
0.175520
-0.135898
0.144204
-0.285818
-0.064086
-0.032695
0.183110
-0.044814
-0.478159
0.151986
-0.344099
0.200061
0.380432
0.164433
-0.203669
0.229246
0.532841
-0.164139
0.346845
0.394642
0.061982
0.013177
0.025869
0.071985
0.201184
0.043482
-0.085439
0.032363
0.219305
-0.441380
-0.101490
0.041145
-0.272654
0.049107
0.314694
0.289730
0.496222
-0.139295
-0.109125
0.269756
0.116138
0.133168
-0.206430
-0.205574
0.113496
-0.253029
0.177617
0.271620
-0.294436
-0.234544
-0.244278
-0.027798
-0.162992
0.003763
-0.080939
0.154782
-0.111020
0.096974
0.169709
0.019144
0.327554
-0.107764
0.350500
0.085505
0.048336
-0.220822
-0.443561
-0.257353
0.148651
0.003956
-0.293173
0.158380
-0.204577
0.035132
0.435595
0.037623
0.129409
0.566736
-0.172358
-0.262939
0.116000
0.429461
0.019135
0.044705
-0.156907
-0.181687
0.542946
0.034554
0.322088
0.033883
0.181870
0.062166
0.221584
-0.099039
0.374626
0.057110
-0.692426
-0.102085
0.047624
-0.395207
0.080500
-0.315584
-0.017683
0.298439
0.033077
-0.104538
0.410597
0.207676
0.244406
0.141335
0.036128
-0.203760
-0.363062
-0.234903
-0.329823
-0.012831
0.214008
0.025512
-0.123965
-0.092151
-0.272932
-0.087791
-0.165223
0.738066
-0.056404
-0.080708
-0.221990
0.304117
-0.036997
0.318036
-0.205778
0.067959
-0.133146
-0.091401
-0.022425
-0.439862
0.280611
-0.323312
0.263264
0.280565
-0.261431
0.098457
-0.115883
-0.248228
0.025496
0.012151
-0.147566
0.573921
-0.059593
-0.208461
-0.327993
-0.141971
0.089424
0.285716
-0.148777
-0.470299
-0.178228
-0.549992
0.031882
-0.131143
0.008909
0.119692
-0.033523
-0.189852
-0.141547
0.182558
-0.000562
-0.244244
0.093775
0.282437
-0.271820
0.249111
0.519118
0.119823
0.273408
0.048295
0.075188
-0.047102
-0.027656
0.148768
0.092790
0.297562
-0.272566
-0.111257
0.143271
0.244197
0.015944
-0.064828
0.238815
0.305741
0.130702
-0.270989
-0.040255
-0.012485
0.026696
0.235982
-0.271171
-0.484418
0.128654
-0.045323
0.096804
-0.017851
0.185890
0.274352
0.033145
-0.213344
0.046786
0.042035
-0.110044
-0.075472
0.446153
0.035270
0.043873
-0.155183
0.314421
-0.437673
0.055307
-0.196549
0.634691
-0.415772
0.114993
-0.074437
0.039061
-0.500790
-0.263828
-0.233686
-0.119303
0.021274
-0.053859
0.012857
-0.470879
-0.374851
0.088577
0.110213
0.423856
0.320165
0.044366
0.225194
-0.064544
0.075674
0.226003
0.082553
0.080045
0.262124
-0.025901
0.283494
0.485064
0.615997
0.083947
0.088527
0.201888
-0.191532
0.039006
0.028345
0.050490
0.404806
-0.079016
0.182097
0.064041
-0.553644
0.303071
-0.179104
0.300812
0.425054
0.021567
-0.061000
0.454335
0.056806
-0.001435
0.020889
-0.371310
0.388752
-0.083061
-0.129193
0.272098
-0.199163
-0.346327
0.162689
0.312822
0.187051
-0.083733
-0.101667
-0.000410
-0.120846
-0.273747
-0.319914
-0.187884
-0.040241
0.359600
0.001529
-0.052204
-0.180636
0.059932
-0.134809
-0.078935
-0.061706
0.207646
0.155443
-0.119302
0.312980
-0.100952
0.349630
-0.097970
-0.271022
-0.053916
-0.134866
-0.042709
-0.307088
-0.049373
-0.461797
-0.237124
0.413722
0.593280
0.054520
0.156733
0.398242
0.165937
0.161534
-0.176061
0.008493
0.491198
0.081373
-0.125819
-0.137416
0.025110
-0.342976
-0.166990
-0.004509
0.125858
-0.086374
-0.097017
0.128520
0.219165
0.130421
-0.217341
-0.554392
0.147562
0.431392
0.064913
-0.465667
0.292804
-0.221019
-0.165363
-0.061553
0.379494
0.298299
0.043632
0.088091
0.250193
-0.031774
-0.227627
-0.358193
-0.400678
0.240251
-0.050460
0.008593
-0.203808
-0.167763
-0.073824
-0.145117
0.021376
-0.154309
0.335584
-0.011166
0.309139
0.076793
-0.165938
-0.466428
-0.203251
0.037959
0.025149
0.130964
0.270700
-0.061393
0.129118
0.344693
-0.062146
0.324647
0.054006
0.251525
0.397506
-0.107263
0.216504
0.408169
0.091067
0.288586
-0.004886
-0.032284
0.244141
-0.113570
0.117288
-0.203308
0.172313
-0.207328
0.237450
0.258959
-0.012384
0.186711
0.028469
-0.122325
-0.207183
0.265421
-0.084394
0.068323
0.120734
-0.116964
-0.328862
0.188891
-0.249163
0.152140
-0.142382
-0.096215
0.192955
0.009202
-0.166997
0.092754
0.004382
0.376540
0.107322
-0.050291
-0.220327
-0.033590
0.168643
0.220759
-0.502659
0.237337
-0.060032
0.044504
0.378810
-0.006280
-0.096408
-0.156373
0.187182
0.167053
0.312556
-0.082622
0.249209
-0.405918
0.133922
-0.225691
0.003663
0.202588
-0.013037
0.054887
-0.457212
-0.001757
-0.005075
0.199984
-0.156758
0.032234
-0.404621
-0.439205
0.025055
-0.476069
0.004178
-0.277763
-0.437570
-0.070860
-0.089523
-0.114221
0.191029
-0.174310
0.084450
-0.363178
-0.425633
-0.409200
0.188969
-0.028103
-0.355693
-0.046527
-0.321477
-0.060083
-0.333575
0.187069
0.258190
0.479009
0.399895
-0.313987
0.118460
-0.120303
0.039045
-0.113455
-0.529124
0.191405
-0.124161
-0.209507
-0.092243
0.326151
0.036320
-0.256715
-0.261520
0.066598
0.037449
-0.100176
0.335226
0.022681
0.473885
0.296297
0.272251
-0.254094
-0.162293
0.163198
0.069505
-0.281958
0.717986
0.310847
-0.156228
0.126302
-0.182649
-0.527267
-0.271650
-0.145798
0.190443
-0.269382
0.283524
0.074795
0.001388
-0.092910
-0.070235
0.003832
0.193408
0.007615
-0.152349
-0.173342
0.143144
-0.163331
-0.021593
0.438739
0.072247
0.007676
-0.206695
-0.041290
-0.136808
0.482646
-0.111769
-0.093727
-0.015594
-0.125833
-0.007095
0.249990
0.129992
0.368391
0.300970
0.601214
-0.045719
-0.212829
-0.059484
-0.233153
0.324009
0.117813
-0.141214
-0.079895
-0.118516
-0.016188
0.200877
0.206603
-0.136641
0.636463
0.255932
0.364002
0.068931
0.181426
0.367062
-0.019735
-0.126697
0.584885
0.190968
-0.184252
-0.022299
-0.246538
0.080887
-0.375489
-0.122143
-0.211626
0.036674
-0.000742
0.502571
-0.016137
0.518428
0.273075
0.280655
-0.200846
0.231195
-0.075414
0.224431
-0.235444
-0.043534
0.242470
-0.606722
-0.020470
-0.291606
-0.195107
0.314095
-0.028038
-0.111299
0.285381
0.126827
0.374939
-0.215622
0.065975
0.212991
-0.254099
0.119347
-0.128600
-0.005735
0.068446
-0.027753
-0.280636
0.461192
0.106705
-0.011052
0.326992
0.265700
0.238006
0.023160
0.109320
-0.041118
0.062491
-0.000478
-0.296745
-0.062825
-0.444768
0.386443
-0.110097
-0.443826
0.420526
0.222581
-0.633279
-0.158608
0.052456
0.206500
-0.128421
0.258386
0.331268
0.185358
-0.035037
-0.406255
0.146433
0.243105
-0.036591
-0.051060
-0.038908
0.163685
-0.149987
-0.274862
0.111899
-0.158952
-0.019548
-0.743535
-0.175616
-0.001433
-0.259889
0.405411
0.352128
0.179544
0.133608
-0.198758
-0.112610
0.261783
-0.435257
-0.050022
-0.281614
-0.127299
0.015447
0.109940
0.186754
-0.120739
-0.128277
-0.067976
0.260096
0.219175
0.285936
-0.349725
-0.520017
0.255345
-0.092681
0.503182
-0.064266
-0.009563
-0.040876
-0.057463
-0.073067
0.003114
0.231600
0.241601
-0.364354
-0.149456
-0.186441
-0.179305
-0.148999
-0.134221
0.323686
-0.496658
-0.369715
0.328211
-0.002625
-0.277644
0.012902
-0.135693
-0.121122
-0.269240
0.317734
0.050931
0.075632
-0.177436
0.231955
0.061503
-0.063472
-0.078108
0.390356
-0.130717
0.166672
0.093010
-0.050564
0.037806
-0.068297
0.278356
-0.220972
0.116771
0.082442
-0.353257
0.079114
0.201644
0.477862
0.006391
0.053106
-0.531380
0.101402
-0.111718
-0.102764
0.239728
0.122396
-0.179725
-0.020908
-0.131603
-0.348846
-0.036085
0.029544
0.165834
-0.440990
-0.079948
0.104180
0.394485
-0.232277
0.143820
-0.164300
0.056499
-0.161628
-0.523154
-0.252314
0.213891
0.240483
0.613270
0.198598
-0.091174
-0.029835
0.363137
-0.155155
-0.266137
-0.279035
0.346760
0.139347
-0.183905
-0.306634
-0.278281
0.296727
-0.023036
0.155786
0.355335
-0.125872
-0.140257
-0.534470
0.129539
-0.090988
0.453719
0.126601
-0.095678
-0.018093
0.310507
0.295624
-0.137629
0.305592
-0.637081
-0.298839
-0.462105
0.509594
-0.165543
0.038399
-0.006913
0.139725
0.045237
-0.078889
-0.066402
0.388684
-0.276352
0.089976
-0.051897
0.155480
0.161011
0.287777
-0.117951
0.081625
0.122841
0.071690
-0.253452
0.540440
0.067650
-0.132790
0.089486
-0.333292
-0.208081
0.152432
0.124142
0.108595
0.396905
0.534926
0.014512
0.307667
0.130267
0.200076
0.030934
0.087841
0.381497
0.004905
-0.002861
0.197008
-0.147454
0.257935
0.376293
-0.019162
0.038865
0.110753
-0.011825
0.204206
-0.054403
0.222534
0.202975
0.195911
0.033312
0.200843
0.083576
-0.383386
-0.294121
-0.219940
-0.305266
-0.061327
0.052774
0.194410
-0.252624
-0.205868
-0.250994
0.042457
-0.052856
0.002273
0.216378
0.058243
0.141704
-0.078180
0.138813
-0.674241
-0.261348
-0.086822
0.466440
-0.092292
0.080467
-0.114352
-0.167815
0.395437
0.405647
0.088573
0.083468
0.054820
-0.051370
0.341869
0.086501
-0.083756
-0.140916
-0.061602
0.061412
-0.040805
-0.221643
0.297628
0.070327
-0.151101
-0.029942
-0.318883
0.097116
0.228518
-0.139578
-0.187044
-0.165980
-0.220231
-0.143774
-0.173069
-0.203932
-0.220763
0.066520
0.275399
0.212734
0.035447
0.081752
-0.051522
0.158587
-0.197649
-0.466521
-0.045871
0.033821
-0.141884
-0.379327
-0.219423
0.287522
0.203233
-0.082070
0.150342
-0.445235
0.160312
0.306140
0.015423
-0.086201
-0.059281
-0.255918
0.067408
-0.029929
-0.054339
-0.008371
0.390313
0.448091
0.358088
-0.183853
-0.521317
0.413795
-0.177215
-0.151463
-0.341605
0.182503
0.379317
0.292622
0.046504
0.144305
-0.059048
-0.125525
-0.262211
0.030112
-0.163251
0.460246
-0.248801
-0.332241
-0.180076
0.142319
0.448611
-0.205457
0.087319
0.148039
-0.037345
0.139369
0.454910
0.080408
-0.017870
-0.148116
-0.231078
-0.219923
0.110495
-0.271347
0.097367
0.234744
-0.164120
0.321479
0.125288
0.272143
-0.105056
0.094394
0.088687
0.217459
-0.306108
0.100405
-0.063460
-0.156124
-0.012116
-0.673519
-0.088556
0.586688
0.164265
-0.363270
-0.229430
0.063968
-0.358851
-0.110004
-0.005438
-0.007677
-0.022580
-0.190982
0.087448
0.068491
0.118271
0.253834
0.354203
-0.165864
-0.515115
-0.326079
-0.079118
0.054308
-0.063347
-0.207268
-0.442362
-0.240874
0.044854
-0.143275
0.279754
0.211513
-0.052563
-0.309735
0.095865
0.190641
-0.155187
-0.117485
0.020662
-0.061784
0.049195
0.084194
0.123462
-0.401273
0.174802
0.088728
0.164531
-0.239843
0.134033
-0.085115
-0.053206
0.348636
0.390072
-0.308057
-0.317022
-0.149386
0.088145
-0.188087
-0.199859
0.101737
-0.299932
0.163005
-0.407330
-0.276500
0.008362
0.070365
-0.192267
-0.236129
0.046633
0.349522
-0.161680
-0.023495
-0.095383
-0.035176
0.210150
-0.227880
0.205302
0.328254
0.168982
0.065702
-0.122558
-0.176612
0.039915
0.049452
0.134949
-0.053398
0.116290
-0.044530
-0.210810
-0.275257
-0.153509
0.221348
0.101050
0.039461
0.094360
-0.620643
0.059864
0.021947
0.011887
-0.077603
-0.166292
-0.031579
-0.326851
-0.307876
0.092212
0.212772
-0.378488
0.011802
-0.106027
0.392987
-0.161886
-0.088434
-0.166967
-0.115382
0.157305
0.006807
0.249555
0.350006
0.125053
-0.311382
0.669004
-0.123695
-0.323163
0.022267
0.178210
0.416391
-0.318031
0.096742
-0.376537
0.689673
0.105549
0.344596
0.171678
-0.123222
-0.205920
-0.091760
-0.166750
-0.202328
0.005035
0.143806
-0.004502
0.298379
0.203910
-0.145809
0.149666
-0.004275
0.280899
-0.031643
-0.333807
0.153187
-0.116925
-0.359848
0.183542
0.056179
0.308784
-0.180632
-0.120411
-0.186829
0.275802
0.106695
0.187601
0.450012
0.060583
-0.150364
-0.345934
0.194299
0.317089
-0.310004
0.001630
0.008834
0.046998
-0.060272
0.514461
-0.175164
-0.577489
0.323769
-0.542798
0.131198
0.142009
0.122232
0.282917
-0.005121
0.045172
-0.157428
-0.123349
0.068413
-0.412187
0.119920
-0.287955
0.030592
-0.140255
0.121701
0.467638
0.119773
-0.004730
0.118577
-0.021815
-0.079034
0.036100
0.088677
0.163504
-0.112525
-0.090237
-0.017228
0.362032
0.312268
0.170103
-0.014946
-0.277124
0.371247
-0.102118
-0.122144
-0.145324
0.059483
0.026935
-0.140396
0.048356
-0.176139
0.465572
0.122506
-0.012227
-0.249160
-0.236470
-0.005196
0.272978
-0.221927
0.253470
0.697310
0.139155
0.230243
-0.167734
0.261797
-0.082223
0.042263
-0.440265
-0.287560
0.189248
-0.163323
-0.182765
-0.061325
0.336427
-0.081978
-0.188871
-0.041162
0.224845
0.257589
-0.147565
0.345895
0.143932
0.141453
-0.232812
-0.494096
-0.271314
0.418649
-0.161901
-0.490460
-0.448365
-0.200730
0.278007
-0.018962
-0.033249
0.381082
0.421422
0.044971
-0.076410
0.159465
-0.230937
0.217792
0.039092
-0.073969
-0.363219
-0.358748
0.459656
-0.137307
-0.291127
-0.048865
0.526451
0.037915
-0.027674
0.160730
-0.064179
-0.255152
-0.155411
0.146073
-0.065447
-0.302682
-0.110146
-0.215576
0.045807
0.424625
-0.010952
0.505867
0.306920
0.081404
-0.304325
-0.520753
0.029712
0.504920
-0.327252
-0.236058
-0.418702
-0.141697
-0.093031
0.145893
0.103698
-0.050649
-0.482240
-0.361475
-0.017500
0.163447
-0.106789
0.061015
-0.242529
0.202750
0.017615
0.234771
0.060398
-0.267166
0.414852
0.219472
-0.092812
-0.215279
-0.139951
-0.042338
-0.031503
0.288954
-0.083401
-0.011440
-0.001661
0.045688
0.191855
-0.134987
0.137026
0.446605
0.117215
-0.086870
-0.133569
0.431004
0.061731
0.350600
-0.132742
-0.262148
-0.389878
-0.066354
0.335485
-0.202019
0.123460
-0.360797
-0.234319
0.338467
0.374103
-0.183238
0.202088
0.313376
0.583081
0.246664
0.138335
0.007860
-0.165791
0.541352
-0.241919
-0.361358
-0.216637
0.048520
0.286844
-0.037161
0.145797
-0.170814
0.152788
0.447563
-0.037032
-0.259056
-0.241132
0.058194
-0.027502
0.065772
-0.108209
-0.043126
-0.135968
0.229800
-0.280423
-0.148226
-0.060882
-0.361041
-0.148808
0.035147
-0.542289
0.524540
-0.117050
0.134502
-0.244895
0.122646
-0.132910
-0.284634
-0.107989
0.194091
-0.012203
-0.092493
-0.143766
0.358522
-0.144941
0.189216
-0.295532
-0.441838
0.257316
-0.299423
-0.190548
0.024082
0.094749
-0.232105
-0.047872
-0.233506
0.024563
-0.088001
-0.334218
0.104905
-0.078220
0.194857
-0.072678
-0.320890
0.143317
0.339127
0.333999
-0.431283
-0.070998
0.051937
0.256316
0.156143
0.085893
-0.142747
-0.227128
0.223627
0.294776
0.136202
-0.048493
0.250833
0.062003
-0.040546
0.136647
-0.072601
-0.329945
-0.117281
0.230789
0.331181
-0.207104
-0.049548
0.121846
-0.175244
0.243500
0.371498
-0.127789
-0.025923
-0.011814
-0.257474
-0.038798
0.090364
-0.421011
-0.006277
0.112118
-0.286292
0.049284
0.085323
0.671968
0.120010
-0.295993
-0.226282
0.160477
-0.015247
-0.380009
0.189526
0.206828
0.038114
-0.255151
0.316851
-0.271968
-0.024000
-0.483362
0.329134
-0.228898
0.281454
-0.168455
0.167024
0.096469
0.251086
-0.242711
0.096555
0.108899
-0.169779
0.134691
0.233229
0.238112
-0.067979
-0.197091
-0.264538
-0.057693
-0.034391
0.004153
0.017384
-0.296391
-0.231575
-0.403284
-0.089934
0.205688
-0.381396
0.275590
0.104111
-0.113802
-0.246970
-0.064652
-0.246468
0.134651
0.418754
-0.020797
-0.019578
-0.123963
-0.518708
0.371104
-0.054627
0.296283
-0.042894
0.548703
0.123365
0.101086
0.181346
-0.012903
-0.259945
0.018907
-0.066004
0.371531
-0.049686
-0.432981
-0.118588
0.149700
0.140356
-0.012624
-0.252480
-0.001973
0.206033
0.164587
0.034191
-0.063737
0.225905
0.122348
0.261289
0.334706
0.185230
-0.026170
0.069735
-0.263929
0.008516
-0.252051
-0.346554
-0.083375
-0.006574
0.132029
-0.189003
0.191584
-0.427484
-0.251068
0.045778
0.221499
0.395540
-0.186146
0.058869
0.292019
-0.274784
0.466597
-0.145369
0.075280
0.032126
-0.101596
-0.185612
0.017932
0.393243
-0.003486
0.053114
-0.192152
0.037095
-0.126318
-0.592722
0.204045
-0.114149
0.408884
-0.115470
-0.232371
-0.094860
-0.122116
0.116462
0.216026
-0.154082
0.022216
-0.027389
-0.203596
0.298184
-0.143271
-0.145092
-0.501255
-0.263294
-0.257593
-0.097136
0.151582
-0.290336
0.029905
-0.037999
0.002610
-0.265822
0.074396
-0.329469
0.162183
0.018853
0.434992
0.428568
-0.099683
0.307669
-0.028611
-0.307641
-0.093608
-0.289117
-0.219280
0.072435
0.367549
0.132839
0.146276
0.388342
0.003469
0.384047
-0.043525
0.105831
0.148268
-0.279894
-0.137485
-0.257204
-0.283605
0.027351
0.356086
0.210874
-0.224627
0.100431
0.060649
0.070131
0.199473
-0.164194
-0.111884
-0.380778
-0.326662
0.371127
0.233117
0.083526
-0.156624
-0.060577
0.021990
0.026548
0.276815
-0.418807
0.402085
-0.402276
-0.294349
0.203599
0.013265
0.343885
0.027760
0.041360
0.182570
-0.310047
0.023223
0.054570
-0.144579
-0.129103
0.332109
-0.048153
0.257936
-0.124814
-0.378539
0.098932
0.095244
-0.016833
0.136814
-0.311548
-0.013659
0.418157
0.181987
-0.088640
-0.017553
0.339040
0.418020
0.212594
-0.226905
0.222929
-0.300993
0.141591
0.270748
0.122213
0.064460
0.006748
0.045746
-0.088593
0.254160
0.098955
-0.077121
0.100273
0.201042
0.243374
0.340294
0.041100
0.443360
-0.243702
-0.093163
-0.046565
0.145924
0.331805
0.121492
0.144642
-0.213137
0.129187
-0.229112
0.040265
-0.000719
-0.007069
-0.247052
0.011715
-0.043512
-0.388689
0.206961
-0.232180
-0.244215
-0.099400
0.047651
0.028981
0.237064
0.070448
-0.062391
-0.338354
0.266413
-0.090981
-0.275022
0.095208
-0.054215
-0.062141
0.345419
-0.236668
-0.211256
-0.131973
0.083739
0.121832
0.214185
0.167569
-0.145371
0.146138
0.161123
0.178116
0.149059
0.006883
-0.113421
0.142638
0.262085
-0.422691
0.329050
-0.367003
0.279382
-0.204420
0.422116
-0.309571
-0.007290
-0.195406
-0.019691
0.216949
-0.183523
-0.146905
-0.231178
-0.352670
0.292569
-0.352359
0.383286
-0.299180
0.089405
-0.184714
0.496538
0.073938
-0.344883
0.221118
-0.061070
-0.077306
-0.352140
0.303806
-0.257252
0.005803
-0.221869
-0.103204
-0.009281
-0.058816
-0.057574
0.193894
-0.021174
-0.042289
-0.085137
0.057920
-0.061319
-0.143414
-0.133766
0.368909
-0.138347
-0.137575
0.016091
-0.398670
0.165836
0.226388
0.603905
-0.359098
-0.691027
-0.414249
-0.230440
0.113008
0.206141
-0.303426
-0.363311
0.121756
0.156848
-0.281743
-0.077702
0.033377
-0.339935
0.067105
0.060915
0.234183
-0.503531
0.133503
0.117880
-0.110293
0.296600
-0.015506
0.287254
-0.192986
0.017381
0.077210
-0.257665
0.366181
-0.079780
-0.149723
0.122151
0.132986
0.346502
-0.215901
-0.546408
-0.058204
-0.105494
-0.077525
0.525701
0.069818
-0.039350
-0.295674
0.254401
-0.508462
-0.222088
0.323663
0.196935
-0.498388
-0.292517
-0.005786
-0.049883
-0.233218
0.226899
0.106483
0.197234
0.532083
-0.066937
-0.070348
-0.255261
-0.203598
-0.061935
0.215322
0.299076
-0.163792
0.180112
0.056019
0.344056
0.016325
-0.067470
-0.166425
-0.136122
-0.332434
-0.280975
-0.089722
-0.119404
-0.339467
0.374897
-0.126151
0.078393
-0.259814
0.079163
0.099490
0.117814
0.010227
-0.327148
-0.057239
0.051938
-0.033479
0.072897
0.170210
-0.348258
-0.152428
0.467180
-0.288011
0.159254
-0.047951
-0.165787
0.176770
0.323676
0.163761
0.145232
-0.250810
-0.298519
-0.007091
-0.343552
-0.309873
0.049850
0.370103
0.071349
0.143523
0.061028
0.000435
-0.135480
0.112888
0.094041
0.173054
-0.470026
0.474994
0.205334
0.321614
0.185474
0.343967
0.269453
0.325812
-0.082749
-0.010961
-0.164192
0.168180
0.082009
0.325829
-0.038494
-0.006300
-0.239357
0.076843
0.002342
-0.231637
0.173690
0.003805
0.455131
0.135068
-0.312428
-0.188162
-0.279442
0.177513
0.046870
-0.002989
0.063160
-0.082517
0.248894
-0.206876
-0.451366
-0.115744
-0.104152
-0.121355
0.222855
0.036679
-0.139962
0.066369
-0.017507
0.044266
-0.152404
0.102654
0.267807
-0.106970
-0.033080
-0.194004
0.253116
-0.161876
-0.313020
0.250386
0.072559
0.084982
-0.050056
0.163619
-0.412205
-0.019132
0.252392
-0.180239
0.023902
0.186274
-0.035928
0.238578
0.043901
0.153217
0.027058
-0.067348
-0.145700
0.135911
-0.228214
-0.098919
-0.389206
-0.005758
-0.180731
0.000131
0.043201
0.009043
-0.118747
-0.135347
0.113946
-0.064057
-0.163516
0.366890
0.129179
0.273942
-0.081234
0.296026
0.023394
-0.050731
-0.135203
0.346249
0.097944
0.216069
0.326487
-0.295014
-0.005747
-0.269740
0.158379
0.192449
0.296645
0.114655
-0.206597
0.093519
-0.148318
0.030586
0.022524
0.039334
0.299575
0.138304
-0.165703
-0.196828
0.362906
-0.441767
-0.244924
0.195434
-0.202884
0.079828
0.199198
-0.267897
-0.154579
0.170243
-0.009452
0.041792
0.241865
-0.082755
0.226565
0.016641
0.055138
-0.177687
0.252523
0.029439
0.124077
-0.115350
0.247907
-0.257760
0.013377
0.048504
-0.076406
-0.458294
-0.081285
-0.214288
0.042039
0.030261
-0.557539
0.431084
-0.371593
0.046046
0.272723
-0.266717
0.274279
0.151933
-0.127467
-0.376515
-0.143198
-0.104445
0.312876
-0.488392
-0.330702
0.065854
0.052320
-0.667629
0.384299
0.236535
-0.170680
0.019070
-0.003756
-0.326496
0.536198
0.012574
-0.202032
-0.030318
0.318024
0.716420
0.192414
-0.367523
-0.055670
-0.063155
0.104361
-0.369654
0.262600
-0.406242
-0.198962
0.360006
0.580193
-0.481199
-0.383638
-0.186725
-0.249455
0.110486
-0.032918
-0.065099
-0.033097
-0.004649
0.109771
-0.321963
-0.048055
-0.111672
-0.058518
-0.066330
0.084764
0.193162
-0.085242
-0.058299
-0.060878
-0.165930
0.172364
0.484227
0.382072
-0.119923
-0.692758
0.190809
-0.075567
-0.155870
-0.425684
0.522173
-0.081697
0.000448
-0.109452
-0.151050
-0.347866
0.009128
0.021442
0.409384
0.076707
-0.268010
0.210169
0.230545
-0.131792
0.409479
-0.138595
0.118424
0.479962
-0.051257
0.118597
-0.004701
-0.185109
-0.162724
-0.190771
0.128989
-0.078302
0.534890
0.378246
-0.133464
-0.067552
-0.161974
0.510378
-0.353980
0.281632
0.004298
-0.020436
0.186315
0.095210
-0.328287
0.245917
0.016474
-0.098638
0.299654
-0.299927
0.430633
-0.038407
0.161466
0.304440
0.055228
-0.009242
0.038283
0.038174
0.058897
0.295948
-0.007217
-0.054772
-0.058226
-0.148036
-0.323452
-0.117520
-0.107060
-0.046341
-0.120694
-0.372390
0.114322
-0.516050
0.063485
0.125088
-0.244249
0.003224
-0.308154
0.103167
-0.125304
-0.178583
-0.116909
0.192583
-0.197976
0.435938
0.438329
-0.052400
0.023108
-0.490163
0.016477
-0.082103
-0.050007
0.021650
0.206737
-0.031253
-0.099107
0.115442
0.390677
0.331095
0.356803
-0.039802
-0.031358
0.137656
-0.043274
-0.052447
0.184964
0.281110
0.032221
-0.104262
-0.408118
-0.117790
-0.051825
0.339145
0.249074
0.112331
0.293436
-0.102983
0.046927
-0.300899
0.401454
0.115516
0.051504
-0.166110
0.099594
0.281542
0.146974
0.157536
0.299006
0.197176
0.261764
0.550171
0.189324
-0.357815
0.496561
-0.052262
-0.347967
0.307283
0.226996
0.072964
-0.027424
-0.047431
-0.294776
0.521278
0.151037
-0.085805
-0.009675
-0.084929
-0.069557
0.173405
0.406525
0.469964
-0.006975
0.222443
0.063778
-0.050017
0.182493
-0.087016
0.197350
0.087895
0.043596
0.224471
0.123632
-0.209011
0.118463
-0.075825
-0.073676
0.264306
-0.325451
0.299289
0.506733
0.353520
-0.062549
0.084988
0.226122
-0.227540
-0.355916
0.263530
0.046756
0.113198
-0.100499
0.066435
-0.312570
-0.190713
0.193560
0.416853
0.059124
-0.021156
0.245494
0.438020
-0.060294
0.337278
-0.360441
0.328933
0.138002
0.529241
0.319923
-0.100115
0.071957
-0.215514
-0.198542
-0.443371
0.280779
0.495378
-0.054577
0.027163
0.345440
-0.194368
-0.000451
0.309563
-0.174218
-0.026156
0.208774
0.022278
0.152068
0.381824
-0.180770
-0.088902
0.075692
-0.171686
0.147051
0.149008
0.225970
0.001282
0.204911
0.088880
0.303141
0.212601
-0.027851
0.598037
0.387561
-0.417604
0.137499
-0.015645
-0.204993
-0.269439
0.366610
0.405124
-0.221248
-0.085716
0.451877
-0.111682
0.251357
0.183307
-0.127066
-0.083730
-0.049627
-0.028257
0.346041
0.299574
-0.157123
-0.549840
0.078329
0.015233
-0.037313
-0.015268
0.274457
-0.497580
0.497352
-0.312211
0.016196
0.139360
-0.289668
0.242869
0.099300
-0.106672
0.317093
0.129592
-0.394737
0.167224
0.152649
0.189921
0.310988
0.080717
0.160791
0.596787
-0.117942
-0.230512
-0.033623
-0.207719
0.094410
-0.197584
-0.246188
-0.142140
0.285599
-0.183591
0.372018
-0.228877
-0.003393
0.171697
-0.538934
-0.134266
0.263397
-0.185055
-0.354537
0.256547
-0.015884
0.433628
-0.190397
0.384408
0.011712
0.137792
-0.119509
0.160735
0.363631
0.079660
-0.338903
-0.223059
0.252155
0.390605
-0.025269
-0.005626
-0.308457
-0.011259
-0.057760
0.181258
-0.075830
-0.109730
-0.137983
0.480774
0.270374
0.003328
-0.112510
-0.201260
-0.191514
-0.042495
-0.212685
-0.137042
-0.295833
-0.132235
-0.259771
-0.085429
0.094416
0.290308
0.114103
-0.012523
-0.019425
0.308177
0.081336
0.228923
0.022131
0.329685
0.093006
-0.087800
0.023470
0.228398
0.069790
-0.059722
-0.239882
0.209687
-0.161249
0.004177
-0.263874
0.171686
0.411394
-0.011250
-0.197496
0.033912
-0.160674
-0.159121
-0.046334
-0.030695
-0.539090
-0.467687
-0.267067
-0.089112
-0.354307
-0.111210
-0.544161
0.123925
0.755001
-0.404501
0.241131
0.524783
0.187515
-0.118008
-0.154111
0.350867
-0.368295
0.081883
0.054871
0.284999
0.142956
-0.033038
-0.236055
-0.009611
0.158561
0.402293
0.402371
0.122638
0.349113
-0.193227
-0.268253
0.162620
-0.432913
0.247714
0.596250
-0.537204
-0.229027
-0.035428
-0.314776
-0.255876
-0.087036
0.348620
0.218831
0.197592
0.360777
0.131010
-0.273629
-0.456966
0.225678
-0.107087
-0.169524
-0.251598
0.291034
-0.031158
0.243131
0.345256
0.239143
0.171071
-0.305088
0.275948
-0.238584
0.366794
-0.119539
-0.261052
-0.031062
-0.301187
0.036099
0.153718
0.521217
0.156859
0.172802
-0.205981
-0.110917
0.073119
0.211873
-0.152950
0.019674
0.018959
-0.006396
-0.352915
-0.042683
0.013215
0.168941
0.200587
0.083714
0.326842
0.453876
-0.552216
-0.196181
0.187828
-0.287413
0.134290
0.237734
-0.070477
0.018473
0.213152
-0.044975
0.467802
-0.049115
0.382001
0.178131
0.060612
-0.072246
0.314984
-0.054580
0.172117
0.082260
0.412021
-0.081237
-0.156139
-0.468468
-0.155582
-0.397426
0.079448
0.171815
0.251291
0.210717
0.197906
0.372432
0.157462
-0.155561
-0.058411
-0.035019
-0.151829
-0.058530
-0.093948
0.069965
0.317507
-0.128129
0.162410
0.402807
0.212013
-0.249778
0.160886
0.152129
0.088000
0.020877
0.252295
0.280550
0.117552
-0.063304
-0.027717
0.134547
-0.138007
-0.222208
-0.075224
-0.009485
0.284424
0.048041
0.092134
-0.182157
0.159814
0.088178
0.111072
0.242867
0.057218
-0.269124
-0.338120
-0.523201
0.098854
0.385620
0.334987
-0.354691
-0.197102
0.078117
-0.482388
0.057861
-0.164449
0.198400
0.002675
-0.245662
-0.174107
0.040301
-0.109157
-0.546847
0.090145
0.153170
-0.019400
-0.178591
0.520052
0.318203
-0.225833
0.083790
0.262900
-0.053596
-0.088421
0.010630
0.049398
0.265213
-0.498763
0.049832
0.604494
0.224808
-0.058414
0.136556
0.086798
-0.140058
-0.002209
-0.074650
-0.070031
-0.207184
-0.107894
-0.214332
-0.477408
0.292025
-0.160704
0.093802
0.277015
0.025946
-0.029223
-0.167555
-0.164375
-0.092911
0.119518
-0.266736
0.052564
-0.104622
-0.172036
0.000533
-0.268411
-0.174754
0.050201
-0.253596
0.112604
0.332014
0.188846
-0.108574
0.090736
0.140004
0.353568
-0.254978
0.245832
0.382724
0.235633
-0.203452
-0.121526
-0.345471
0.104524
0.040640
0.269336
-0.448803
-0.048589
0.390065
0.216698
0.415378
0.036061
0.599995
-0.192184
-0.202966
0.157786
0.122392
0.225379
-0.391244
0.164331
0.179617
-0.137097
0.419104
-0.267682
-0.018792
-0.070402
0.137417
-0.009537
-0.134404
-0.218481
-0.188550
-0.113888
0.015973
-0.274375
-0.057558
0.055126
0.154493
-0.408981
-0.300718
-0.011096
0.007792
-0.062235
0.066787
-0.197706
-0.176718
-0.210338
-0.266288
0.195881
0.145279
-0.121397
-0.455907
0.253862
-0.216261
0.130687
0.149603
-0.292486
-0.010352
0.188052
-0.319572
0.136473
-0.041098
-0.241277
-0.003830
-0.307207
0.179149
0.129975
0.420041
-0.131794
-0.087046
-0.141893
0.029007
-0.104281
0.230130
-0.025461
-0.344839
0.228903
0.159063
0.278774
0.263741
0.088474
-0.127484
-0.162537
0.255503
0.032227
0.107014
0.094777
-0.025935
-0.146844
0.226565
-0.267705
0.286203
0.103152
0.077649
0.389295
-0.181961
-0.382130
-0.326402
0.080328
-0.170217
-0.176951
0.032609
-0.370625
0.299264
0.494528
-0.186568
-0.334543
0.163653
-0.389742
-0.266972
0.044912
-0.503957
-0.324340
-0.185585
-0.336856
-0.084757
-0.055822
0.115853
-0.663543
-0.299594
0.245525
-0.051640
-0.091672
-0.061454
-0.399962
0.275985
0.184273
-0.162195
-0.523683
0.121555
-0.163469
-0.316052
0.269345
-0.068776
-0.311299
0.077321
-0.287173
-0.077206
-0.062608
-0.165798
0.243440
-0.024520
-0.156407
0.360109
-0.089554
0.225870
0.055337
0.195693
-0.222345
-0.060102
0.317934
0.268913
0.305724
0.360455
0.178007
0.045356
-0.065825
0.002864
0.639951
0.269654
0.147263
0.117149
0.324493
0.105959
-0.169068
0.746771
0.088624
0.512209
0.055533
0.255889
0.094230
0.150879
-0.058396
0.078069
0.142766
0.421836
0.106879
-0.293587
0.512991
-0.024934
-0.051682
0.046638
-0.523183
0.268844
-0.012573
0.077094
-0.177437
0.365393
-0.022629
0.099054
0.142961
0.033359
0.551470
-0.022442
-0.044413
0.008450
0.005333
-0.375809
0.075801
-0.144511
0.349075
-0.388161
0.429687
0.005430
0.190379
-0.123686
-0.046087
-0.131793
0.458093
0.037515
0.155802
-0.106232
-0.547871
-0.425412
-0.146422
-0.053007
-0.135817
-0.413959
-0.325348
0.058636
-0.208415
0.281732
0.234758
0.188773
0.077977
0.035252
-0.354402
0.349500
0.030138
0.532000
-0.370314
0.369552
0.380977
-0.397434
0.014347
-0.485745
-0.293183
0.324869
-0.347364
0.181432
-0.055890
0.145368
0.328460
0.019775
-0.026791
-0.034525
0.499534
0.062500
0.160259
0.316784
-0.088782
0.549403
0.342469
0.412327
-0.203746
-0.529321
-0.158906
-0.331157
-0.174254
-0.413660
-0.370676
-0.070399
0.014402
-0.081105
-0.145454
0.437763
-0.094094
-0.419914
-0.067143
-0.090099
0.136012
0.300071
0.030696
-0.564748
0.089490
-0.007799
0.546001
-0.092021
0.202957
-0.089710
0.051710
0.167285
0.108694
-0.442878
0.068706
0.201620
0.025518
-0.046205
-0.079886
-0.154902
-0.136809
-0.106076
-0.371382
-0.066362
0.135727
-0.158275
-0.145923
0.011274
0.282326
-0.132882
0.256750
0.213301
0.282178
-0.111211
-0.172045
0.282669
0.007305
-0.044964
0.154948
0.047024
0.118153
0.164512
-0.301651
0.045625
-0.033268
-0.159685
-0.311985
0.179519
-0.006516
-0.240515
-0.165167
-0.362761
0.154681
0.097181
0.110471
-0.171793
0.511850
-0.003922
-0.076568
0.050476
0.426775
-0.003766
0.123614
0.063093
0.216790
0.374411
-0.227420
-0.156669
-0.342946
0.044050
-0.358290
-0.192003
0.023853
0.270073
-0.358868
-0.238938
0.098531
0.328309
0.420171
0.040613
0.073799
-0.570616
0.162186
0.289191
0.159242
0.302594
0.113782
-0.008940
0.020887
-0.014416
0.009752
-0.028092
-0.153918
-0.118283
-0.026135
0.013163
-0.264368
-0.030179
-0.026102
0.039276
-0.273279
-0.053416
-0.256566
-0.288558
0.642984
-0.020550
-0.388950
0.280121
-0.225638
-0.147871
-0.019516
-0.076067
-0.062168
0.296754
0.415219
-0.131317
0.003195
-0.212181
-0.196797
-0.526489
-0.011102
-0.108010
-0.107796
-0.142302
-0.371975
0.259413
-0.048652
0.250699
-0.273459
0.020857
0.362262
0.350634
0.187880
0.346386
0.165862
0.210782
0.460181
0.125074
0.389855
-0.235954
-0.017945
-0.237258
0.234491
0.396276
0.109049
0.175144
-0.250713
-0.274611
0.009097
0.249519
-0.284818
0.296874
-0.205118
-0.336616
0.140465
0.336961
-0.074177
0.100553
-0.141120
-0.209699
-0.212701
-0.185290
0.087405
-0.195086
0.004291
0.266863
0.026272
-0.412476
0.111505
0.047215
-0.300301
0.319689
-0.278120
0.167659
0.091374
0.384684
0.169388
0.088464
0.011723
-0.428574
-0.115288
-0.005717
0.096047
0.096406
-0.145543
0.280691
-0.130938
0.374461
-0.122039
-0.147341
-0.006415
0.232643
-0.528368
0.228887
-0.572431
0.099769
-0.075587
-0.092016
-0.460249
0.552719
-0.024283
0.270720
-0.107601
0.102400
0.217847
0.042889
-0.004989
0.326262
0.157833
0.158195
0.148202
-0.091238
0.271444
-0.256648
0.240120
-0.001945
0.247236
-0.060632
0.398264
-0.030143
-0.372650
0.004216
-0.382213
0.150331
0.165264
0.197719
-0.268008
0.119518
0.084275
-0.389145
-0.215537
0.022170
0.315233
-0.185084
0.125254
-0.026310
-0.251452
-0.394934
-0.211268
0.515481
0.221546
-0.094077
0.348309
0.059523
0.187445
-0.172676
-0.314870
-0.008912
0.249813
-0.337827
0.166283
0.167237
-0.213488
0.264392
-0.248944
0.266594
0.005240
0.048879
-0.012721
-0.119275
0.039828
-0.059091
-0.186182
0.250839
-0.071589
-0.246354
-0.149411
-0.213071
-0.050578
-0.106648
-0.557387
-0.138159
0.217351
-0.280095
-0.159044
-0.121351
-0.274823
0.038695
-0.023783
0.235803
-0.073269
-0.212301
-0.157829
0.053867
0.266579
-0.481112
0.459852
0.405262
0.052466
-0.091216
0.096062
0.231194
-0.159006
-0.135095
0.730175
0.536649
-0.023777
0.188725
-0.368595
-0.260456
-0.256371
0.061934
0.023069
-0.255743
0.098103
0.043331
-0.403620
0.114194
0.273531
0.272811
0.006795
-0.352762
0.013981
0.207285
-0.024643
-0.188100
-0.158469
0.030986
-0.422250
-0.273960
0.129387
0.525479
0.079303
-0.273687
0.240888
-0.105426
0.397250
0.440189
0.249956
-0.343270
0.078743
0.215661
0.115533
-0.104538
0.132661
0.088949
-0.313221
0.214746
0.055977
-0.442746
0.177646
-0.040202
0.305287
-0.518709
-0.163311
-0.232188
-0.059136
-0.091967
-0.065511
0.222357
0.073812
0.121419
0.076470
0.118961
0.088093
0.167279
0.035246
0.110985
0.375221
0.064714
0.145018
0.343638
0.459974
0.206513
-0.011098
-0.285546
-0.075279
-0.228215
-0.022869
0.188216
-0.201394
-0.188997
-0.348164
-0.018249
-0.189453
-0.146284
0.320048
-0.298154
0.532796
-0.198115
0.025801
0.125507
-0.089458
-0.121889
0.124683
-0.135464
-0.119237
0.120720
-0.553090
0.456228
-0.284263
0.132138
0.559185
0.249913
0.117360
-0.109354
-0.239697
0.039518
0.119134
0.189001
0.025607
-0.224616
0.087841
0.083850
0.050293
0.390129
-0.165797
0.335353
-0.043139
0.167066
-0.000439
0.224905
0.265689
0.306019
-0.068008
0.019042
0.224497
-0.147104
-0.208065
-0.038244
0.260160
-0.165611
-0.212105
0.021776
-0.240947
0.125890
-0.139014
-0.143654
-0.289920
-0.189106
0.032916
-0.058469
0.510709
0.044301
0.292554
-0.056824
-0.042757
0.110922
0.339648
0.386134
0.141131
-0.491354
-0.058613
0.088374
0.291441
-0.250686
-0.009971
0.085789
-0.484966
0.296089
-0.100905
-0.005621
0.436627
-0.079226
-0.042651
0.515275
0.182178
0.170029
0.295344
-0.171781
-0.397065
-0.177920
0.426596
0.155748
0.124096
0.383583
-0.028821
0.089881
0.102202
-0.075088
0.188647
-0.128064
0.118941
-0.209674
0.254660
0.528472
0.168597
0.081661
-0.583449
0.220769
0.077790
-0.281233
-0.061070
-0.037586
-0.110982
0.228648
-0.114751
0.579348
0.259979
0.087057
-0.376873
0.121013
-0.122172
-0.128015
0.078898
0.141903
-0.052307
-0.034486
0.082294
0.170155
0.286067
-0.021517
0.126346
0.048922
0.064212
0.011081
0.307481
-0.410232
0.085636
0.072528
0.094496
-0.216847
0.457831
0.276042
-0.453268
-0.067628
0.170441
-0.244110
0.019387
-0.073930
-0.336471
-0.005340
0.549032
0.191926
-0.241568
0.024376
-0.208606
-0.070213
-0.031979
-0.333035
-0.017705
0.121831
0.108164
-0.099931
0.211659
0.335498
0.070604
0.013442
0.284805
0.021999
-0.050212
-0.031335
0.079044
-0.011269
0.367421
-0.241610
0.558661
0.415116
-0.001359
0.410084
-0.101700
0.050937
0.334485
0.301968
0.064015
0.126372
0.005676
0.115183
0.023383
-0.238786
-0.085921
-0.395424
0.099179
0.139804
-0.292771
-0.261751
-0.379432
-0.282476
0.150764
0.201278
-0.307122
0.141597
0.041339
0.087179
-0.009387
0.061806
-0.132555
0.581397
0.305922
-0.347284
-0.110645
0.265648
-0.185068
0.504879
-0.075278
0.367331
-0.377405
0.105590
0.395162
0.024608
-0.028318
0.137821
-0.211095
0.138869
-0.209871
0.069375
0.569077
0.185169
0.187465
0.053752
0.083596
-0.122833
-0.052867
-0.034670
-0.007508
-0.043809
-0.190763
0.487170
-0.213503
-0.067226
-0.045179
0.372274
0.222168
0.306859
-0.019910
-0.434584
0.113828
0.095793
-0.326165
-0.060254
0.400802
-0.175690
0.302905
0.324063
-0.146611
-0.184106
0.088580
-0.401398
-0.074581
0.358352
-0.083301
0.029703
-0.152691
0.344254
0.143391
0.121646
-0.221588
0.084471
-0.403407
0.116152
-0.500550
-0.174070
0.133126
-0.212802
-0.201033
-0.224765
0.209055
0.298661
-0.117789
-0.202631
-0.073061
-0.218787
-0.126439
-0.113256
-0.031530
0.112553
0.102483
-0.034065
0.015582
-0.089307
0.063118
0.197307
0.187982
-0.000350
0.309951
0.072280
0.293424
0.068819
0.016082
-0.286338
-0.250457
-0.114381
-0.320123
-0.087707
0.229527
-0.355950
0.065787
-0.211194
0.370455
0.222815
0.087480
-0.127469
0.086805
0.186910
-0.137748
0.190988
0.409172
-0.114862
0.141719
-0.393363
-0.252974
0.144135
0.011917
0.126812
-0.202455
0.012643
-0.116563
-0.247667
0.131563
-0.059943
-0.237067
0.022726
0.220729
0.292436
0.605103
-0.255887
-0.059664
-0.145610
-0.099161
-0.085475
-0.205358
-0.033630
-0.096046
0.230862
0.203992
0.287732
-0.202498
-0.016894
-0.244539
0.241125
-0.010147
0.053256
0.317730
-0.475697
0.546542
-0.098732
0.183754
-0.044018
-0.246017
0.135860
-0.129582
0.026964
-0.117235
-0.142683
-0.004269
-0.320407
-0.243480
-0.022147
0.337102
-0.122875
0.136472
0.248545
0.081284
0.164088
0.345841
-0.160373
-0.398363
0.134161
0.152694
-0.342690
-0.430982
0.204269
-0.397462
0.481282
0.116144
0.315708
-0.199688
-0.043042
0.250222
-0.459474
0.063840
0.030478
-0.058457
0.106717
0.199471
0.409101
0.165091
-0.088992
-0.374844
0.167087
-0.088622
-0.054693
-0.008862
0.034454
-0.012949
0.335266
0.269939
0.071936
0.457690
0.050345
-0.030069
-0.447216
-0.151335
-0.027550
-0.081954
0.083214
-0.162819
0.020763
-0.006124
-0.098692
0.099265
0.205602
0.084451
0.506624
0.101493
-0.492178
-0.153427
-0.230491
-0.532654
0.603880
0.102142
-0.205803
0.115758
-0.233692
-0.000798
0.023144
-0.228048
0.422428
0.127253
0.071375
0.172232
-0.376552
0.171153
-0.343086
-0.380664
-0.007737
-0.242064
0.011522
0.226868
-0.113421
0.316037
0.280502
-0.090642
-0.321825
-0.023814
-0.105210
-0.037967
-0.199161
-0.262430
0.441099
0.266872
0.088783
-0.015579
0.117462
-0.024750
-0.068801
-0.105622
0.354776
-0.340414
-0.179080
-0.132444
0.074822
0.089103
-0.314750
0.305388
0.083085
-0.113245
-0.661176
-0.168864
-0.072135
0.025658
-0.076040
0.528760
0.047323
-0.140812
-0.294157
-0.154621
-0.085997
0.132122
-0.156593
-0.139377
-0.046214
0.220918
-0.030121
0.004209
0.073569
-0.078829
-0.398527
0.132014
-0.105910
-0.125347
0.151197
-0.189085
-0.004892
-0.253989
-0.080227
0.113425
-0.178108
-0.162240
-0.125924
-0.035941
0.160631
-0.061370
-0.034459
-0.066852
-0.039538
-0.163516
-0.019202
0.307556
0.020768
0.102604
-0.000423
0.061919
-0.262596
-0.034871
0.321097
-0.012916
0.279662
0.442058
0.169588
0.026093
-0.186787
-0.019521
-0.006729
0.389601
0.116665
-0.018697
-0.091146
0.031377
0.005516
-0.212854
-0.147064
0.210605
-0.292729
0.368264
0.292776
0.160001
-0.211357
-0.199180
-0.339329
0.343555
-0.710124
0.022361
-0.210114
-0.036517
0.006660
-0.107430
-0.089986
0.191304
0.045023
0.293442
-0.486229
0.245444
0.260594
0.264475
0.268218
-0.363130
0.272848
-0.336311
-0.333487
0.478471
-0.297550
-0.301427
0.162768
0.055685
-0.103838
0.131797
-0.233647
0.036867
-0.189371
0.007150
0.112012
-0.207054
-0.198385
0.248316
0.050028
-0.284329
0.375616
-0.329702
-0.167994
-0.003793
0.190673
-0.220381
0.045405
-0.317626
0.278129
-0.470685
-0.102667
-0.093023
0.146868
0.188983
-0.629859
-0.669509
0.184747
0.037727
-0.473885
0.103523
-0.130301
-0.085541
0.049295
-0.269198
-0.020242
0.047934
0.075744
0.007368
0.209922
0.164084
-0.573443
0.228012
-0.005857
0.033903
0.095435
0.341157
0.127273
0.165504
0.443431
-0.103801
-0.199390
-0.328358
-0.197383
-0.081480
-0.232848
0.024445
-0.066006
0.021191
0.511228
0.001147
0.292347
0.357841
-0.685289
-0.153039
-0.193566
0.399165
-0.049770
0.172644
-0.051541
0.326870
0.455851
0.091154
0.247302
-0.219429
-0.415250
0.443430
0.347858
0.069526
0.052014
0.026423
-0.295580
-0.024081
-0.426952
0.115634
-0.037315
0.195343
0.245712
0.043745
-0.048469
0.045876
-0.266112
-0.322152
-0.269249
-0.071092
-0.105102
0.046208
0.286797
0.108884
0.420632
0.372776
0.138074
0.028938
-0.307126
0.083808
0.530465
-0.176782
-0.170857
0.059607
-0.189136
0.167267
0.337090
0.076150
-0.058998
0.487627
-0.136577
0.184035
-0.027630
-0.140514
-0.346821
0.338674
0.181199
-0.094650
0.233705
0.127605
0.246208
-0.419360
-0.199371
-0.073837
0.169776
-0.000906
0.438246
-0.057079
-0.150867
-0.315801
0.363906
-0.014657
0.065835
0.332114
-0.127663
0.052417
0.009829
-0.136777
-0.136503
0.179245
-0.105074
0.098463
-0.140777
0.297391
0.009510
0.132838
-0.323832
-0.005441
-0.293713
0.110774
0.176247
-0.148113
-0.208276
-0.056690
0.200948
-0.038790
-0.516998
-0.119983
-0.342418
-0.085302
-0.397380
0.022539
0.226171
0.073476
-0.285831
0.138993
-0.497375
-0.140069
0.045440
0.374439
0.137796
-0.109853
-0.320782
-0.077534
-0.141061
0.500559
-0.108947
0.060958
0.003286
-0.080904
0.127999
-0.028763
-0.433333
0.071211
0.101006
0.239165
0.071952
-0.413718
-0.254934
0.031773
0.282320
0.024336
-0.021973
-0.401263
0.193507
0.039299
0.015284
-0.325865
-0.281229
0.387467
0.567791
0.192400
-0.446865
0.091353
0.193544
-0.503827
-0.385462
-0.176409
0.069916
-0.136239
0.456824
-0.008350
-0.215045
0.441348
0.329254
0.219853
0.078317
0.291899
-0.313269
0.063359
0.254769
-0.154604
-0.224571
-0.346226
-0.094538
0.183385
0.270272
0.245897
-0.067891
-0.152160
0.072933
-0.125669
-0.302825
0.241536
0.125114
-0.108404
-0.230224
-0.147639
-0.115738
0.003234
0.093141
-0.074759
-0.133472
-0.194580
0.024521
-0.198881
-0.089132
-0.202098
0.012970
-0.298089
-0.130511
0.053644
0.167307
0.033638
-0.054425
0.092423
0.266414
-0.025168
0.568567
-0.321191
-0.178154
0.080157
-0.039598
-0.128868
-0.158119
0.565886
0.306614
-0.105836
0.016879
-0.325109
-0.222854
0.042419
-0.291396
0.213401
0.104646
-0.018000
-0.149731
0.404458
-0.190983
0.261583
-0.297736
-0.568092
-0.084685
0.024714
0.056317
-0.020739
0.024067
-0.037020
0.037972
-0.483445
-0.179075
-0.227856
0.492987
-0.268878
-0.223911
-0.354973
0.292677
-0.132729
0.201249
-0.062691
-0.283838
0.092799
0.155103
-0.063734
-0.564000
0.063791
0.087500
-0.370878
0.207824
-0.238611
0.469208
0.067789
0.068200
0.043682
-0.014584
0.027834
-0.411057
-0.234068
-0.183554
-0.349020
-0.409744
-0.249138
-0.218510
0.138091
0.157422
-0.214712
0.126579
0.210199
-0.105992
-0.373161
0.017581
0.478578
0.431588
-0.231782
-0.253281
-0.027659
-0.417962
-0.075946
0.174846
-0.025340
0.073369
-0.146452
0.161783
-0.057248
-0.161391
0.318191
-0.019320
-0.322609
-0.103522
-0.258504
-0.194759
0.181893
-0.118240
-0.140441
0.038173
-0.048948
0.049657
-0.058026
0.032646
0.003292
0.422879
0.075175
-0.225166
0.478773
0.091434
0.098276
0.253777
-0.228161
-0.226581
-0.148906
0.421252
-0.175083
0.095529
-0.070561
0.002647
0.161705
-0.190388
-0.061724
-0.053350
-0.025377
0.328992
-0.069225
-0.250129
0.276863
-0.181927
-0.133716
-0.402973
-0.326657
-0.034286
0.441941
0.261740
-0.484235
-0.148625
-0.299432
-0.155983
-0.097680
-0.015656
-0.325121
-0.117635
-0.069702
0.051635
0.069055
0.235352
-0.011816
-0.311387
0.281385
0.534414
0.235790
0.270254
-0.310864
0.232833
0.254109
0.267000
0.042717
0.256927
0.184514
-0.172716
0.322173
0.102922
0.063230
-0.263898
0.197915
0.274241
-0.198610
0.202116
0.233641
-0.128481
-0.436166
0.261024
-0.284391
-0.292079
-0.036723
0.193899
-0.157104
-0.087623
-0.247994
-0.130909
0.260149
0.031007
0.240146
0.015327
-0.041546
0.215985
-0.316107
-0.125761
0.149298
0.158976
-0.651889
-0.373919
0.247796
0.179150
0.418193
0.171053
0.040702
-0.101826
0.123219
0.298708
0.008379
0.020126
0.066769
0.341645
0.143003
0.087877
0.044714
0.109948
-0.228069
-0.216067
-0.020089
0.038198
-0.076032
0.152269
0.386669
0.068288
0.182627
0.046301
0.061406
-0.150516
-0.183661
-0.003962
0.267961
-0.319704
-0.009453
-0.123065
0.029392
-0.088778
-0.480275
-0.317012
-0.157642
-0.180173
-0.003422
0.161095
-0.132973
0.133561
0.128270
0.038218
0.046101
-0.322683
0.386081
-0.767835
0.227098
0.258048
-0.131432
0.241238
0.223138
-0.462048
-0.248875
-0.147616
-0.422907
-0.221811
0.011636
-0.083897
-0.264229
0.251606
0.042879
0.023922
-0.177828
0.361493
-0.453980
0.375262
-0.044649
0.085001
-0.042859
0.226970
-0.172840
0.278033
0.424151
-0.106955
-0.383573
-0.253384
0.155069
-0.399155
0.039025
-0.104733
0.038303
-0.135180
0.117993
-0.148807
0.346726
-0.225380
-0.072053
0.152571
0.110557
0.112208
-0.409682
0.142463
-0.261482
0.153965
0.482197
-0.432840
-0.008869
-0.442050
-0.201305
-0.114128
0.181199
-0.221817
0.097706
-0.184912
0.326830
-0.406333
-0.004827
0.207350
0.001343
-0.116528
0.379762
-0.080906
0.070185
-0.257453
-0.364537
-0.021498
-0.273288
-0.159688
-0.211147
-0.153406
0.175514
0.064264
0.007442
-0.208018
-0.073365
-0.198988
-0.199670
0.263549
-0.324261
0.094858
0.118296
0.153857
0.038309
0.256078
-0.401753
-0.081415
-0.070336
0.261107
-0.145141
0.041960
-0.400960
-0.274707
-0.346931
0.070640
-0.084350
0.014475
-0.202800
0.089762
0.221336
-0.276486
-0.211518
0.297539
0.174736
-0.047844
0.045332
0.317299
-0.166237
-0.069827
0.179942
-0.412722
-0.069518
0.227251
-0.128108
-0.011250
0.052569
0.233979
-0.113750
-0.102141
-0.092969
0.121695
0.211817
0.045390
0.190418
-0.475874
-0.263341
0.038756
-0.457921
-0.111454
-0.112869
0.108083
-0.187823
0.306313
0.034374
-0.228374
0.211458
-0.113058
-0.198460
0.409944
0.315082
0.262785
-0.429118
-0.046709
0.396313
0.154154
0.351368
0.584284
0.088241
-0.050576
0.134020
-0.477145
0.471466
-0.120655
-0.494356
-0.141060
-0.233305
-0.018414
0.042870
-0.003758
0.240081
0.098155
0.176253
-0.634080
-0.274047
0.341520
0.421568
-0.174765
0.389974
0.340874
-0.376976
-0.479502
-0.363535
0.338766
0.018254
0.168884
0.201283
-0.268511
0.159401
0.032415
0.135450
-0.010815
-0.096592
0.013682
0.011238
0.216061
-0.019358
-0.149596
0.032875
0.359012
0.132304
0.109158
-0.210323
-0.011587
-0.221402
-0.022189
-0.280877
0.166528
-0.366548
-0.203387
-0.053742
0.381448
0.139594
-0.309520
0.185615
0.044517
0.150734
0.053503
0.349574
-0.333221
-0.131004
-0.241876
0.280699
-0.185809
0.006296
-0.231259
-0.696071
0.238350
-0.057626
0.159288
0.087950
-0.054575
0.110122
-0.307241
0.418545
-0.220820
-0.462727
-0.239874
0.191403
-0.132320
-0.337151
-0.007812
-0.126031
-0.419793
-0.483471
0.319697
0.297214
0.075947
-0.200900
-0.141797
-0.258248
-0.202346
-0.398786
0.120643
0.456144
0.086324
0.405927
0.064146
0.112451
0.008715
0.116464
0.105832
0.084355
0.269672
-0.278708
-0.362246
0.192005
-0.239492
0.479019
-0.201087
-0.126115
-0.409086
0.119289
0.192646
-0.462356
-0.143086
0.012230
0.192187
-0.107080
-0.126474
-0.486139
-0.079495
-0.137903
-0.154851
0.067392
0.008764
0.174052
0.111813
-0.408223
0.298435
-0.060895
0.039624
0.388286
-0.230802
-0.005560
-0.293172
0.046730
0.272409
0.118398
-0.141511
0.039007
0.150097
0.113878
-0.296438
-0.410396
-0.143884
0.122751
0.183725
-0.254230
-0.291684
0.236701
0.218112
0.215342
-0.055458
-0.139915
-0.207598
-0.383035
0.063901
-0.074580
-0.244763
0.143696
0.081558
-0.190572
0.247576
0.233801
-0.096911
0.183677
0.105064
0.142305
-0.065721
-0.422539
-0.337385
0.048266
-0.290865
0.118165
-0.403331
0.088982
0.292334
0.457396
0.221069
0.171456
0.309889
-0.112929
-0.210378
0.029100
-0.014938
-0.208502
-0.048064
-0.060724
0.578684
-0.207591
0.433746
0.455150
-0.562545
0.122032
-0.366048
-0.721912
-0.001784
0.303640
-0.027735
-0.243951
0.086768
0.359769
0.090164
0.462050
0.282920
-0.177858
0.080100
-0.243164
0.192851
-0.050493
-0.144849
0.340576
0.145865
-0.290789
0.074796
-0.124504
0.224732
0.266495
0.090621
-0.332101
-0.111485
0.485539
0.441355
0.462775
0.240016
0.076437
0.210470
0.095531
0.203196
-0.041467
-0.175633
-0.183396
0.211040
0.163720
-0.199976
0.064971
0.379912
0.023513
0.286031
0.152175
0.532710
-0.021719
0.184421
-0.356162
0.033658
0.219187
-0.110611
-0.125723
-0.078015
0.285848
0.331210
-0.094941
-0.000846
-0.229579
-0.075610
-0.054771
0.054315
0.052161
0.183470
0.265619
-0.290036
0.038185
0.261506
0.051314
-0.207307
-0.276715
-0.233319
0.459257
-0.199455
-0.180733
-0.446528
0.116551
0.034165
-0.240139
-0.163403
-0.116800
0.130149
-0.411335
0.119070
-0.117084
0.001363
-0.015759
0.042593
-0.060494
0.033393
-0.367719
-0.399222
-0.355275
-0.121631
0.213042
-0.077244
-0.185756
0.029734
0.233711
-0.075396
-0.100759
0.004960
-0.073945
-0.235715
-0.264799
0.233635
0.382221
0.182820
0.125443
0.512725
-0.445330
-0.080803
0.271407
-0.335531
-0.043072
0.127339
0.260447
-0.189469
0.050122
-0.092970
-0.302341
0.151369
0.116429
-0.116136
0.159551
-0.350167
-0.077390
-0.130648
-0.200645
-0.165823
0.286683
0.000654
0.067265
-0.115422
0.265243
-0.369076
0.207348
-0.375588
-0.270867
0.002287
0.474293
0.100126
0.449427
-0.294140
-0.066610
0.023808
-0.301198
-0.122775
-0.022386
-0.281888
0.336722
0.159647
-0.430108
-0.016497
0.411103
-0.157060
0.434408
0.019210
0.061976
-0.276237
0.146253
0.114036
-0.415072
-0.460301
-0.239860
0.449490
-0.176347
0.258575
0.011745
0.246878
0.437303
-0.142206
0.004652
0.157961
-0.237996
-0.302524
0.198114
0.020606
-0.417393
0.174139
-0.006863
0.168660
-0.167889
0.017025
0.225008
-0.228809
-0.213893
-0.193764
0.127949
0.121065
-0.354721
0.206936
-0.391582
-0.209278
-0.197993
-0.051677
0.098632
0.211016
0.354472
0.054038
0.038750
-0.111311
0.108187
-0.051668
-0.023773
-0.283240
0.224148
0.566973
0.059066
0.163726
-0.183156
0.043803
-0.020864
0.338283
-0.085785
-0.053155
-0.531854
-0.000283
0.446573
0.295786
-0.061531
-0.368046
0.002132
0.042007
0.321498
-0.196158
0.138917
0.004953
0.353241
0.229687
-0.034735
-0.050475
0.287805
-0.372233
-0.011396
0.224059
0.093264
-0.148001
-0.025083
-0.494171
-0.028063
-0.298949
0.321207
0.052876
0.133629
-0.329632
-0.276198
-0.023787
-0.235190
-0.365091
-0.040453
0.102511
-0.097602
-0.298049
-0.346927
0.075201
-0.408536
-0.012806
-0.323978
-0.354588
-0.245235
-0.180996
0.196148
-0.151309
0.431169
0.000222
-0.067571
-0.053167
0.103449
-0.212140
0.116362
0.183195
0.049015
0.406396
0.000757
-0.080189
-0.385105
0.090216
0.109639
0.077013
-0.367886
0.414924
0.283382
0.304211
0.101626
0.032226
0.182140
-0.297439
-0.397022
-0.224221
-0.310937
0.001143
0.208299
0.256088
-0.026221
-0.381897
-0.267978
-0.227222
-0.166077
0.033319
-0.093290
-0.069767
-0.155376
0.247142
-0.001155
-0.177386
0.040750
-0.218198
-0.388740
-0.187201
0.000883
-0.106291
-0.041197
-0.292116
0.229931
0.114234
0.056713
0.240413
0.222435
-0.174222
-0.365707
-0.049395
-0.406643
0.212591
-0.282508
-0.051373
-0.213250
-0.069808
0.174912
0.079437
-0.047175
0.280032
0.335782
0.158974
-0.143460
-0.544534
-0.377438
0.192796
-0.170408
0.356598
0.223795
-0.287214
-0.106257
-0.322610
0.074703
-0.112488
-0.107129
0.462384
-0.142039
-0.134317
-0.355507
0.204292
0.061479
-0.084163
-0.329688
-0.080021
-0.014370
-0.075931
-0.548270
0.062652
0.344165
-0.022971
-0.128370
-0.046586
0.127196
0.067397
0.299030
-0.177351
-0.359977
0.318544
-0.184123
0.280851
-0.075228
0.409049
0.316267
-0.286061
0.329589
-0.146901
0.181650
-0.144334
-0.385336
-0.406552
0.291133
0.110447
-0.111675
0.011935
0.207672
-0.413641
0.030959
-0.342352
-0.057087
0.334808
0.290267
0.194301
0.068736
-0.240350
0.006012
0.129175
0.058422
0.069942
-0.292588
-0.279250
-0.268187
-0.036060
0.132298
0.165487
-0.068589
-0.212032
0.254469
0.290209
0.199477
0.202220
0.101405
0.194860
0.145726
-0.303617
0.245810
-0.267523
-0.128378
0.132864
-0.262220
0.015309
-0.299442
-0.348120
0.105176
0.056592
-0.168526
-0.352479
-0.190297
-0.389039
0.152493
-0.470343
-0.102350
-0.169420
0.211699
0.314054
-0.225406
-0.013258
0.000044
0.041566
0.095562
-0.054435
0.114052
-0.209365
0.292255
-0.064484
-0.385860
-0.367499
0.280596
0.014395
-0.112763
-0.141806
0.073441
0.024735
0.276468
0.286589
-0.039027
-0.292598
0.132362
0.002730
-0.108888
0.122858
0.210692
0.204802
-0.253371
0.163964
0.028395
0.133381
0.090272
0.089086
0.188892
-0.284058
-0.211719
0.205511
-0.177905
0.079652
-0.147901
-0.142694
-0.078402
-0.034592
0.135254
-0.316367
-0.363394
0.280496
-0.066276
-0.018926
0.070159
-0.502800
-0.103158
0.130211
0.325598
0.193548
0.252685
0.153114
-0.459937
-0.093469
-0.451037
0.282203
-0.068312
0.266687
-0.119067
0.014460
0.582301
0.260006
-0.228277
0.169239
0.032276
-0.384138
-0.080868
-0.385163
0.290971
0.423239
0.187909
-0.118302
-0.064553
0.053942
0.095607
0.157002
0.171425
-0.392452
0.041401
-0.301461
0.010611
-0.215191
-0.420751
0.058489
0.405340
-0.228670
0.506044
0.206262
-0.074920
-0.051036
0.010935
0.129701
-0.132106
-0.104519
-0.110798
0.098784
-0.301282
0.363306
0.158373
-0.185448
-0.438506
0.172178
0.362138
-0.073034
0.294933
-0.090462
-0.268478
0.082699
-0.045774
0.063346
-0.140098
0.090429
0.266536
0.063186
0.211214
0.020368
0.149275
-0.003068
-0.063550
-0.276081
-0.028185
-0.141450
-0.563042
-0.120961
0.484400
0.331857
0.416555
-0.174324
-0.082824
0.324490
-0.361408
0.182303
0.668659
0.622212
-0.223371
-0.022164
0.032474
0.054098
0.160361
-0.047060
-0.265257
-0.121394
-0.047662
0.134870
-0.100983
-0.161081
0.179240
-0.200865
0.389679
-0.012919
-0.132512
0.243614
-0.171269
-0.073243
-0.023430
0.087790
-0.021476
-0.142006
0.404641
0.263269
-0.075352
0.033256
0.221241
-0.057817
-0.312019
-0.183266
0.218292
-0.363372
0.035674
0.039050
0.001493
-0.348418
0.173757
0.174326
-0.170370
-0.040028
0.103497
-0.140988
-0.062856
-0.019184
-0.149919
-0.270951
0.028883
-0.287015
0.665351
-0.284403
0.179309
0.300364
0.277590
0.019177
0.044469
0.217799
-0.000251
0.686785
-0.049204
0.014707
-0.084175
0.573030
0.614301
0.242408
-0.006017
-0.192614
-0.093724
-0.167916
-0.517203
-0.346888
0.349949
-0.130265
-0.082875
0.198258
-0.313461
0.312606
0.309273
0.015572
0.101173
0.123735
-0.386755
0.180665
0.043042
-0.093545
-0.028847
-0.017042
-0.069597
-0.019273
-0.166366
-0.056985
-0.073936
-0.267666
0.025163
0.000429
0.748631
0.170928
0.166629
-0.114027
-0.155167
-0.269406
0.023068
0.088245
0.129816
0.057880
0.055135
-0.054376
-0.127344
-0.062208
-0.017994
0.123083
-0.122520
-0.011966
-0.220440
0.244868
0.166304
0.264006
-0.249555
0.113447
0.152599
0.228519
0.371675
0.241914
0.128021
-0.421225
0.500450
-0.307501
-0.210174
-0.133162
-0.081761
0.208578
0.103784
0.226274
0.046563
0.131892
0.192843
0.395597
-0.044936
-0.060201
0.118291
0.038848
0.484063
-0.117785
0.131540
0.110844
0.090209
-0.099619
0.010156
-0.103058
0.046941
0.508177
-0.432379
-0.114171
0.139590
0.111221
0.055207
-0.206371
-0.013175
0.029564
-0.359696
0.038311
-0.503112
0.178491
-0.266964
-0.338174
-0.006649
0.267882
0.086828
0.485565
-0.228550
0.036136
0.215039
0.113206
0.079339
-0.479693
-0.232691
0.166643
0.265119
0.349585
0.193936
0.003597
-0.055183
0.229176
-0.113707
-0.158589
-0.325385
-0.003316
-0.087461
-0.168053
-0.087376
-0.085923
-0.508737
0.015679
0.153227
-0.250547
-0.075791
0.126248
-0.134417
0.005938
-0.226522
-0.195568
-0.419593
-0.201917
0.337813
0.254878
0.106027
-0.048931
-0.024325
0.074114
-0.008507
-0.315707
-0.090268
-0.366336
-0.585206
-0.061714
-0.098054
-0.051111
0.175496
-0.182648
-0.434500
0.250188
-0.025236
0.021284
-0.073722
0.129282
0.229838
0.098951
0.186429
0.116545
-0.262312
0.060042
-0.317801
-0.111330
0.355201
0.127052
0.097742
-0.394472
0.112649
0.043928
0.092189
0.148534
-0.260266
0.292343
0.498250
0.174129
-0.381576
0.180026
-0.128302
0.065797
0.111353
-0.123210
-0.276322
0.068696
0.391301
-0.268744
-0.121899
0.086677
-0.220049
0.134482
-0.400725
0.115965
0.327409
0.338450
0.365016
-0.062247
0.108831
0.674821
-0.059222
0.482015
-0.151476
0.092672
-0.240811
-0.036340
-0.046986
-0.014053
-0.108170
-0.093535
-0.138143
-0.267289
-0.005235
0.172249
-0.047132
0.222630
-0.179948
-0.085521
0.308585
0.379252
0.054204
0.055777
0.196710
0.158203
-0.225367
-0.405053
0.177505
0.398643
0.087382
0.227848
0.191587
-0.032969
-0.061613
-0.298541
-0.156039
-0.012068
0.107286
-0.259652
-0.038973
-0.003443
-0.214169
0.188888
0.512090
-0.214489
0.285986
0.298631
-0.409430
0.008695
0.226558
-0.029538
0.091236
0.068781
-0.100608
-0.062373
0.151346
0.149023
0.090542
0.060888
0.033913
-0.043013
0.028333
-0.398785
0.020756
0.205013
-0.339355
-0.098413
-0.247613
-0.264872
-0.078099
0.277834
-0.264045
-0.258643
-0.214002
-0.099990
-0.009985
0.059683
0.043986
0.140281
-0.120427
0.174165
-0.318071
0.374357
-0.161844
-0.293370
-0.207383
0.188056
0.108663
0.189418
0.288498
0.536436
-0.146872
-0.024802
0.429197
0.549165
