0.028975
0.013122
-0.031574
-0.048198
-0.039512
-0.061035
-0.013620
-0.043265
0.025839
-0.018113
-0.097890
-0.041494
-0.050621
0.013874
-0.077253
0.005583
-0.010330
-0.027557
0.039902
0.043013
-0.005726
0.087361
-0.017369
0.124650
0.074671
0.006461
0.087909
-0.028664
-0.003228
0.042316
0.006524
0.043222
-0.130305
0.020273
-0.077905
0.036998
-0.080569
0.095058
0.013946
-0.087547
-0.018471
0.030600
0.007690
0.052093
-0.095822
0.058304
-0.062591
0.023869
-0.032250
-0.020272
0.074011
0.017125
-0.005442
-0.012946
0.030533
0.000714
0.001087
0.087110
-0.043396
0.089194
0.014033
0.006486
0.020550
-0.022864
0.006758
0.019218
0.027544
0.056199
0.028665
-0.042075
-0.041620
-0.001996
-0.041047
-0.058886
0.052312
-0.047991
0.013916
-0.039676
0.040667
0.073442
0.037784
-0.096938
0.026578
0.033187
-0.051232
-0.029840
0.117208
-0.042421
0.060639
-0.019235
-0.062258
-0.026119
0.005993
-0.006281
0.020692
-0.014287
0.009316
0.004718
-0.036948
-0.037818
0.001348
0.061598
0.001074
0.079628
-0.007103
-0.065200
0.068901
-0.026670
-0.044544
0.035516
-0.050742
0.016024
-0.031644
-0.037827
-0.072920
0.003564
-0.000517
0.077414
0.062745
-0.058934
0.023101
0.108485
-0.043303
0.060521
0.084857
-0.006623
0.016359
0.076239
0.029931
0.024235
0.037552
0.053802
0.080571
-0.050378
0.008832
-0.138356
0.023928
-0.026889
-0.025532
0.052079
-0.076904
0.109791
0.028902
0.051614
-0.013017
0.010725
0.063924
-0.036200
0.056334
-0.041658
-0.052220
-0.029159
-0.057307
0.055200
-0.022079
-0.001214
0.032754
-0.047200
-0.012802
0.005905
-0.006545
0.035263
0.049681
0.057211
-0.003079
-0.070469
0.005572
0.048803
0.016895
-0.059397
-0.060117
0.076699
-0.051873
-0.067309
0.126554
0.115920
-0.052556
0.001802
0.081787
0.001823
0.069729
-0.063094
-0.048484
-0.106351
0.026247
-0.069104
0.044631
-0.093172
0.005051
-0.053220
0.032756
0.008754
-0.033070
0.034815
0.120586
-0.044012
0.001157
-0.071696
0.055726
0.053342
0.070022
0.017625
0.026683
0.075084
0.049180
0.046539
-0.077665
-0.010024
-0.019788
0.062785
0.065344
0.055950
-0.000632
-0.018053
0.048499
-0.067755
-0.053832
0.073059
0.059052
-0.051123
0.029211
0.014717
0.008157
0.028594
-0.044112
-0.027921
0.055859
0.024500
-0.033194
0.019576
-0.067373
-0.064454
-0.003297
0.093124
-0.041947
-0.002587
0.026791
0.006428
0.007451
0.009571
0.096920
-0.059508
0.079746
-0.093474
0.091082
-0.011349
-0.094405
0.098092
-0.014478
-0.037193
-0.020372
0.051202
-0.045352
-0.061562
0.067428
-0.032244
0.050916
0.103216
-0.051968
-0.010068
-0.043185
0.120559
0.034081
-0.025465
0.091323
0.120116
-0.051313
0.040218
-0.012153
-0.124996
-0.107425
0.032172
-0.066229
0.036733
-0.050644
-0.069698
0.049171
0.036748
0.102230
0.091095
0.011302
-0.010276
-0.028000
0.007972
0.023870
0.085052
0.073611
-0.072444
-0.026371
-0.042644
0.030545
-0.007522
-0.038406
0.080114
0.003608
-0.018561
0.048673
-0.064574
0.020799
0.015585
-0.016279
-0.033083
0.078931
-0.011145
0.064861
-0.104348
0.040129
0.037065
0.045661
-0.064946
0.013387
-0.028502
-0.001960
-0.008157
-0.029974
0.062192
-0.068578
0.141837
0.009458
-0.051462
0.066911
0.011663
0.022059
0.004957
0.022612
0.057722
0.038823
-0.041441
0.013915
-0.030382
-0.087800
0.045483
0.058934
0.037028
-0.032157
0.007681
-0.041651
0.007969
0.105432
-0.050226
-0.021542
0.016385
0.093638
0.082133
0.100776
-0.084698
0.088609
0.004143
-0.004505
-0.023124
0.036883
0.056360
0.006596
-0.025503
-0.002596
0.025811
0.031643
0.013285
0.048711
0.036116
-0.022802
-0.058672
0.048213
0.044153
0.090150
0.002768
0.065096
-0.051230
0.027317
-0.004204
-0.014017
0.078259
-0.003773
0.043053
0.026742
0.077138
0.033142
-0.033019
-0.008573
-0.035813
-0.032832
0.041280
-0.004176
0.022490
-0.015040
-0.131074
0.078786
0.122918
0.054974
0.034084
-0.050711
-0.006322
0.021905
0.050024
-0.012401
-0.065179
-0.024265
0.005922
-0.071983
-0.061009
0.016933
-0.017084
0.068063
-0.082111
-0.029140
0.006831
0.001563
-0.071401
-0.052429
-0.027247
0.137667
-0.030810
0.067461
-0.028469
-0.061193
-0.012516
-0.045523
0.069329
-0.033439
-0.066167
0.032765
0.045028
-0.141503
0.001386
-0.049017
0.071134
0.036297
-0.006631
0.019042
0.042220
0.004498
0.015047
0.054292
0.052665
-0.123050
-0.052760
-0.033035
-0.025146
0.064966
-0.039664
-0.048684
-0.002069
-0.001250
-0.061949
0.052411
-0.009326
0.073791
0.001100
-0.131396
-0.024289
-0.054186
0.032689
-0.058254
-0.094437
-0.008976
0.078919
-0.046659
-0.047400
0.029540
0.005140
-0.010330
0.002156
0.092013
-0.025796
-0.093516
-0.036866
0.008612
-0.043526
0.055413
0.071740
0.026227
0.011367
-0.049151
-0.072819
-0.003179
0.001038
0.054121
0.063439
0.058804
0.086992
-0.024058
0.006939
0.048982
-0.100509
-0.111422
0.035131
0.013303
-0.059467
-0.064486
-0.057535
0.072826
-0.024163
-0.037367
0.069978
0.078797
-0.051698
-0.018399
-0.088316
0.127000
-0.044060
0.008976
0.078941
-0.018567
-0.050424
0.042296
-0.005663
-0.063431
-0.028433
-0.059958
0.074774
0.018368
0.053830
-0.049936
-0.022214
-0.007751
0.067316
0.023722
-0.060788
0.007879
-0.012197
-0.012674
0.006972
-0.041459
-0.004056
0.032707
-0.015553
-0.053874
0.063510
0.040960
0.018844
-0.038552
-0.051260
0.037130
-0.040792
-0.015088
-0.054495
-0.033232
-0.008475
0.045907
0.026136
0.057835
-0.068741
-0.027570
0.046093
-0.009647
0.068244
-0.022007
0.064245
0.070990
-0.003013
0.001783
-0.062859
0.049807
-0.025128
0.113643
0.030766
-0.084815
0.054397
-0.031352
-0.066464
0.020121
-0.039284
-0.006243
0.058609
-0.029155
0.061840
-0.056283
0.039166
0.087134
0.014942
0.058617
-0.013051
-0.016309
0.069537
-0.030583
0.056078
0.038304
-0.061073
0.033290
-0.048914
0.053832
-0.039047
0.048271
0.019524
-0.049165
-0.031047
0.013653
-0.016194
-0.097278
-0.033804
-0.062696
-0.004926
-0.046123
0.039875
-0.035070
0.020258
-0.074036
0.030597
0.091426
-0.045086
0.031945
0.025616
-0.022321
-0.014521
0.024817
-0.040291
-0.056505
0.015308
-0.003982
0.019961
0.014927
-0.123493
0.102795
-0.023916
-0.019094
0.061995
-0.022555
-0.060938
0.097925
0.021354
0.015399
0.032847
-0.027971
-0.018465
-0.031519
0.038593
-0.073818
0.093905
0.067745
-0.012862
-0.001068
0.022053
0.004433
0.002828
-0.052431
0.011480
0.006660
0.007165
-0.025561
-0.021282
0.030373
0.036100
-0.135587
0.031662
-0.004846
-0.021644
0.107353
-0.061927
-0.066664
0.046934
0.064802
0.028524
-0.026542
-0.034619
-0.061466
0.014587
-0.061470
-0.009167
-0.026045
-0.020163
0.066321
0.038114
-0.011104
0.139369
0.039489
-0.014164
-0.011488
-0.036698
0.058944
-0.053370
-0.001836
0.016655
0.106204
-0.015832
0.013057
0.008870
0.085631
-0.108492
0.051238
0.055737
0.093362
-0.053748
-0.021088
0.070660
0.009866
-0.010128
-0.027520
0.061046
-0.053286
-0.076567
0.058781
0.031652
0.046579
0.073430
0.050736
0.112540
0.027512
0.002131
-0.156246
-0.008202
0.147638
0.049105
-0.022650
-0.004941
-0.017597
0.032398
0.032222
-0.073049
-0.040094
0.012322
0.122648
0.044226
0.023128
-0.019035
0.085367
0.042665
0.105055
-0.047415
-0.004765
0.059213
0.009125
-0.009375
-0.015979
-0.025699
-0.002327
-0.003099
0.029863
-0.028202
0.005360
0.039697
0.006684
-0.016413
-0.090192
-0.057817
0.043503
-0.041154
0.066937
0.079478
-0.066541
-0.056822
0.044106
-0.005945
-0.035226
-0.073886
0.002749
-0.033728
0.014608
0.007809
-0.081121
0.026167
0.096262
-0.008988
-0.012550
0.033322
0.010367
0.015146
0.003417
-0.069395
-0.044879
-0.017565
0.020998
-0.037671
-0.018427
0.057926
-0.021273
-0.091673
0.058116
-0.114081
-0.041687
-0.039815
0.016295
-0.039609
0.031569
-0.008927
-0.030700
0.014813
0.024148
0.002784
0.037040
0.051775
0.029429
0.037657
-0.100379
-0.003028
0.068399
-0.001519
0.039824
0.029338
0.016171
-0.039976
-0.093580
0.055219
0.057012
-0.005494
0.047219
0.008868
0.077210
0.009902
-0.089070
0.010344
0.187007
-0.041703
-0.038077
0.024693
0.002817
0.013114
-0.046577
0.050389
-0.004055
-0.021713
0.074103
-0.031128
0.003399
-0.089038
0.090555
-0.037746
0.038376
-0.093430
-0.097842
0.007004
0.069148
-0.030260
0.036192
-0.018352
-0.064843
-0.004486
-0.031988
-0.029157
-0.060296
-0.041710
0.080194
0.011902
0.003662
0.059827
-0.000306
0.000632
0.032283
0.015777
-0.033907
-0.004193
0.030669
-0.042336
0.042683
-0.018439
0.019884
0.006833
0.016570
-0.089330
-0.043993
0.056658
-0.007152
-0.003433
-0.058652
0.028978
-0.025362
-0.003368
0.107120
-0.037911
0.044090
0.047765
0.072641
-0.027100
0.083858
-0.084957
-0.082783
-0.008444
-0.048342
-0.037186
0.031521
-0.110197
-0.040662
0.040583
0.014513
-0.131551
-0.033380
0.001074
-0.052572
0.061962
0.115760
0.011227
-0.023506
-0.038964
-0.012712
-0.007963
-0.035094
0.027525
-0.117360
-0.044992
0.044067
0.106144
-0.066498
-0.024033
0.034882
0.046180
-0.060489
0.035358
0.009976
-0.006612
-0.048962
0.006501
0.034091
0.035821
-0.025741
-0.003075
0.065847
-0.052550
-0.069583
-0.038167
-0.095475
-0.116292
-0.063791
0.014261
-0.054636
-0.066654
0.097871
0.023751
-0.001189
-0.036002
0.060680
0.046443
0.024536
-0.046816
0.035017
0.058616
0.044330
-0.003976
-0.038932
-0.013771
-0.111127
-0.005609
0.053108
-0.006798
-0.042311
-0.013836
0.010042
0.086659
0.038760
-0.039047
0.073936
-0.086770
-0.035941
-0.046773
0.148275
0.012239
-0.033050
0.030464
-0.015845
-0.013791
-0.076643
-0.089169
0.012999
0.031116
-0.016796
-0.025287
-0.026888
-0.020558
-0.083401
0.081033
0.066555
0.021575
-0.024350
0.021408
-0.019988
0.032228
0.012251
-0.049259
-0.012008
-0.036136
-0.051663
-0.030564
0.061801
-0.013530
0.065390
-0.035886
0.121838
-0.045421
-0.044277
-0.041562
-0.036092
0.039210
-0.034398
-0.078787
-0.043238
-0.039439
-0.002376
-0.001798
-0.043048
-0.099339
0.017069
-0.003576
0.013510
0.066825
0.040117
-0.086844
-0.015796
0.060319
-0.010450
0.089777
0.098024
-0.089713
-0.118683
0.015348
-0.071310
0.034208
0.006743
0.017176
-0.021545
-0.052411
0.026111
0.070372
-0.010697
0.026774
-0.021098
0.020251
-0.032909
0.053484
-0.024291
-0.112432
-0.106281
-0.004915
0.003694
0.058248
0.057663
0.042521
-0.061966
0.020394
-0.025885
0.011631
-0.098908
0.022118
0.027260
-0.053757
0.033990
0.043126
0.057248
0.024693
-0.000861
0.004302
-0.065692
-0.037717
0.021931
-0.000307
0.031430
0.120493
-0.029241
0.017465
-0.107726
-0.140763
-0.039942
0.037749
0.028717
0.125507
0.042286
0.039693
0.062946
-0.012282
-0.012486
-0.007347
0.024320
-0.002170
-0.035288
-0.030886
-0.052412
0.043031
-0.029968
-0.069758
-0.095811
0.029068
-0.029730
-0.036941
-0.064652
0.007502
-0.012992
-0.024482
0.068515
0.100593
-0.046928
0.022285
-0.122714
0.068646
0.035896
0.039423
0.017032
-0.032602
0.004594
-0.057208
0.045200
-0.065013
-0.025582
-0.013066
-0.128050
0.003488
0.035567
0.038893
-0.078969
-0.034491
0.022300
0.004436
-0.080020
-0.034738
-0.053608
0.015024
0.109448
0.042684
0.023201
-0.026406
0.045784
0.046466
-0.094538
0.063011
-0.052218
0.089865
-0.002357
-0.029626
0.031685
0.023216
0.011613
0.067013
0.072591
-0.100010
0.060121
0.050609
-0.076738
-0.062102
-0.039708
0.033972
-0.103038
-0.082853
0.044701
0.016701
-0.019012
0.059497
-0.018705
-0.098852
-0.069789
0.062685
0.043165
-0.014508
0.004235
0.029734
0.002763
-0.004165
0.059076
-0.014311
0.029120
-0.035891
0.034697
-0.017351
-0.020887
-0.026475
-0.021519
0.028545
-0.077223
0.057109
0.045680
-0.008181
0.018274
-0.061802
-0.073177
-0.135704
0.085787
0.015336
-0.080198
-0.029472
0.034386
0.094516
0.027957
-0.103149
0.029701
-0.137109
0.046904
0.012444
0.002182
0.057461
-0.057629
0.080121
-0.013656
0.069380
-0.100917
0.014644
0.065774
0.006457
0.026947
-0.010659
-0.045102
-0.047272
-0.026885
-0.053855
-0.005820
0.075024
0.037076
0.017319
0.064038
0.034949
0.004449
-0.010380
0.002925
-0.024567
-0.049449
0.037531
-0.033756
0.077959
0.026394
-0.089387
0.005035
-0.013510
0.088263
-0.001945
0.088794
-0.023346
-0.026408
-0.060650
0.086384
-0.000594
-0.042455
0.032230
-0.058795
0.094452
-0.005633
-0.058512
-0.100601
-0.089468
0.026741
0.068546
-0.097585
-0.003384
-0.073328
0.094069
0.070878
0.006080
0.038256
-0.082616
-0.037329
0.006073
0.009079
0.098157
0.021103
0.081302
-0.040661
0.064519
-0.009036
0.005751
-0.080824
-0.036418
0.011860
0.091660
-0.073995
0.087984
-0.027698
-0.060750
-0.014037
-0.043549
0.048126
0.004566
-0.013401
-0.100774
-0.007085
-0.028380
0.068315
-0.075925
-0.013083
0.010329
-0.000034
-0.026385
0.050899
0.018402
0.018516
-0.009693
-0.022499
-0.040048
-0.024753
-0.027176
0.010722
0.032254
0.093866
0.011419
-0.047023
0.033141
-0.057770
-0.034394
0.019662
-0.009940
-0.035016
-0.010485
-0.032844
-0.072514
-0.012870
0.086837
-0.015686
0.008019
-0.056208
-0.026716
0.002904
-0.064973
-0.016281
0.066535
-0.013247
-0.049255
-0.005253
0.070297
-0.082012
0.058937
-0.010763
0.005275
0.082121
-0.066994
-0.152176
-0.075988
-0.019299
-0.032883
-0.046554
-0.035648
-0.040004
-0.005776
0.035170
0.075826
0.011387
-0.015050
0.132757
0.046400
0.005260
-0.027947
0.010107
0.055430
-0.060058
0.051427
-0.084059
-0.082678
0.026682
0.087258
0.050006
-0.051064
0.033706
-0.042860
0.000416
0.054060
0.043603
0.005868
-0.074597
-0.041483
-0.011840
0.002557
-0.085652
0.028288
-0.032898
0.059980
0.052041
-0.011927
-0.052234
-0.078426
0.051703
-0.017524
-0.090128
-0.025372
0.036890
0.017166
0.021304
0.031914
0.018704
-0.069071
-0.103306
-0.100866
-0.016004
-0.059706
0.052844
0.125053
-0.022168
-0.009904
-0.071957
0.067650
-0.012011
-0.038376
-0.083127
0.020905
-0.043765
0.011968
-0.113582
-0.086128
-0.041179
-0.070976
0.033910
-0.081201
-0.068045
0.038745
-0.091432
-0.015812
0.017474
0.031023
0.035238
0.026583
-0.046959
0.048335
0.004408
0.027663
-0.009310
0.089586
-0.009419
0.075742
-0.001087
-0.012253
-0.010115
-0.044217
0.041396
-0.001953
-0.130402
-0.052534
0.014635
-0.040005
0.063793
0.027048
-0.001177
0.003067
-0.036235
-0.090655
-0.029339
0.046388
0.053799
-0.056216
0.013026
0.013168
-0.049888
-0.012323
0.001496
0.025246
0.016191
0.019594
-0.080074
-0.046531
-0.094183
0.012881
-0.045069
0.010280
0.030785
0.069806
-0.055092
0.081231
0.004598
-0.008136
-0.129489
-0.005409
-0.007929
0.015669
-0.105245
-0.073236
-0.115977
0.046639
-0.047770
0.036114
-0.066654
-0.014005
-0.059513
0.024960
-0.025197
-0.024968
0.034069
0.070163
-0.002066
-0.037080
-0.012657
-0.008964
0.030635
0.043824
0.150575
-0.064800
-0.043112
0.017150
0.078996
-0.046915
-0.015230
-0.041728
0.007905
-0.051358
0.062284
-0.031333
-0.006423
-0.126883
-0.022776
-0.006116
-0.005353
0.006372
-0.002021
0.092228
-0.006620
0.010058
-0.019015
0.030312
0.015604
-0.004153
0.009297
-0.001900
-0.053436
0.082189
-0.070347
0.045622
-0.001846
0.042201
0.093446
-0.030129
0.019915
0.116573
-0.009128
-0.020010
0.013582
0.005278
-0.005260
-0.053304
0.025628
-0.054668
0.007153
-0.028479
-0.051335
-0.105305
-0.008184
0.067389
0.040577
-0.100214
0.023032
-0.045403
0.004235
-0.058855
0.019391
-0.110409
-0.024672
-0.021328
-0.052399
-0.054966
0.066087
-0.043605
0.024835
-0.010207
0.002306
-0.009572
0.070720
0.056368
0.136242
0.106436
-0.076366
-0.054950
0.032043
0.039197
-0.125654
0.013906
0.138043
-0.053571
0.034257
-0.070780
0.026871
-0.005633
-0.050061
0.044131
0.052909
0.050934
-0.132305
0.004958
0.012364
0.087060
-0.028551
0.001867
0.001747
0.000502
-0.050687
-0.021691
0.011248
-0.098009
-0.082870
0.051757
-0.014186
0.035048
-0.002254
-0.041578
-0.011527
-0.050532
0.098579
-0.022704
0.020792
-0.081528
0.082036
-0.098654
-0.027228
-0.068551
-0.016862
0.016133
0.005097
0.023634
-0.037624
0.018628
0.016558
-0.014303
-0.035560
-0.028271
0.091497
-0.045652
0.010693
-0.079891
-0.001362
0.160546
0.015002
0.036377
-0.017264
0.067271
-0.037836
-0.006913
0.018261
0.028949
0.057650
-0.028285
-0.018275
-0.057310
0.013404
-0.020645
0.156256
-0.049385
-0.005070
-0.019611
-0.014187
0.065328
-0.039930
0.010275
0.004110
-0.062409
0.004180
-0.017231
0.053837
-0.019682
0.059993
-0.010608
0.056629
-0.027018
0.019128
-0.047528
0.049028
-0.025167
0.034795
0.023699
-0.100712
-0.003630
-0.007783
-0.054662
-0.023065
-0.021364
0.012179
-0.009687
0.004499
0.042864
-0.018648
0.005197
0.057527
-0.106242
-0.014461
0.070361
-0.037907
0.068561
-0.012067
-0.061234
-0.014699
0.053251
0.009557
0.001852
-0.009195
-0.036598
0.078318
-0.053498
0.012603
0.048693
-0.009803
0.019861
0.020101
-0.084172
-0.090073
-0.019756
0.049825
-0.022017
0.052906
-0.010046
-0.014162
-0.011090
-0.062053
-0.032282
0.038415
0.050314
0.037817
-0.013035
0.050319
0.030019
-0.073199
-0.005276
0.039338
0.012490
-0.056299
0.085435
-0.016735
0.100980
-0.000785
0.086507
-0.022802
0.070111
-0.037877
-0.066971
-0.044252
-0.028841
-0.014822
-0.054481
-0.014967
0.106150
0.084115
0.097513
-0.033719
-0.032823
-0.041515
0.043803
0.098602
-0.029057
-0.013258
-0.110562
-0.036888
0.002254
-0.116061
-0.009368
0.026139
0.018620
0.010677
-0.055532
0.068569
0.046858
-0.017361
-0.019051
0.030850
-0.041305
-0.060293
-0.063449
0.045865
-0.000438
0.048549
-0.047812
0.037233
0.006101
0.058700
-0.038531
-0.021537
-0.004145
0.041744
-0.074501
-0.025444
0.004687
-0.058541
-0.058930
0.046414
-0.008647
-0.045211
-0.058404
-0.109854
0.107370
0.056969
-0.028705
-0.002469
0.046083
-0.038578
0.022805
-0.018537
-0.023308
-0.029198
0.104096
0.023857
0.009851
0.019254
-0.027450
-0.042044
-0.031439
0.054994
-0.032100
-0.015559
-0.014032
-0.024558
0.072218
0.071745
0.061667
-0.024934
0.070312
0.000324
0.015664
0.028541
-0.009535
0.060157
-0.069198
0.068073
0.004292
0.025056
-0.007508
0.147971
-0.021792
-0.037970
0.101002
-0.090856
0.042476
-0.026386
0.044225
0.084124
-0.048048
0.031028
-0.069864
-0.019278
0.031213
-0.004760
0.025407
-0.067370
-0.069812
0.053997
0.035929
-0.034966
-0.054638
0.030550
-0.021963
-0.038391
0.026409
-0.022879
0.032068
0.028820
0.037002
0.057756
0.021216
0.035896
-0.085337
0.083188
-0.016216
-0.087801
-0.052829
-0.078687
-0.058904
-0.048620
0.038561
0.015916
0.002420
0.002223
0.018920
0.039806
0.017960
0.001576
0.031964
0.056204
0.042226
-0.040298
-0.014379
-0.021411
0.052626
0.025430
-0.079773
-0.046498
-0.050116
-0.053577
-0.003471
0.017176
0.089427
-0.021282
0.052713
-0.018767
0.158397
0.057074
-0.005652
-0.055686
-0.029480
0.055567
0.010377
-0.055044
0.044085
0.031176
0.005148
-0.052935
-0.045968
-0.054668
-0.059601
-0.005262
-0.031335
0.069674
-0.062290
-0.047392
-0.000692
-0.024316
-0.045283
-0.036772
-0.074917
0.056275
0.062797
0.008182
-0.033104
-0.000971
0.016014
-0.066558
0.068199
-0.051561
-0.027231
-0.036492
0.043571
0.024638
-0.059033
-0.000011
-0.060743
0.023760
0.020726
0.036647
-0.007662
0.015053
-0.024621
-0.004283
0.004595
-0.010499
-0.049062
-0.008122
0.006723
0.024568
0.035249
-0.023991
0.034449
0.001975
-0.035748
-0.011159
0.001159
0.085580
-0.079737
-0.065670
0.095299
0.035869
0.036961
-0.004922
0.080035
0.044546
-0.039090
-0.036473
0.134997
-0.044057
0.054275
-0.001861
0.004399
-0.049492
-0.067931
-0.029119
-0.030793
0.076129
-0.030868
-0.047583
-0.000646
-0.070704
0.030302
-0.016526
-0.111346
-0.003667
0.017029
0.042917
0.125200
0.016739
0.070278
0.048846
0.023262
-0.016207
-0.039016
-0.078027
0.005673
0.017300
0.091958
-0.001309
-0.005523
0.046386
0.053103
0.051449
0.022250
-0.025178
0.055685
0.055837
-0.083189
-0.033269
0.003839
-0.013572
0.068906
0.011173
0.025378
0.008743
-0.065176
0.043475
-0.023227
0.012038
-0.003605
0.052874
-0.028497
0.068831
-0.027452
-0.001701
-0.046933
0.088163
-0.024633
-0.000847
-0.122659
0.024983
-0.026556
0.005056
-0.035620
-0.065389
-0.098569
0.060070
-0.010801
0.038292
0.055903
0.002264
-0.097093
0.032808
0.067527
0.051339
-0.085141
-0.036285
-0.024301
0.079618
0.036967
0.044473
-0.012971
0.048499
-0.047218
-0.083282
0.047311
-0.101342
-0.043672
-0.094593
-0.044372
-0.047595
-0.011971
-0.031884
0.066732
0.049240
0.032783
-0.000120
0.003971
-0.070262
0.009452
-0.007118
0.022761
-0.032752
-0.075502
-0.021221
0.064250
-0.004147
0.105837
-0.046828
-0.030931
0.026539
0.053898
0.014161
-0.020790
-0.059933
-0.087775
-0.007743
0.118815
0.017972
-0.000182
0.099375
-0.024056
0.028913
-0.062591
-0.030643
-0.003841
-0.002065
0.010417
0.022938
0.036286
-0.055796
0.005993
-0.037899
-0.010255
0.008266
0.053914
0.048830
0.056541
-0.004820
-0.061058
-0.044281
0.024910
-0.023407
0.027756
0.000131
0.022889
-0.067531
0.045542
0.036887
0.000451
0.070046
-0.025196
0.041037
0.001389
0.036950
0.013958
-0.019912
0.013577
-0.006039
-0.025713
-0.073676
0.010488
0.020696
-0.077331
-0.026219
0.015566
0.026517
0.079882
0.074713
-0.048428
0.019330
-0.000743
-0.049799
-0.067545
0.059430
0.012254
0.004792
-0.014266
0.019703
-0.015284
0.068131
-0.043614
-0.084479
0.124670
0.035341
0.086561
0.024709
0.047293
-0.025411
-0.016945
-0.003713
0.049616
-0.004571
0.091922
0.029068
-0.042783
-0.048082
0.064373
0.039424
-0.014229
-0.095802
0.024441
0.057979
0.042915
-0.049832
-0.145294
0.060489
0.094226
-0.073593
0.021953
-0.037244
-0.030615
0.087182
-0.027766
-0.000073
-0.033066
0.057399
-0.039172
-0.084945
-0.047611
-0.016616
-0.020233
-0.072627
0.049217
0.131555
-0.020376
0.003473
-0.014958
0.007934
-0.010498
0.094847
-0.049203
0.016246
0.005565
0.097736
-0.020171
0.030972
-0.055628
0.068839
-0.012084
0.004096
0.036540
0.038376
-0.137915
-0.066892
0.011309
-0.037323
-0.102735
0.041320
0.018212
-0.041759
-0.025067
-0.017092
-0.013909
-0.003333
-0.119782
-0.068592
-0.011474
-0.030808
-0.072131
0.061014
-0.024034
-0.003138
0.047202
0.018242
-0.015551
-0.070642
0.073129
-0.044791
-0.023539
-0.034100
0.063487
-0.107926
0.042234
-0.020999
0.019643
-0.023223
0.002328
-0.020562
0.041521
0.003351
0.087227
-0.021187
-0.067079
0.010574
-0.009037
0.033461
-0.049492
0.014914
-0.056736
-0.080974
-0.002040
0.050319
0.034193
0.008446
-0.046618
0.103028
0.011760
0.054658
-0.032232
-0.054952
-0.096001
0.018938
-0.081797
-0.042318
-0.034925
0.019207
-0.100434
0.003665
-0.002617
0.020687
0.041146
-0.058557
0.079284
-0.042972
-0.072461
0.041387
0.003299
-0.075349
-0.018925
0.020663
0.025683
0.008724
0.025546
-0.059610
0.045224
-0.009586
-0.057598
-0.029713
-0.019511
-0.078902
0.112670
-0.064436
0.066306
0.015038
-0.085857
-0.091538
0.037937
0.083763
-0.052509
-0.094457
0.020902
0.005615
0.002378
0.040828
0.035884
-0.082761
0.019619
-0.020027
-0.020566
-0.037816
-0.019304
0.029362
-0.003433
-0.042726
0.044602
-0.021387
-0.035466
-0.021198
0.027602
0.002667
0.085612
-0.032805
-0.010882
0.014293
0.023936
0.020143
-0.006555
-0.059047
0.036403
0.124039
0.050222
-0.084490
-0.102394
-0.055570
0.029684
-0.034159
0.014515
-0.138122
-0.019423
0.116057
0.134021
-0.020158
0.034124
0.044599
-0.018681
-0.103341
0.031112
-0.003477
0.030968
-0.112256
-0.016386
-0.082312
0.024974
-0.064780
0.021548
0.053155
0.024340
0.108439
0.043668
-0.027868
0.021871
-0.061023
0.027448
-0.021930
0.066183
0.111277
0.026138
-0.054335
-0.036407
0.040505
0.038556
0.023279
0.027205
0.009491
0.027234
-0.000892
0.052668
0.032843
0.033119
0.106919
0.041882
-0.016566
-0.095981
-0.038072
0.030594
0.109971
-0.077536
0.093931
-0.101680
0.057297
-0.012736
0.129440
-0.054764
0.059093
-0.030970
-0.024938
0.003511
0.039781
0.015486
0.018284
0.072616
0.038788
-0.035055
0.061835
0.015291
-0.036858
-0.062318
0.072980
0.071186
-0.095107
-0.055461
0.038561
-0.091344
-0.018411
-0.051012
-0.082671
0.010734
-0.047837
-0.002132
0.020209
0.017995
-0.004633
-0.024632
-0.022195
0.055382
-0.038567
0.001226
0.026714
0.079516
0.006362
-0.086804
-0.048747
0.040736
0.022401
-0.009177
-0.008695
-0.091412
-0.057060
0.005777
-0.037849
-0.062375
0.017751
0.011188
0.006185
0.015764
0.032431
-0.084908
-0.009258
-0.031733
0.141116
0.064594
0.026256
-0.004134
-0.038386
-0.016813
-0.034692
-0.028969
-0.034139
0.011177
-0.134895
0.114968
0.017741
0.016252
-0.005586
0.084133
0.057706
-0.070022
0.068894
0.103135
0.038360
-0.061518
-0.033352
-0.061236
0.004659
0.005666
-0.061003
0.010860
-0.039603
0.036013
-0.028665
-0.043676
0.030968
0.066962
-0.050378
-0.009966
0.023583
0.040314
0.028573
0.086450
-0.007531
0.054425
-0.061310
-0.039047
-0.044367
-0.050189
-0.063973
0.023628
-0.020038
-0.025842
0.054476
0.043310
0.000695
0.014480
0.036350
0.052940
0.006655
-0.082091
-0.048748
-0.042395
-0.017725
-0.047524
0.017700
-0.003128
-0.037364
-0.025933
0.083563
0.060342
-0.005623
0.017900
-0.041089
-0.051353
0.120103
0.009463
-0.013195
0.031886
-0.108687
0.002174
0.022010
-0.073249
-0.007900
0.102934
-0.034795
0.063500
-0.010815
-0.031436
0.005460
0.010814
-0.008480
-0.051824
-0.010582
-0.022451
0.027268
-0.003887
0.069676
0.087483
-0.004869
0.053555
-0.024418
0.033235
-0.052502
0.009738
-0.040218
-0.069321
-0.063467
-0.033143
-0.025567
0.052632
-0.075227
-0.090152
0.059756
-0.011457
-0.025651
0.023047
-0.035790
-0.005269
0.050004
0.030121
0.025852
-0.012551
-0.023340
-0.043281
0.041144
-0.086172
-0.070067
-0.075310
-0.064043
-0.064118
0.049557
-0.011851
-0.101883
-0.054480
-0.063174
0.016730
0.029586
-0.085511
-0.120815
0.029631
0.031696
0.043854
-0.019945
0.013849
-0.055873
0.079705
-0.018730
0.131018
0.029048
-0.017817
0.001891
-0.038970
0.027602
-0.032788
0.062692
0.025339
0.016742
0.059048
0.085509
-0.038986
-0.056552
-0.094265
-0.029902
-0.066409
-0.006982
0.035010
0.039044
0.012432
-0.095024
-0.025185
0.002527
0.036230
0.001788
-0.095778
0.011422
-0.033741
-0.047140
-0.018200
0.018271
0.048095
-0.154697
0.011789
-0.040080
0.066670
0.034254
0.044617
-0.046490
0.065614
-0.032799
0.025554
-0.003506
-0.031506
0.036300
0.093094
-0.043998
0.078151
0.054517
-0.075810
0.011710
0.099449
0.101645
-0.043366
-0.055491
-0.038260
0.077823
0.035224
-0.013538
-0.080385
-0.055688
0.034238
-0.012022
-0.026071
0.019874
0.001831
0.037963
0.026939
0.000065
0.008669
0.021699
0.022853
-0.039689
-0.000534
-0.083239
0.047847
0.013998
-0.015843
0.077239
0.008018
0.041995
0.014607
-0.005144
0.095092
0.032109
0.031043
0.016466
-0.067352
-0.012654
0.095151
0.015464
-0.038904
0.039069
-0.029596
0.065161
-0.022113
-0.001699
-0.074070
0.060534
0.001470
-0.062729
0.119562
0.041517
0.014896
-0.029637
0.016631
-0.112222
0.038933
-0.021109
0.032013
-0.076379
0.028465
-0.022810
-0.090533
0.040708
0.007613
0.014442
-0.062995
0.084150
-0.055882
0.038685
0.049666
-0.059647
-0.103043
0.019847
-0.008221
-0.020677
0.025842
0.008328
0.050981
0.081919
0.037209
0.015446
0.052073
-0.008709
0.017439
-0.017616
-0.056475
-0.036173
-0.045487
-0.066385
0.063149
0.027492
-0.032364
-0.078250
0.061872
0.048805
-0.050452
-0.033664
-0.037239
-0.009905
-0.036213
-0.099944
-0.078432
0.037398
0.044606
0.073693
0.066001
0.000949
0.022711
0.084817
-0.004186
0.046891
0.022451
0.014603
0.063113
-0.025121
-0.015025
-0.003332
0.041022
-0.007399
-0.028498
-0.090520
0.077905
0.117409
0.086103
-0.094308
-0.077193
0.035667
-0.029499
-0.033809
-0.064473
0.020088
-0.039833
0.036205
0.042284
-0.063184
0.040629
-0.022811
0.021641
0.015707
0.035761
-0.041115
0.047337
0.038009
0.018096
0.014549
0.016607
0.068230
0.037946
-0.045633
0.137481
0.044242
-0.005920
-0.098802
0.047050
0.011377
-0.076286
0.024165
0.001370
0.027867
-0.096196
0.051801
0.013193
-0.073216
0.092221
-0.039059
-0.089520
0.048836
0.035888
-0.090707
-0.003031
-0.041475
0.065970
-0.063780
-0.025341
0.086830
-0.023310
-0.099669
-0.040825
-0.050077
0.148616
0.071364
0.061673
-0.029517
0.034359
0.076694
-0.047087
0.009000
0.054185
-0.033188
-0.064399
0.006530
-0.108527
-0.031728
0.085075
-0.062816
-0.111927
0.024556
0.054883
-0.022913
0.054273
-0.078970
-0.053540
0.015307
-0.001101
-0.084453
0.037804
0.056906
0.051319
-0.070200
-0.016131
0.083100
0.001400
-0.058200
-0.009961
-0.002348
0.010965
0.033126
0.038970
0.064468
-0.002870
-0.075387
0.113631
-0.072368
-0.007862
-0.020315
-0.012692
-0.050550
-0.055491
-0.001164
-0.141281
0.003539
0.009112
0.061131
-0.048310
-0.082711
-0.016539
0.049719
-0.067997
0.122676
-0.044706
-0.006374
0.075385
0.004813
-0.018076
0.143520
0.045563
0.042563
-0.003606
-0.023870
0.038489
-0.004959
-0.031176
0.045610
0.011171
0.118072
-0.015008
-0.034149
0.028506
-0.068697
0.010335
0.002927
-0.004517
0.023315
-0.058155
-0.015078
0.121429
0.039648
-0.002810
-0.054822
-0.024680
-0.050839
0.026592
-0.037247
0.000109
-0.033703
0.018722
0.133508
-0.040238
0.001911
-0.051937
0.020430
0.049873
0.075500
0.009638
-0.004950
0.042238
0.047024
0.132868
-0.042816
-0.004784
0.042140
0.081871
0.029167
-0.057698
-0.117159
0.056886
-0.098709
0.003400
0.055924
0.016116
0.007119
0.042023
0.002157
0.025601
0.056197
0.118048
-0.076327
-0.039974
0.014000
0.076386
0.032010
0.042389
0.025044
0.010742
-0.081863
-0.058771
-0.001995
0.081098
0.057715
0.042473
0.037544
0.012307
-0.030228
-0.037470
-0.005471
-0.064483
0.029979
-0.103424
0.105438
0.013371
0.086927
0.047831
-0.061800
0.004291
0.040464
-0.015708
0.020212
-0.051577
-0.022896
-0.018201
-0.093047
0.097300
0.040237
-0.142488
0.051711
0.092499
0.079945
0.071989
-0.032416
-0.041333
-0.086466
-0.031146
0.062105
-0.014216
0.137633
-0.002455
-0.003777
-0.006556
-0.038848
-0.016612
-0.031241
-0.055797
0.020018
-0.035663
-0.055884
-0.009559
0.008248
-0.004929
0.013639
0.019035
0.003195
0.032309
0.059720
-0.061222
-0.142854
0.028603
0.022496
0.028507
-0.010484
-0.056661
0.065125
-0.019185
0.037216
0.031063
0.020724
0.001350
-0.015214
0.022139
0.015564
0.069456
0.057678
-0.060308
-0.025132
0.002211
-0.025096
-0.006326
0.110635
-0.023106
0.031442
-0.086959
0.022288
0.055452
0.013676
-0.048116
-0.059286
0.061642
-0.108162
0.008816
-0.062623
-0.026286
-0.048862
0.081678
-0.034856
0.017436
0.156060
0.022921
0.014628
0.124327
-0.017984
-0.055919
0.098860
0.008255
0.001657
-0.046876
-0.005047
0.018439
-0.001087
0.018489
0.004065
0.139706
-0.044594
-0.057752
-0.025071
-0.125316
0.003637
-0.040616
-0.049640
0.035491
0.040102
0.025606
-0.010500
0.074855
0.018311
0.030267
-0.020618
-0.068162
0.011637
-0.017633
-0.005586
-0.051127
-0.035401
-0.009197
-0.079620
-0.074207
-0.037116
0.043777
0.026736
0.049180
-0.038430
0.007268
0.017861
-0.028173
0.058780
-0.007998
0.110992
0.037481
0.015501
-0.083344
-0.034744
0.017611
0.042622
-0.044146
-0.070729
-0.001935
-0.048118
0.003440
0.028111
0.014722
-0.032172
-0.044191
0.059933
-0.052815
-0.073504
-0.002737
-0.091682
0.019606
0.002274
0.013675
0.050091
0.014194
0.030278
-0.064316
0.001593
-0.082281
-0.018022
0.152166
0.053308
0.053645
-0.053925
-0.008851
-0.085113
0.098332
-0.044332
-0.102928
-0.064680
0.018587
-0.003142
0.026053
-0.052817
0.026800
-0.084915
0.037089
-0.057602
-0.030525
0.016160
0.052537
-0.008271
0.013351
-0.025770
-0.039668
0.110775
-0.040592
-0.020228
0.040592
0.018276
0.059738
-0.091197
0.001218
-0.027366
-0.007944
0.047012
-0.051266
-0.015909
0.069822
-0.071333
0.075377
-0.088066
0.083525
0.083780
0.019723
0.020015
-0.017230
0.012061
0.047528
-0.008425
0.005296
0.067708
0.051193
-0.033628
-0.063478
0.038882
-0.040511
-0.057511
0.158209
0.014871
-0.036065
0.046332
-0.062760
-0.059784
-0.022128
-0.015749
-0.041221
0.002903
0.121493
0.013086
0.048310
0.034114
-0.061581
-0.074828
0.096223
0.003486
-0.044352
0.001098
0.038329
-0.088641
-0.024355
0.064297
0.037072
-0.059790
0.005837
0.081014
0.079264
0.092650
0.036746
-0.127944
0.086556
0.007827
0.071877
-0.101580
-0.014283
-0.026802
-0.045011
0.041889
-0.029879
0.013153
0.020795
0.039343
0.048726
-0.017717
0.050779
-0.034308
0.007557
0.051731
-0.024240
-0.017426
0.021756
-0.054313
0.096319
-0.009764
0.033941
0.050299
0.009793
0.018312
0.075427
-0.025573
0.082437
-0.019814
0.129285
0.042077
-0.024192
-0.013521
0.054135
0.046139
0.036988
0.029672
0.089099
0.067882
0.089993
-0.020049
-0.049988
-0.060206
-0.031298
-0.007452
-0.041760
0.067508
0.003372
-0.045989
0.014269
0.023747
0.040048
-0.022881
-0.018221
-0.008155
0.035871
-0.012982
0.030696
-0.045085
-0.021424
0.073352
0.086587
0.021691
-0.027772
0.079282
0.044674
0.076428
-0.052157
0.039110
0.021696
-0.034555
0.013344
0.018516
0.006333
-0.016402
-0.019033
0.081056
-0.005241
0.016113
-0.110542
-0.023621
0.003249
-0.088972
-0.016869
-0.021551
-0.038553
0.069596
0.012886
-0.088771
-0.063080
-0.011332
-0.009182
0.057214
0.088133
0.024614
-0.103687
0.045786
0.007018
-0.038358
0.018034
0.030898
-0.007491
-0.002836
0.065521
-0.011617
0.041487
0.058784
0.035017
-0.038885
-0.043268
-0.087046
-0.000399
-0.019818
0.071198
-0.032445
0.077937
-0.066537
0.014581
0.060753
0.011445
0.097419
-0.073422
-0.085465
0.034965
-0.014852
0.035623
-0.041265
0.066031
0.048792
-0.167102
-0.013060
-0.040601
-0.098215
0.008749
-0.066304
-0.064222
0.061144
0.028242
-0.029058
0.002574
-0.017274
-0.083415
0.003848
0.090439
-0.127885
-0.009887
-0.028141
0.009160
0.165222
-0.027680
0.084863
-0.033658
0.021129
0.007380
-0.016521
-0.077220
-0.024200
-0.096510
-0.119314
0.020689
0.049684
0.037664
-0.004997
-0.051453
0.024938
0.121023
0.044678
0.124584
-0.051337
0.055876
-0.054694
-0.164866
-0.020124
-0.003780
-0.017142
-0.119036
-0.001474
0.015663
-0.034533
-0.033948
-0.115609
0.001786
0.038331
0.043153
0.032674
-0.065120
-0.071650
0.067633
0.083345
-0.032341
0.005853
-0.063731
0.017524
-0.012824
0.007016
-0.051526
0.071309
-0.070351
-0.038953
0.020180
0.061628
0.077552
0.023649
0.022891
-0.043651
0.150840
0.046870
-0.107786
0.090829
-0.006652
-0.024992
0.009464
0.055582
-0.008487
0.038993
0.013928
0.040459
-0.111983
-0.092115
0.045506
0.034831
0.026209
-0.002375
-0.060041
-0.041914
-0.131382
0.039330
0.001784
-0.061418
0.073966
-0.032421
0.091040
0.010970
-0.016158
-0.013629
-0.030552
0.008142
-0.010821
0.018370
0.028944
-0.038906
0.004046
0.116919
0.015245
-0.013202
-0.065044
0.021005
0.012347
-0.061823
-0.032882
-0.181705
0.076596
-0.033329
-0.116998
0.023265
0.005110
0.064427
-0.029747
-0.053294
-0.044772
-0.005037
0.066582
0.002796
-0.017070
0.080080
0.088843
-0.014576
-0.069678
0.013726
-0.026040
0.056476
-0.048993
-0.025508
-0.001484
-0.093590
-0.062925
-0.036325
0.000805
-0.089592
0.025611
-0.030514
0.034016
0.007406
0.010197
-0.058315
-0.031563
0.036614
-0.040306
0.042404
0.075198
-0.005296
-0.056720
0.054292
-0.072521
-0.027543
0.087464
0.045927
-0.025080
0.029022
0.075591
-0.029826
0.042685
0.013834
-0.035683
0.019277
0.039993
0.040847
0.066655
-0.015307
0.033700
0.025176
-0.008179
-0.055428
0.034555
-0.032770
-0.054775
-0.009526
0.144258
-0.033476
-0.026317
-0.000530
-0.032526
-0.039934
-0.038003
0.073140
0.009023
-0.031082
-0.023301
0.059855
-0.034432
0.052976
0.008149
-0.065894
-0.035852
-0.025302
-0.043477
-0.014930
0.024056
0.066350
0.084565
-0.008515
0.004411
-0.086187
0.055995
0.072351
-0.056815
0.001522
-0.065978
0.039133
-0.003240
-0.078109
-0.005551
-0.018367
0.079925
0.033966
0.008331
-0.030691
0.067733
0.038631
-0.008705
-0.041346
0.081476
0.008789
0.061948
-0.095167
0.004247
0.065869
-0.039110
-0.016459
0.036550
0.087476
0.041377
-0.057863
0.016193
-0.048863
0.020487
-0.005430
0.036118
-0.041707
-0.094054
-0.029933
-0.026721
-0.013638
0.002302
0.001657
-0.036869
0.039312
0.024534
0.047370
-0.073235
-0.026069
0.027733
-0.025830
0.097034
-0.055936
0.044623
-0.115948
-0.028423
0.050142
-0.072785
0.023922
-0.091061
0.038134
-0.016156
-0.022706
-0.029234
0.033418
-0.014606
0.036064
-0.005161
0.050567
0.044026
0.066485
0.045327
0.090244
0.068388
0.058530
0.059319
-0.059422
-0.073567
0.014839
0.040774
-0.002479
-0.031493
-0.054288
0.027151
0.024233
-0.014670
0.080000
0.031164
-0.041042
0.031796
0.038554
-0.018275
0.065341
-0.127782
-0.019142
-0.009001
0.016260
-0.043973
0.102172
0.007797
-0.069439
-0.001247
-0.037972
0.094933
-0.080995
-0.027585
0.015948
0.042471
0.031470
0.004121
-0.039101
0.052468
-0.126423
0.013494
-0.015065
0.091991
-0.002693
-0.005299
-0.040033
-0.004832
0.013829
-0.013732
0.036397
-0.059189
0.082345
0.096171
-0.050098
-0.003337
0.063247
-0.001500
-0.017712
0.018936
-0.082168
-0.011037
-0.024097
-0.045671
0.012600
0.078083
0.041514
0.018518
-0.015661
0.036426
0.002709
-0.032996
-0.103861
0.088198
-0.057806
-0.029420
-0.022550
-0.032548
0.082999
0.024078
0.009542
0.059350
-0.113733
0.077208
0.039778
0.050533
0.013181
0.101288
0.002979
-0.013125
-0.010842
0.054542
-0.110971
0.081056
-0.070338
-0.047325
-0.107418
-0.020236
-0.056222
-0.024021
-0.042482
-0.002837
0.028432
0.017207
-0.090543
-0.006839
-0.054671
-0.041308
-0.017513
0.125772
-0.000810
0.015192
-0.021298
-0.073615
0.052163
-0.033610
0.001777
-0.060393
-0.093497
-0.019498
-0.045135
-0.038063
0.025744
-0.001324
0.018528
-0.011492
-0.154086
0.042764
-0.071342
0.068571
0.033364
-0.026621
0.017075
0.017008
0.023662
0.027564
-0.012782
-0.024919
0.011904
-0.001270
0.135354
0.057865
0.020094
-0.012044
-0.063353
-0.011654
0.030664
0.050873
0.085103
0.029411
-0.014848
-0.031219
-0.029048
0.046595
0.006386
0.006933
-0.036180
-0.036323
0.054313
0.021732
-0.008460
-0.031316
-0.050011
-0.105102
0.011081
-0.023133
0.097888
-0.058611
-0.067797
0.050596
0.062361
-0.008219
0.022224
-0.049219
0.031243
-0.014417
-0.033771
-0.085954
0.010246
0.047794
0.039432
-0.017993
-0.065058
0.019018
0.061039
0.083592
0.024917
0.030849
-0.035830
-0.035200
0.037785
0.005528
-0.000178
-0.028668
0.045034
0.045236
0.012432
-0.025311
0.013209
0.054038
0.005564
0.056182
-0.079393
-0.122608
0.016830
-0.036070
0.039796
0.082344
0.030116
-0.041084
0.028492
-0.095928
0.093788
-0.032557
0.090287
-0.057690
-0.002397
0.115378
0.062236
0.055823
-0.006504
0.055303
0.050591
-0.093506
0.018132
-0.019022
-0.069655
0.048573
-0.127828
0.019542
0.004830
0.121821
-0.009308
-0.033382
0.024051
-0.007701
0.053526
-0.013032
-0.079602
-0.077380
-0.016309
0.034291
0.024547
-0.019233
-0.036477
0.021703
-0.023148
-0.010109
0.021149
-0.159661
0.039793
0.020250
0.010707
-0.039883
-0.078563
0.002613
0.028661
0.025311
0.028125
0.063666
-0.003473
-0.089101
-0.002981
-0.076045
-0.027810
-0.052907
0.024679
0.062667
-0.063948
0.018411
0.006986
-0.057865
-0.034579
-0.016438
-0.032344
-0.003384
-0.014889
0.032172
0.069738
-0.037223
-0.117633
-0.067059
-0.021618
-0.076130
-0.011832
0.018740
0.100314
0.026422
0.002828
0.009516
-0.018003
-0.021465
0.015280
-0.004764
-0.047456
0.003200
-0.011790
-0.069877
-0.093190
-0.051637
0.020466
-0.091095
0.013884
-0.024809
-0.088005
0.047881
0.008132
-0.031965
-0.038445
0.086434
0.024851
0.057884
-0.041102
0.010549
-0.038138
0.010709
-0.009076
-0.051267
0.068191
0.056059
0.005997
-0.026982
-0.051656
0.087448
-0.015993
0.050493
-0.018723
0.017014
-0.066036
0.096091
0.058214
-0.111526
0.013780
0.015711
0.023756
0.055879
0.039789
0.079554
0.052367
-0.031821
0.068061
-0.031797
0.082609
0.058024
0.064081
0.019883
0.030740
0.012117
0.085312
-0.065362
0.050831
0.036487
-0.015168
-0.009086
0.025499
-0.021146
-0.054672
0.005650
0.042398
-0.060127
-0.046662
-0.044881
-0.026164
0.083010
0.030337
0.009415
0.010396
-0.052509
0.090940
-0.011605
0.005199
0.041438
-0.005012
0.110361
-0.044581
-0.049317
-0.022286
0.089415
-0.010057
0.013024
0.019385
-0.014851
0.016584
0.029396
-0.024042
0.034159
-0.025863
0.030377
0.075301
0.032257
-0.099072
0.070358
0.048422
0.028646
-0.009285
0.024299
0.046436
-0.084401
-0.009701
0.105145
-0.005230
-0.042694
-0.044034
-0.025777
0.033618
0.006657
-0.023100
0.049068
0.085944
0.016477
-0.005052
-0.046988
0.004084
-0.049996
0.049716
-0.016390
-0.026676
0.001446
-0.007702
0.038675
0.171880
0.037766
0.076976
0.002436
0.069706
-0.009819
-0.017023
0.031870
0.041674
0.139862
-0.030163
0.067626
0.006953
0.085580
-0.018255
0.021030
0.018675
-0.082014
0.060409
0.026063
-0.119674
-0.004368
-0.086623
0.027043
0.034076
-0.013001
0.020166
-0.111283
0.005946
-0.064558
0.020828
-0.036174
-0.033821
0.040707
-0.071758
0.050757
0.068108
0.026350
0.062777
-0.087560
-0.026579
-0.067300
0.052794
0.019137
-0.075636
-0.003919
0.097321
-0.022270
-0.060297
0.005910
-0.119465
-0.013034
0.069433
0.007727
-0.001057
0.034591
0.018272
0.071659
-0.006335
0.029304
-0.054628
-0.061856
-0.000970
0.023923
0.034500
0.026530
-0.013587
-0.031627
-0.035956
0.070108
0.019596
-0.153459
0.012932
-0.035818
-0.000682
-0.025280
0.094899
-0.034458
-0.021342
-0.071417
-0.024728
0.036573
0.016618
-0.067250
-0.016046
-0.039375
0.030766
0.044291
-0.041702
-0.113297
-0.085655
-0.035591
0.063962
0.038124
-0.024899
0.059680
-0.027823
-0.001525
-0.056315
-0.054123
0.016082
-0.002987
-0.013160
-0.040377
-0.043448
0.011162
-0.082921
0.066611
0.003295
-0.047493
0.011716
0.001194
0.050961
0.056561
-0.020740
0.016561
-0.018684
-0.063902
-0.081829
0.019522
-0.025144
-0.052601
-0.013859
0.014786
0.034475
0.031148
-0.007086
0.079891
0.063808
0.100979
-0.080096
0.131106
-0.005433
-0.049551
-0.092972
-0.014603
0.057361
0.001966
0.028600
-0.004084
-0.010548
-0.027191
0.040460
-0.020866
-0.072330
0.057898
-0.073956
-0.018205
0.085436
-0.054068
0.018898
-0.044357
-0.030955
0.074668
0.003478
0.022956
-0.002665
-0.018167
-0.089825
-0.109850
0.005866
0.006412
-0.046154
-0.038880
0.003869
-0.089409
-0.046949
0.091694
-0.015343
0.032566
0.023434
-0.021707
0.013658
-0.000580
0.034389
0.094815
0.006317
-0.060832
0.028428
0.036821
-0.016186
-0.054932
-0.020604
0.015282
-0.030442
-0.000292
-0.076237
0.028882
0.025529
0.056827
0.034592
-0.021518
0.025792
-0.037865
-0.028554
-0.038685
-0.027471
-0.048070
-0.099056
-0.012176
0.021608
0.056024
-0.041325
-0.002529
-0.022988
-0.018584
0.099770
-0.031044
0.038435
-0.088725
-0.074672
-0.093230
0.080680
-0.052995
0.048915
0.029324
-0.065904
0.106552
-0.076769
0.004725
-0.000831
-0.031690
0.002634
0.010680
-0.104262
-0.072952
0.084516
0.017789
-0.025849
0.022689
0.067673
-0.025580
-0.017611
-0.034584
0.008393
-0.046290
-0.001061
0.042159
-0.068582
0.136627
-0.026667
0.097949
-0.109298
0.084437
0.028774
-0.078907
-0.042027
0.020386
-0.019486
-0.031390
0.018748
-0.079443
0.049736
-0.040712
-0.114631
-0.030552
0.049174
-0.104645
0.017792
0.027738
0.079580
-0.024470
-0.048059
0.032452
-0.001682
-0.085987
-0.018640
0.051758
-0.051714
0.016699
0.001239
0.003658
0.048586
0.048525
-0.098675
0.050979
0.019267
-0.007109
0.048501
-0.002160
-0.111872
-0.013345
0.043329
0.018555
-0.017312
-0.016189
0.008407
0.020164
-0.015277
0.021190
0.015812
0.010185
0.099682
-0.013619
-0.027363
-0.014220
-0.018750
-0.014009
0.041855
0.121265
0.034985
0.055269
0.000890
0.088385
-0.062737
0.043276
-0.011774
-0.033153
0.012695
0.000604
0.016009
-0.030488
0.014479
0.034109
0.010121
-0.064860
0.035610
-0.035543
-0.061909
-0.028308
-0.023345
0.013908
-0.021332
0.078187
0.007518
-0.082097
0.099883
-0.058122
-0.035229
-0.003941
0.006984
0.002099
0.053771
-0.009680
0.081058
0.044972
-0.064572
-0.015202
0.001233
-0.086337
0.036895
-0.055896
0.108026
-0.049015
0.003547
0.004600
0.069728
-0.027291
0.068493
0.027664
-0.065915
-0.066423
0.139402
0.030318
0.029537
0.066973
0.001932
-0.033974
-0.023461
0.027288
0.012956
-0.058434
-0.021368
-0.088386
0.022797
-0.002263
0.029331
0.063441
-0.037129
0.075493
0.005368
-0.036740
-0.023173
-0.010352
-0.172785
0.057995
0.053049
0.058653
0.058438
-0.039685
-0.069751
0.021402
0.094322
-0.044561
-0.030486
-0.053528
0.065953
0.102265
-0.009324
-0.082096
-0.089018
-0.019514
-0.097764
0.077518
0.005392
0.102743
-0.007691
0.001043
0.080532
0.067015
-0.147303
0.041802
0.040105
0.030736
0.004771
0.070446
0.021659
0.039046
-0.032999
-0.005545
-0.070625
0.000947
-0.132815
0.049784
0.001120
-0.039786
0.021966
0.034586
0.027566
-0.003321
-0.058543
0.052478
0.035934
-0.055373
0.082866
0.016928
-0.033755
0.036211
0.012524
0.000484
-0.057432
-0.017694
0.006988
0.037513
-0.034462
-0.054249
-0.075123
-0.000783
-0.033803
-0.008733
-0.035442
0.011077
0.062506
-0.007050
0.044180
0.026707
0.032010
-0.026349
-0.009509
0.011563
0.053106
-0.007875
-0.017167
-0.080823
0.062647
0.071908
0.008542
0.036986
0.006957
-0.007110
0.101335
0.059256
0.082010
0.034380
0.021270
0.012968
0.002252
0.060605
0.033195
-0.076560
-0.044913
-0.070481
-0.020513
-0.061751
0.013311
-0.021749
0.060345
0.051705
-0.093464
-0.006209
0.015767
-0.006294
-0.070092
0.049219
-0.014697
-0.034546
-0.079195
-0.025873
-0.058552
-0.005542
0.012574
-0.005296
0.047672
-0.026518
-0.095329
0.070114
-0.035301
-0.009525
0.035246
-0.028844
-0.016000
0.093237
-0.042131
0.010772
0.047558
-0.012846
-0.033271
-0.044102
0.055025
0.063460
0.002082
-0.094409
0.038318
0.059486
0.135878
-0.092914
0.002594
0.020314
0.019015
-0.027438
0.001689
-0.035589
0.043466
0.073920
0.081867
0.061440
0.019496
-0.031937
-0.025931
0.083388
0.052312
0.016713
0.069365
0.076560
0.001677
0.017079
-0.063682
0.030994
0.044473
-0.062845
0.030183
-0.019136
0.052466
-0.087627
-0.052973
-0.004767
-0.000908
-0.023756
-0.111850
-0.020444
0.033824
0.039232
0.013941
0.003954
-0.057644
-0.045359
0.082912
-0.084593
0.007509
0.014426
-0.050423
0.038132
-0.058904
-0.053299
-0.001582
0.084844
0.036561
0.015180
0.057807
0.022039
-0.098395
-0.040900
-0.055389
-0.006037
0.160769
-0.026676
0.056779
-0.022213
0.018960
-0.027221
0.043990
0.055161
-0.012665
-0.119536
-0.032161
0.023850
0.025770
-0.125027
-0.022136
0.034834
-0.132312
-0.035002
0.034072
0.050163
-0.062753
-0.026455
0.043677
-0.021330
0.026677
0.019274
-0.007138
0.094990
-0.005463
-0.003388
-0.002846
-0.026635
-0.031672
0.030420
-0.021331
0.020286
-0.037779
-0.060290
0.044287
0.065493
-0.085372
0.066832
0.008586
-0.007768
-0.042827
0.012454
0.033251
-0.019694
0.035956
-0.008118
0.005154
0.064253
-0.034635
-0.038864
0.004231
-0.084117
-0.062782
-0.011780
0.001811
-0.014249
0.087953
-0.076175
0.071195
-0.046343
-0.057726
-0.012966
-0.038538
0.068815
-0.054064
-0.012379
0.042252
-0.069430
0.046839
-0.117060
-0.093859
-0.049341
0.021609
0.001752
-0.045474
0.005323
0.029518
0.101685
0.026808
-0.051045
-0.007690
0.074304
0.040334
-0.041155
0.021004
-0.059857
0.017754
0.025312
-0.037559
-0.014480
-0.002480
-0.008826
-0.025195
0.004274
0.042160
0.062980
-0.034380
-0.018841
-0.015255
0.078478
0.011418
-0.006253
0.003181
0.043932
0.022535
-0.031138
-0.032251
-0.011338
-0.031716
0.000455
0.053857
0.016659
-0.064583
0.007193
-0.015040
-0.003459
-0.082108
0.039214
-0.086961
-0.050804
0.009167
-0.022521
-0.109441
-0.007984
0.073760
-0.004221
0.078294
0.097191
-0.043930
-0.077458
0.033694
-0.039221
0.046735
0.059194
-0.031714
0.082581
0.069538
0.027509
-0.026074
0.009774
-0.046789
0.030906
-0.008961
-0.012206
0.092002
0.042439
0.009976
-0.003101
0.110452
-0.010486
-0.036744
-0.052351
-0.061958
0.013717
-0.005972
-0.010168
-0.012655
-0.001049
0.084913
-0.037304
-0.088575
0.002755
-0.019825
0.010293
0.073440
-0.042871
-0.071919
-0.069964
0.100121
-0.006315
0.008099
0.013546
-0.089202
0.011105
0.085421
-0.068547
0.003403
-0.024614
0.035180
-0.041887
-0.036512
0.102752
0.057500
0.024441
-0.080138
-0.063351
0.031774
-0.016924
-0.010239
0.005245
-0.066491
-0.040289
0.061888
0.022405
0.076628
0.004776
0.010363
0.003613
-0.036299
0.007296
-0.064888
0.078753
0.095223
0.007019
-0.053586
0.099619
-0.004360
-0.068207
-0.137070
0.039419
-0.010381
-0.020056
0.089386
0.001577
-0.010893
-0.070499
-0.006363
-0.100761
0.026154
-0.069306
-0.018733
-0.073603
0.003233
-0.020809
0.049308
-0.052210
-0.021888
0.029806
0.019141
-0.000263
-0.043237
0.087676
0.038602
-0.000984
0.138578
0.075276
0.041580
-0.015067
-0.003776
-0.116124
-0.016531
0.010066
0.060268
0.081237
0.116958
-0.018905
0.055216
0.025636
0.010413
-0.079948
0.092032
-0.032294
0.068079
0.076062
0.078493
-0.030209
0.084307
0.061159
-0.019497
-0.013462
0.037472
-0.049119
-0.024183
0.045723
-0.024398
-0.019888
0.067881
0.085549
-0.025660
0.035616
0.073323
0.061934
-0.002549
-0.005358
-0.071617
-0.097533
-0.005235
0.031801
0.063089
-0.052878
0.061445
0.017478
-0.049755
0.012221
-0.043705
-0.018121
-0.007048
-0.028368
0.061965
-0.082862
-0.096276
-0.060112
-0.028909
-0.037855
-0.018625
-0.011155
0.080490
-0.074660
0.070481
-0.024146
0.054723
0.028104
-0.054436
0.037918
-0.055961
0.049494
0.027217
0.001146
0.120023
-0.026523
0.032998
-0.014562
-0.014814
-0.075613
0.102177
-0.060415
0.016416
0.038753
0.053380
0.031562
-0.060281
0.043150
-0.006739
0.015883
0.068297
0.020629
-0.011742
0.103900
0.037561
0.019467
-0.015537
0.076280
0.001510
0.044758
-0.034817
-0.008188
-0.041492
0.048204
-0.041654
-0.077350
-0.007362
-0.034346
-0.056507
0.053526
-0.088909
-0.070737
0.015650
-0.020600
0.002742
-0.006709
-0.010004
-0.041896
-0.049329
-0.035560
-0.010405
-0.033252
0.027933
-0.018473
-0.044086
0.066191
0.070654
-0.027147
0.007976
-0.044144
0.092301
-0.045911
0.032906
0.077842
0.001800
-0.005808
-0.060918
0.059690
0.028593
-0.033992
-0.066482
0.048780
0.013066
-0.103823
-0.021325
0.003879
-0.010448
-0.009790
-0.001100
0.089568
0.025691
-0.127306
-0.055070
-0.045337
-0.037426
-0.008788
0.005553
0.090196
-0.035364
-0.045324
-0.008142
-0.057686
-0.012747
-0.067228
-0.035361
-0.068912
-0.040545
-0.032086
0.030251
0.047767
-0.091115
0.048463
0.015546
0.030953
0.057460
0.007304
-0.036926
-0.029022
0.038261
-0.038307
0.094865
0.013983
-0.106220
-0.112055
-0.037128
0.016558
0.009315
-0.034797
-0.012774
0.070858
-0.019331
-0.001382
0.029985
-0.069343
-0.056836
0.105840
-0.039743
0.048154
0.009980
-0.012029
0.013589
-0.056709
-0.004821
-0.097620
-0.085009
-0.046135
0.052983
-0.106071
-0.000097
-0.054078
-0.063401
0.008530
-0.088484
0.014632
-0.026052
-0.009452
-0.040858
-0.125026
0.032461
-0.065857
-0.020317
-0.009908
-0.070723
0.025151
0.000691
0.040281
-0.072311
0.006709
-0.058023
0.078089
0.060826
-0.001720
0.019365
-0.042863
-0.080174
0.015419
-0.064275
0.072637
0.029988
0.008758
-0.053182
0.066059
-0.093288
0.052723
0.014915
-0.032111
-0.057847
-0.045829
0.015853
-0.050606
-0.045151
-0.129916
-0.032107
0.011553
-0.010734
-0.012073
0.075946
-0.092019
-0.015189
0.021321
-0.027893
0.032337
0.005525
0.003118
0.076041
0.011119
0.047382
0.035112
-0.033381
0.047698
-0.019014
-0.010680
-0.057413
0.078738
0.016483
0.070485
-0.010850
0.066598
-0.065908
-0.010192
-0.001611
-0.056535
0.033606
0.022657
0.055756
0.028886
-0.027670
-0.021797
-0.089672
-0.033395
-0.087466
0.011598
0.009125
-0.087512
-0.050644
0.022814
0.079604
-0.004094
0.047141
0.045709
-0.030799
0.026827
0.100345
-0.066792
-0.040888
0.008948
0.003809
0.004509
0.034037
0.050741
-0.013617
0.158237
-0.053007
-0.041018
0.083634
-0.002317
-0.017289
0.016427
0.003085
-0.023514
-0.007860
-0.007110
-0.074190
-0.022037
-0.089610
-0.000092
0.000091
0.012289
0.007624
-0.022652
0.048602
0.014502
0.019277
-0.014813
0.022846
-0.059437
0.098347
0.070005
-0.022370
-0.032854
0.112714
-0.040901
0.022036
0.010143
0.075963
0.034367
0.037866
0.057837
0.004097
0.039131
-0.034448
0.013294
0.022831
-0.011603
-0.049898
0.090139
-0.035050
0.078741
0.001566
-0.015730
0.039957
-0.056317
-0.084982
0.009203
0.008290
-0.043513
0.000138
-0.027695
-0.031688
0.058148
-0.039363
-0.091200
0.016808
0.020691
-0.027362
-0.068895
0.018490
0.054745
0.017276
-0.053445
0.088975
-0.040109
-0.028857
-0.104248
0.026431
-0.047355
0.032620
-0.000582
0.033480
0.031044
-0.019257
0.010043
0.032114
-0.023352
-0.068751
-0.036089
-0.023894
-0.071750
-0.064568
0.041777
0.067290
0.002502
0.054109
0.048674
0.082746
-0.058927
-0.033624
0.061509
0.025694
0.009022
-0.044337
-0.061422
0.021560
0.075674
0.024038
-0.021322
0.020915
-0.050440
0.026663
0.017742
0.058144
0.032896
-0.013272
-0.003276
-0.073932
0.014616
-0.010770
0.003912
0.041392
0.009856
-0.052368
-0.005390
0.021058
0.131121
0.010949
-0.055452
-0.054877
-0.019014
0.003809
-0.009951
-0.024131
-0.025105
-0.022147
0.019203
-0.020697
-0.018874
-0.047972
0.099049
0.118732
0.046348
-0.081764
0.005824
0.110810
0.026120
0.015802
0.032698
-0.051157
-0.038581
-0.020065
0.003473
-0.077735
-0.046404
-0.008927
-0.018952
0.004757
-0.015020
-0.044067
0.064407
-0.011057
-0.062194
0.002564
0.075611
0.051531
-0.008581
0.017912
0.058458
0.006720
-0.044933
-0.080450
-0.008469
-0.053614
-0.041647
-0.005677
-0.028346
0.063269
0.073283
-0.035624
0.042931
0.033624
-0.084005
-0.032773
0.043974
-0.060995
-0.018700
0.071236
0.062478
0.120609
0.052117
0.045190
-0.064252
0.109215
0.005162
-0.019684
-0.025116
-0.001227
0.054077
-0.060642
-0.031607
0.080904
-0.019284
-0.045577
0.021913
0.050162
-0.008630
-0.044662
0.006562
-0.043497
0.062726
-0.160058
-0.091042
0.029383
0.045848
0.060993
-0.046279
0.045142
0.006967
0.095786
-0.059346
-0.004751
0.024947
-0.066906
-0.098223
-0.017511
-0.006463
-0.030868
0.080846
0.066148
0.035476
-0.084197
-0.074456
-0.001459
-0.012652
-0.060258
0.025529
0.015114
-0.067928
0.040768
-0.049109
0.022430
-0.052388
0.045715
-0.015096
-0.028296
-0.003986
-0.063100
0.072586
-0.019897
0.002210
-0.035194
0.063320
0.018089
0.068846
0.006411
-0.048775
-0.027118
0.045538
0.037050
-0.088250
-0.106086
0.057928
-0.017476
-0.001586
-0.074733
-0.011951
-0.014182
0.125265
0.052425
-0.122674
-0.061169
0.067244
-0.020116
-0.040557
0.078982
-0.076265
-0.030271
0.018067
0.031861
-0.009382
-0.017068
0.027445
-0.033970
-0.003021
0.034064
-0.068176
0.056868
0.065445
0.025349
0.032625
0.010040
0.009638
-0.099713
-0.008726
-0.032638
0.026798
-0.100720
0.031649
-0.005440
-0.000181
0.023993
0.008960
0.024838
-0.004075
0.049881
0.007839
0.020565
-0.040643
0.072451
0.075940
0.114742
-0.093914
-0.026928
-0.010556
-0.137644
0.071165
-0.076947
-0.110110
-0.020352
-0.059129
0.039112
0.013047
0.044058
-0.013191
-0.073403
0.028612
0.064476
-0.026081
-0.018646
0.012815
0.003351
0.008749
0.067477
-0.066034
-0.022523
-0.011225
0.056565
-0.015604
-0.002515
0.046135
-0.060471
-0.050733
-0.040618
0.076390
0.004900
-0.022240
-0.024645
0.004505
0.006642
-0.026218
0.058737
0.093931
0.004450
-0.042202
-0.065596
-0.099635
-0.027911
-0.030694
0.085260
0.009004
-0.107180
0.004552
-0.053401
-0.076775
0.031838
-0.091796
0.003338
-0.009461
-0.000195
-0.028132
-0.071536
-0.000476
0.055774
-0.013610
0.084150
-0.028991
0.005337
-0.031838
-0.001437
-0.025190
-0.045272
-0.003572
-0.099852
0.028255
-0.029405
-0.081102
0.006241
-0.041117
0.000628
-0.005634
-0.013847
-0.050330
0.030138
0.048019
0.055330
-0.026397
0.036627
0.023274
-0.009455
0.005231
-0.016570
-0.065961
0.085173
0.050900
-0.029599
0.001365
0.027247
0.006886
-0.032876
0.020972
-0.052672
-0.023544
-0.001565
-0.087642
0.007243
-0.043186
0.030575
0.046918
0.035991
-0.047624
0.035113
0.019514
-0.003188
0.009919
0.022112
-0.002564
-0.106250
0.005951
0.052886
0.092740
-0.003038
0.028664
0.026766
0.001987
-0.037510
-0.054776
0.037783
0.080730
0.148201
-0.111744
0.052359
0.111487
-0.077688
0.165411
0.084539
0.015357
0.000427
-0.005484
0.037430
-0.035202
0.059434
-0.001589
-0.048662
0.038217
-0.023980
-0.027210
0.060739
-0.051796
0.091865
-0.067383
0.071004
0.030434
0.034783
-0.027890
-0.100535
0.027156
-0.059185
-0.043856
0.092905
-0.073210
-0.007983
0.003872
-0.022167
-0.068500
0.050769
0.009383
-0.043999
-0.012390
-0.020731
-0.007505
-0.082479
0.003842
0.069907
-0.000308
0.021540
-0.038910
-0.102998
-0.007690
0.082223
-0.021715
0.029985
-0.107534
-0.016083
0.032250
-0.063979
-0.005359
0.035731
-0.000188
-0.028324
-0.055101
0.067638
0.051718
0.076514
-0.067878
-0.050292
0.081413
0.001431
-0.013742
0.052777
-0.074905
0.048445
-0.001775
-0.089336
-0.027369
0.010589
-0.010601
0.082142
-0.008437
-0.001904
-0.060060
-0.121137
0.032507
-0.014515
-0.001613
0.048951
-0.060761
-0.090054
0.020688
-0.045044
-0.031365
-0.006238
-0.110261
0.020033
0.017477
0.065527
-0.003960
-0.045248
0.049773
-0.003218
0.018279
-0.178386
-0.078788
-0.068863
0.120416
0.036840
-0.022456
-0.043444
0.054118
0.092458
0.025663
-0.012084
0.004421
-0.061377
-0.008762
0.007815
0.043718
-0.015260
-0.003156
-0.006175
-0.029272
-0.054015
0.029760
-0.092798
0.041963
0.008093
-0.062229
-0.070665
0.031962
-0.032338
-0.094825
-0.015954
-0.026923
-0.015005
0.124483
-0.022302
-0.035452
-0.006571
-0.010200
0.028424
0.023354
-0.039793
0.029610
-0.008501
0.023647
-0.040483
0.052978
-0.022288
0.045442
-0.001436
0.108771
0.002176
0.027428
-0.033679
0.026576
-0.064829
0.075498
-0.070194
-0.009555
-0.105452
0.008782
0.007236
-0.012293
-0.126655
-0.068261
0.016926
-0.025730
-0.099038
-0.058549
-0.007364
-0.090656
-0.014105
0.043918
-0.005065
0.047612
-0.031137
-0.006544
0.039669
-0.049043
-0.014520
-0.064057
-0.014272
0.055219
0.017178
0.004179
-0.033192
-0.039505
-0.073513
-0.006267
0.064170
-0.037182
0.117553
-0.081451
-0.054609
-0.038999
-0.022480
-0.001006
0.067483
-0.038647
-0.099498
-0.074331
-0.002832
0.018672
-0.028135
0.027595
-0.015446
-0.005138
-0.006062
-0.008599
0.004800
0.086228
-0.020119
-0.021970
0.037075
-0.021543
-0.055325
-0.032819
-0.015595
0.056023
0.086081
-0.067587
-0.031391
0.033779
-0.037373
-0.030199
0.036121
0.045768
-0.087599
0.037232
0.005944
-0.003488
0.057985
0.087133
-0.010435
-0.102069
0.083152
-0.011714
0.087759
-0.008640
0.083499
-0.020933
-0.009946
0.074100
-0.037296
0.005402
0.061396
0.020016
0.012460
-0.079374
-0.024779
-0.027371
-0.067557
0.040826
0.043888
-0.108809
-0.062426
-0.066842
-0.021567
-0.076705
0.013905
-0.050237
0.059838
0.019374
0.044671
-0.015338
0.051443
0.086830
-0.118570
0.100426
0.059376
0.059563
-0.016252
-0.015660
0.044578
0.079079
0.145549
-0.008084
-0.025249
0.019121
0.018795
0.015445
0.017156
-0.078498
0.051807
-0.052794
-0.028839
0.026579
-0.103741
0.008004
0.017202
0.108780
-0.006562
0.009251
-0.008772
0.019717
-0.026599
0.009309
0.032447
0.046303
-0.059151
0.036645
0.062850
0.002486
0.069025
-0.022716
0.013246
0.004595
0.031194
0.036094
-0.013807
-0.051082
0.017153
0.052266
-0.064029
-0.006532
-0.038767
-0.029919
0.032665
0.005709
0.065184
0.002579
0.031861
-0.114508
-0.010773
-0.013092
0.087154
-0.010791
-0.052700
-0.010343
-0.025087
-0.035273
0.002094
0.002343
-0.011564
-0.004562
-0.035094
0.091910
0.075695
0.082412
0.005010
0.011018
-0.003522
-0.078790
-0.040437
-0.093903
-0.010135
0.009985
-0.001058
0.010262
0.001898
-0.036379
0.005969
-0.022910
-0.096134
0.033791
-0.024472
0.012489
0.090413
-0.064882
0.020691
0.028833
0.017745
-0.032890
-0.024035
-0.044305
0.015279
0.006551
0.057753
0.028616
-0.069267
0.035733
0.009197
-0.081530
-0.009351
-0.006270
0.023429
0.032459
0.193481
-0.004027
0.039267
0.012101
0.047809
0.008543
-0.012503
-0.013703
-0.004115
0.046312
0.053324
0.032907
0.064631
0.024467
-0.012452
-0.021896
-0.014993
0.004046
-0.013210
-0.016688
-0.048612
-0.009610
0.056212
-0.002662
-0.056570
0.057280
0.046401
-0.027150
0.007249
-0.026791
0.053729
0.068360
0.009760
0.115124
-0.064052
0.042680
0.007391
-0.026063
-0.028855
0.054637
-0.122957
-0.055809
0.047811
0.020578
0.117277
-0.080199
0.065898
-0.032871
-0.053319
0.050435
-0.003136
-0.020635
-0.052027
-0.041548
-0.023176
-0.014680
-0.130365
-0.009322
-0.092057
-0.052102
0.035661
-0.103328
-0.056269
0.174019
0.076565
0.005410
-0.015363
0.013376
0.010470
-0.091162
-0.037807
0.056782
-0.024552
-0.030632
-0.009708
0.051667
0.029360
-0.118235
0.059418
0.013050
-0.037611
-0.170838
-0.063803
-0.110553
-0.020098
0.053895
-0.060057
-0.083827
0.025394
-0.078918
-0.034213
0.026622
0.046294
0.071904
-0.045220
-0.001225
-0.043819
0.050029
-0.032831
0.016059
0.008419
-0.047388
0.057658
0.021527
0.050084
0.079226
-0.103206
-0.068654
0.015214
0.040950
0.028181
0.014325
-0.057547
0.046009
-0.075615
0.015325
0.032268
0.020765
0.009478
-0.063881
-0.004563
0.041486
0.043082
0.030258
-0.048731
-0.071594
-0.015130
-0.020101
0.042095
-0.116681
-0.056058
-0.064611
0.028041
-0.014718
-0.012276
0.015458
0.013062
-0.002762
-0.067255
-0.058943
-0.061744
0.103956
-0.050239
0.013253
0.068465
-0.006980
0.009076
0.013175
-0.024937
-0.042745
-0.045448
-0.004392
0.033164
0.065493
-0.097310
0.077052
-0.027781
-0.001378
-0.108435
-0.076421
0.012390
-0.023990
-0.022865
-0.018149
-0.119426
0.022152
-0.107850
-0.032334
0.007193
0.011671
0.004234
-0.050368
-0.001200
-0.065662
-0.050363
-0.028630
-0.052617
0.095468
0.064203
0.058084
0.026632
0.045640
-0.014954
-0.107351
-0.021504
-0.007915
0.002078
-0.016334
0.025029
0.005990
0.049436
0.048878
0.010084
-0.007709
-0.006375
-0.054572
-0.034007
0.022206
0.016769
-0.009620
-0.049624
-0.021577
0.082039
-0.067571
0.019490
0.045677
-0.018974
-0.037243
-0.061138
0.022405
-0.028003
0.082489
-0.020631
-0.078347
0.001332
0.046148
-0.023016
-0.022401
0.042449
0.016749
0.023921
0.022677
-0.112418
0.033292
-0.014581
0.048227
0.028019
0.049221
0.049405
0.050713
-0.005059
-0.097542
-0.057499
0.025714
-0.123074
-0.056821
0.026496
-0.046028
0.071493
-0.079713
-0.065781
0.056205
0.016714
-0.029993
-0.061487
0.020754
0.063995
-0.093442
-0.029013
0.052089
-0.050428
0.014113
-0.063892
0.027052
-0.074163
0.048064
-0.054770
-0.027608
-0.046242
0.018492
0.041362
-0.041266
-0.004967
0.008090
-0.084867
-0.090246
-0.006113
-0.030625
0.024320
-0.007551
-0.058685
0.067691
-0.031749
0.019887
-0.032387
0.107587
0.009804
-0.031108
0.027174
-0.043095
0.050427
-0.040144
-0.059070
0.011725
-0.057110
-0.039424
0.014412
-0.051935
0.057136
-0.022722
0.023385
0.002549
0.027738
0.058099
-0.009389
0.026659
0.106019
-0.016390
0.032735
0.032391
-0.027020
0.063334
-0.092767
0.043675
0.079725
-0.009023
0.115549
0.081137
-0.004310
-0.012623
-0.093471
-0.001349
0.095341
-0.009932
-0.134482
-0.021262
-0.065690
-0.051891
-0.003678
0.115960
-0.025031
-0.080953
0.042371
-0.102007
-0.020761
0.007375
0.015413
0.027243
-0.015356
0.030649
0.024255
-0.047123
-0.031830
0.013653
-0.115600
0.013451
0.012673
-0.049979
0.041668
0.029209
0.006710
-0.022218
-0.040429
0.069183
-0.029486
0.000072
-0.028573
-0.058594
0.062037
-0.026963
-0.018944
0.055737
-0.025303
0.056315
-0.005217
-0.024626
-0.045139
0.037325
0.041300
0.117176
0.052231
0.022985
-0.014143
0.002225
-0.041660
0.031562
0.009670
0.119927
0.005706
-0.039012
-0.048850
0.035057
0.019925
0.046105
0.002104
0.076951
-0.086184
0.009155
0.033610
0.034752
0.005846
0.073755
-0.017573
-0.054159
0.000607
-0.059700
0.066108
0.007316
-0.066270
0.026909
0.022649
0.040595
-0.037838
-0.016999
0.031451
0.080369
-0.004392
0.026697
-0.108342
-0.108693
-0.022651
-0.004250
-0.039939
0.029059
-0.020043
-0.071903
-0.010334
-0.031462
-0.023940
-0.039576
-0.079649
-0.108340
-0.016380
-0.059015
0.044296
-0.009678
-0.003634
-0.101597
-0.072254
-0.044785
-0.091406
0.046028
0.001626
0.073437
-0.008789
-0.022698
-0.010293
-0.044625
0.068935
-0.012882
0.003644
0.059168
0.071349
0.052962
0.033024
-0.051720
0.043213
0.080889
-0.026203
-0.060561
0.026573
-0.018146
0.042189
0.106515
-0.050626
0.024457
0.002296
0.023541
0.045951
-0.049674
-0.087213
-0.072990
0.023703
0.045443
-0.067243
0.039807
0.080561
-0.015935
0.015033
-0.034105
0.012607
0.014484
-0.019141
0.011435
-0.023470
-0.015958
0.016187
0.019475
0.009886
-0.025691
0.023236
-0.120336
0.027367
0.082521
-0.023329
0.071019
0.086642
0.001805
0.007595
-0.091884
0.043723
-0.085083
0.063864
0.000845
0.006584
-0.065269
0.062141
-0.003607
0.059011
0.009357
0.052049
0.024342
0.103305
0.017197
-0.076731
-0.056804
-0.060893
-0.014126
0.084493
-0.013854
-0.005091
-0.059619
-0.043383
0.018899
-0.085246
0.049333
0.013711
0.005758
0.004653
0.035708
-0.019233
-0.046385
-0.054793
0.057699
-0.014475
0.061332
0.019844
0.019487
-0.042564
-0.048932
-0.007339
0.084602
0.080602
0.036458
-0.036684
0.009327
-0.056187
-0.030991
-0.031194
0.074669
0.051556
0.031065
-0.016108
0.012140
-0.054467
-0.062303
-0.025347
0.027092
0.026337
-0.048679
-0.035046
0.049787
0.025327
0.040932
0.003692
0.114421
-0.036601
-0.022001
-0.033855
0.035027
-0.085406
0.009639
-0.035717
-0.009336
-0.052477
-0.042928
-0.039969
-0.015357
0.008449
0.046903
0.011301
-0.027543
0.097932
0.018226
-0.001965
0.032071
-0.060548
-0.012772
0.007199
0.023301
-0.004633
0.107730
0.077675
0.042748
0.112517
-0.083112
-0.008735
-0.128852
0.003479
0.029365
-0.060931
0.014957
-0.021929
-0.024253
-0.038060
-0.006815
0.055335
-0.001367
0.023211
0.044443
-0.025935
0.004566
-0.049208
0.032147
0.028706
0.024352
-0.014498
0.026831
-0.062908
0.009780
-0.025162
-0.078208
0.052608
0.020164
-0.059829
-0.001811
0.128074
-0.023952
0.010442
-0.033969
-0.064983
-0.001532
0.066549
0.097229
0.058029
0.008364
-0.015316
-0.029785
0.043463
0.041798
-0.038976
0.019524
-0.134439
0.002200
-0.070431
-0.004279
-0.022747
0.092553
-0.054461
-0.092572
-0.003118
-0.074722
0.066641
0.069553
0.083572
0.021257
0.017489
-0.021665
-0.041323
-0.014088
-0.044228
-0.059016
-0.017848
0.095522
-0.036140
0.036502
0.022444
-0.059994
-0.036575
0.028929
0.032894
0.039717
-0.062798
-0.001059
0.062292
-0.023233
0.031344
0.021760
0.045991
0.013801
0.053600
-0.090150
0.094083
0.057172
0.045716
0.085003
-0.029361
0.075004
0.009873
-0.027857
0.011883
-0.025568
-0.015760
0.006960
-0.114390
-0.010593
-0.039130
-0.007849
0.043115
-0.071299
0.025617
-0.033241
0.035096
0.039623
0.019587
0.063308
0.082016
-0.065628
0.047314
0.023234
0.005448
0.000644
0.005135
0.001198
-0.022333
-0.048350
-0.082006
0.006741
-0.073721
0.013776
-0.021145
-0.023448
0.110968
0.055053
0.023014
-0.061342
-0.082292
-0.042748
-0.031294
0.017399
-0.070984
0.062628
0.086994
0.047862
0.010810
-0.105506
-0.056280
-0.001746
-0.063371
-0.055117
0.002560
-0.069081
0.005186
0.002553
-0.026842
0.047410
0.067920
-0.002217
0.043483
-0.019395
0.055643
0.030453
0.009635
0.008821
0.001030
0.059339
-0.040540
0.096196
0.177546
0.067626
-0.003980
0.050451
0.099114
-0.019480
-0.086419
0.007490
0.077225
-0.067696
-0.031785
0.015263
-0.079990
-0.000883
0.065251
0.088952
-0.019524
0.037503
0.005378
-0.127912
-0.009130
-0.016027
-0.044390
0.097371
-0.085100
0.011299
0.009475
-0.041033
0.016171
-0.075404
-0.029269
0.031773
-0.012223
0.022573
-0.013394
-0.016861
-0.030121
-0.002906
0.016310
0.065178
0.137774
-0.033191
-0.015186
-0.084560
-0.034736
-0.014148
-0.125180
0.066284
0.066250
-0.069414
0.000065
0.007129
0.019405
-0.025657
-0.013513
-0.040360
-0.021042
-0.154973
-0.035803
0.025012
-0.004066
-0.035546
0.024106
0.059497
0.035538
0.021835
-0.058912
-0.061214
0.024562
0.028708
-0.037878
0.018900
-0.020405
-0.000560
-0.003027
0.003399
-0.104086
0.083934
-0.012310
0.052605
0.048748
0.020203
0.141463
-0.033310
-0.128430
0.009836
-0.093447
0.038038
-0.037710
-0.031447
-0.017685
0.057947
-0.025466
-0.107924
-0.176341
-0.067710
0.034906
-0.019873
-0.028339
0.025370
0.002968
0.068251
0.066691
0.010722
0.117687
-0.042800
-0.045661
0.006363
-0.000819
0.003237
-0.027759
-0.049349
0.009156
0.069001
-0.056425
0.058476
-0.025726
0.021052
-0.002503
0.062676
0.104934
0.038503
-0.013179
0.032744
0.053592
-0.033687
-0.029863
0.016983
0.008709
-0.023405
-0.037064
-0.086873
0.009585
-0.028630
-0.012808
0.055706
-0.073051
-0.031045
-0.000973
0.028525
-0.047236
-0.003788
0.008373
-0.097971
-0.012996
-0.000070
-0.100179
0.046748
0.005405
0.059791
-0.050823
0.054268
0.081441
-0.055323
-0.003713
-0.032900
0.002515
0.107244
0.044431
0.025848
-0.001059
-0.042925
0.034853
-0.052072
-0.047778
-0.032638
0.009365
0.019867
-0.034412
-0.057760
-0.008698
0.023355
-0.041420
-0.037963
0.046374
-0.019914
0.030743
-0.072038
-0.063515
-0.116588
-0.112010
-0.046084
-0.025347
-0.002994
-0.000406
-0.002393
0.092220
0.060009
-0.019748
-0.005701
0.064393
-0.066787
-0.109935
0.045768
0.047226
0.029491
0.104609
0.075741
-0.052207
0.036390
-0.049688
0.053182
-0.058190
-0.074050
-0.000694
-0.025487
0.016285
0.053836
0.087825
-0.019691
-0.037694
0.086203
-0.047252
0.018879
-0.029503
-0.002854
0.042557
0.025751
0.001195
0.020347
0.061363
-0.119046
-0.094727
-0.035441
-0.064803
0.067319
0.102213
0.070293
0.020909
-0.005116
-0.003969
0.036207
0.085239
0.017659
0.067066
0.015187
-0.046094
-0.092210
-0.032580
0.000547
-0.009684
-0.005083
-0.002673
-0.050442
-0.079231
0.003733
0.027769
-0.018288
0.061563
0.023602
-0.014258
-0.062591
-0.056236
-0.006546
0.026067
0.009764
-0.034408
0.007558
-0.055662
-0.015451
0.030981
-0.047133
0.016362
0.075344
0.080051
0.099510
-0.070156
0.018398
-0.013646
-0.128930
0.019526
-0.027325
0.028975
0.032507
0.026884
-0.059643
0.018940
0.004664
-0.085576
0.107615
-0.015322
0.031961
0.056287
-0.069702
-0.078380
-0.082457
0.154549
-0.050248
0.032233
0.042882
-0.006286
-0.053595
-0.052684
-0.085254
-0.018113
-0.030307
-0.019565
-0.052621
0.055251
-0.001760
-0.046697
-0.005114
0.006780
-0.122715
0.047030
0.086203
0.081931
-0.045404
0.032004
0.009372
-0.081829
0.026786
-0.040088
0.040812
0.022443
0.039879
-0.062232
0.128299
0.013797
0.062315
0.054077
-0.022088
0.030985
-0.122590
0.009486
-0.082990
-0.027787
0.036603
0.019346
-0.065531
-0.008443
-0.043328
0.002530
0.059634
0.074754
0.023082
-0.045783
-0.002530
0.032366
-0.072317
-0.078332
0.052076
0.062383
-0.088338
-0.042313
-0.111191
-0.032459
-0.069755
-0.016344
0.022874
0.048184
-0.083350
0.031760
0.000259
-0.088455
-0.018623
-0.016172
-0.054755
0.093680
0.130856
-0.000936
-0.061497
-0.000739
0.062000
-0.062744
-0.112174
-0.016564
0.031095
0.022475
-0.063461
0.005380
0.048008
-0.035798
0.063283
0.014227
-0.001769
-0.023170
-0.016940
0.024050
0.008076
0.031866
-0.001664
0.007670
0.042219
-0.071488
0.086419
-0.037943
0.042755
0.101726
-0.088864
0.012397
0.054685
0.004071
-0.049195
-0.128848
0.014242
-0.009980
0.001080
0.049907
0.056904
-0.042842
-0.002759
0.004636
0.004457
0.000854
0.140365
-0.035341
0.036308
0.058635
0.028721
0.045154
-0.031945
0.101991
0.055368
-0.037651
-0.077821
-0.049578
0.115362
-0.048659
-0.006810
-0.112419
0.034300
-0.033148
0.043286
0.006422
0.004831
-0.027074
0.007214
-0.024552
-0.016747
-0.064859
0.012462
-0.025280
0.003197
0.003626
-0.095128
0.007080
-0.017434
0.035988
0.002628
-0.024308
-0.017071
-0.041728
-0.012674
-0.046128
-0.007764
-0.001516
-0.018925
-0.044416
0.050065
0.044915
-0.072925
0.094862
-0.090730
-0.021628
0.010483
-0.046407
0.063172
0.082984
-0.019251
-0.061306
-0.022112
-0.015884
-0.013827
-0.067320
-0.122001
0.003770
-0.059674
0.075618
-0.053564
-0.042203
-0.012646
0.062856
0.004338
-0.039391
0.024637
0.016394
0.047466
-0.014231
-0.048001
0.108450
0.046768
-0.059707
0.067592
0.007149
0.015031
-0.022231
0.034315
-0.060899
0.018132
0.034780
-0.050351
-0.025030
-0.021443
0.083884
0.024613
0.086855
-0.039306
0.025480
0.050064
-0.085124
0.066411
-0.037065
0.020863
0.029419
-0.019663
0.020110
-0.019665
-0.027056
-0.065655
0.071890
-0.002939
-0.021906
-0.013341
-0.033404
-0.030780
-0.050633
0.033082
0.001002
-0.040477
0.020883
-0.030595
-0.112683
0.009863
-0.016786
0.045697
-0.020376
-0.023889
0.052891
0.018145
0.052517
-0.013088
-0.081924
-0.138800
-0.000742
0.010585
0.023860
0.044219
-0.091770
0.049051
-0.014390
0.026513
-0.031788
0.005418
-0.083858
0.059372
0.034149
0.008841
0.028746
0.023181
0.001280
0.046384
0.048292
-0.004430
0.024495
-0.050175
-0.037351
0.007646
0.073769
-0.015765
0.015627
0.025936
-0.069034
-0.076484
-0.033009
-0.045630
-0.069815
0.086926
0.094455
0.115783
0.033779
-0.002847
-0.091784
0.013498
-0.002871
0.055592
0.033298
-0.072859
-0.003777
0.006809
-0.044644
-0.029957
-0.012191
0.096313
-0.006143
0.011890
0.044250
-0.004368
0.045623
0.004280
0.082812
0.109563
0.004851
-0.006390
0.025510
-0.056170
-0.051749
-0.021764
-0.001997
-0.018510
-0.035556
0.009390
0.015727
-0.010461
-0.008430
-0.086709
-0.020666
-0.005162
-0.061031
-0.009172
0.075747
0.019889
0.018389
0.048893
-0.029154
0.040833
0.020819
0.025861
-0.078320
-0.028565
0.017021
-0.004079
-0.007656
0.034461
-0.024115
0.041438
-0.001324
-0.021995
0.089779
-0.075688
0.001485
-0.008417
0.013269
-0.094242
0.066026
-0.028056
0.006807
0.047891
-0.020328
0.017158
-0.073080
-0.079913
0.028833
0.009350
-0.018027
-0.112886
0.024621
0.003845
0.031551
-0.024178
0.007279
0.010045
0.053129
-0.104075
-0.060043
0.060525
0.127204
0.064877
0.039118
0.046889
-0.058704
0.024714
0.013286
0.033290
0.011286
0.053887
-0.005075
0.013041
-0.001208
-0.006676
0.038991
0.071857
0.021781
-0.008218
0.042613
0.093344
0.001946
-0.002089
0.049273
-0.063769
0.028545
-0.001644
-0.000321
-0.012461
-0.019023
0.004233
0.000435
-0.049835
-0.045188
0.060430
0.001565
0.050555
0.032272
0.028890
0.028100
-0.048518
0.040777
-0.032855
-0.028348
-0.050938
-0.137978
0.068222
-0.041854
-0.062826
-0.052941
0.056107
0.023068
-0.023880
0.026351
-0.036232
0.097180
-0.012203
-0.023579
-0.035290
-0.081507
0.064049
0.033234
-0.005508
-0.015831
0.071082
0.039046
-0.012847
-0.059054
-0.006216
0.013266
0.011539
0.005860
-0.014739
-0.035169
-0.075880
-0.091664
0.041023
-0.001307
0.008313
-0.021852
0.000144
0.034791
-0.031194
0.024647
-0.069893
-0.044699
0.010540
-0.004497
0.103347
-0.012461
0.006876
0.067438
0.024580
0.061120
-0.013654
-0.009246
-0.055481
0.005821
-0.007470
-0.073482
0.013157
0.046001
-0.037323
0.003464
0.024884
0.047327
0.021473
0.142929
0.067545
-0.073330
0.052889
-0.084179
0.127377
-0.120864
-0.016101
0.018322
-0.028281
-0.050992
0.035696
-0.079068
-0.015764
-0.026032
-0.012357
0.046165
-0.037675
-0.063041
0.042063
0.070921
0.015354
0.068379
-0.006962
0.043454
0.022124
-0.049073
-0.005078
-0.014749
0.108615
-0.006633
-0.048503
-0.061713
0.074110
-0.042355
-0.065281
0.049880
-0.128724
0.015563
-0.099620
-0.041821
-0.079971
0.017959
-0.028101
0.084667
-0.054253
-0.004446
-0.062002
0.039438
0.016028
0.031893
0.004339
0.053284
0.023832
-0.018893
-0.026594
-0.001192
0.069248
-0.012780
0.009673
0.045451
-0.006160
-0.038029
0.065282
0.044542
0.047610
0.036811
-0.045601
-0.016983
0.039572
0.004302
-0.103822
-0.044925
-0.026165
0.045013
-0.008324
0.062688
0.002215
0.049621
0.009756
-0.040467
0.071870
-0.024129
0.045965
0.038395
0.005529
-0.007719
-0.002341
-0.027241
-0.075296
-0.019572
-0.004925
0.024062
0.040647
0.010854
-0.053043
-0.025048
0.056334
-0.046468
0.005750
-0.120926
-0.025101
0.067561
-0.032398
0.021240
-0.045297
-0.009704
0.011425
-0.021429
-0.043645
-0.142267
-0.020414
-0.101312
-0.018914
0.016162
0.008507
0.030700
-0.114596
-0.067235
0.086125
0.061375
0.016628
-0.055234
-0.065063
-0.024106
-0.052931
0.009390
-0.004180
0.002120
0.039658
0.044406
-0.012543
-0.052450
-0.011590
0.058084
0.049721
-0.063474
0.020891
0.098789
-0.047103
0.107712
-0.020445
0.027414
-0.056186
-0.053375
-0.034226
-0.016754
-0.020074
-0.065898
-0.009170
-0.035799
-0.041618
0.060833
-0.068063
-0.003275
-0.051978
0.002824
-0.020688
0.047287
-0.068592
-0.030972
0.021729
0.028891
0.056367
-0.000966
0.012551
0.016860
0.025804
0.080547
-0.061770
-0.090636
-0.018785
0.007002
0.070105
-0.047643
0.037204
0.015700
0.011412
0.032324
0.023423
0.024047
-0.137341
-0.027399
0.006390
-0.009095
0.004219
-0.008661
-0.068297
0.032405
0.032498
-0.021027
-0.086017
-0.086596
-0.033853
0.061379
0.067828
0.055981
-0.024515
-0.085867
0.018464
0.032762
-0.046304
0.048966
-0.032174
0.057354
0.078229
-0.079404
0.028060
-0.131185
0.033920
0.065559
0.056970
-0.003635
0.024631
-0.111480
0.092842
0.051748
0.034989
0.007229
-0.009980
0.041968
-0.059727
0.043143
-0.013955
-0.049419
-0.063069
0.107850
0.019165
0.072838
0.011517
0.051169
-0.129055
-0.019773
-0.019317
0.006349
-0.049723
-0.057116
0.031400
0.005591
0.088947
-0.002368
0.030195
-0.039863
-0.070244
-0.019751
0.000893
0.029889
0.037717
0.079974
0.010807
-0.002992
-0.018743
0.005931
0.126021
-0.016184
0.048069
-0.075811
0.078354
0.007143
-0.019862
0.048703
0.097512
-0.058078
0.021855
-0.006799
-0.065155
-0.094242
-0.044365
0.005706
0.080027
0.055565
0.015778
0.025342
0.031814
0.018301
-0.100082
-0.010130
0.088408
-0.025175
-0.014495
0.051311
-0.002520
-0.033728
0.038577
-0.130648
0.066539
0.023561
-0.052813
0.028343
0.083960
-0.043501
-0.075404
-0.048774
0.072629
-0.089095
0.034438
-0.109806
0.077918
0.035784
0.025142
0.009718
0.017742
0.032150
-0.027567
-0.021853
-0.011872
0.000937
0.057281
-0.044992
0.000667
-0.031896
0.018955
-0.024145
0.002977
-0.006233
0.012699
0.088943
0.044210
0.010931
-0.096944
0.046121
0.046340
-0.092865
-0.056862
-0.062638
-0.034869
0.008349
-0.009337
0.061572
0.046337
0.055129
0.039980
-0.069333
-0.100523
0.082388
-0.021668
-0.044676
-0.080665
-0.003748
0.015196
-0.040382
0.020173
-0.029700
-0.002735
0.032947
0.022864
0.102096
0.031859
-0.022196
0.014973
-0.050309
-0.000827
0.102932
-0.010622
0.019239
0.040633
0.064490
0.047127
-0.011650
0.051212
-0.060346
-0.001533
-0.053101
-0.042145
0.003264
0.026614
-0.058961
-0.014551
-0.070467
0.017459
-0.099740
0.011504
-0.068759
0.006988
0.029856
-0.003175
0.003821
-0.073723
0.001395
0.000331
0.048147
-0.025875
0.063114
-0.024145
-0.032391
0.002134
-0.066332
0.045335
0.045322
-0.003939
-0.108824
0.013189
-0.015073
0.163703
-0.123982
0.006514
-0.012211
-0.085976
0.035919
0.041091
-0.027459
0.104377
-0.006086
0.005241
0.031485
0.001904
0.032844
-0.011532
0.078666
0.060854
0.033448
0.059897
-0.121276
-0.010363
-0.018763
0.088804
0.011458
-0.033781
0.044575
0.097781
0.124929
0.008025
-0.019627
0.013166
-0.014370
-0.002484
0.004834
0.053089
0.075635
0.080045
0.073854
0.025093
-0.010076
-0.035387
-0.056461
-0.023802
-0.021743
-0.006640
-0.055891
0.023151
0.019357
0.026268
0.065251
0.000370
0.078616
0.031725
-0.095932
-0.070266
-0.029076
0.043776
0.048209
-0.042856
-0.040946
0.045425
-0.050940
0.106181
0.016083
0.062769
0.109255
-0.058849
0.052983
-0.124808
-0.015075
0.037075
0.122156
0.017282
-0.015787
-0.158369
-0.043382
0.009997
-0.061501
-0.055136
0.014392
-0.091392
-0.016884
-0.015687
-0.020411
-0.053769
-0.016134
-0.056328
0.070400
0.053574
0.055430
0.032264
0.026197
0.088553
0.025948
-0.012809
-0.034533
0.005265
0.000934
-0.073436
-0.010403
-0.006104
0.049468
0.026582
-0.015091
-0.001066
0.032747
-0.028450
0.025046
0.009842
-0.048271
0.012411
0.001188
-0.017237
0.008889
0.017634
-0.021353
-0.032872
-0.063802
-0.022980
0.033317
-0.083084
0.056756
0.043513
-0.125203
0.073702
-0.048234
0.035760
0.064826
0.026595
-0.022070
0.007283
0.019429
-0.007639
0.001531
0.089332
-0.130801
-0.021158
0.018138
-0.016496
0.059711
-0.003315
0.045204
-0.028509
0.002307
0.075464
0.024326
-0.050076
0.075126
-0.002904
0.039495
-0.082935
-0.069207
0.063644
-0.072561
0.034286
-0.089060
0.019700
0.001606
-0.008404
0.015837
-0.028752
-0.030241
-0.004852
0.079328
0.128223
-0.064993
-0.130537
0.016500
0.002491
0.036491
0.012692
-0.059998
-0.033845
-0.050580
-0.073914
0.031558
-0.078300
0.007606
0.037660
-0.051921
0.053910
0.100824
-0.061992
-0.041901
0.032860
-0.015041
-0.002269
-0.017909
0.015680
0.051239
0.066815
0.078983
-0.022974
0.069714
0.019495
-0.069558
0.010381
0.042025
-0.001428
-0.059427
-0.007097
-0.015071
-0.050937
-0.048583
-0.031591
0.014326
0.082793
-0.060482
0.136382
0.112742
0.017983
0.017022
-0.021552
-0.165368
0.026369
0.037434
0.039269
-0.044377
-0.120435
-0.012330
0.076173
-0.039497
0.044497
-0.015506
-0.036673
-0.029584
-0.002151
-0.075692
0.034241
0.020212
-0.128237
0.008336
-0.026651
-0.041049
0.075982
0.043965
0.035781
0.039417
-0.110925
0.037500
0.046109
-0.033794
0.001823
0.027939
-0.030510
0.017170
-0.066122
-0.088804
0.058230
0.101655
-0.072619
-0.003089
0.004653
-0.002459
0.008434
-0.026333
-0.014900
-0.096703
0.033253
0.027704
-0.003732
0.003376
0.060536
0.061303
-0.009448
-0.017471
0.076589
-0.075922
-0.018374
0.081546
-0.054120
-0.068817
-0.040803
0.057291
-0.033593
0.023213
-0.012836
-0.003421
0.049622
-0.068930
0.002455
0.016008
0.083499
0.018634
0.101153
0.061450
0.025458
-0.082740
-0.040086
-0.025345
-0.049188
0.006954
-0.000555
0.032922
-0.020090
-0.035658
-0.013998
0.100937
0.041947
-0.044909
0.035888
0.009787
-0.045685
0.104588
0.013713
0.041875
0.014019
-0.065789
-0.002265
-0.029198
-0.024536
0.085665
-0.007766
-0.018019
0.040279
0.006903
-0.049233
0.014587
-0.000221
-0.124136
0.021163
0.014746
0.063489
0.050212
0.043136
0.013859
0.110689
-0.013428
-0.069212
0.123389
0.038130
-0.075023
0.037137
0.058260
0.033111
-0.002662
0.055904
0.020879
-0.009351
0.060757
-0.121238
-0.007480
0.095686
0.080590
-0.043484
0.050948
-0.013744
-0.025159
-0.008746
-0.035562
-0.034763
0.076640
-0.055266
0.056716
-0.029653
0.023592
-0.034913
-0.009407
-0.069738
0.084325
0.084294
0.008429
-0.003623
-0.028513
-0.030585
0.095031
0.020832
0.095267
-0.021512
0.051077
-0.044694
0.022444
0.078087
-0.001638
0.019501
0.041778
0.042661
0.035771
-0.018314
0.033028
-0.126400
0.001493
0.036258
-0.161673
-0.042210
-0.095090
-0.037601
-0.043978
0.078503
0.016853
-0.005446
0.033800
0.000212
0.112506
0.005036
-0.069509
0.057178
-0.037617
-0.085617
0.030664
-0.081734
0.042622
-0.031181
0.017136
0.010571
0.025999
0.016469
-0.078052
-0.075155
-0.043744
0.038874
0.013809
-0.019108
-0.010920
0.010837
0.023570
0.049796
-0.083101
0.054570
0.016040
-0.032242
0.110914
-0.003318
0.064528
-0.002449
-0.047818
0.052719
-0.002036
-0.024453
-0.019916
0.006855
-0.057050
0.094138
-0.001749
0.015744
0.034019
-0.026400
-0.038300
-0.028643
-0.029804
0.014948
0.025907
-0.071399
-0.053526
-0.021014
-0.029304
-0.065123
-0.075149
0.074815
-0.036634
-0.015651
-0.008576
0.026039
0.010004
-0.023408
-0.079826
-0.035688
-0.073532
0.162556
0.000131
0.035937
0.015023
-0.012656
0.063740
-0.041958
-0.065136
-0.037253
0.042591
0.031234
0.054737
0.033686
-0.036805
0.036436
0.013637
-0.029915
-0.032653
-0.040926
0.002251
0.021809
0.070732
0.047932
0.103153
-0.021176
0.145062
0.039168
-0.018405
0.011998
-0.042655
-0.006401
0.011135
0.030011
0.078480
-0.045312
-0.005084
-0.000760
0.027450
-0.052163
0.026165
0.003948
0.012075
0.081881
0.017741
0.031883
0.053872
0.068905
-0.026608
0.131415
0.028692
0.002895
-0.057520
-0.024832
-0.017601
-0.035797
-0.013656
-0.021698
0.028360
-0.023989
0.025547
-0.033930
-0.022458
-0.107080
-0.102121
0.015172
0.049029
0.020046
-0.063121
-0.041931
-0.072550
-0.014643
0.091438
0.067443
-0.023127
-0.095486
-0.075332
-0.006369
-0.071064
0.062908
-0.025430
-0.097274
-0.016127
0.011466
-0.063200
0.067560
0.102492
-0.002885
0.010031
-0.024281
0.066554
-0.027179
-0.008624
-0.082555
0.030373
0.001007
-0.029043
0.065124
0.011420
-0.009684
-0.119220
0.047907
-0.026892
-0.016071
-0.051787
0.074255
-0.007003
-0.120529
0.071941
0.003920
-0.008136
0.042462
-0.096346
0.018426
-0.053995
0.071333
0.066196
0.018610
0.062451
0.001909
0.031937
-0.003162
-0.013427
0.032955
0.011666
-0.045404
-0.011114
0.003116
0.011946
-0.034380
0.069910
0.067650
0.067368
0.123873
-0.025160
0.033447
0.044556
-0.019317
0.049113
0.012821
-0.056871
-0.055125
-0.043215
0.080474
0.075787
0.017322
0.016137
0.172528
0.069664
-0.060955
-0.002637
-0.042090
-0.093387
-0.014222
0.045166
0.043791
0.057590
-0.040575
0.071237
0.011959
0.087347
-0.003813
0.088912
-0.084479
-0.075732
0.096496
0.076151
-0.015432
-0.077908
0.046508
-0.011317
0.029167
-0.019501
-0.078696
-0.006773
-0.017425
0.016579
-0.062899
-0.034673
-0.027861
0.048979
0.088788
-0.000791
0.014798
0.006451
-0.013916
-0.058684
0.018479
0.049138
0.035980
0.039402
0.011585
-0.034850
0.073749
-0.108364
-0.003517
-0.009460
0.020475
0.005290
-0.049675
0.007847
-0.117724
0.000161
-0.047645
-0.025560
-0.028117
0.125000
-0.106520
0.056647
0.009841
0.059226
-0.016667
0.021658
-0.039351
-0.045325
-0.070157
0.050371
0.066808
-0.069588
-0.058856
-0.001058
0.068576
-0.090155
0.053693
-0.021541
-0.033419
-0.057375
0.079102
-0.078493
0.097017
0.002230
0.077623
0.061691
0.051849
-0.082531
-0.033587
0.001370
-0.000733
-0.099142
0.061393
-0.016937
0.131932
0.020642
-0.004558
-0.017189
0.058273
-0.052718
0.070341
-0.022034
-0.022213
0.013885
0.025067
-0.039539
-0.001805
0.041837
-0.050565
-0.017956
0.062246
-0.016584
0.058012
-0.033398
-0.067925
0.041322
-0.015773
-0.012779
0.042554
0.057907
0.011068
0.120394
-0.011547
0.009446
0.122003
-0.024385
-0.019629
0.038806
-0.006993
-0.023690
0.035262
0.063493
-0.018040
-0.011149
-0.012802
0.054240
0.065720
-0.003466
-0.008543
0.009193
-0.018913
0.018479
-0.080170
-0.032786
0.000376
-0.004879
0.027691
0.112631
-0.054309
-0.022069
0.027529
-0.019020
0.068678
-0.028545
0.072017
0.027652
-0.003754
0.068178
-0.006571
0.108640
0.031149
0.016782
-0.035913
-0.001275
-0.050766
-0.019736
0.004372
0.027460
-0.081289
0.025996
-0.123433
-0.042498
0.043346
-0.017181
-0.145117
0.003104
-0.064575
0.084500
-0.061113
0.047863
-0.069634
0.023667
0.015454
-0.003501
-0.027526
0.047393
-0.047719
-0.008582
-0.000301
-0.040474
0.135360
-0.014464
-0.013016
0.010402
0.037245
0.028988
0.075223
0.044299
0.047450
0.116450
0.096356
0.037793
-0.044859
-0.002525
0.010921
0.066911
0.102282
-0.005955
-0.001430
-0.024106
-0.030480
0.066750
0.019025
-0.091269
-0.035119
-0.141629
-0.072238
-0.000538
-0.040736
0.051610
0.052264
-0.084866
-0.024223
0.008454
-0.023321
-0.055752
0.110130
0.028770
-0.045818
-0.040802
-0.028634
-0.103952
-0.063896
0.025009
-0.064334
-0.025565
0.022112
0.039078
0.006967
0.012914
-0.044259
0.012598
-0.052136
0.014592
0.043100
0.047392
0.048475
0.046113
-0.044587
0.025039
-0.027055
0.016677
0.023609
0.035939
-0.002035
-0.092077
0.070546
0.001327
-0.013589
-0.011614
0.067119
-0.129163
-0.025972
0.075083
0.118713
-0.000649
0.026523
0.025461
0.093946
0.016824
-0.020766
0.013358
0.054758
-0.007893
0.041039
0.065130
-0.005227
-0.045249
0.040575
-0.054492
-0.083177
0.113394
0.019743
0.109779
0.039886
-0.070413
-0.067077
0.032520
-0.041872
0.060288
0.073961
-0.000677
-0.031947
-0.007384
0.083387
0.049340
0.055337
0.010640
0.060633
-0.049651
0.005793
0.033954
0.096985
0.063533
-0.015848
-0.042534
-0.077720
0.023921
-0.023748
0.054521
0.012956
-0.016467
0.032008
-0.015306
0.110876
0.118147
-0.036852
0.025751
-0.107697
-0.053822
0.007519
-0.067769
0.086520
0.047742
0.053281
0.052415
-0.032063
0.029542
-0.058556
0.032541
0.021048
0.013353
-0.031373
-0.054236
-0.036568
0.048895
-0.044261
-0.095933
0.049270
-0.003446
-0.124082
-0.044512
0.127335
-0.042588
-0.009627
-0.063018
-0.052321
0.075068
0.011321
-0.038671
0.020906
0.018757
-0.049927
-0.012624
0.093375
-0.033065
0.004072
0.012931
0.055255
0.021853
-0.032189
-0.009727
-0.018895
0.003439
0.024250
0.046679
0.058637
0.048008
-0.018885
0.009562
0.039109
0.028185
0.074168
-0.008415
-0.085907
0.023697
-0.013368
-0.077173
0.022603
0.014307
-0.068059
-0.000072
0.037611
-0.047748
0.026896
-0.001130
0.000798
-0.004514
0.045607
-0.034920
0.033482
-0.132693
-0.029638
-0.012706
0.021187
-0.039568
-0.092339
-0.028219
0.004113
0.061864
-0.038261
-0.005262
-0.060414
0.037421
0.002373
-0.046006
0.110476
-0.041652
-0.041362
0.028809
-0.024944
-0.021283
-0.014791
-0.090109
0.005627
0.040923
-0.010154
0.014745
0.022802
-0.019108
-0.118398
-0.011747
-0.018661
0.041811
0.081512
-0.020675
-0.008347
-0.024438
-0.113609
0.012328
-0.028605
0.033081
-0.040026
-0.077358
-0.025280
0.034678
0.039467
-0.048229
-0.033261
-0.002681
-0.026614
0.034107
-0.015275
-0.022987
0.092012
-0.010492
-0.027025
-0.049068
-0.050633
-0.007824
0.009426
0.020905
-0.011870
0.000966
-0.016687
-0.023051
0.025936
0.032195
0.091005
-0.042719
-0.021229
0.038466
-0.058880
-0.040015
0.020180
-0.007021
-0.062711
-0.092645
0.009017
-0.032910
0.076459
-0.028463
-0.031574
0.110717
0.050984
0.053509
-0.057715
0.026558
-0.080632
-0.054027
-0.005325
0.066841
-0.041039
-0.086161
-0.009114
-0.111566
0.048455
0.008438
0.073707
-0.013908
0.044892
-0.089017
0.045543
0.033847
0.005856
-0.138621
0.001003
-0.008270
-0.027522
-0.098106
0.023572
0.091203
0.067771
0.015102
-0.045916
-0.004712
-0.016671
-0.022102
-0.086012
-0.067431
0.065480
0.009139
-0.079576
-0.068018
-0.008927
-0.060953
0.012497
-0.054386
-0.005248
-0.038678
-0.002592
-0.014773
0.054675
-0.091763
0.066191
-0.014882
-0.023070
-0.054823
-0.017279
-0.100985
-0.075902
-0.009375
0.041441
-0.010791
0.012389
0.006976
0.016786
-0.017214
-0.046851
-0.071108
-0.006225
0.010751
-0.046367
-0.023388
-0.056851
0.032690
-0.042322
-0.006823
0.033114
-0.069343
-0.122830
0.041765
0.012527
0.020188
0.067915
0.100456
0.000210
0.002916
0.045676
-0.109598
0.017397
-0.015641
-0.015223
0.062648
-0.058923
-0.094591
-0.037306
0.064712
0.031626
-0.018959
0.021961
0.051591
-0.110637
-0.002044
0.038426
-0.067683
-0.023894
0.051775
-0.023074
0.065836
0.039590
0.027454
-0.000743
0.050393
-0.057031
0.004823
0.013520
-0.027180
-0.005763
0.005939
0.038518
-0.059317
-0.045857
-0.060375
0.049447
0.014755
-0.048821
0.042139
-0.126702
0.027129
-0.100655
0.072671
0.043108
0.030166
-0.080545
-0.054517
-0.021951
-0.088884
-0.046559
-0.006889
0.008373
-0.073332
-0.059076
0.005913
0.024065
0.006945
-0.024024
-0.003528
0.024929
-0.027022
-0.033356
0.008420
0.031062
-0.091157
0.033906
-0.036522
-0.023240
0.015920
0.025571
-0.004968
-0.022768
0.082961
0.092180
-0.018655
0.068160
0.073553
0.094624
0.065729
0.003099
0.020040
-0.047601
-0.019982
0.106888
-0.043028
-0.009212
0.015564
-0.080426
0.047500
-0.023165
0.010052
-0.103567
0.025147
0.091944
0.073463
-0.056435
-0.019083
-0.096940
-0.103843
-0.045126
-0.046036
-0.109877
-0.020730
-0.000185
0.014328
-0.019564
-0.061714
0.002987
-0.011051
-0.101672
-0.036407
-0.008262
-0.048123
0.101183
0.060882
-0.041663
-0.000823
-0.041194
-0.030737
0.068537
0.014992
0.052993
-0.012986
0.042290
0.005422
-0.023593
-0.060439
-0.078169
-0.008381
-0.041143
0.011718
0.045949
-0.074727
0.056399
-0.017212
-0.035755
-0.041909
0.013494
0.025681
0.002930
0.013756
-0.006011
0.062056
0.006133
0.001590
0.054095
-0.005503
0.029867
0.035081
0.116175
-0.045972
-0.001050
-0.032976
0.083504
0.015513
-0.050483
-0.056431
0.067895
0.072919
0.028913
0.027016
-0.161458
-0.039773
0.058668
-0.062979
-0.081270
-0.051382
-0.027207
-0.006196
0.056929
0.001073
0.051728
0.025172
-0.017901
0.022342
0.004898
-0.125305
0.021399
-0.010241
0.024186
0.064759
0.021300
-0.013847
0.019564
-0.051303
0.108725
-0.008510
0.032206
0.065518
0.089082
0.087805
0.072943
0.035331
0.051279
0.165077
0.026736
0.022792
-0.048333
-0.017614
-0.020750
-0.047495
-0.052293
-0.021665
-0.034623
-0.009832
-0.021387
-0.042395
-0.078453
-0.083098
-0.036038
-0.004210
0.146654
0.076748
0.067360
-0.055048
-0.015812
0.003240
0.081388
-0.088180
-0.031904
0.082805
0.096218
-0.122777
-0.029027
0.027025
-0.054040
0.053655
0.035918
0.034339
0.004683
-0.011841
-0.039086
0.036963
-0.011674
-0.027290
0.043514
-0.036296
-0.106451
0.018191
0.025707
0.093765
0.118635
-0.034603
-0.036643
0.110659
-0.011367
0.037933
0.048411
0.009858
-0.089723
-0.030884
0.089066
-0.025655
-0.110236
-0.037402
0.034221
-0.043508
0.100221
0.085238
0.050205
-0.008838
-0.075421
0.006341
-0.035154
-0.092926
-0.035851
0.055885
0.075581
0.056125
0.001275
0.074337
-0.048939
-0.087171
-0.053945
0.010758
0.091368
0.012530
0.018409
0.088577
0.013245
-0.030458
-0.071665
0.105392
-0.050489
0.024019
-0.031265
0.039693
0.021876
-0.007111
-0.029469
-0.084345
0.014638
0.051716
0.069695
-0.039126
-0.051514
0.016202
0.048067
0.056878
0.075557
-0.086134
0.041547
-0.065362
0.105165
-0.052788
0.020074
0.067793
-0.027764
-0.014019
0.038715
0.031841
0.061465
0.017810
-0.061890
-0.023986
0.078540
0.024648
0.113351
-0.039918
-0.012652
0.078472
0.088066
0.033120
-0.113713
-0.011522
-0.078384
-0.056614
-0.131624
0.041404
-0.074528
0.056863
-0.017337
-0.037583
0.020105
-0.022569
-0.022174
-0.034351
0.006736
-0.018766
0.031750
-0.050793
-0.007133
-0.004889
-0.085395
-0.023373
0.058425
0.008917
0.008160
-0.027598
0.034545
-0.035637
0.061956
-0.004268
-0.012239
-0.016632
-0.029426
0.093960
0.062875
-0.031511
-0.028983
0.004304
0.029840
0.043132
-0.062818
0.046628
0.036818
-0.030823
0.096119
-0.014774
0.012629
-0.058334
-0.020764
-0.057811
-0.035541
0.008057
0.001779
0.049120
-0.020392
-0.049708
-0.016102
0.006312
0.021033
0.041790
-0.008241
0.022607
0.013086
-0.019252
0.006655
-0.037833
-0.069363
0.023437
0.033889
-0.016350
-0.010289
-0.050715
-0.073207
0.038433
-0.000030
-0.038576
-0.017044
-0.066109
-0.062567
0.027823
0.112034
0.018709
-0.038682
-0.015027
-0.054059
0.032064
-0.078027
0.022545
0.005847
-0.038093
0.066912
-0.018869
0.020336
-0.052566
-0.046550
-0.040946
0.093336
-0.038924
-0.041995
-0.033365
-0.015758
-0.041300
-0.061151
0.069798
0.017850
0.053186
0.032248
-0.030714
0.022515
0.014174
-0.060887
0.001380
-0.024214
-0.030495
0.076755
-0.014872
0.007939
-0.016298
-0.095169
0.037503
-0.030391
-0.013796
0.100224
0.048195
0.016438
-0.025374
0.003143
0.035839
0.094591
-0.011824
-0.032795
-0.082036
-0.020654
0.051914
-0.104801
0.014497
0.062648
-0.052511
0.014080
-0.001010
0.004675
-0.013152
-0.054523
-0.084875
0.077893
0.034215
0.139137
0.004781
0.031930
0.042368
-0.005997
0.005703
-0.011030
0.098646
0.020774
-0.023706
-0.041793
-0.085653
-0.033150
0.030309
0.005928
0.004416
0.078974
0.073353
0.019907
0.011837
-0.004769
-0.008213
0.045616
-0.024232
0.024174
0.032272
-0.009591
-0.003516
-0.042222
-0.009231
0.105093
0.091918
-0.049300
-0.001117
0.018612
-0.095066
0.001018
0.016417
-0.004281
0.056006
-0.018631
0.077092
-0.115034
0.024697
0.035786
0.049651
-0.047002
-0.030704
0.105791
0.034114
0.044147
0.021876
0.029024
0.009259
0.072368
0.010144
0.028522
-0.000508
0.041315
0.004984
0.061175
0.020425
0.039765
0.121683
-0.007644
0.023023
0.099412
0.004513
-0.007059
0.032551
-0.074068
-0.057997
-0.007828
-0.054423
-0.020444
-0.071062
0.040321
-0.051351
0.007626
0.016065
-0.013978
0.005805
0.084811
0.064612
0.017766
0.001766
-0.022601
-0.014922
0.001129
-0.010609
-0.008765
0.006009
0.049463
-0.014603
0.080072
0.007259
-0.093468
0.104476
-0.069669
-0.002916
0.046793
-0.078746
0.070239
-0.026911
-0.023098
0.001209
0.065016
0.036408
0.011809
-0.099107
0.051644
0.034952
-0.011348
0.015210
0.035249
-0.039813
0.045249
-0.050885
-0.035350
-0.091233
0.025839
-0.031627
-0.004151
0.059473
-0.047191
0.068587
0.040962
0.056879
-0.009942
0.025300
-0.033261
-0.077704
-0.010133
-0.038118
0.110401
0.007169
0.053841
-0.021142
-0.030819
-0.080616
-0.071324
-0.032860
0.009893
-0.061406
-0.016881
0.018318
0.002991
-0.000379
0.116558
0.072211
0.077427
0.005647
-0.014507
0.036893
-0.034687
0.035918
0.009719
0.035399
0.132096
-0.008246
0.009298
0.006203
0.051595
-0.009402
-0.027297
0.035072
-0.055343
0.003579
-0.004818
-0.014635
0.100191
0.099764
0.052155
0.030617
0.012180
-0.045942
-0.078733
-0.037343
-0.066571
-0.027674
0.007685
-0.049650
-0.057196
-0.037385
-0.027998
-0.062101
0.120966
0.012349
0.010654
0.027644
0.061977
-0.011777
-0.030383
-0.041346
-0.040945
0.005889
-0.065990
-0.059424
-0.035286
0.102695
-0.009163
0.091687
-0.008777
0.070516
-0.055603
0.079575
0.035043
0.080759
0.119457
0.099510
-0.039637
0.041582
0.029388
-0.043089
0.016826
0.027045
-0.012327
-0.006177
0.055512
-0.009490
0.054061
0.025729
0.040234
-0.076311
-0.035749
0.046652
0.015810
-0.073677
-0.038383
0.064409
-0.001043
0.029704
-0.003830
0.037228
0.029003
-0.000088
0.047887
-0.014010
0.028289
0.013854
-0.042123
-0.047482
0.000523
0.042014
0.023428
0.002895
-0.067706
-0.005474
0.007791
-0.004626
-0.034065
0.024878
-0.020616
0.039662
-0.091038
-0.043002
-0.050697
0.008642
-0.024091
-0.030683
0.089234
0.006586
0.045020
-0.039571
-0.074991
-0.050110
0.049226
0.020797
-0.072295
-0.003728
-0.042552
0.010726
0.076508
-0.055754
-0.041086
0.026331
0.019655
-0.003987
0.000984
0.006454
0.130509
0.003713
0.009111
0.070366
-0.071064
0.001447
-0.042946
0.017905
0.024959
0.026497
0.011223
0.019366
0.016059
0.003130
-0.011629
0.045417
0.172379
-0.020119
-0.023503
0.019117
0.011226
0.008802
-0.061036
-0.024786
0.007312
-0.075493
-0.002626
-0.031023
-0.008733
-0.085123
-0.072391
-0.065354
0.031012
-0.043598
-0.082262
-0.012564
0.016754
0.015580
-0.042683
-0.020506
0.052596
-0.045113
-0.001720
0.082004
0.044263
-0.053967
0.018133
0.089739
-0.107621
0.094974
-0.031321
-0.006537
-0.066492
0.018862
0.012235
0.026425
-0.021714
0.017144
-0.066143
0.004957
-0.051967
-0.078867
-0.062543
0.008956
-0.035087
-0.001190
0.024964
-0.000848
-0.063507
-0.187549
0.000970
-0.080303
0.021631
-0.000184
0.031632
-0.041514
-0.084608
0.032691
0.045933
0.013712
-0.069211
-0.059902
0.006396
-0.057661
0.060896
0.103885
-0.037507
-0.008596
-0.064836
-0.000616
-0.009780
-0.039566
0.003708
0.024146
0.007735
-0.005747
0.099783
-0.000202
0.022328
0.065207
0.025380
0.034046
0.094967
0.031753
-0.055043
-0.040346
-0.054122
-0.050049
0.059644
-0.052152
-0.036801
-0.090435
0.008886
-0.033047
-0.046970
-0.059968
-0.027278
0.107023
0.054635
0.068356
0.031698
0.030585
-0.073807
0.053606
0.075346
0.060629
0.038215
0.071820
-0.061856
0.005841
0.026448
-0.001916
-0.088764
0.009131
0.019326
-0.006931
0.017630
0.024712
0.030461
0.078599
-0.059439
-0.066812
0.027779
-0.023303
-0.023266
-0.004364
0.120055
-0.061132
-0.076548
0.070518
-0.018067
-0.019254
-0.009992
0.003566
0.029932
-0.094745
0.007025
0.010409
0.061161
0.076775
-0.037876
0.026220
0.025223
0.051225
0.096433
0.117456
0.037384
-0.087118
-0.005036
0.049232
0.054166
-0.050667
0.047483
-0.005019
-0.104548
0.025501
0.030553
-0.006155
0.031368
-0.029828
0.043564
-0.024850
-0.082489
-0.047759
0.019549
-0.049750
0.015441
0.031407
-0.111524
-0.008279
0.040582
0.057200
0.055121
-0.021698
-0.005483
-0.025065
0.040040
0.025831
0.024190
0.008257
-0.067468
0.037577
0.019393
0.017848
-0.017059
-0.131743
-0.035614
0.057687
0.028898
0.053206
-0.085554
-0.010223
-0.103926
0.016021
-0.004310
-0.025033
0.056025
-0.035032
-0.008514
