-0.186700
0.155486
-0.068045
-0.072360
0.160772
-0.175233
0.182683
-0.017415
-0.001095
0.157540
0.148303
0.101274
-0.061960
-0.126915
-0.016362
0.157525
0.011210
0.225879
-0.417779
0.212849
0.212631
-0.179575
-0.132473
0.143900
-0.011936
0.139872
0.260244
0.180122
-0.011825
-0.015482
-0.068078
-0.130906
-0.250315
-0.069449
0.202007
-0.001508
0.171330
-0.132887
-0.035579
0.292394
-0.145284
0.055090
-0.118094
-0.031918
0.236017
-0.092672
-0.350003
-0.221614
-0.062569
0.069724
0.159355
0.245312
0.014343
-0.214516
-0.064514
-0.106254
0.269576
0.140882
0.104223
0.031310
0.217257
0.261932
0.167609
-0.011274
-0.125617
0.318132
-0.238618
-0.350037
0.028398
0.458221
-0.071920
-0.182364
0.041247
0.019673
-0.165819
0.047472
-0.252909
-0.175755
0.307434
-0.181833
-0.047113
-0.069905
0.066627
0.192170
0.274383
0.354230
0.123726
-0.192690
-0.233138
-0.036220
-0.258290
-0.008376
-0.262168
-0.113904
-0.012969
-0.131446
0.172544
0.200724
-0.263632
0.170114
0.031849
0.234048
-0.011389
-0.126207
0.307554
0.269722
-0.034530
0.284654
0.177766
-0.358300
0.187807
0.005311
0.111206
-0.057105
-0.148565
0.275402
0.149137
0.139927
0.086543
0.209571
0.046917
-0.054302
0.293027
-0.245905
0.036740
0.191441
-0.059853
0.088943
0.060181
0.046052
0.295428
0.071925
-0.064125
0.263171
0.016890
-0.252345
0.322320
-0.210634
0.216012
-0.140603
-0.142767
0.218873
0.219426
-0.363494
0.114431
0.128124
-0.054765
0.140250
0.014293
-0.085164
0.119896
-0.017186
-0.106114
-0.160188
0.119877
0.180053
-0.024486
0.156797
-0.518571
-0.094234
-0.126865
-0.292240
0.053148
-0.062945
0.294068
0.301416
-0.348273
0.049928
-0.133324
-0.027952
-0.058124
0.213213
0.072713
0.001414
0.275862
0.250846
0.080178
0.234660
0.037674
0.017386
0.031142
0.303484
-0.017559
0.093940
0.032290
-0.020830
0.004957
-0.254249
0.155656
0.041496
-0.108460
0.301708
-0.522543
0.196675
-0.013534
-0.126588
-0.245353
0.318496
0.021399
0.088967
-0.004043
-0.014951
-0.001234
-0.061267
-0.202843
0.130523
-0.284211
-0.175585
0.079935
-0.103109
0.125955
-0.057005
-0.234702
-0.271168
-0.049985
-0.391913
0.200292
0.173459
0.125417
0.224589
-0.198607
0.284744
-0.169518
0.222075
0.123647
-0.103104
0.073501
0.002461
0.195670
-0.030176
-0.133335
0.132096
0.014153
0.158476
0.136519
0.050099
-0.004447
0.105243
0.001991
0.222980
-0.257391
-0.186330
0.132235
-0.012663
0.297384
0.012437
-0.280498
-0.062326
0.010197
-0.190900
-0.119320
0.082059
-0.061992
0.227727
0.261008
-0.053345
-0.090596
0.061589
0.253897
0.415105
0.109052
-0.027433
0.134266
0.019982
0.086157
-0.051553
0.336931
-0.076814
-0.182403
0.041332
0.075357
-0.052290
-0.199945
0.035010
0.065845
0.062660
-0.040893
-0.067624
0.184589
0.092306
0.122407
-0.131302
-0.114524
-0.215694
-0.078611
-0.101495
0.068786
-0.034185
0.264603
-0.123365
0.184863
-0.310342
0.063675
-0.029355
-0.228483
0.023256
0.092641
-0.053632
0.075389
-0.216005
0.111618
-0.112851
0.066665
-0.030760
0.104218
0.279219
-0.431139
0.176860
0.307842
0.000711
0.171376
-0.003964
-0.166609
0.156089
0.269837
0.043612
-0.038041
-0.046656
0.114287
0.221411
-0.017349
0.390733
-0.055102
-0.173611
-0.161475
0.037507
-0.219486
0.124254
0.198157
0.026504
0.031499
-0.068565
0.167678
-0.103283
0.131829
0.019965
0.097684
-0.053309
-0.005122
0.036801
0.129050
-0.038168
-0.172920
-0.213929
-0.021775
0.068926
-0.001258
-0.242591
0.021322
-0.279624
-0.097186
-0.372203
0.107948
0.216061
0.035540
0.003839
0.037841
-0.015650
-0.044362
0.074274
0.177295
0.057479
-0.131217
-0.070861
-0.002211
-0.112292
-0.352895
0.038961
0.362625
0.217340
-0.033647
-0.045637
0.120473
0.029687
-0.299511
0.082808
-0.018654
-0.029616
-0.093701
-0.089998
-0.023377
0.162693
-0.083472
0.116671
-0.183691
-0.004546
0.125240
0.087594
-0.322140
-0.037511
0.018059
-0.071329
0.100826
-0.247519
-0.128330
0.114494
0.147143
0.104577
0.130437
0.088134
0.513883
-0.029364
0.012729
0.403350
0.369835
-0.066182
-0.198384
-0.077886
0.028792
0.101437
0.030077
-0.025841
-0.081514
-0.088553
-0.231637
-0.031059
0.083377
0.155413
-0.058032
-0.445373
0.441808
0.049931
-0.163739
0.053276
0.166896
-0.093091
-0.108387
0.036211
-0.217411
0.221120
0.065517
-0.243235
-0.143220
0.089097
0.238510
0.061525
-0.136200
-0.475849
-0.209027
0.066563
0.269667
0.121761
-0.012645
0.223708
0.067728
0.021810
-0.031619
0.134958
0.003670
-0.151254
-0.010921
0.008258
-0.129381
0.069124
0.150736
0.241058
-0.252418
0.106253
0.278738
-0.083002
-0.191089
0.009504
-0.107590
0.196525
0.066055
-0.172051
0.371092
-0.253663
0.247180
0.106205
-0.096779
0.002340
0.058198
-0.288757
-0.202060
0.014827
0.047951
0.158166
0.239404
-0.179192
-0.168002
0.137325
-0.127826
-0.263065
0.216889
-0.000010
0.002407
-0.102649
0.030029
0.081115
-0.457879
0.041011
0.165891
-0.291659
0.105905
0.143896
0.015780
0.106167
-0.060892
0.011461
-0.138110
-0.227580
-0.113206
0.338422
0.019644
-0.133255
0.051717
0.113678
0.208906
0.087185
0.022172
0.042030
0.054093
0.203141
-0.119049
-0.259605
-0.203224
0.014175
-0.020595
0.218936
-0.074674
-0.326664
-0.325595
-0.067076
-0.176727
-0.136985
0.290563
0.030516
-0.173303
-0.266097
-0.012975
-0.007455
0.039396
-0.224815
-0.007572
0.087967
-0.008661
0.066841
-0.031438
-0.004802
-0.211798
0.133630
0.130258
-0.046973
-0.041669
-0.191959
-0.176337
0.141741
0.215779
-0.001910
-0.057150
-0.174440
-0.120810
0.218319
0.241381
0.121462
-0.328323
-0.063225
0.012031
-0.018494
-0.214987
0.253471
-0.002812
-0.232788
0.003663
-0.132005
-0.051397
0.179633
-0.003965
-0.018513
-0.124111
0.082364
0.053571
0.339732
0.213040
-0.000034
0.122314
0.249041
0.125416
0.081930
-0.002427
0.039271
0.069522
0.080997
0.117013
-0.098573
0.231506
-0.171639
0.053004
0.069158
0.261011
0.017871
0.056695
0.032665
-0.103979
-0.061161
-0.074593
-0.123341
0.278180
-0.031114
-0.126673
-0.125610
0.067471
-0.195387
0.089921
0.080281
-0.132510
0.141331
-0.044160
0.027144
0.273739
-0.218640
-0.193097
0.033986
-0.100305
0.126556
0.006379
0.052126
0.052950
0.103496
0.075444
0.135056
0.037904
-0.002152
-0.283252
0.160085
0.017635
-0.268221
-0.190443
-0.351814
0.242934
-0.163222
-0.126881
0.159190
0.124846
0.047797
0.076734
-0.001987
-0.298038
-0.199081
0.135303
0.101457
0.099478
-0.288863
0.042228
-0.236746
0.211481
-0.193859
-0.005390
0.246486
-0.329078
-0.040790
0.017977
-0.010727
0.146422
0.115475
0.380440
0.318016
0.091297
0.040226
0.093725
0.029581
0.033456
-0.050363
0.294415
0.456221
-0.328078
-0.185749
0.102979
0.124719
0.014979
0.141400
0.081182
-0.148696
-0.016109
0.080616
-0.356577
0.194803
0.271669
0.105021
0.008202
0.222350
0.030976
-0.131349
0.240178
0.407568
-0.199233
-0.185863
-0.069698
-0.085396
-0.214162
0.010262
0.136371
0.057816
0.049439
0.082041
0.003665
0.112548
-0.201648
-0.105735
-0.215686
0.201124
-0.101231
-0.142207
0.063002
0.104236
-0.017558
-0.213865
-0.155439
-0.029101
-0.235994
-0.181873
0.078362
0.070820
-0.000821
-0.082986
0.003949
-0.089095
-0.116918
0.427174
0.015323
0.052140
-0.076558
-0.086035
-0.249997
-0.069605
0.165838
-0.239182
0.006815
-0.039329
-0.261535
-0.012949
-0.349679
0.451826
-0.286714
0.094683
0.181644
-0.101072
0.156909
0.056534
-0.173560
0.016433
0.014009
-0.007806
-0.194731
-0.030451
-0.058164
0.110659
-0.015543
-0.136923
0.095367
-0.105618
0.028983
-0.089283
-0.135307
-0.108334
0.139532
0.189678
-0.035234
0.065881
-0.203000
0.180814
-0.278386
-0.073560
-0.073917
-0.220141
0.018136
-0.287655
0.025350
0.431761
-0.126746
-0.364859
-0.047210
-0.116591
-0.246845
-0.054029
0.159190
-0.339113
-0.037869
-0.258077
-0.133110
0.177962
-0.096867
-0.121205
-0.187380
0.152147
-0.088836
-0.096105
0.052053
-0.226757
-0.033814
-0.062698
-0.039732
-0.047502
-0.170075
-0.264022
-0.077649
0.369233
-0.259063
0.100278
-0.135412
0.207915
0.098510
0.125905
-0.046853
-0.088681
0.004774
0.048753
-0.053173
0.178894
-0.079805
0.030202
0.036357
-0.280879
0.001684
-0.257770
-0.099255
0.162892
0.098631
-0.124165
0.138287
-0.210813
0.071447
-0.130906
-0.139248
-0.006455
-0.144769
0.064895
0.158389
-0.121286
0.003133
-0.080352
-0.158476
0.584680
0.080639
-0.015013
-0.204627
-0.038230
0.077352
0.267688
0.042975
0.265497
-0.154620
0.170937
-0.266866
-0.269001
0.161447
0.239654
0.169365
0.057497
-0.205555
-0.153380
-0.111079
-0.143773
0.112352
0.074058
-0.274239
-0.260273
-0.253983
-0.110591
-0.052192
-0.313175
-0.222818
-0.230725
-0.003498
0.172756
0.310086
0.120246
0.095915
0.308307
-0.142146
-0.109654
-0.178948
0.218689
0.050112
0.094474
-0.093091
-0.338344
0.072432
-0.125897
-0.260729
-0.186407
0.091139
-0.022692
-0.095356
-0.213538
-0.352548
-0.012800
-0.083209
-0.058240
0.033631
-0.304439
-0.136048
0.261621
0.095365
-0.082380
0.239537
0.187201
-0.246234
0.540804
-0.252708
-0.036048
0.044091
-0.041508
-0.198994
0.038699
-0.099955
-0.036837
-0.046552
-0.193499
-0.188519
-0.216098
-0.044977
-0.126951
-0.069197
-0.081559
-0.054578
-0.313196
0.137722
-0.065463
0.327825
0.052347
-0.147054
-0.343235
-0.291256
0.028637
0.122065
-0.193049
-0.098440
0.184361
0.222956
0.083746
0.132772
0.057333
-0.390386
-0.019392
0.000625
-0.083068
0.036852
0.179304
0.004195
0.021650
0.030597
-0.066306
0.049117
0.079917
0.034558
-0.056691
0.140567
-0.015963
0.283803
-0.009722
-0.071235
-0.142790
-0.001952
0.024925
0.200369
-0.043516
0.322874
0.034117
-0.080883
0.150365
-0.129163
-0.129418
0.174384
-0.040098
-0.406235
-0.594389
-0.018753
-0.121432
0.169904
-0.026037
0.180121
-0.098355
-0.154612
-0.083515
-0.025933
-0.093803
0.119954
-0.127098
-0.184941
0.147983
-0.170349
-0.073005
0.022413
0.097509
0.012495
-0.129711
0.075003
0.076031
-0.230930
-0.004793
-0.118971
-0.197901
0.274873
-0.115656
-0.174797
-0.317083
0.325991
-0.015873
0.047105
-0.003879
0.136237
0.211574
0.052717
-0.086012
-0.101049
-0.018418
0.244660
0.056746
-0.035334
0.197138
-0.080927
0.211284
-0.035311
-0.082708
0.211533
0.215674
-0.355236
0.152624
-0.210743
-0.227127
0.001314
-0.043859
0.020292
-0.066522
0.076745
-0.035156
-0.126759
0.006223
-0.119578
-0.012723
-0.136734
-0.015173
-0.127948
-0.127196
0.108046
-0.053590
0.173350
0.168544
-0.045583
0.014257
0.019529
-0.199543
-0.077579
0.035705
0.333056
-0.036630
-0.158395
-0.063402
0.195894
-0.008201
-0.016690
-0.219882
0.167829
-0.157156
0.236434
-0.022007
-0.118009
-0.084946
-0.398341
-0.002100
-0.074832
-0.066481
-0.024254
0.092852
-0.021486
0.009859
0.053621
0.101219
-0.341986
0.220579
0.240732
0.248814
0.201663
-0.088649
-0.238711
-0.225404
-0.122042
0.072203
-0.113558
0.036575
0.277752
-0.059937
0.134616
-0.050369
-0.004053
-0.000148
0.016112
-0.051019
0.015156
0.078050
0.144556
-0.080096
-0.039087
-0.315964
0.110408
0.139631
0.180926
-0.012054
0.299636
0.033904
0.158773
-0.025874
-0.131934
0.169429
0.045858
0.172734
-0.140161
0.295844
-0.292625
0.205558
0.130115
0.079364
-0.000845
-0.245474
-0.273456
-0.016652
-0.153276
-0.096168
-0.010369
0.228421
-0.040027
-0.232028
-0.061284
0.004835
-0.054471
0.234288
-0.033793
0.151758
0.180976
0.027603
-0.255054
0.096822
-0.121541
-0.029592
0.171347
0.227310
0.078004
-0.001402
0.044009
0.357455
0.024669
0.100020
0.078804
-0.000286
-0.453499
-0.247127
0.277963
0.035650
-0.041766
0.141781
-0.097728
0.101168
0.282015
0.047166
-0.052431
0.096795
0.150743
0.036584
-0.327288
-0.014348
0.045602
0.067900
-0.359170
-0.108820
0.258144
0.240718
-0.063458
-0.221716
0.148151
-0.041091
-0.254443
0.019294
-0.355539
0.223439
0.220978
-0.243711
0.097397
-0.430564
0.268317
-0.064212
-0.125730
-0.178282
-0.086694
-0.415077
0.008934
-0.097450
0.036904
-0.163342
-0.021672
-0.102561
-0.075144
0.031087
-0.122595
-0.087916
-0.013087
0.170463
-0.054643
0.334271
-0.083847
0.082997
0.202908
-0.211643
-0.025220
0.274939
0.102451
-0.026500
0.083277
-0.110723
0.000374
-0.173103
-0.212145
0.172451
-0.154296
0.084153
0.050167
-0.318052
-0.052423
-0.110752
-0.190518
-0.081317
-0.049648
-0.201929
0.251723
-0.073433
-0.072585
0.128597
-0.029562
-0.085919
-0.076852
-0.074700
-0.157198
-0.076364
-0.161371
0.129863
0.290091
-0.016841
0.018924
0.119025
-0.022876
0.197034
0.356895
-0.092641
-0.005668
-0.230561
0.223956
-0.190897
0.167766
-0.080170
-0.244984
-0.119000
-0.150142
0.370547
0.062691
-0.020011
-0.004167
-0.066438
0.121464
-0.142157
-0.029009
0.214013
0.023501
0.092869
-0.055002
0.117295
0.052633
0.169244
-0.000505
-0.037763
0.181921
0.162775
0.252397
0.228456
0.213453
0.064824
-0.003315
-0.033461
-0.120279
0.218024
-0.130008
0.017107
0.269166
0.057155
-0.175275
-0.034693
-0.025262
-0.050949
0.033072
-0.297592
0.013027
0.071533
-0.178792
0.144742
0.176568
0.069464
0.047078
0.234566
-0.100624
0.092164
-0.011150
0.256712
0.075531
0.363053
0.159538
-0.016089
0.035712
0.136855
-0.002613
0.174154
0.269023
-0.060672
0.089489
0.167812
-0.101767
0.080535
0.047432
0.177552
0.113953
0.191053
0.150841
0.273140
0.210993
-0.182317
0.015201
-0.329959
0.016709
0.027733
0.091766
0.055758
-0.082521
0.012830
-0.241002
0.011277
-0.020550
0.250341
0.007537
-0.012683
0.021117
-0.216955
0.103889
0.110600
0.229096
0.091845
-0.160145
-0.109818
0.069354
-0.063406
-0.149840
-0.019978
-0.038599
-0.229714
0.127095
0.060574
-0.068389
-0.033492
-0.026816
0.012043
-0.283207
0.067938
-0.082641
0.041383
-0.277054
-0.143306
-0.224442
0.053081
-0.229308
-0.106391
-0.065643
0.002769
-0.251472
-0.053251
-0.134395
0.135569
-0.234800
-0.042572
0.177937
0.103678
0.069473
0.067714
-0.012080
0.233721
0.152566
-0.206452
0.014245
0.202544
0.090766
0.238107
-0.024294
0.103464
-0.103072
-0.289488
0.066295
0.277422
-0.320420
-0.173424
-0.195199
0.063328
0.008650
0.013357
-0.048511
-0.315149
-0.025756
0.155972
0.032263
-0.073255
0.218655
-0.031068
-0.274113
-0.190466
-0.186700
-0.074435
-0.213202
-0.119649
-0.041610
-0.305564
0.040194
-0.026939
-0.035326
0.157917
-0.124368
-0.301766
-0.121263
-0.150232
0.224732
-0.262065
0.171296
0.116649
0.046084
0.115525
0.330482
-0.370248
-0.026491
0.161934
-0.111859
-0.080577
-0.166311
-0.296981
-0.310985
-0.050521
-0.250397
-0.050786
0.057255
0.134518
0.031850
-0.112453
-0.129323
-0.142508
-0.123531
-0.134184
0.268016
0.146927
-0.037305
-0.142576
0.082560
0.196914
-0.043375
-0.032024
0.181776
0.156126
0.319304
0.035730
0.080954
-0.158263
-0.236560
-0.139464
0.025168
-0.421825
0.015818
0.167369
0.237443
-0.021008
-0.168256
0.471939
-0.233468
-0.191986
-0.112321
-0.051986
-0.028047
0.225009
0.031150
0.231158
0.155598
-0.193322
-0.075877
0.039799
-0.005930
0.094555
-0.065068
-0.242709
-0.096240
-0.101795
-0.231875
0.202189
0.045572
-0.030394
0.255274
0.018424
0.131517
0.024638
-0.043318
-0.087752
0.448160
0.165229
-0.027841
-0.041539
0.156626
0.020272
-0.151396
-0.105139
-0.316899
0.036526
-0.126959
0.195809
-0.242743
-0.019684
0.011266
0.014426
-0.049692
-0.104137
-0.049411
-0.019774
0.031136
0.219125
0.097664
0.233660
0.130434
0.102082
0.018064
-0.213660
0.002173
0.103192
0.092175
-0.340690
0.055673
-0.031120
0.068566
0.324409
0.053337
-0.035353
0.032984
-0.076041
-0.051834
-0.038504
0.027135
0.389945
0.135669
0.066574
0.014912
0.210129
0.229949
-0.224468
0.241090
-0.060855
-0.060643
-0.148838
-0.241676
-0.090090
-0.228324
-0.085798
-0.175177
-0.119681
0.073024
0.318265
0.150014
0.038213
0.257863
0.044027
-0.010445
0.151295
0.057055
0.045973
0.084753
0.216553
-0.239713
-0.025062
0.053531
0.145524
-0.079720
0.259545
-0.481272
-0.041858
0.222856
-0.028549
-0.201175
0.183603
0.066736
-0.079389
0.003789
0.202469
0.141403
-0.049339
-0.338105
0.022188
-0.142725
-0.153280
0.162617
0.039619
0.049386
-0.065244
-0.043508
-0.053336
0.151791
0.204414
-0.383813
0.080471
0.196432
-0.204134
-0.111870
0.063376
0.191567
-0.130982
0.062786
0.234566
-0.015834
-0.128954
0.131699
-0.063955
0.044303
0.224065
-0.201188
0.049033
0.112868
0.215126
0.123348
-0.054200
0.309079
0.002751
-0.000632
0.100370
0.031914
0.071969
-0.041714
0.308700
-0.049668
0.019246
-0.256586
-0.124078
0.021613
0.370039
0.066179
-0.262377
-0.087100
-0.018850
-0.127308
0.015160
-0.341528
-0.011711
-0.065429
-0.027531
-0.060465
0.223188
0.224194
0.036656
0.026941
-0.131369
0.279312
-0.036877
-0.116856
0.223472
-0.012225
0.166962
-0.212940
-0.042439
0.256770
-0.157017
-0.373366
0.040896
-0.067243
0.107052
-0.142369
0.002240
0.164813
-0.299516
-0.036575
0.057615
-0.034560
0.024619
-0.179343
-0.251850
0.439741
0.234718
0.062963
-0.124279
-0.014170
0.202971
-0.074434
-0.266441
0.458038
0.258909
-0.210765
-0.113060
-0.126707
0.000490
-0.148868
-0.122264
-0.010558
-0.221323
-0.008611
0.053591
-0.215994
0.025434
0.014610
-0.300873
0.264263
0.211707
0.052525
0.044222
-0.369249
-0.202555
-0.035796
-0.029412
-0.142073
0.362426
-0.066656
0.031185
0.002254
-0.090026
-0.106989
-0.088307
-0.007324
-0.115163
-0.017670
0.065020
0.046458
-0.034361
-0.348267
0.218561
0.124050
-0.040903
0.214128
-0.181980
-0.035011
-0.210508
0.121581
0.059239
-0.080010
0.070623
0.194180
-0.213573
-0.034441
-0.230904
-0.134458
0.171943
-0.250820
-0.349657
0.199004
0.120553
0.090166
0.059306
-0.074964
0.026595
0.237094
-0.163053
-0.102452
0.007256
0.180026
-0.111661
0.086340
-0.245538
-0.198853
0.064863
0.304446
0.055568
-0.138994
-0.132014
-0.120317
0.039336
0.045276
0.016893
0.088105
-0.138791
-0.167642
0.020744
0.254273
0.331771
-0.293181
0.000541
0.039223
-0.075036
-0.050410
0.113532
0.067554
0.071333
-0.103896
-0.008606
0.072536
0.140308
0.182582
0.028964
-0.038665
-0.162999
0.135431
-0.156204
-0.073823
-0.043431
0.122829
-0.124046
0.232152
0.017099
-0.051410
0.086623
0.166974
0.221600
-0.150144
-0.159011
0.101977
0.057918
0.017822
0.148538
-0.258921
0.108175
-0.177027
-0.073872
-0.137977
0.021785
0.252789
-0.068683
-0.036303
-0.250188
0.119937
0.005877
0.030638
-0.069568
-0.205624
-0.192645
0.047871
-0.215139
0.053864
0.229255
-0.305803
0.281059
0.185367
0.056953
-0.236634
-0.010123
0.037188
0.205483
0.035972
-0.094865
0.136410
0.195336
0.092887
0.248979
0.141776
0.077282
-0.002223
-0.034017
-0.100947
0.093356
0.207761
0.222534
0.020813
0.121906
-0.015697
0.081054
-0.223624
-0.158571
-0.082669
0.059647
0.405175
0.150385
-0.096529
0.173762
0.025247
0.137479
0.035200
-0.078623
0.129091
-0.323772
0.097524
0.004109
-0.020175
0.063633
-0.170883
0.206446
0.164455
-0.166814
0.027180
-0.110338
0.043879
-0.183414
-0.404092
-0.358385
0.358218
-0.065135
0.077436
0.025941
-0.043412
-0.068601
-0.051751
-0.177052
-0.256728
0.241184
-0.051008
-0.119485
0.297228
-0.156727
-0.129852
-0.133151
0.177613
0.212535
0.079110
-0.082147
0.184307
0.090039
0.118669
-0.220783
0.281242
-0.112294
0.004206
0.229972
-0.273437
-0.174907
-0.224894
0.114434
-0.079057
0.140368
0.123891
0.034155
0.024804
0.120442
0.073827
0.193788
0.152961
-0.087852
0.175041
0.131491
-0.037642
-0.093107
0.046020
0.230629
-0.141953
0.341047
-0.100453
-0.032164
0.014615
0.026785
0.051454
-0.166171
0.104774
-0.315345
-0.085761
-0.065183
0.001118
0.164214
0.031296
0.255689
0.201922
0.159788
-0.273263
-0.033064
-0.084737
0.136049
-0.096299
-0.032528
-0.053853
-0.013053
0.137300
-0.108620
0.180762
-0.057861
-0.086400
-0.032674
-0.066253
0.193030
-0.291148
-0.114001
-0.001403
-0.113890
0.136926
-0.386718
-0.042176
0.032579
-0.142908
-0.348611
-0.024868
-0.154789
-0.316087
-0.271760
-0.003785
0.115081
0.099948
-0.010340
0.014078
-0.002592
0.044930
0.349425
-0.054427
0.000872
-0.256622
-0.059518
-0.125231
0.033589
0.271603
0.030475
0.078892
-0.072130
-0.241570
-0.087000
0.144765
-0.119590
0.049887
0.110941
-0.221456
-0.482517
-0.003700
0.036740
0.268608
0.034929
0.028871
-0.061344
0.169679
0.262148
0.229339
0.086447
-0.077821
-0.098449
0.054235
0.120961
0.406863
0.042144
0.059872
0.151958
-0.042239
0.052003
-0.329619
0.040341
0.095039
-0.131111
0.034024
-0.173647
-0.326972
0.275784
0.239295
0.089812
-0.063514
-0.053978
-0.065079
-0.402667
0.141207
0.286061
-0.119821
-0.039712
0.028629
-0.118894
0.014801
0.006558
0.109083
0.096688
0.047270
-0.080542
-0.012660
0.050604
0.075530
0.141830
-0.172865
-0.101378
-0.123563
-0.193908
-0.093262
0.104446
-0.039796
0.190098
-0.098171
0.188929
-0.017591
0.002018
-0.295128
-0.001391
0.182610
0.505736
-0.161137
0.075774
-0.081575
-0.213449
-0.047214
0.121786
0.182887
-0.024228
0.165785
-0.217678
0.026143
0.002555
0.225971
0.014451
0.048519
-0.185504
0.051399
-0.146270
0.275450
0.225706
0.125599
-0.275435
0.156229
0.021480
0.271812
-0.383007
0.100403
-0.058981
0.024411
0.385460
-0.096920
0.018754
-0.351619
-0.121218
0.014199
-0.040133
0.137759
0.313557
0.042203
0.124807
0.029767
-0.001010
-0.174130
0.096652
-0.009407
-0.227092
0.109579
-0.040761
0.056256
0.212922
0.039423
-0.114295
-0.046779
-0.082619
0.033241
0.113639
-0.106915
0.125010
-0.131476
0.020928
-0.058142
-0.147997
-0.091363
-0.037497
0.099035
-0.084981
0.112370
0.067569
0.265199
-0.276647
0.163841
0.060055
0.003681
-0.223378
0.218022
-0.008873
0.349578
-0.097895
0.324983
0.168276
-0.213521
0.183007
0.163688
0.177996
-0.341320
0.099202
-0.050468
0.161540
0.117493
-0.254239
0.078085
0.111093
0.102698
0.018946
-0.057227
-0.119973
-0.182512
-0.020830
-0.047172
-0.176934
-0.241062
0.063503
0.051442
0.103323
0.278310
-0.069084
0.178305
-0.107173
0.103718
-0.146493
-0.177566
-0.251660
-0.110913
-0.050500
0.036941
-0.114429
-0.045386
-0.141660
0.014752
0.079004
-0.083611
-0.206286
-0.024365
-0.095219
0.226929
-0.320545
-0.315240
0.499816
0.178642
-0.125047
0.007787
-0.293624
-0.193700
-0.113590
0.035875
-0.323486
-0.008404
0.214522
-0.172703
0.088991
0.050162
-0.109812
0.132188
0.119753
0.099471
-0.046955
0.096144
0.218132
-0.223597
-0.161753
-0.066257
-0.073961
-0.266062
-0.099739
-0.128965
0.209062
0.110080
0.251821
-0.209933
0.157505
-0.053689
-0.174567
-0.243753
-0.125911
0.009933
-0.140541
-0.156020
0.140556
0.076097
0.075771
0.237985
0.066645
-0.044052
0.069036
-0.057981
0.081340
0.056150
-0.022427
0.087200
0.044874
-0.209428
-0.030659
0.032640
-0.089378
-0.060439
-0.338858
0.034683
0.137910
0.254571
-0.333418
-0.154834
-0.149166
-0.171354
0.111560
-0.115554
0.029546
0.288492
-0.103044
0.009578
-0.024180
0.010263
-0.252299
-0.022865
-0.288509
0.080776
0.042805
0.038381
-0.235575
0.199016
0.031112
0.056630
0.078714
-0.051322
-0.082600
-0.018674
0.398477
0.093949
-0.222446
0.057568
0.098479
0.138120
-0.444429
-0.398269
-0.166774
0.214054
-0.089831
0.238062
-0.058783
-0.216475
0.199949
-0.479985
-0.072720
0.070180
0.288655
-0.446876
0.070013
-0.178755
0.151963
0.265924
0.151403
0.243837
0.187226
-0.126775
0.022181
-0.238320
-0.180941
-0.477415
0.003187
0.111370
0.158667
-0.015786
-0.014175
0.076672
-0.097994
-0.135833
-0.257292
-0.239559
-0.182536
0.205114
0.138313
-0.067934
0.058005
-0.114456
-0.317608
0.009161
-0.122004
0.032612
-0.068542
-0.362144
-0.036952
0.094797
0.138911
0.372291
0.112290
0.300363
-0.001457
-0.202163
-0.289398
0.141970
0.413869
0.041252
0.117828
0.273921
0.373856
-0.119516
0.556170
-0.182749
0.291746
0.241419
-0.077866
-0.030191
-0.429894
-0.245941
0.106901
-0.026548
0.015626
0.045720
0.154699
0.038554
-0.213914
-0.153209
-0.180216
-0.225123
-0.074270
-0.041899
0.066663
0.450629
-0.386483
-0.173927
-0.141183
0.011193
-0.210438
0.013723
-0.065475
0.245489
0.128999
-0.001483
0.224008
-0.023564
-0.006356
-0.154294
0.048861
-0.019111
0.007069
-0.052926
-0.143666
0.022447
0.325867
-0.190175
-0.279271
0.417565
0.139201
0.194127
0.072506
0.156863
-0.344335
0.043403
0.314292
-0.104967
-0.029389
-0.298737
-0.062610
-0.071383
0.078918
-0.005042
0.116902
-0.089225
-0.248619
0.101843
0.135125
0.060703
-0.191576
-0.027442
0.105428
-0.159799
-0.221417
0.309631
0.125146
0.244297
-0.277482
0.045007
-0.096666
-0.287727
-0.206843
0.059257
-0.099569
0.142879
0.070696
-0.087185
-0.040789
-0.022815
0.131437
0.243307
0.437218
0.316143
-0.015381
0.165616
0.018408
-0.106305
-0.248739
-0.027336
0.113025
0.108343
-0.102464
-0.164901
0.244984
0.077566
-0.176740
-0.068992
0.144957
0.167084
-0.258939
0.127107
-0.207785
-0.201408
0.047460
0.120408
-0.230132
0.009297
0.197948
0.177048
0.327901
0.250685
0.247400
-0.260772
-0.048562
0.071476
0.338109
0.181982
-0.017973
0.353031
0.023544
0.230789
0.025838
0.200597
-0.229758
0.325591
0.102906
-0.078505
0.079350
0.170579
0.003289
0.090666
0.311305
-0.224892
0.072429
-0.009947
0.002469
-0.027055
-0.035798
-0.234549
0.150247
-0.027835
0.040703
0.181700
0.069680
0.039634
-0.089229
-0.171227
0.132439
-0.027238
0.052836
-0.361360
0.022432
0.079035
0.185046
0.436110
-0.010754
0.433147
-0.196287
0.210537
-0.093245
-0.009568
0.119034
-0.391685
0.160298
-0.066371
-0.211179
-0.320905
-0.196340
-0.197006
-0.090174
-0.112638
0.396456
-0.090669
0.074155
-0.025474
0.111517
-0.260916
-0.041004
-0.138301
0.061060
0.090140
-0.385831
-0.200425
-0.081154
-0.152669
-0.425781
0.307106
0.140408
-0.298934
-0.100439
-0.104196
-0.049503
0.012874
0.006819
0.031897
-0.072692
-0.144344
0.133798
0.157442
-0.165638
-0.066814
-0.116373
0.172907
0.021565
-0.476523
-0.136925
-0.146845
0.145243
0.018293
-0.044045
0.246182
0.180835
-0.144712
0.201556
0.296425
-0.024986
0.069417
-0.427299
-0.401439
0.040138
-0.306222
0.311357
0.132966
0.009682
-0.191415
-0.015559
0.129835
-0.137585
0.009272
0.051781
0.313064
0.111504
-0.021265
0.044104
-0.095485
0.007618
0.270973
-0.022671
-0.156368
-0.138055
0.059627
0.301397
0.152189
-0.308161
-0.211402
-0.117315
-0.070950
0.063772
-0.026743
-0.217230
-0.056679
-0.360135
0.167471
0.185449
0.271644
-0.104841
0.272096
-0.117849
-0.136913
-0.134695
0.141274
0.019745
0.175450
-0.140941
0.222892
0.053542
0.182058
0.199482
-0.091015
0.021283
-0.112342
-0.218341
0.119415
-0.238827
0.212132
0.288350
0.050065
-0.086655
0.033119
-0.065325
0.051854
0.197495
0.160038
0.200339
-0.058841
0.033857
-0.090937
0.287486
0.062312
-0.149162
-0.100846
0.165471
0.215184
0.214912
-0.105396
-0.069345
0.218220
-0.189212
-0.003207
0.192468
0.039011
0.285827
-0.044827
-0.181629
-0.169590
-0.148496
0.070867
-0.223679
0.193602
-0.496152
0.196248
-0.120177
0.038709
0.087283
0.010595
-0.082704
-0.089334
0.085503
-0.298855
-0.039041
-0.108657
0.210254
0.032725
0.140912
0.091883
0.076483
-0.317017
-0.196440
-0.140339
0.300153
-0.228985
-0.104487
0.211430
-0.243086
-0.072443
0.205332
0.093908
0.207972
-0.233741
-0.229514
0.038472
0.093904
-0.018206
-0.034741
0.068013
-0.014237
0.071060
0.290677
0.070148
0.072251
0.009190
0.223124
0.080073
-0.361718
-0.259633
-0.038520
-0.082028
-0.373358
0.212260
-0.011488
-0.114845
0.175588
-0.079395
0.245277
0.083202
-0.186020
0.155983
0.347770
0.202592
0.112383
-0.042204
-0.018112
-0.223130
0.040357
0.144402
0.151284
-0.039356
-0.201929
-0.313176
-0.074715
0.117629
0.086052
-0.152155
0.315098
-0.065135
0.203935
-0.015822
0.033001
-0.035774
0.007347
0.089161
-0.069289
0.194863
0.014521
-0.000375
0.201649
-0.021875
0.241522
-0.217303
-0.181365
-0.347569
0.051366
0.181732
0.028798
0.152920
-0.299803
-0.190711
0.248357
0.323985
-0.485543
0.200082
-0.006181
-0.225396
0.120146
-0.033382
0.102126
-0.046836
-0.285035
0.156479
-0.043386
0.009007
0.135232
0.331619
0.034960
0.253625
0.097537
-0.341099
-0.160490
-0.134001
-0.286713
-0.060753
0.004549
0.114372
-0.053067
0.187952
0.179284
0.091355
0.115716
-0.111146
0.155299
-0.142999
-0.084090
0.021893
0.297273
0.041961
0.078115
-0.075782
0.039256
0.039305
0.163594
-0.116916
0.390701
0.040641
-0.048852
0.348482
-0.110996
0.049524
-0.243434
0.218568
0.111022
-0.267260
0.030299
-0.008718
0.019321
0.077308
0.129681
-0.061347
-0.128089
0.107348
-0.047907
0.033323
-0.292405
0.218553
-0.161202
0.148305
0.123684
-0.201338
-0.151272
-0.091128
-0.262919
-0.048411
-0.002733
0.134253
0.201486
0.102619
0.186432
0.257096
-0.032033
-0.130787
-0.137089
0.051359
0.432809
-0.237840
0.129279
0.059235
0.173211
-0.037010
0.186282
0.004114
-0.049352
-0.130303
0.227529
-0.079199
0.042730
-0.430758
0.032084
0.094988
0.122473
-0.062599
0.093588
0.189243
-0.118829
0.405811
0.297718
0.165851
-0.193390
0.095150
-0.431333
-0.215800
-0.045237
-0.063661
-0.051973
-0.053167
-0.048472
-0.024113
0.008546
0.197302
-0.021778
-0.036120
0.187456
0.112478
0.032777
0.200113
0.140585
-0.031294
-0.267886
0.195302
-0.282187
0.022190
0.116480
0.374904
0.088746
0.025096
-0.238257
0.132971
-0.204472
-0.279329
0.007878
-0.158298
0.007524
-0.111921
0.113037
0.043501
0.073891
-0.088082
0.033987
-0.201743
-0.010910
0.105144
0.081653
-0.104583
0.182214
0.099012
-0.020139
-0.145797
-0.012110
0.121843
0.073666
-0.221354
0.186030
0.127280
0.239110
-0.027027
0.099420
-0.405016
-0.138864
-0.314252
0.069131
0.036869
0.028252
-0.269957
-0.033466
-0.106318
-0.113922
-0.027919
-0.104942
0.007342
-0.016433
0.266658
-0.075575
0.090278
-0.282269
-0.031368
0.017100
-0.144615
0.002408
0.223946
-0.043091
-0.029260
0.142784
-0.061819
0.226272
-0.094731
0.007981
0.284463
-0.002512
-0.195175
0.099069
0.000480
-0.110867
-0.139075
-0.183917
-0.129800
0.009238
0.048873
-0.292901
-0.013076
0.192137
0.128590
0.059975
-0.024256
0.114390
-0.007934
0.191913
0.047372
0.386815
0.190907
-0.123806
-0.049731
0.442401
0.124675
0.177642
-0.037467
0.036052
0.105794
-0.136486
0.102136
-0.113802
0.226074
0.245290
0.043083
-0.124087
0.181828
0.004645
0.110660
-0.003820
-0.094675
0.092712
-0.006645
0.152629
0.324615
-0.062278
0.060345
-0.201065
0.102612
-0.324473
0.087033
-0.120443
-0.173100
0.209873
-0.082915
0.047924
0.270154
0.219420
-0.004573
0.213264
-0.001183
-0.044379
0.108841
0.065937
-0.241764
0.043629
-0.010289
-0.276395
0.012227
-0.217698
-0.064132
-0.073115
-0.223119
-0.405750
0.014321
-0.117556
-0.042058
-0.166119
-0.188474
0.113898
-0.103078
0.056406
-0.233338
0.042294
-0.088989
-0.148709
0.175366
0.160341
0.002794
-0.002482
0.003914
0.376475
-0.030489
-0.134941
-0.133867
0.116731
0.081855
-0.143922
0.350811
0.077081
-0.066822
0.100069
-0.135857
-0.050364
-0.141652
-0.064823
-0.019758
-0.028559
-0.034094
-0.285678
0.140616
0.077478
0.007541
0.162678
-0.056897
-0.167364
-0.073029
-0.267959
-0.130763
-0.028966
-0.085780
-0.210412
-0.032981
-0.093098
-0.338626
0.005987
-0.145956
0.309633
0.048473
0.026752
-0.316400
-0.066300
0.262150
0.073728
0.044929
0.224014
-0.000986
0.058431
0.004078
0.170309
-0.299932
0.260251
0.232279
-0.104758
0.123445
0.072731
0.218389
-0.231787
-0.028408
-0.205873
-0.288153
0.127905
0.116543
0.330583
0.201141
-0.003399
0.486314
0.149788
0.104987
0.035939
-0.080891
0.049467
0.093832
0.096797
-0.126503
0.222893
-0.068355
-0.227778
-0.055973
-0.202527
0.124466
-0.449302
-0.133331
-0.125824
0.150073
-0.027114
-0.307379
-0.086931
-0.048148
0.147337
0.065771
-0.038852
-0.153891
0.113640
-0.390228
-0.029300
0.083120
-0.229550
-0.040067
-0.241244
-0.092628
0.311657
-0.107406
0.276988
0.020788
-0.033772
-0.018918
-0.212615
0.128494
0.071527
0.085180
0.101464
-0.148437
-0.206187
0.283008
0.062095
0.302766
-0.315026
0.113528
0.168295
0.068046
0.079106
0.057758
-0.008536
-0.191873
-0.244991
-0.113613
0.028626
0.294605
0.477277
0.116249
-0.060245
-0.020016
-0.056049
-0.018749
-0.091460
0.183691
-0.109480
0.106781
0.015886
0.165422
0.163790
-0.266559
0.000812
0.020156
-0.008141
-0.047752
-0.087732
-0.080873
0.151518
-0.210055
-0.054775
0.357699
0.026493
-0.117693
-0.151966
0.353739
0.081805
0.026077
-0.269745
0.024107
-0.069663
0.326391
-0.057826
0.396246
-0.059163
-0.239767
-0.101210
0.181903
0.116527
-0.324758
-0.016462
-0.067107
0.096593
0.256480
-0.098207
-0.071755
-0.049194
-0.040841
0.109566
-0.126010
-0.023825
0.129778
0.189809
0.025023
0.074598
-0.052250
-0.267685
-0.111134
0.098312
0.038093
0.024111
0.226436
-0.495529
0.106208
-0.071267
-0.042405
0.314784
0.197585
0.128435
-0.183492
0.027794
-0.274449
-0.073448
-0.079765
-0.135567
-0.014219
-0.029740
-0.314940
-0.137860
-0.087276
-0.200961
0.127365
0.414801
-0.198124
0.143584
0.302298
-0.046405
0.190755
-0.296872
-0.022540
-0.294338
0.119258
0.099368
0.042022
0.131143
0.220746
-0.166007
-0.080404
0.056806
0.016225
0.034353
-0.091088
0.317567
-0.101429
-0.096465
-0.106944
0.065295
0.056388
-0.147901
0.013801
-0.159866
0.012512
0.322541
-0.022466
0.102988
-0.018878
0.227600
-0.268300
-0.125848
-0.103892
0.062107
0.004023
0.023915
0.148517
0.019583
-0.089443
0.117904
0.108655
-0.043167
-0.000861
-0.224986
-0.058236
-0.117883
-0.095437
-0.026357
-0.170953
0.137587
0.144963
0.002562
-0.093600
-0.176928
0.087376
0.156513
0.038718
-0.329632
0.080021
0.232793
-0.212209
0.254605
-0.279861
0.152255
-0.176816
-0.170465
0.128237
-0.063936
-0.227868
0.402967
0.244481
-0.140937
0.108781
-0.060242
-0.059028
-0.331566
0.340999
0.186112
0.055034
0.119641
0.023533
-0.049734
-0.017784
0.031758
-0.104618
0.128660
0.168389
0.211155
0.037241
-0.187292
0.034321
-0.142200
0.111898
0.327784
-0.131617
-0.169389
0.132628
0.025137
-0.011267
0.158292
0.006488
0.049053
0.109160
-0.240718
-0.196644
0.074621
-0.120900
0.054994
-0.129079
0.114662
0.074894
0.075301
-0.003139
-0.145030
-0.380672
0.000813
-0.152554
0.317742
-0.125879
0.022079
-0.322579
-0.327623
-0.095863
0.244455
0.205148
0.417925
0.254898
-0.121034
0.063428
-0.003042
-0.088308
0.109873
-0.183168
-0.329381
0.401740
0.006351
0.160419
0.003392
0.068108
-0.292198
0.132885
0.066797
-0.141283
-0.008708
0.119130
0.262890
0.070657
-0.148116
0.336460
0.025187
0.126796
-0.144553
-0.174180
0.157341
0.058133
0.015212
0.104916
0.081842
0.176239
-0.055135
0.106878
-0.031102
0.107842
0.033619
0.037943
0.043534
-0.018698
0.337121
-0.075231
0.066935
0.191189
0.087702
-0.162382
-0.139809
-0.082288
-0.223964
0.065559
0.010641
-0.014011
0.327115
-0.146172
0.123465
0.193961
0.097027
0.055534
0.206307
0.092927
0.084171
0.054542
0.417167
-0.262185
0.158453
0.142240
-0.125250
-0.061963
0.202419
-0.109032
0.062895
-0.161713
0.158740
-0.082540
0.167931
0.015718
-0.106684
-0.067323
-0.283091
0.125618
0.039917
0.125687
0.233248
-0.145402
-0.298907
-0.221712
0.090595
0.315660
0.132535
-0.052567
0.319414
0.049779
0.015278
0.183446
-0.266521
0.074499
0.118547
-0.215593
0.273029
0.244162
-0.035705
0.105811
-0.014228
0.175943
-0.137428
-0.081730
-0.056832
0.070846
0.035083
0.160752
-0.078960
0.043014
0.118886
0.162816
0.255809
-0.010170
-0.162097
-0.053848
0.232909
0.316212
0.024770
0.054772
-0.461822
-0.023401
0.039695
0.174145
-0.077207
0.114645
0.059495
0.007910
-0.324109
-0.214587
-0.156276
-0.438741
-0.112893
-0.090567
-0.023710
0.035365
0.028352
-0.079115
-0.224598
0.017029
-0.019062
0.437082
-0.296527
0.131529
0.100087
-0.045365
0.009393
0.222755
-0.185730
0.167044
-0.252533
-0.029888
-0.198002
0.125688
0.110654
0.018144
-0.215415
-0.074302
0.313560
-0.478514
0.293840
0.029551
0.150687
-0.021468
0.106186
0.037693
-0.064030
0.043860
0.350636
0.035826
0.055617
-0.073248
0.308479
-0.205845
-0.047624
0.112693
0.117539
0.012016
-0.095423
-0.055899
-0.017499
0.055915
-0.185455
0.012283
0.089626
-0.175574
0.108736
0.198483
0.076849
-0.013814
-0.101522
-0.209260
-0.288853
0.028687
-0.194863
-0.117481
-0.135268
-0.092009
-0.173187
0.030045
0.245418
0.138890
0.397263
-0.204065
-0.010360
-0.067794
0.138479
0.169378
0.164274
0.323152
0.087626
-0.191521
-0.167500
-0.075607
0.105386
0.153054
0.049858
0.217522
0.029455
0.050946
0.009801
-0.194574
0.147294
-0.155112
-0.036468
-0.195455
0.143746
-0.321721
-0.171986
-0.263973
-0.016808
-0.030383
-0.081440
0.168877
-0.074173
0.271449
0.018688
0.411521
-0.063842
0.050686
-0.015424
-0.070811
0.122879
-0.065767
0.242936
0.010891
0.200207
0.030506
0.009133
-0.064422
0.212082
-0.023365
0.005934
-0.037358
-0.165442
0.105333
0.015652
0.032629
0.057540
-0.152401
-0.078622
-0.107263
-0.003537
0.371587
0.177463
0.357620
0.365312
0.139413
-0.171229
0.422483
-0.374192
0.393113
0.024639
-0.019926
0.014772
0.204489
0.121532
0.052902
-0.008044
0.047763
0.167413
0.160360
-0.079299
0.223199
-0.503860
0.163202
-0.093287
-0.091711
0.072843
-0.050470
-0.261673
0.093751
0.139468
0.239485
-0.106251
0.265065
0.066581
0.049581
0.067002
0.031625
-0.230229
0.184813
-0.122173
-0.291465
0.023764
0.010438
0.164568
0.182270
-0.431224
0.039783
-0.030977
-0.025990
-0.142746
0.074867
-0.094837
0.080442
-0.230050
0.028919
-0.184974
-0.128130
-0.226014
0.062605
-0.062016
0.183809
0.192112
-0.306409
0.061230
0.035769
-0.054300
0.099052
0.184277
0.079942
-0.073468
0.022961
-0.100372
0.115390
-0.039891
0.036514
-0.048718
-0.034798
0.123576
-0.078304
0.011894
0.081493
0.223096
0.275665
-0.331548
0.067443
-0.054199
0.043627
0.062183
0.085611
0.107014
-0.280948
0.033182
0.164515
-0.087167
0.180124
0.031954
-0.113748
0.031086
0.320750
-0.026032
0.069147
-0.293283
0.027429
-0.167101
-0.175347
-0.154029
-0.209698
-0.469672
-0.383068
-0.250250
0.254562
0.070329
0.040208
0.034679
0.087770
-0.081986
0.161247
-0.062821
0.052684
0.091300
-0.050163
-0.175602
0.120031
0.379090
-0.276112
0.043988
0.090454
-0.271726
0.003340
0.167821
0.189157
-0.076088
-0.004800
-0.070741
-0.128104
0.247312
0.102182
-0.201010
0.083912
-0.072935
-0.036999
-0.209173
-0.084272
-0.002022
0.076041
-0.172063
0.113713
0.253896
0.240705
-0.141548
0.156677
-0.132332
-0.035779
0.048320
-0.069375
-0.219816
-0.050935
0.212854
0.160371
0.019299
0.018139
0.008034
-0.182251
0.452456
-0.210567
-0.020988
0.078447
0.159654
-0.091441
-0.131608
0.157345
-0.015121
0.078338
0.052812
0.043914
-0.198631
-0.140194
-0.162797
0.040616
0.042346
-0.003225
-0.077618
0.112603
-0.032085
-0.018655
0.004343
0.102949
0.376629
0.432486
0.147931
0.041183
-0.111969
0.139564
-0.120341
-0.202977
-0.085832
-0.121462
0.033470
0.342129
-0.064593
0.100228
0.029084
0.000072
0.010465
0.107338
0.137088
0.066926
0.059909
-0.205013
-0.121149
0.152780
-0.023121
0.215379
0.153958
-0.158218
-0.284053
-0.063491
-0.022627
-0.422589
0.116357
-0.090790
-0.012915
-0.068648
0.282013
0.296259
-0.148155
0.147142
0.069146
0.145134
-0.172369
0.089022
-0.205025
-0.198283
0.083991
0.092720
0.097350
0.081118
0.167100
0.155736
-0.112141
0.079650
0.230098
0.314494
0.302487
0.083767
-0.156951
0.202754
-0.196553
0.247979
0.089484
0.042446
0.009225
0.199925
0.313009
-0.058754
-0.290488
0.180830
-0.072172
0.201467
-0.158463
0.040737
-0.219678
-0.168999
-0.025599
-0.204898
0.152104
0.038161
-0.050959
0.415510
-0.212602
0.250127
-0.070166
0.120184
0.052020
-0.274182
0.084351
-0.088563
0.303884
0.129973
0.055325
-0.081414
0.094397
0.040778
0.282708
-0.027742
-0.023310
-0.136481
-0.067602
0.011877
0.101175
-0.089651
0.079077
-0.006098
0.114109
0.272040
-0.002513
-0.097562
-0.234213
0.215153
0.109533
-0.079055
-0.431061
-0.095553
0.258341
0.081105
0.053047
-0.148558
-0.101719
0.136836
-0.082715
-0.160644
0.312387
-0.084307
0.213303
0.306875
0.303479
-0.028611
-0.205859
-0.096119
-0.487656
0.066294
0.072732
-0.093484
0.205727
-0.338702
-0.028337
0.210462
0.089686
-0.127803
0.053404
-0.026957
-0.106743
0.178953
0.045974
-0.245321
0.121699
0.312486
0.020167
-0.035133
0.142615
-0.121742
0.291394
0.313586
-0.078173
-0.155335
0.231212
-0.167849
-0.013619
-0.300023
-0.080203
0.021897
-0.253728
0.155796
0.152141
0.018874
-0.201817
-0.250888
0.138437
0.069587
-0.065679
0.083026
-0.123308
0.267315
-0.059174
-0.152637
0.041522
-0.009896
0.089362
0.085827
0.015608
0.142199
-0.387862
0.085904
0.115759
0.027688
0.128857
0.215030
0.103519
0.000449
0.248234
-0.149947
-0.163162
0.206956
0.325057
0.101473
0.129644
-0.085622
0.028937
0.137379
-0.118805
0.158319
-0.421929
0.009972
0.041772
0.032346
-0.237320
-0.006585
0.041448
-0.208507
0.162114
0.097870
-0.126803
-0.084051
0.249094
-0.289674
0.073661
0.136540
-0.060075
0.200177
0.065248
-0.108173
0.066567
0.159369
-0.189770
-0.390563
0.139094
0.071288
0.157511
-0.096027
0.280586
0.054138
-0.127246
-0.017609
-0.302414
-0.048400
0.158121
0.137748
0.190852
-0.240875
0.246757
0.119421
-0.174388
0.174714
-0.050097
0.121930
0.197229
-0.402712
0.190605
0.131153
0.002601
0.019640
-0.165564
0.033750
-0.152059
0.140988
-0.151982
-0.306390
-0.104785
-0.009482
-0.032119
-0.089551
0.003427
-0.075525
0.021357
-0.030468
0.287735
0.136941
0.328980
0.038912
-0.034015
0.360217
-0.178798
-0.084933
-0.238064
0.079108
-0.302233
0.212360
-0.107822
0.087771
-0.037946
0.470665
-0.197401
-0.126358
0.174266
0.006646
-0.077225
-0.067207
-0.202607
-0.319263
-0.147491
0.086532
-0.084324
-0.152201
0.138900
-0.159656
0.090011
0.016256
-0.062138
-0.174016
0.103047
-0.080844
0.035208
0.231284
0.041773
0.043765
-0.035807
-0.232389
-0.418746
0.002830
-0.149669
0.000588
0.047608
-0.049583
0.136785
-0.210766
-0.069217
0.110237
-0.118622
-0.070978
0.119318
-0.111024
-0.392324
0.024514
-0.005615
-0.044634
-0.395836
0.315292
-0.022177
-0.156952
-0.081183
-0.144865
-0.121154
0.188150
0.199921
-0.020224
-0.132935
0.034078
-0.123648
-0.042555
0.272570
-0.209145
-0.290283
-0.148743
0.007766
0.009145
-0.037885
-0.036358
0.183596
-0.333149
0.045337
0.051341
0.267347
-0.306744
0.223008
0.078991
0.138394
-0.075067
0.218111
-0.129850
0.051773
0.088087
-0.264464
-0.049605
-0.025483
0.242178
-0.032681
-0.033276
0.097616
-0.073856
-0.135864
-0.000997
-0.174801
-0.007977
0.226144
-0.168638
-0.060551
-0.076940
-0.026978
-0.369309
-0.121341
-0.141983
0.047472
-0.038302
0.052062
-0.049316
0.051028
0.223803
0.130553
-0.056368
0.167775
0.183646
-0.141663
0.090183
0.362202
0.200126
0.062068
-0.155544
0.116540
-0.133606
-0.338516
-0.111914
-0.230843
0.337073
0.101804
0.094938
0.014707
0.019497
-0.057535
0.128534
-0.250953
0.005998
-0.027117
0.307532
0.052279
-0.062694
-0.063139
0.224896
0.020287
-0.060634
-0.127150
0.203555
-0.348785
0.081870
-0.022768
-0.069007
-0.156562
0.213101
-0.268498
0.053780
-0.083954
0.215180
0.143191
-0.128462
-0.249001
0.126063
-0.375648
-0.116697
0.125646
-0.180597
-0.068149
-0.142322
0.175660
-0.352815
-0.117351
0.120340
0.175518
0.043888
-0.382968
-0.241428
-0.051149
-0.125632
0.034361
0.054697
-0.172466
-0.085204
-0.100858
0.173240
-0.126488
-0.434706
-0.167595
-0.033933
0.113724
-0.084289
0.177609
-0.001359
-0.024959
0.105819
-0.061249
-0.021572
0.084888
0.144679
-0.050182
0.052499
-0.244336
0.057245
-0.122381
0.171572
0.017904
0.315893
-0.041613
-0.255452
-0.105597
-0.076154
-0.512870
0.269025
0.135023
0.151992
0.442363
-0.153951
-0.247563
-0.156851
-0.318945
0.172586
0.079388
0.211647
-0.255927
0.128410
-0.052504
-0.347642
0.340328
0.155169
-0.209397
-0.086380
0.117230
-0.195332
0.059610
-0.000065
0.072831
-0.039316
0.014083
0.336188
-0.067295
-0.198364
-0.159818
0.138868
-0.123181
0.086884
0.073590
-0.022229
-0.043536
-0.224654
0.077085
0.196315
0.120458
0.049735
0.310248
0.080837
0.123132
-0.153939
-0.282893
0.214036
0.147057
-0.290325
-0.131532
-0.220714
-0.299003
0.180545
0.152978
-0.046436
-0.234337
-0.150654
-0.086588
0.333168
0.159992
0.317529
-0.016152
0.033333
-0.055765
-0.443582
0.282991
-0.053389
-0.178575
0.053333
-0.106946
-0.081983
0.030988
0.043510
-0.094813
-0.024787
0.072506
0.078451
0.138057
0.098317
0.145316
-0.150864
0.267263
0.145963
-0.036766
0.076830
-0.290563
0.183243
0.023287
0.219786
-0.093331
0.074646
0.010801
0.214477
0.395402
-0.258058
-0.072940
-0.172068
-0.016642
0.030700
-0.161841
0.225959
-0.306233
-0.021531
0.094433
0.074995
0.225155
0.032355
0.113652
0.104692
-0.068863
-0.178598
0.129944
-0.150613
-0.032590
-0.184048
0.091833
0.260264
0.195533
-0.096740
0.203739
-0.392639
-0.196900
0.128637
-0.093357
0.005587
-0.038167
0.079603
0.048251
-0.098693
0.282265
-0.056936
-0.202482
-0.041819
-0.037093
0.137766
-0.131337
-0.307978
0.115887
0.138378
-0.382196
0.186524
-0.048670
0.214114
0.236993
0.066890
-0.113403
-0.182147
0.285736
-0.007882
0.127990
0.244323
-0.002253
0.148283
-0.032425
0.061063
-0.215392
-0.040862
0.048742
0.306069
0.481820
0.330141
-0.120389
0.265065
0.105315
0.272426
-0.239474
0.163676
0.162800
-0.045918
-0.264582
0.125597
-0.059384
-0.264925
0.278863
0.069720
-0.112241
-0.020764
0.260578
0.101929
0.208811
0.137376
0.207304
0.011614
0.159078
0.178235
-0.001917
0.124048
0.028977
-0.191463
-0.083536
0.080588
0.244713
0.347686
0.021821
-0.091748
0.089282
0.082665
-0.192866
0.096478
-0.117775
0.229125
-0.093589
-0.035684
0.113821
0.144796
0.275963
0.008504
0.197753
-0.022409
0.049080
-0.094873
0.056287
-0.112405
-0.001902
0.008814
0.086077
0.357133
0.244865
0.098798
-0.056420
-0.071898
0.111847
-0.295365
-0.185579
-0.037094
0.055736
-0.142976
0.070139
0.224357
-0.024240
-0.155983
-0.160186
0.229556
0.003288
-0.195808
-0.084265
-0.018598
0.097784
0.098708
-0.024772
0.201217
0.155071
0.103044
-0.036732
-0.216368
0.058797
0.042849
-0.282656
-0.102401
0.183372
-0.050330
0.104542
-0.296567
-0.274868
0.225706
0.186084
-0.027557
0.285589
0.246276
0.163810
0.012900
0.250158
0.000509
0.178782
-0.079472
-0.098949
-0.066601
0.287820
-0.110129
0.212416
-0.203061
-0.024947
0.039531
0.067472
0.133945
-0.004121
0.083518
0.197541
0.053725
0.076423
0.211968
0.098817
-0.065867
0.031795
0.049796
0.127871
0.112721
0.035523
0.056316
-0.118836
-0.039956
-0.075365
-0.267904
-0.093176
-0.194886
0.153652
0.001296
-0.103809
-0.047378
-0.068056
0.161505
0.394206
0.054509
0.218961
-0.105120
0.434028
0.214443
-0.024108
0.030493
-0.005750
0.128459
-0.083003
-0.000461
0.326524
0.175059
0.107484
-0.002764
-0.103518
-0.086665
-0.090044
0.098831
0.026261
0.073746
0.282545
-0.149859
0.079106
-0.010941
0.010295
-0.091560
0.083821
-0.291662
-0.171706
-0.004257
-0.133073
0.124661
0.332756
-0.097054
-0.198139
-0.126592
-0.248066
-0.032121
-0.284024
-0.081241
0.092638
0.121178
0.017764
-0.074499
0.229512
-0.012406
-0.097923
0.156702
0.129492
-0.074135
-0.007766
0.207054
0.257656
0.123372
0.211891
0.144031
0.235369
-0.186007
-0.185211
0.173159
-0.061404
0.071206
0.189636
0.270134
-0.314874
0.023195
-0.197350
-0.385016
0.109753
0.107021
-0.087744
-0.246831
-0.004033
0.003551
0.074861
0.023044
-0.258356
0.130091
0.112671
-0.167927
0.116577
-0.046741
0.102627
0.104881
-0.012528
-0.053280
-0.162511
-0.129523
0.052108
-0.086795
0.116163
-0.070577
0.071380
0.271262
-0.054558
-0.297832
-0.311555
-0.160675
-0.280865
0.023291
-0.010614
0.004826
-0.163433
-0.203185
-0.363632
-0.090595
0.256541
0.285165
0.077269
-0.017548
-0.238666
-0.320521
-0.006593
-0.068009
0.085170
0.156170
-0.069800
-0.045343
-0.336176
-0.097500
-0.006154
0.390867
0.061168
-0.186558
-0.018917
0.017080
-0.196564
0.035745
-0.029438
0.176593
-0.035577
-0.284340
0.219909
-0.108179
0.068579
0.132977
0.028071
0.322780
-0.105679
-0.093763
-0.182267
-0.271997
0.009871
0.055498
-0.020679
0.183739
-0.253319
-0.213196
-0.130876
-0.281499
0.035388
0.002793
0.235884
0.017270
-0.090447
-0.201470
0.062438
-0.181460
-0.203402
-0.000897
-0.036594
-0.141709
-0.272121
-0.076422
0.085758
-0.012043
0.037576
-0.182607
0.122664
-0.069361
-0.066331
-0.267489
0.038667
-0.136318
-0.061158
-0.071205
0.011510
-0.118531
0.168261
-0.339512
-0.221497
0.033010
-0.198368
-0.092022
0.017883
0.129266
0.021893
-0.085160
-0.063947
0.289838
0.254674
0.088818
0.082270
0.119973
-0.038596
-0.096469
-0.061388
0.141859
0.235752
-0.205348
0.335240
0.008329
0.077561
0.085766
0.092808
0.105859
-0.096924
-0.019025
0.041981
0.187371
-0.032658
-0.156471
0.010198
-0.045492
-0.039400
0.100091
0.165483
0.088105
0.044193
0.161543
0.312946
-0.121121
-0.168087
-0.212178
0.097450
0.006537
-0.383798
-0.432615
0.173803
-0.013771
0.288227
-0.130807
0.258159
0.251055
-0.176781
0.062748
-0.313734
0.325976
-0.045812
-0.166338
0.343491
0.001564
0.264958
-0.320217
-0.128758
0.199491
0.112867
0.127496
0.380173
0.125227
-0.222897
0.114404
0.116897
-0.200085
0.064252
-0.135033
-0.229020
0.079646
0.046585
-0.071719
-0.181053
0.280363
0.124982
0.234679
-0.117632
-0.010636
0.018863
-0.060725
0.172112
0.138328
-0.062252
-0.378406
0.216266
-0.077208
0.019491
-0.069752
-0.064530
0.151481
0.144545
0.204434
-0.061635
0.009768
-0.058236
0.321809
0.430349
0.129386
0.230263
0.106220
-0.231893
-0.000378
-0.070940
0.333286
0.004898
0.266398
-0.079004
-0.084157
0.337768
0.147232
0.067404
-0.003082
0.025570
0.072825
-0.047744
0.071319
0.156087
-0.129056
-0.087687
0.257986
0.098518
-0.136571
0.093728
0.003922
-0.044279
-0.154684
0.131653
-0.268212
0.416998
-0.260161
0.151654
0.067389
0.029259
0.008310
0.197913
0.220311
-0.027691
0.077363
-0.136717
0.074321
0.059741
-0.131944
-0.012523
0.112569
0.083376
-0.103332
0.179245
-0.069683
-0.052887
-0.022527
0.217274
-0.092256
0.090238
-0.292874
0.031167
-0.080070
0.172045
0.036150
-0.175785
0.046670
-0.018048
-0.084199
-0.139844
-0.037478
-0.070603
0.328833
-0.314545
0.224808
0.029192
0.111163
-0.112826
-0.002469
0.040966
-0.293325
-0.084506
0.084813
0.243567
0.004019
0.040442
0.077572
0.058388
-0.329886
-0.247472
0.120902
-0.037961
-0.053786
0.064881
-0.012169
-0.347638
0.103253
-0.063351
0.039330
-0.153188
-0.164462
-0.109127
-0.254550
0.026541
0.124063
0.142434
0.038893
0.098857
-0.102763
-0.139605
0.133454
0.112549
-0.284809
0.195564
0.070289
0.070462
0.046562
-0.173676
-0.033773
-0.172016
-0.112028
0.152006
0.215441
0.103629
0.190758
-0.151051
-0.412269
-0.186513
-0.129425
-0.319862
0.087847
0.055944
0.077408
0.063598
-0.197281
-0.045046
0.236295
-0.069407
0.016711
0.062114
0.152597
0.041622
-0.336118
0.045406
-0.197282
0.075012
0.049405
0.103850
-0.093094
0.218633
-0.035796
0.088810
-0.076668
-0.022875
-0.324237
0.258877
-0.072284
-0.098122
0.206152
-0.007110
-0.125587
-0.041587
0.046378
-0.109479
-0.141902
-0.255007
0.047091
-0.204129
-0.175052
-0.183654
-0.088640
0.178122
0.179885
0.210710
-0.187945
0.088378
0.320575
0.107245
0.090899
0.119029
0.226057
0.122785
-0.002118
-0.165639
-0.059952
0.124793
-0.166686
-0.171552
0.012915
0.176733
0.087501
0.028355
-0.054530
-0.067154
-0.065373
-0.153663
0.210855
0.123296
0.198446
0.000314
-0.197747
0.069976
-0.069724
-0.118536
-0.232608
-0.366536
0.299538
0.027249
0.067472
0.335888
-0.141045
-0.040417
-0.063827
-0.178246
-0.315437
-0.110133
-0.044211
0.118312
-0.143692
0.215342
-0.290508
-0.075188
-0.170317
-0.031685
-0.027707
-0.148825
-0.128729
0.013336
-0.018918
0.056167
-0.050867
-0.385987
0.166351
-0.027372
-0.153465
0.063105
-0.113933
0.180097
-0.074353
-0.547967
-0.107055
0.102714
0.014370
-0.286918
0.275173
-0.076121
-0.230473
-0.223586
-0.011265
0.148016
-0.151635
0.030338
-0.208893
0.114454
-0.201663
-0.011581
-0.008614
0.037921
-0.139806
0.252954
0.028524
0.134075
0.132795
0.182536
-0.298693
-0.129908
0.143768
-0.183079
-0.238441
0.133218
0.172493
-0.015526
0.274231
-0.002197
-0.134574
0.097982
0.038190
0.073659
0.190502
0.073248
-0.041975
-0.150024
0.050555
-0.020860
0.048679
-0.013683
0.044389
0.179722
0.190783
0.106743
-0.060397
-0.090168
-0.212458
0.095778
-0.035625
0.150253
0.124161
0.027833
-0.111224
0.044836
-0.095380
-0.103467
0.026094
0.083333
-0.122442
0.032263
0.273603
-0.054169
-0.283690
0.045330
-0.135091
0.102203
-0.113840
0.119594
-0.059166
-0.212457
-0.093885
0.177004
-0.018992
-0.038836
-0.131573
0.190033
0.097049
0.109195
-0.180550
-0.120082
0.120654
-0.179176
-0.159760
-0.079113
-0.151363
0.053613
0.191287
0.138430
0.126225
0.288778
0.171590
0.034768
0.164211
-0.137688
0.023171
0.115864
-0.163826
-0.132743
-0.253417
0.182082
-0.030301
-0.159334
0.154910
0.244976
0.243583
-0.046288
-0.202969
0.011809
0.169870
0.281666
-0.072833
-0.109157
0.035839
-0.029819
-0.039865
-0.020254
-0.310018
0.238907
-0.162277
0.070577
-0.289111
-0.001173
-0.137392
0.136893
0.158213
-0.529847
-0.123572
-0.150679
-0.218316
0.196106
0.379071
0.005407
0.143246
-0.194604
0.124089
0.436078
-0.325870
0.144401
0.032971
0.027123
0.250113
-0.143529
0.185153
0.306418
-0.162347
-0.194005
-0.134427
-0.012236
-0.088305
0.010198
0.054637
0.296493
0.041461
0.228317
0.019032
-0.231225
-0.229482
0.022433
-0.272112
-0.011889
0.000651
-0.071378
0.053527
0.059553
0.182360
-0.088130
0.107071
0.276215
0.370972
0.058514
0.081890
-0.198962
0.139481
-0.178027
0.120453
0.014693
0.173461
-0.097150
-0.183664
0.019349
-0.256790
0.140378
-0.030490
-0.075477
0.154266
-0.143172
0.047791
-0.111189
-0.109150
0.022253
0.220731
-0.054063
-0.120962
0.006359
-0.245973
0.029205
0.024831
-0.404105
0.014126
0.265815
-0.154907
0.079210
0.153790
-0.197925
0.062119
-0.258841
-0.164127
-0.283018
-0.185115
0.251765
0.151843
-0.238187
-0.125062
-0.259355
0.126139
0.181284
0.037499
0.046732
0.055244
-0.000411
-0.286994
-0.433187
-0.263928
-0.145868
0.280214
-0.303730
0.053545
-0.082249
-0.123097
-0.020399
-0.071423
-0.100688
0.158962
-0.218811
0.148657
-0.326349
-0.002673
-0.159747
0.235875
-0.059145
-0.091151
0.013274
0.105261
0.038215
-0.055057
0.117118
-0.074596
-0.076380
0.081771
0.134783
-0.056434
-0.207280
-0.194392
0.217748
0.071698
0.182057
-0.045275
0.000452
0.143605
-0.053002
0.199738
0.126274
0.393862
-0.005076
-0.054561
0.080507
-0.340858
-0.127758
-0.007450
-0.030106
-0.096609
-0.275108
-0.020075
0.105169
-0.001889
-0.080375
0.136715
-0.091489
-0.025196
0.104985
-0.042667
0.090405
0.080602
0.040129
-0.314656
0.136318
0.262166
-0.188059
-0.006504
-0.025172
0.091838
-0.486110
-0.115129
0.121700
0.442554
-0.157663
-0.116217
0.069750
0.149327
-0.008274
0.026491
-0.085814
0.087949
-0.277537
0.088141
-0.133716
-0.323120
0.052100
-0.152161
-0.036184
0.038675
0.103106
0.260285
0.075265
-0.107478
0.202888
0.025433
0.130109
-0.081816
0.040610
-0.028985
0.035128
0.001728
-0.259803
-0.077776
0.052954
-0.216254
0.021640
0.082415
0.365005
0.195927
0.015666
0.294913
-0.252714
-0.040216
-0.251473
0.128351
0.004746
0.382108
-0.307432
-0.103026
-0.200861
-0.117611
-0.373220
0.205769
-0.025522
-0.011598
0.014943
0.041360
-0.265525
0.028634
-0.097038
0.077588
0.184726
-0.111772
-0.097836
-0.160421
-0.066883
0.084681
0.229732
0.242559
0.056107
0.108054
0.296196
-0.208667
0.260355
-0.010367
-0.202030
0.266075
0.257984
0.093902
-0.171149
-0.303758
0.094521
-0.176652
0.228672
-0.034516
0.376132
0.180983
-0.116987
0.164079
0.051842
-0.003896
0.050432
-0.029090
0.025101
-0.112959
0.005180
0.083164
0.297710
0.209063
-0.243463
0.059065
-0.025476
-0.166353
0.000695
-0.004596
-0.165921
0.351429
0.134526
-0.067236
-0.260048
0.180982
-0.009871
0.042030
-0.047578
-0.066272
-0.101142
0.156856
-0.133882
-0.285848
-0.418203
0.046804
-0.240895
0.063294
-0.419853
-0.254780
-0.255048
-0.116675
-0.155107
-0.031298
0.464582
-0.020883
0.110780
-0.031069
0.203979
-0.052928
-0.142021
-0.050726
-0.014150
-0.052192
0.008050
-0.142286
0.110462
-0.224189
0.103042
0.231394
-0.152549
-0.005983
-0.071691
0.072452
-0.154932
-0.075436
0.049731
-0.131793
0.243785
-0.305646
0.001809
-0.182240
0.120182
0.123175
0.166077
0.145807
0.124355
0.179078
0.095139
0.074789
0.334135
0.120711
0.105910
-0.087587
0.049906
0.268258
0.011801
-0.171075
0.043761
-0.197629
0.077165
-0.007747
-0.177188
-0.124958
0.293005
0.140358
-0.226491
-0.331914
-0.150198
-0.050686
-0.019982
0.042250
-0.094085
0.226268
0.062757
0.088738
0.159425
-0.110306
-0.118623
-0.095581
-0.163272
0.222174
0.254253
-0.008360
0.267515
-0.106114
-0.142056
0.312685
0.116242
0.040738
0.011294
0.087960
0.507824
0.115115
-0.100597
0.007265
-0.171561
0.052681
-0.218460
-0.028963
-0.205446
-0.013688
0.046365
0.013421
0.122781
0.275077
-0.029397
-0.057564
-0.247287
0.066810
0.073595
-0.137993
-0.102474
-0.046135
0.001788
-0.073785
0.104579
0.090824
0.140606
0.034274
-0.173528
-0.024818
-0.168141
-0.004423
0.133288
-0.272917
0.032464
0.305465
-0.274997
-0.054424
0.027468
-0.064589
0.049171
-0.318116
0.372701
0.124552
0.062089
-0.034289
-0.347906
-0.024140
0.082251
-0.090878
-0.079897
0.244045
0.093123
0.318072
-0.039543
-0.077372
0.077520
0.113216
-0.234473
-0.157263
0.158205
0.038895
-0.071162
-0.126718
-0.120080
0.027381
0.036591
-0.217271
0.089377
0.049547
0.023913
-0.012206
-0.135423
0.110866
0.001687
0.195926
0.209824
-0.180565
-0.215189
0.013549
-0.209041
0.128411
0.043178
0.110906
0.111983
-0.270911
0.078146
0.118975
-0.035008
0.072652
-0.224062
-0.118825
-0.021638
0.009077
0.246198
-0.275378
-0.050033
0.197810
0.117802
-0.161939
0.131006
-0.110071
-0.085501
-0.192575
0.028070
-0.585341
0.100461
0.168977
-0.231492
-0.303657
0.164484
0.090529
0.130336
-0.093639
0.397799
0.267767
-0.052891
-0.024334
0.077189
-0.039708
0.137773
-0.320250
-0.025817
0.096137
-0.016055
-0.200114
-0.229848
0.143135
-0.137079
0.108986
-0.096369
-0.094581
-0.247489
-0.297919
-0.202598
0.233857
0.214467
0.188871
-0.082494
-0.091317
-0.024588
-0.127700
-0.006976
0.313163
0.064625
-0.147789
0.085164
0.007503
-0.163774
-0.044094
0.145834
0.270180
-0.066641
0.118520
0.058670
-0.261271
-0.373334
-0.175423
0.016558
-0.176226
0.264998
0.090025
-0.034183
0.202050
0.050460
-0.050890
-0.135038
-0.047470
0.040102
-0.326305
-0.085937
-0.241109
0.194124
-0.090227
0.323275
-0.230829
-0.335151
-0.261622
-0.214006
0.034538
-0.033928
-0.082622
-0.141613
-0.148457
0.031362
-0.058858
-0.058193
-0.034957
-0.084250
-0.004245
0.075154
0.187067
0.206096
0.066393
0.236974
-0.121685
-0.035711
0.081117
0.058207
0.062069
-0.096250
-0.035667
-0.091987
0.061404
0.015621
-0.030627
0.186072
0.109627
0.062397
0.240176
-0.011123
0.173900
0.263793
0.030848
0.184190
0.038719
0.118724
-0.227920
-0.020861
0.003959
0.082062
-0.067706
0.091871
0.096566
0.358833
0.107161
0.138461
0.062664
0.172218
0.061930
-0.465996
0.106023
0.151477
-0.012473
0.001618
-0.196468
0.146987
-0.226620
0.094603
-0.304428
-0.082820
0.144884
0.032975
0.107295
0.254757
-0.337588
-0.111910
-0.037701
-0.073888
0.122748
0.037234
0.004468
0.013981
0.066144
0.097986
-0.174539
0.031334
-0.071602
0.110640
-0.328007
-0.265095
0.200139
-0.107519
-0.030063
-0.264573
0.036908
0.001029
0.092208
-0.025950
-0.124063
-0.182262
-0.090614
-0.293186
-0.028551
-0.338484
-0.103871
-0.244553
0.057771
-0.204083
-0.054296
0.095263
0.010744
-0.046265
0.186731
0.132230
-0.028692
0.000507
0.120904
-0.132227
0.106161
-0.224173
-0.486313
-0.230643
-0.019060
0.369083
0.173831
0.219420
-0.130254
0.176816
0.271220
0.053045
0.194239
0.144234
0.029373
-0.174742
-0.154443
0.194928
0.081631
0.137360
-0.137481
0.125647
0.079570
0.266059
-0.095341
-0.025996
-0.134960
0.036875
-0.029345
0.088649
0.209722
-0.129873
0.131725
0.071293
0.388470
0.194369
-0.153735
-0.202254
0.040262
-0.301076
0.427988
0.008268
-0.152350
-0.080910
0.080065
0.229665
-0.113990
0.266481
-0.194985
0.013916
0.199465
0.098422
-0.232396
-0.004370
0.174677
-0.097017
0.174707
0.288686
0.065991
-0.050919
0.208105
-0.142012
-0.189912
-0.153597
0.047089
-0.171020
-0.250830
0.082133
-0.232472
0.153551
-0.075148
0.162365
-0.122018
-0.084361
0.437998
0.185010
-0.165377
-0.040747
0.087811
-0.179005
0.043360
-0.027371
0.094301
0.077225
0.042687
0.249432
-0.258445
-0.146746
0.052390
-0.143218
0.116598
-0.234920
0.179522
0.101175
-0.090749
-0.069515
0.155871
0.289281
0.147884
-0.110718
-0.034004
-0.020533
0.231666
-0.044018
0.062426
-0.195727
0.243107
0.038500
-0.170364
-0.064599
-0.031578
0.238243
-0.003573
-0.070625
0.133427
-0.098874
-0.025872
-0.074005
-0.088129
0.088257
-0.075091
-0.400807
-0.041457
-0.017636
-0.043774
-0.025131
-0.059054
-0.072170
0.208090
-0.044951
0.205041
-0.252571
-0.095184
0.229392
-0.133870
0.120327
0.113846
-0.021590
-0.098896
0.244901
0.039016
-0.176411
0.220962
-0.310437
-0.035190
0.452233
0.352627
0.095748
0.110319
-0.219262
-0.111333
-0.028447
-0.012185
-0.264552
0.163402
-0.205124
-0.025570
0.068398
0.158475
0.021510
0.041351
0.138265
0.118509
0.124721
0.425391
-0.005682
0.154406
0.087282
0.058280
0.191284
0.205352
0.228764
-0.376936
0.154064
-0.253539
-0.319110
0.393300
0.121836
0.080292
0.324133
0.106263
-0.033084
0.041586
0.018537
0.145086
-0.048634
-0.039406
0.145396
0.011434
-0.131611
-0.057135
0.012044
-0.037950
0.050386
-0.089294
0.081046
-0.187681
0.115859
0.010564
0.236015
-0.095000
0.274555
-0.235009
0.274809
0.059931
-0.177222
0.113553
-0.036058
0.076116
-0.123348
0.133210
0.074962
0.034118
0.011509
-0.105832
0.088068
0.261609
0.093447
0.154531
0.150339
0.061141
-0.323371
-0.250454
0.394140
-0.062104
-0.001239
-0.144920
-0.040677
-0.143914
-0.184728
-0.032245
-0.025784
0.085503
-0.213619
0.340336
-0.147980
0.011297
-0.098709
0.086456
-0.094419
0.064832
-0.298579
-0.095075
0.051832
0.104318
0.135061
0.039375
-0.366900
0.202262
0.044099
0.220773
-0.036520
0.004183
0.033309
0.164303
0.178626
0.211930
0.093635
-0.135681
-0.025384
0.281126
0.017936
-0.091998
0.037481
-0.144865
-0.090608
0.080004
-0.068601
-0.213754
-0.144258
-0.081514
-0.130547
0.101938
0.043846
-0.006030
-0.148000
0.177208
-0.149342
0.085413
0.241230
-0.121621
-0.016058
-0.078604
0.326876
0.033879
-0.151318
-0.103940
0.332373
0.060898
-0.126103
0.034538
-0.225001
0.233615
-0.396243
0.019370
0.206811
0.159193
0.202417
0.262591
-0.306183
0.109602
-0.221029
0.024487
0.131552
-0.284377
-0.125885
0.217830
-0.009917
-0.269256
-0.062065
-0.018359
-0.033056
-0.021587
0.140959
0.017721
0.107855
-0.320980
-0.035054
-0.145203
0.162054
0.009770
0.230807
0.212706
0.116895
-0.187857
0.125556
0.142509
-0.099982
-0.124345
0.043184
-0.112643
0.004090
0.053888
0.300568
-0.039766
-0.041604
-0.055342
0.090649
0.015008
-0.150445
0.043965
0.159222
-0.119727
0.237002
-0.179153
-0.191666
-0.232165
-0.220910
-0.341995
0.095735
-0.275953
0.336306
0.220821
0.288673
-0.162462
-0.209554
-0.313133
0.088403
-0.094592
-0.007946
-0.098788
-0.002885
-0.148732
0.149550
0.103833
-0.071298
0.150485
-0.145339
0.098933
-0.137776
0.053522
-0.134668
0.387818
0.098052
-0.402597
0.140932
0.327342
0.117000
-0.011444
-0.018011
-0.084472
0.361755
-0.138067
0.001705
0.019952
-0.127728
0.075118
0.314496
-0.077822
-0.275964
-0.239830
0.143348
0.068181
0.046929
0.201694
0.203729
-0.123792
-0.046920
-0.114541
0.122877
0.259019
0.088130
0.068272
0.167974
0.170693
-0.067286
-0.282376
-0.233182
0.106372
-0.319133
-0.112692
-0.098766
-0.129405
0.036401
-0.000577
-0.053568
-0.377628
0.142249
0.043669
-0.132035
-0.147628
-0.051225
-0.085734
-0.014762
0.218638
0.315303
0.049696
-0.092855
0.064060
0.081319
0.053564
0.024457
-0.356421
-0.176294
0.060252
-0.238848
0.112143
0.118520
-0.005525
0.127000
0.031369
-0.007415
0.008781
0.095258
0.173545
-0.316371
0.080066
-0.164947
-0.017307
0.183524
0.123187
0.193259
-0.114686
0.010896
-0.237971
0.134410
0.078701
0.091600
-0.171373
-0.075663
0.041031
-0.132465
0.106794
0.108220
-0.078469
0.160942
-0.178061
0.449023
-0.015233
-0.199185
-0.217277
-0.100094
0.081436
0.306550
-0.055763
-0.239256
-0.017878
0.023363
-0.189338
0.058992
0.085352
0.120841
-0.218537
-0.184035
-0.217845
0.367961
0.196408
-0.151474
-0.019285
-0.227143
0.020625
-0.062652
-0.156808
0.102322
0.050634
-0.026345
0.131837
0.311793
-0.120772
0.002737
-0.115208
-0.032370
0.074024
-0.212405
0.112383
-0.064816
0.224271
-0.245970
0.000565
-0.227045
0.084518
0.044314
-0.057430
-0.175127
0.265618
0.039898
-0.304025
-0.078047
-0.169260
-0.028700
-0.047739
0.022348
-0.013234
0.146949
-0.171173
-0.069052
0.085420
0.035117
0.317328
-0.211804
0.032314
-0.078732
-0.027533
0.003229
-0.192320
-0.102941
0.194345
0.149751
0.038087
-0.481499
0.067057
0.061233
0.033485
0.053773
0.127875
-0.152014
0.014727
0.239578
-0.232379
0.021733
0.095519
-0.042689
0.148731
0.080463
-0.213577
0.244907
0.020371
-0.162488
-0.004093
0.183155
0.278823
0.153078
0.205365
0.028938
-0.038914
0.260944
-0.260509
0.475738
0.191396
-0.005456
0.217642
-0.263869
0.032965
-0.039723
0.016753
-0.104101
-0.173003
-0.072066
0.109611
0.047072
-0.212803
-0.254549
0.059622
0.054252
0.307200
0.069408
0.220595
0.006191
-0.249202
0.112713
0.122833
0.060338
0.001650
-0.082391
0.040605
-0.046935
-0.301752
-0.093431
0.157810
-0.002136
0.219117
0.066842
0.023856
-0.083517
-0.172668
0.025060
0.381170
-0.027986
-0.387750
-0.107997
-0.448786
0.102460
-0.135465
0.057997
-0.391762
-0.019115
0.021285
-0.124434
-0.285091
0.052667
-0.041671
0.031069
-0.043535
-0.044672
0.293963
-0.269850
0.005452
0.367189
-0.008255
-0.337773
0.000393
-0.228701
0.080534
0.353643
-0.087660
-0.120376
-0.151191
-0.163413
-0.195363
0.057706
0.206859
-0.030263
-0.102623
0.216940
0.057256
0.013708
-0.016315
-0.221065
-0.138496
-0.203415
-0.266531
0.005198
0.098053
-0.004536
0.095092
-0.070479
0.255099
0.140716
-0.052740
0.080383
-0.112787
-0.244315
-0.009817
-0.035578
-0.040536
0.105408
-0.114039
0.154221
-0.267996
-0.065207
0.044956
-0.290806
0.109050
-0.275022
-0.057176
0.114819
-0.158755
0.181314
0.050732
0.003917
0.333721
0.120948
-0.249050
-0.058938
-0.068615
-0.020250
-0.418236
-0.268483
0.016069
0.026363
0.136114
-0.023673
-0.053978
0.310221
-0.295564
-0.000838
-0.004007
0.131567
0.254307
0.198782
0.294956
-0.043602
-0.059761
-0.051135
-0.044241
-0.041032
-0.223636
-0.181118
0.208184
-0.004749
-0.029176
0.084469
0.143515
-0.354819
0.079043
0.127828
-0.189871
0.071919
0.166891
0.083280
0.049905
-0.219057
0.112150
0.096629
0.269706
-0.101440
0.073105
-0.050404
-0.163050
0.118887
0.091350
-0.000436
0.228992
0.203859
0.033016
0.256436
-0.256596
0.021584
0.280126
0.276552
-0.020597
0.034656
0.265076
-0.057007
-0.141798
0.108905
0.106969
-0.119205
0.249344
-0.089987
0.131067
-0.131633
0.279354
-0.293041
-0.105383
-0.156993
0.071867
-0.056702
0.279614
0.196597
-0.258693
-0.098835
0.277834
-0.023240
-0.004372
-0.018523
-0.372188
-0.020762
-0.326743
0.087263
0.248959
-0.075554
-0.021361
-0.184524
0.127858
0.009513
0.235516
-0.018538
-0.425913
-0.033268
-0.009991
0.046190
0.116489
-0.097400
-0.079551
0.061361
-0.271692
-0.298291
-0.109465
-0.164657
-0.069513
0.273333
0.117889
0.067744
0.186268
0.208050
0.090534
0.174962
-0.143552
-0.011619
-0.103263
0.216466
0.286414
0.147249
-0.074262
0.188971
0.040659
0.002287
0.126291
0.266327
-0.201284
-0.245773
0.179983
0.014246
0.024263
0.245528
-0.163073
0.268355
0.204780
-0.107935
-0.098802
0.162376
-0.262500
0.275594
-0.027673
-0.079702
-0.017066
0.061780
-0.177407
0.006501
-0.075414
0.152620
-0.161082
-0.180774
-0.065900
0.128069
-0.030177
0.004820
-0.277818
-0.048628
0.004917
-0.199416
0.316551
-0.026581
0.125669
0.078431
-0.032304
-0.055003
-0.086011
0.305094
-0.176761
0.019112
-0.168617
-0.048362
-0.126431
-0.189808
-0.032395
0.115009
-0.239137
-0.041638
-0.038724
0.049596
-0.166695
-0.194835
-0.322525
-0.126117
-0.362459
0.279140
0.178074
-0.142259
-0.094991
-0.185481
0.039648
-0.140780
-0.220134
-0.281524
0.021492
-0.136800
0.058425
-0.061663
0.081867
0.309110
0.045628
-0.357638
0.136595
0.008909
-0.102580
-0.395980
-0.176237
0.177059
-0.025062
-0.058631
-0.338781
0.030070
-0.232271
-0.076539
0.056859
0.147230
-0.244001
-0.040206
-0.014211
0.410573
-0.045778
0.033524
-0.071417
-0.158540
0.126489
-0.027750
-0.069834
0.135348
0.281045
-0.196187
0.043218
0.048727
-0.158025
-0.102179
0.037269
-0.046117
0.110066
-0.168023
0.074607
-0.028783
0.099631
0.032646
0.094728
0.024645
0.469647
-0.096874
0.295391
-0.099532
-0.039342
-0.015933
-0.115700
-0.064086
0.192073
0.401096
0.105228
-0.310851
-0.101930
-0.157993
-0.098778
-0.129787
-0.192946
-0.020905
0.155890
-0.394139
-0.179380
-0.280199
0.046829
0.275729
0.278373
0.066106
-0.103103
-0.208441
-0.064663
0.007574
0.108066
0.154951
-0.058140
-0.063978
0.219435
-0.008763
-0.244428
0.171224
-0.147662
-0.005728
0.095211
0.246140
-0.116448
-0.541067
-0.029319
0.299464
0.106759
-0.133355
-0.007748
0.025768
-0.202432
0.257655
-0.360562
0.118220
-0.031541
-0.130308
-0.157059
0.236607
0.171935
0.186326
0.205099
0.063484
0.034162
-0.177521
-0.159423
-0.014896
-0.511487
0.055200
0.106121
-0.066837
0.183229
-0.114388
0.053739
-0.323585
0.116432
-0.115800
0.079649
-0.083675
-0.052316
0.037668
0.181285
-0.191733
-0.421250
-0.116266
-0.157936
0.189564
-0.299550
-0.218340
0.056979
-0.034094
0.387987
0.124524
0.161120
-0.072621
-0.007927
-0.070374
0.049547
-0.219025
-0.182131
0.054394
-0.128087
0.263440
-0.163062
0.200771
-0.049706
0.072311
-0.441664
0.076292
-0.097387
0.104122
-0.132341
0.021072
0.014762
0.089683
0.175092
-0.272537
0.274824
0.126262
0.025840
-0.030109
0.047451
0.055057
-0.199124
0.241914
-0.188370
0.151344
0.168654
0.227120
0.111443
0.178861
0.047675
-0.166348
0.009642
0.203180
-0.182279
0.127427
-0.127547
-0.096116
-0.127563
-0.034791
-0.076136
0.246410
0.118224
-0.077073
-0.212556
-0.063092
-0.116077
0.250908
0.108762
-0.036414
-0.366412
-0.019302
-0.235013
-0.231263
-0.175180
-0.184700
-0.143300
0.302686
-0.195205
0.107198
0.097738
0.114133
-0.130667
-0.091361
-0.146950
-0.108268
0.148881
0.210262
0.161489
-0.015759
0.204644
0.049398
0.205506
-0.008574
0.080240
0.021717
0.013141
-0.131972
-0.212467
0.398725
-0.058513
0.474774
0.000662
-0.248862
-0.100947
-0.218370
-0.349748
-0.143888
0.080357
0.047368
-0.369863
-0.069739
-0.053742
0.196961
0.160045
0.402606
-0.224087
-0.086035
0.082364
-0.051747
-0.111070
-0.010387
-0.312475
0.096258
0.250989
-0.030096
0.199628
0.032883
0.272413
0.083511
0.037544
-0.083157
-0.042748
0.154696
-0.201561
-0.017972
0.054388
0.141841
0.077918
0.382411
0.013191
-0.019307
0.024564
0.047568
0.301327
-0.025185
-0.311252
-0.169613
0.096635
0.172096
0.087268
0.242919
0.099873
-0.277655
-0.149777
-0.340499
0.030637
-0.223210
0.117281
-0.093690
-0.030764
0.115319
-0.103424
0.092014
-0.067696
-0.003955
-0.272563
-0.125175
0.292683
-0.328232
0.082740
0.150291
-0.118437
0.168466
-0.033406
-0.058011
0.246321
-0.436481
-0.085499
-0.097206
-0.063770
0.242243
-0.084143
0.065814
0.050508
-0.196580
-0.164770
0.156764
-0.073022
0.022595
0.287266
-0.403586
-0.225579
-0.101689
0.049997
-0.116096
0.157498
-0.145299
-0.380703
-0.010735
0.127195
-0.396210
-0.072927
0.017720
0.005464
-0.180440
-0.058721
0.271356
-0.070356
0.090209
-0.114264
-0.071230
0.016592
-0.151719
-0.113390
-0.055522
-0.015473
-0.039988
-0.045070
0.214272
-0.090456
0.115061
-0.542766
-0.446037
-0.009658
0.025594
-0.204470
-0.180402
-0.190067
0.099984
-0.048031
-0.030304
-0.077007
-0.093852
-0.004804
-0.172025
-0.335111
-0.051519
0.115383
-0.133116
-0.306908
0.019392
-0.136211
-0.150300
0.041640
-0.034083
0.037047
-0.107502
-0.025153
-0.405385
0.075676
0.091256
-0.107814
0.012815
0.016792
0.115840
-0.241652
0.079540
-0.068846
-0.150050
0.275149
0.024994
0.106286
0.183480
0.060864
0.113456
0.028617
-0.149473
-0.062754
0.147089
0.229040
-0.077781
-0.157421
0.329790
0.296145
0.041745
-0.336291
-0.053801
0.212717
0.021258
0.069451
-0.012578
0.033790
0.037037
0.016764
-0.062398
0.026780
-0.093927
0.161284
-0.079060
0.146848
0.384732
-0.177038
-0.176869
-0.070148
0.059365
-0.263300
-0.048758
0.054604
0.043122
0.034586
0.118002
0.093625
0.152333
-0.210923
0.049132
0.080919
-0.051052
-0.207792
0.154643
-0.054666
0.368383
-0.080964
0.093289
0.002531
-0.205202
0.155585
0.094896
0.088761
0.123033
-0.167515
0.144798
0.094461
0.096687
0.132658
0.141835
0.289986
0.025248
0.319885
-0.251803
0.215129
0.134886
0.080224
-0.144719
0.360034
0.006986
0.190181
-0.210871
-0.114378
-0.110267
-0.032114
0.002121
0.071094
-0.034363
0.150220
-0.400633
-0.158896
-0.148187
-0.340925
0.033567
-0.051312
0.088654
-0.056534
0.070231
-0.063809
0.012756
-0.058800
-0.166118
0.169882
0.150029
-0.274551
0.045205
-0.266840
-0.033254
0.161904
-0.025233
-0.209587
-0.073306
-0.198581
-0.086964
-0.115036
-0.226509
-0.155945
-0.147194
0.382780
0.046178
0.184954
-0.162220
-0.075630
0.116936
0.097786
-0.126320
0.052369
-0.013469
0.167562
-0.224928
0.123943
-0.192891
0.264682
-0.265492
-0.132584
0.227553
0.182536
-0.084642
-0.289212
-0.040859
-0.126181
0.200715
-0.236253
-0.022900
0.024411
-0.150388
-0.210245
0.212191
-0.119266
0.204437
-0.075700
-0.030235
-0.016466
0.212674
-0.094836
-0.185693
-0.049683
-0.110676
-0.188130
0.052265
0.184797
0.209554
0.196590
-0.380123
-0.101245
0.179373
0.138093
-0.080404
0.008975
-0.059108
0.176932
-0.009311
-0.066203
-0.337821
-0.093303
-0.184851
-0.227267
-0.222241
0.265242
0.032970
-0.004477
-0.173034
0.049861
-0.400469
0.383319
0.033771
0.127181
0.327468
0.295879
0.116528
0.310909
-0.251796
-0.013421
0.005462
-0.172721
0.252272
0.027187
0.065598
0.196057
-0.014071
0.201085
0.112654
0.192907
-0.027984
0.263890
-0.317982
-0.133004
-0.062893
-0.161315
-0.041377
-0.241993
0.111642
0.150005
0.165437
0.103319
-0.077147
-0.046079
0.161237
-0.186483
-0.195622
-0.126101
0.060207
-0.168205
0.015101
0.175349
0.287033
-0.160998
0.172417
0.025256
0.156746
0.263784
-0.204492
0.186472
0.263722
0.070990
-0.079172
0.021342
-0.119978
-0.102331
0.111927
0.092495
-0.164340
0.069626
-0.013556
-0.109437
0.022167
0.151167
0.183438
-0.015071
-0.048478
-0.031058
0.056185
-0.302336
0.011320
-0.076368
-0.054792
-0.230733
0.258999
-0.059804
0.088744
-0.221016
0.254760
-0.096741
0.124004
-0.047041
0.243681
-0.154820
0.337455
-0.202966
0.172982
0.080334
-0.058740
-0.012016
0.149133
-0.095471
-0.390637
-0.117107
-0.119289
0.005472
0.278478
0.248945
-0.197878
0.243582
0.009662
-0.042732
0.058196
-0.208985
0.247198
0.460624
0.088299
0.003005
-0.006148
-0.260396
-0.127921
-0.203293
0.034221
0.063298
0.039426
0.095344
-0.043776
0.105753
-0.139855
0.116889
0.082556
-0.228089
0.340224
-0.017863
0.248206
-0.039245
0.201243
0.269367
0.365092
0.195528
-0.045499
0.061166
0.318131
-0.126943
0.039192
-0.277933
-0.055231
0.136622
-0.128125
-0.210025
0.354867
0.093952
-0.196578
0.130718
-0.271409
-0.044569
-0.086189
-0.065353
0.026714
-0.042729
-0.116079
-0.080926
0.012210
-0.040585
0.108317
-0.018806
-0.187873
0.021352
0.051080
-0.201369
0.031479
0.032949
-0.032491
0.249934
-0.003476
-0.194865
0.006448
-0.142468
0.058102
0.079122
-0.107693
-0.385883
-0.101492
0.040352
0.108406
-0.042795
-0.224002
0.039178
-0.035958
0.125902
0.156497
-0.075774
-0.056335
-0.142289
0.110677
0.068456
-0.045585
-0.080245
0.011551
-0.160365
-0.088628
0.165530
-0.151641
0.077486
0.117052
0.304070
0.241017
-0.033022
-0.317852
0.260275
0.113462
0.003903
0.158424
-0.162029
0.196851
0.239788
0.214278
-0.078731
0.031869
-0.091489
0.120412
-0.019462
0.094045
0.068390
0.105152
-0.148015
-0.232522
0.238859
0.258224
-0.294694
-0.289427
-0.042446
-0.192928
-0.476033
0.108525
-0.068917
-0.017900
0.223304
-0.287987
-0.160464
0.242604
-0.257160
0.066171
0.057855
0.028885
-0.202569
-0.096427
0.036993
0.049886
0.143860
-0.008385
0.045524
-0.008641
0.065617
0.010042
0.125659
-0.275909
0.107920
0.031275
-0.192943
-0.108355
0.106027
0.232590
0.135708
0.141619
0.217824
0.241163
-0.332340
-0.107586
0.190403
0.317226
-0.141503
-0.222381
-0.061796
0.070203
-0.052467
-0.012612
0.153511
0.173800
0.040008
-0.200903
0.033895
0.189102
0.151066
0.023852
0.044936
0.336069
0.201446
-0.202882
-0.064400
-0.266904
0.076125
0.062641
-0.194186
0.059392
-0.177771
0.122162
-0.223390
0.032886
-0.267952
-0.050525
-0.097025
0.086019
-0.076137
-0.246377
0.202224
-0.124517
0.166073
0.126198
0.017883
-0.200760
-0.165849
-0.089752
0.025861
-0.241004
-0.162484
-0.368858
0.085457
0.037769
0.257222
0.194552
-0.216018
-0.203341
-0.135784
-0.229388
0.072139
-0.076356
0.298788
-0.000747
0.049909
0.196391
-0.103786
0.073410
-0.191415
-0.185791
0.069516
0.137159
-0.224508
-0.205639
0.162212
-0.034462
-0.251121
-0.086711
-0.060795
-0.099849
0.090997
0.053849
0.030292
-0.223437
-0.061722
-0.031501
0.075130
-0.047840
-0.186362
0.092738
0.140322
-0.203984
0.164849
0.254932
0.001183
0.084128
0.126928
0.162637
0.071447
-0.069223
0.075059
0.286254
-0.147293
-0.081347
0.152930
0.377313
-0.178593
0.144060
0.109694
0.092207
0.387565
0.245044
0.048948
-0.092904
0.079849
-0.039522
0.023773
-0.161542
-0.223235
0.251342
0.189186
0.056539
-0.064195
-0.141294
-0.411508
-0.076373
-0.090830
-0.068294
0.125767
0.504316
0.136446
-0.051264
0.009077
-0.119944
0.110166
-0.084271
0.204034
0.042164
-0.099669
-0.111639
-0.093249
0.026137
-0.096907
0.383089
0.022521
0.368996
0.035105
-0.129215
0.114092
-0.026814
0.140610
0.070050
-0.166476
-0.004889
-0.044450
-0.055432
-0.287167
0.051559
0.165963
0.021733
-0.038386
0.343431
-0.132699
0.075805
-0.022989
0.172990
-0.016426
0.061758
0.458805
-0.413483
-0.118430
-0.111394
-0.077698
0.170015
-0.032456
0.205634
-0.032480
0.255789
-0.339297
-0.189087
-0.294554
0.006427
-0.223033
0.030751
-0.318110
-0.175555
0.292912
0.205712
-0.143125
0.262049
0.174194
0.181128
0.007361
0.294073
0.017802
-0.143585
-0.063359
-0.158719
0.055318
-0.079997
-0.105923
-0.035007
0.075302
-0.071951
0.129559
0.131013
-0.010059
-0.189836
-0.121445
0.209573
0.088608
0.148664
0.108274
0.082380
0.085454
0.119146
0.321530
0.011002
-0.233336
0.056278
-0.016348
0.137813
0.074150
0.051163
0.190066
-0.204863
-0.345717
-0.125739
0.289355
-0.330798
-0.114087
0.192704
0.012251
0.012076
0.019246
0.138322
-0.063911
0.153487
0.227201
-0.403332
-0.261239
-0.004840
0.144225
-0.067881
-0.024616
-0.251912
0.144451
-0.221295
-0.153988
-0.311287
-0.185392
-0.103116
-0.040155
-0.009003
-0.235577
0.073099
0.009559
0.027849
-0.074740
-0.061548
-0.213448
0.133673
-0.076794
0.040178
0.031762
-0.056802
0.271644
-0.105447
0.124607
0.087715
0.278514
-0.037118
-0.102167
0.043184
-0.090945
0.178687
0.126942
-0.016818
0.032722
-0.065797
0.013067
-0.119206
0.142050
-0.115549
-0.153486
-0.196724
0.137766
0.095165
0.034296
0.188326
0.176919
-0.047900
-0.139514
0.196792
0.021527
-0.160295
0.084246
-0.193891
-0.251532
0.318246
0.136827
0.057224
0.030833
-0.252348
0.269301
-0.207053
-0.042754
-0.021155
-0.148439
0.114518
0.092332
-0.000103
-0.145062
-0.183270
-0.098754
0.081088
0.000395
0.230945
-0.171874
-0.154408
-0.238738
0.173287
-0.022021
-0.170244
-0.030059
-0.045017
0.152018
-0.085843
-0.008370
-0.211744
0.128787
0.257701
-0.091747
-0.052642
-0.159459
-0.049798
0.058428
-0.286609
0.098484
0.025291
-0.346141
-0.183186
-0.246391
0.289806
-0.245195
-0.122969
0.013187
0.022513
0.021759
0.141605
-0.151643
-0.031967
-0.126489
0.080644
0.010696
-0.072547
0.220660
0.024838
-0.118082
0.190665
0.192330
-0.041430
0.030484
-0.087051
0.077786
0.053309
-0.042296
0.106166
0.136222
0.354730
-0.076516
0.011461
-0.026497
0.014154
-0.033129
-0.183067
0.029080
-0.249264
0.136744
0.356755
-0.083792
0.163895
-0.329651
-0.072610
0.221630
0.026501
-0.050777
0.013287
-0.098567
0.225701
-0.203557
0.180441
-0.189640
-0.019105
0.173520
-0.024784
-0.113069
0.051027
0.171312
0.077724
-0.268529
0.181182
-0.268577
0.295277
0.099132
0.058623
0.303460
-0.004141
0.181584
0.047540
0.353586
-0.232679
0.208791
0.458528
-0.123926
-0.090939
0.157739
0.237628
0.059616
0.180212
0.200942
-0.031874
0.125575
-0.087125
-0.093050
-0.097122
-0.072084
0.067293
-0.008928
-0.110809
-0.158272
0.215235
-0.088202
-0.005086
0.033588
-0.414152
0.138072
-0.066500
-0.202340
-0.080627
-0.009741
-0.309748
-0.065335
-0.136813
0.049782
0.040283
-0.161551
-0.248350
0.087956
-0.132253
-0.006219
0.007044
-0.206888
0.193228
0.052906
-0.265504
0.055781
-0.070422
-0.008293
-0.153430
0.141656
-0.193308
0.123945
0.128876
0.113475
0.387231
0.245115
0.027663
0.011048
0.110968
-0.137991
0.084780
-0.044468
-0.010778
0.039720
-0.039641
-0.015827
-0.056844
-0.000705
0.072910
-0.008775
-0.118156
0.025723
0.461857
0.294793
-0.076647
0.075260
-0.050520
0.036998
-0.324165
0.046305
0.069749
-0.093116
0.324140
0.137496
-0.208838
-0.104096
-0.328955
0.175751
-0.021093
-0.044148
-0.113179
0.276638
-0.056869
-0.029607
0.052581
0.123878
0.136886
-0.209498
0.108081
0.037838
-0.382766
0.066213
-0.147245
-0.089678
-0.092566
0.071881
-0.050132
-0.398990
-0.127516
0.022779
0.544317
-0.079101
-0.380355
-0.211820
0.164896
0.076430
-0.101529
0.038328
0.077654
0.109804
0.055369
0.048622
0.220748
-0.051072
0.175643
-0.286611
-0.143870
-0.016117
0.055406
-0.234263
-0.124995
-0.038289
-0.045981
-0.069163
-0.028179
-0.153255
-0.036019
-0.004723
-0.284141
-0.015416
-0.343952
0.191614
-0.152884
0.233802
0.052005
-0.350001
-0.140653
0.089618
0.150659
-0.112077
-0.019946
0.018847
0.042247
0.012182
-0.093858
-0.051904
-0.102184
0.142730
0.177546
0.197852
0.388848
0.042481
-0.176683
-0.189405
0.332327
-0.005830
0.022778
-0.116079
-0.177724
0.064376
0.122678
0.156721
0.105924
-0.237949
0.097340
-0.206890
-0.026744
-0.021503
-0.107048
0.163341
0.027154
0.092923
-0.188231
0.340564
0.079436
0.101683
-0.001394
-0.259071
0.346300
0.145817
0.011012
0.095607
0.191672
-0.422266
-0.217060
-0.130472
0.074515
-0.132487
-0.155080
0.194155
-0.181657
0.034874
-0.007449
0.188919
0.029529
0.075067
0.071429
0.144838
-0.099625
-0.167439
-0.067019
0.040337
0.223090
-0.032882
-0.120014
0.006460
0.184177
-0.034631
0.013450
0.309415
-0.136460
0.041002
0.188930
0.113028
-0.156194
-0.151145
0.091995
-0.045366
-0.125268
-0.069984
0.087484
0.015680
0.333126
0.293972
-0.033708
-0.321055
0.188474
-0.159344
-0.137334
-0.001108
-0.270573
0.395941
0.135866
-0.214226
-0.287360
0.175612
-0.065581
0.333646
0.354024
-0.011417
-0.128641
-0.357216
0.057350
-0.204315
-0.092723
0.282767
0.181859
-0.017607
0.187501
0.050078
-0.177468
-0.251985
-0.087678
-0.091816
-0.041188
0.017667
-0.214148
-0.145226
-0.120924
-0.097395
0.149489
-0.005980
-0.185714
-0.160373
0.076278
0.017687
-0.155188
0.054081
-0.219771
0.112433
0.110664
0.489558
-0.151344
0.069175
0.302386
-0.162643
-0.243897
-0.088513
0.155806
-0.264990
0.086424
0.012409
-0.087927
-0.214991
-0.087168
0.190744
0.083224
0.221546
-0.094689
-0.018030
0.025810
-0.081902
-0.078959
-0.279370
-0.144853
-0.271722
0.123705
0.110941
-0.083169
0.461903
-0.231493
0.051166
-0.013843
0.087693
-0.152690
0.226218
0.100721
-0.204540
-0.169815
-0.043663
-0.389574
0.013122
0.078308
0.020397
0.048683
0.040870
-0.122723
0.148239
-0.052504
0.040469
0.074927
-0.024690
-0.092350
-0.301602
0.026038
-0.136018
0.081531
-0.030648
0.054190
-0.005600
0.158260
-0.072492
-0.016750
-0.103685
0.123637
0.101421
0.228584
0.270967
-0.315188
0.301063
-0.411043
-0.035262
-0.091273
-0.179162
0.102595
0.243288
-0.176207
-0.019155
0.107035
-0.197710
0.052415
0.276251
-0.105084
0.069450
-0.039924
0.005376
0.059257
0.123159
0.156963
-0.073398
0.059345
-0.078966
-0.114668
0.136484
-0.110782
0.240278
0.299871
0.029388
-0.041214
-0.043404
0.080747
0.103846
0.039775
-0.367846
0.117305
0.111316
0.149903
-0.130079
-0.057126
0.077714
0.331349
-0.073181
-0.118467
-0.096917
0.022813
-0.105771
-0.199090
-0.076700
0.153153
-0.120628
0.362801
0.137568
0.007283
0.079092
0.112806
0.106631
0.273463
0.085508
0.148381
-0.047795
0.073584
0.032791
-0.014685
0.163522
0.129107
-0.308768
0.259736
-0.286870
-0.235497
0.185469
-0.207580
-0.315678
0.229040
-0.054443
0.075097
0.080906
0.157770
-0.099566
-0.015779
0.338249
-0.022928
0.210148
-0.195912
0.102484
0.174008
-0.089716
-0.069378
-0.150919
0.203614
0.038846
0.217962
-0.067304
0.013864
0.009168
-0.093046
-0.113941
0.141510
0.252169
-0.387058
-0.141853
0.070352
-0.165101
0.196730
-0.240055
-0.009578
0.497561
-0.006726
0.165119
-0.111854
0.206046
-0.205767
-0.297364
-0.297230
-0.139888
0.035646
-0.059550
-0.120298
0.333917
-0.248952
0.029072
0.244385
-0.139643
-0.057261
-0.025276
-0.128898
-0.001912
-0.295181
-0.088949
-0.039898
0.065374
-0.192902
0.434780
-0.212918
-0.073926
0.202198
-0.122656
0.087219
-0.173067
-0.312801
-0.119673
0.121827
-0.272099
-0.236593
0.276338
0.123416
-0.150205
-0.035426
0.115518
0.349526
-0.157377
0.077709
-0.035014
-0.255448
-0.008470
-0.131359
-0.121140
0.184629
-0.342699
0.211521
-0.056700
-0.139851
-0.012450
-0.097294
0.136507
0.092921
0.366747
0.270452
-0.023511
-0.036620
0.110161
0.158833
-0.229366
-0.200287
0.048744
-0.060152
0.240432
-0.084720
-0.142081
0.087690
0.126830
0.189125
0.326577
-0.057899
0.085641
-0.231754
0.277182
-0.299336
-0.085435
-0.194533
0.203376
-0.030544
0.304729
0.001690
-0.054253
-0.043445
0.029533
-0.158810
0.001300
0.139838
-0.035102
0.203549
-0.057772
0.155595
0.324170
-0.013634
0.399337
0.114416
0.129019
0.189343
-0.011800
-0.020240
0.088789
-0.068615
0.213453
-0.304245
0.000090
0.229654
0.100883
-0.093974
0.097035
-0.037027
-0.205064
-0.087025
0.090747
-0.023046
0.089986
-0.232966
-0.002214
0.079092
-0.180775
-0.022713
-0.203915
-0.145808
-0.122954
-0.085986
-0.156153
-0.283573
0.242315
0.020970
0.028676
-0.000055
0.263970
0.084168
-0.531533
0.277716
0.128499
0.113078
0.107542
-0.192380
-0.149488
0.287636
-0.062739
0.052622
0.149674
0.131977
0.053696
-0.167922
0.024217
0.290043
0.065682
-0.263449
0.041116
0.037016
-0.049587
0.365827
0.241465
-0.087765
0.178899
-0.165992
0.229368
0.089893
0.213851
0.068613
-0.004555
0.036826
-0.268485
0.316484
0.012806
-0.019124
0.341754
0.029046
-0.160071
-0.081269
0.036198
0.086501
-0.083801
0.342702
0.039702
-0.325816
0.311731
-0.142548
0.092229
0.052755
0.006294
-0.097096
0.167806
-0.064949
0.157723
0.084284
-0.053160
-0.332148
0.182251
0.242055
0.236061
0.351508
-0.174952
-0.102962
-0.066441
0.239614
-0.009357
0.021418
-0.082649
0.038999
-0.095737
-0.122101
0.201538
0.176052
0.100898
-0.272345
0.021191
-0.154373
-0.037300
-0.115623
-0.007793
0.109482
0.140818
-0.326705
-0.065338
0.000169
-0.083174
0.065468
0.315900
-0.198702
0.077616
0.002186
-0.128528
-0.210730
-0.207280
-0.068732
-0.111530
-0.117119
0.046780
0.062590
-0.169425
-0.158876
0.033619
0.155644
0.046328
-0.049663
-0.222624
0.227423
-0.074332
-0.112887
0.092326
0.001204
0.064296
-0.326924
-0.107756
-0.180874
0.258242
0.089630
0.278613
-0.020417
0.027575
-0.308025
-0.208295
-0.230509
-0.004405
-0.105565
0.037550
-0.048563
-0.001627
0.146278
-0.027514
0.176899
0.016829
-0.015593
0.138207
-0.093939
-0.059721
-0.432953
0.010940
0.046387
-0.111552
0.075704
-0.037437
-0.019094
-0.219728
-0.048003
0.034133
-0.005776
-0.061397
-0.074534
0.045043
-0.227702
-0.317906
0.152823
-0.255652
-0.013764
-0.017247
-0.145685
0.307171
0.265707
0.128140
-0.143358
0.030193
-0.213988
-0.019068
-0.168152
0.215858
-0.244569
-0.090693
-0.133824
0.155942
-0.017026
-0.032093
-0.074214
-0.231432
0.412779
-0.068405
0.057920
-0.092237
0.057112
-0.030007
-0.099862
0.272565
-0.402679
0.007001
0.049920
-0.239604
0.022546
0.231411
-0.046103
-0.014234
-0.302638
-0.229484
-0.153021
-0.107248
-0.167448
0.306362
-0.024580
-0.114928
0.255908
0.163477
-0.092640
-0.055198
0.171037
-0.373674
-0.052788
0.121319
-0.295550
-0.030268
-0.266498
0.143221
-0.057489
0.123608
-0.017101
0.150542
-0.050216
-0.058409
-0.163605
-0.096691
0.021655
0.127216
0.428973
-0.063737
0.124753
-0.053407
-0.342683
-0.137530
0.294189
0.022203
0.344554
0.276447
0.211380
0.173188
-0.345190
0.421274
-0.215167
-0.175232
0.145778
0.243123
-0.028667
-0.198709
0.257544
0.023437
0.228922
-0.252993
0.053642
0.076763
-0.069631
-0.196074
0.202930
-0.036424
0.321553
-0.033289
-0.081971
-0.194453
-0.043645
0.241932
-0.149428
-0.397755
0.016494
0.122174
0.130997
0.047253
0.243251
0.169405
0.106729
0.026792
0.138693
0.087650
0.029983
0.003000
-0.093460
-0.088316
-0.098663
-0.070735
-0.096091
0.051439
-0.240124
0.084929
0.077941
-0.258675
-0.039520
-0.092997
0.151513
0.120383
-0.239096
-0.183547
0.085091
0.143404
0.282377
-0.221704
-0.054803
-0.231987
-0.315740
0.127433
-0.163368
-0.095326
0.016167
-0.231700
-0.065099
-0.004559
0.289281
-0.023226
0.124934
0.172363
-0.203300
0.033940
0.190288
-0.052061
-0.042379
-0.146532
0.195566
0.024400
-0.063767
0.097287
-0.333395
0.285203
-0.151643
0.078547
0.047004
0.103066
-0.032611
0.121052
0.140193
0.031844
0.127960
-0.013604
0.055043
-0.067436
-0.178460
0.079668
0.227910
0.138338
-0.201968
0.065841
-0.391855
0.043254
-0.110936
-0.326105
-0.216906
0.014992
-0.133860
0.022072
0.165757
-0.127607
-0.132448
0.040340
-0.035959
-0.042292
-0.099057
0.097588
-0.115962
0.211561
-0.155271
0.013995
-0.099910
0.043261
0.078280
-0.107820
0.024576
0.150034
-0.110361
0.007252
0.115163
0.128867
-0.180650
-0.030496
-0.351192
-0.028991
-0.263647
-0.097109
0.145588
0.138640
0.321847
0.123613
-0.032619
-0.025210
0.196343
0.195037
-0.276555
-0.016919
0.006580
-0.050981
-0.162788
-0.221010
-0.063079
0.109074
0.040143
0.123004
-0.066216
-0.046164
-0.040013
-0.115511
-0.033057
0.120953
-0.447565
-0.198960
-0.162230
0.155792
0.047542
-0.145813
-0.099168
-0.076150
0.234592
0.253692
-0.041741
-0.219758
0.197795
0.040814
0.082150
-0.112344
0.228793
-0.505235
0.161141
-0.185398
0.241301
0.036087
-0.038047
0.091854
-0.293867
0.090150
-0.017129
0.096916
0.357313
0.095997
0.207034
-0.027797
-0.124348
0.103980
0.183505
0.210156
0.142646
0.047769
0.155290
-0.037360
0.027163
0.141263
-0.064098
0.020969
-0.301837
-0.167948
0.219053
-0.093877
0.169429
0.004508
0.379742
0.053820
-0.175956
-0.043151
-0.250488
0.058615
-0.044838
0.001438
0.049738
-0.176526
-0.028645
0.064609
-0.027338
0.127385
-0.144505
0.142651
-0.122379
-0.190472
-0.162746
-0.030610
-0.223689
0.203982
0.148235
-0.220243
0.303138
0.102590
-0.142173
-0.048598
0.198213
-0.204762
0.036666
0.046784
0.126714
-0.017716
-0.355275
-0.020046
0.172707
0.005990
0.004765
-0.124592
-0.067843
-0.191736
0.086120
-0.013519
-0.134237
0.020320
-0.075792
0.100386
0.181837
-0.155130
-0.239293
0.015296
-0.369280
-0.071679
0.136572
0.277192
0.219407
-0.065016
-0.295263
-0.117818
-0.002981
0.021802
-0.085438
-0.283934
-0.232918
-0.436337
-0.124416
0.117147
-0.012948
0.127165
0.141709
-0.186180
-0.054227
-0.007627
0.132284
-0.248409
0.023131
0.139356
0.134322
-0.078765
-0.138898
0.108073
-0.048848
0.096095
-0.130692
-0.011171
-0.050334
0.359811
0.179006
-0.123974
0.045386
-0.163133
-0.288241
0.219153
-0.155253
0.190649
-0.035212
0.396785
-0.158105
0.100900
0.062014
0.044386
0.058771
0.024022
-0.116470
-0.036741
0.012385
0.115215
-0.132548
-0.327135
-0.062357
0.101067
0.010707
-0.066933
-0.060900
0.359430
-0.199803
0.143842
-0.239616
-0.270907
0.132635
-0.021177
0.096886
-0.109611
-0.311188
-0.098608
-0.362347
-0.063454
-0.329330
-0.025327
0.313205
-0.017081
-0.121464
-0.084257
0.244249
0.050060
0.183074
0.236950
0.294769
-0.135184
0.475256
0.020006
0.055198
-0.042182
-0.357042
0.119559
-0.283282
0.009443
-0.102393
0.269659
0.063045
0.022096
0.027720
0.030999
-0.069059
-0.085349
0.194635
0.109744
-0.028374
0.185566
0.258420
-0.332254
0.164664
-0.257861
-0.189637
0.004529
-0.109225
-0.068225
-0.159595
-0.029082
0.199943
-0.355637
0.055540
-0.055967
-0.249563
-0.224665
0.259385
0.122148
0.123855
0.148457
-0.323744
0.090614
0.016775
-0.069382
0.044893
-0.006725
0.396607
-0.250134
-0.037859
-0.066387
-0.092758
0.019973
0.149697
-0.018726
-0.434989
0.285264
-0.096187
-0.105110
-0.051313
0.039862
0.008335
0.156063
0.051090
-0.048671
0.195466
0.121399
0.155515
0.099232
0.187624
0.049922
0.006649
0.097491
-0.363210
0.335369
-0.298977
0.127252
0.151351
0.045511
-0.084019
-0.358586
0.093515
-0.141160
-0.301380
0.081350
0.159994
0.244127
0.067107
0.257605
-0.052722
0.209271
0.158812
0.385560
-0.085854
0.180645
0.267243
0.043462
0.238234
-0.050445
0.227679
0.212315
0.202029
0.069939
0.035086
0.155158
-0.008032
-0.055265
-0.161767
-0.000474
0.396335
-0.129280
0.133433
0.143235
0.001486
-0.041080
-0.112680
0.090000
0.120602
0.265202
-0.031727
-0.000796
0.187160
-0.247804
-0.039327
0.379470
0.040747
-0.022452
-0.128693
0.146295
-0.145131
0.107087
-0.043631
-0.010262
0.245128
0.102869
0.252336
0.289082
0.256617
0.214537
0.198037
0.109287
-0.123966
0.283343
-0.032930
-0.068918
-0.292364
0.088380
0.243526
-0.162173
0.236322
0.003351
-0.101121
-0.048688
-0.264032
0.173923
-0.109002
-0.071954
0.159154
0.121867
0.076888
-0.047331
-0.310149
-0.147945
0.114626
0.012211
-0.093839
-0.241123
0.109707
-0.304406
0.161381
0.241570
-0.185691
-0.237710
0.058883
0.008341
0.010750
-0.244573
0.023444
-0.095130
-0.046906
0.082885
-0.532720
-0.030135
0.012632
0.153810
-0.084450
-0.120898
-0.163229
-0.083207
0.047514
0.095543
0.001889
0.146939
0.172303
0.076668
-0.002587
0.159609
0.035703
-0.038949
-0.223332
-0.248767
0.036849
-0.096399
0.065829
0.152019
0.122531
-0.243250
0.007264
-0.078722
0.161116
-0.084216
-0.288278
-0.247851
0.130198
0.125558
0.153041
-0.466857
-0.114642
0.008292
0.213001
-0.037511
0.022087
0.122309
0.032567
0.048294
0.182718
-0.032177
-0.150718
0.056061
-0.196460
-0.315648
0.136642
-0.484602
0.200174
-0.181917
0.015664
-0.288034
0.139153
-0.322793
0.110098
0.107247
-0.038303
-0.263044
-0.134268
0.041157
0.026171
-0.299744
0.143060
-0.270059
-0.154421
0.062665
-0.235194
0.021492
-0.238681
0.292897
-0.011935
-0.199028
0.263038
-0.178813
-0.178153
0.019294
-0.013160
0.115751
-0.128581
0.073051
0.057107
-0.039575
-0.238942
0.052040
-0.148551
0.104360
-0.171218
-0.241486
0.299309
-0.159632
0.118464
0.079731
-0.067099
-0.196845
0.047644
-0.301036
0.132019
-0.120752
0.009807
-0.126710
0.211909
-0.166365
0.097911
-0.040529
0.082405
-0.057902
0.238201
0.095114
-0.339751
0.033046
0.124490
0.044360
0.086326
0.017875
0.297320
-0.103357
-0.062419
-0.071646
-0.006191
-0.143318
-0.235879
-0.222290
-0.005318
-0.270843
-0.148871
-0.141317
0.210377
0.166759
-0.068348
-0.291179
-0.161351
0.107565
-0.146940
-0.024346
0.228649
0.328708
0.006982
-0.011085
-0.048953
-0.094882
-0.172435
-0.032188
-0.034216
0.243407
0.034585
-0.532185
-0.130092
-0.029536
0.027619
-0.244269
0.186647
0.250496
-0.177083
0.074222
0.027999
0.367575
-0.311909
0.123526
-0.235201
-0.132728
-0.209016
-0.174791
-0.383390
-0.079603
-0.250479
0.002663
-0.237663
-0.074230
0.190095
0.181190
-0.176052
0.051533
-0.166206
-0.080090
-0.122723
0.036400
-0.253982
-0.004333
0.410672
-0.165232
-0.194199
-0.028274
0.257824
0.161417
0.142735
-0.103784
-0.140600
0.103964
0.018852
-0.033701
-0.147460
-0.029417
-0.023923
-0.010602
-0.087668
-0.262945
0.125027
0.100749
-0.168278
-0.147743
-0.097933
-0.168433
-0.049869
-0.175250
0.319738
-0.127969
0.054211
-0.063564
-0.255453
-0.023543
-0.320129
-0.432387
-0.007414
0.038864
-0.138268
-0.158239
-0.093710
-0.314604
-0.053855
-0.061450
0.117975
-0.094665
-0.305915
0.210459
0.013864
0.223522
-0.026610
0.166716
-0.187251
0.062680
0.122665
-0.067077
0.024738
-0.032599
-0.104186
-0.086872
0.028976
-0.066988
0.140900
0.043124
0.112988
-0.037864
0.091890
0.009451
-0.106390
-0.002224
-0.255589
0.101036
0.277779
0.104678
0.176606
0.119960
-0.112065
0.053947
0.011661
-0.112839
0.059090
0.062337
0.049813
-0.330420
0.139486
-0.224257
0.167658
-0.139958
0.007451
-0.150824
0.026744
-0.025136
0.094142
-0.046852
0.101922
-0.046323
-0.242051
0.192232
-0.102990
-0.303908
0.030713
-0.025383
-0.182461
-0.163699
0.129650
0.030373
-0.144376
-0.104914
0.094631
-0.140470
-0.010279
-0.162935
0.136201
0.306102
-0.134591
0.172694
-0.056868
-0.136705
0.019434
0.161452
0.293192
-0.034640
-0.188996
-0.183479
-0.204188
-0.193759
0.081967
-0.128113
-0.031846
0.091579
-0.266026
-0.024128
0.077342
-0.351269
0.179940
0.166325
-0.160993
0.010921
0.100322
0.225163
-0.121782
-0.206181
0.178983
0.082215
-0.486474
-0.176425
-0.024662
0.038354
-0.024127
0.046988
-0.103285
-0.000142
-0.323211
-0.056528
-0.044378
0.049533
-0.341219
-0.125217
-0.199538
-0.137447
-0.106166
-0.026370
0.096722
0.023503
-0.083437
0.004049
0.245231
-0.170154
-0.193455
-0.274371
0.180579
0.096519
0.109478
-0.094817
0.036664
-0.434150
0.225272
0.091797
0.143396
0.206019
0.006799
0.190543
0.134473
0.172500
0.096894
-0.100370
0.038485
0.246922
-0.012650
-0.003315
-0.024175
-0.360787
-0.334683
-0.115984
-0.357082
0.225814
-0.149201
0.182758
-0.206636
-0.144280
-0.153260
-0.166169
0.065620
-0.065361
-0.085756
0.018896
-0.090810
0.234437
-0.028111
0.054476
-0.001294
-0.278303
0.074517
0.019964
-0.032660
-0.092090
-0.170560
-0.307855
-0.096567
0.018034
-0.265510
0.030625
-0.145799
-0.090405
-0.049028
-0.145177
0.100670
-0.161937
0.212241
0.061082
-0.164425
-0.068861
-0.040028
-0.054975
0.188631
-0.167834
-0.182871
-0.011851
0.310132
-0.228224
0.221967
-0.205933
0.111716
-0.184103
0.054939
-0.195944
-0.033027
-0.119030
0.218412
0.114086
-0.165606
0.296702
-0.229536
-0.040958
-0.160944
-0.219376
-0.052337
-0.083054
-0.071841
-0.288664
0.026725
0.060317
-0.087461
0.211579
0.025073
0.142635
-0.142244
-0.102368
-0.037166
0.201206
-0.320765
-0.049554
0.113996
-0.420182
0.132118
-0.018965
0.021388
0.145979
0.414615
-0.012470
0.172408
0.217847
0.211270
-0.011665
0.038530
0.118918
0.029472
0.046735
-0.092626
0.058261
-0.287936
0.082936
-0.162210
-0.168501
0.233474
0.050493
0.028855
-0.098162
-0.299482
-0.248572
0.052962
-0.023650
-0.206691
0.082554
-0.078636
-0.079436
-0.307922
0.087665
0.045198
0.147568
-0.033102
0.088838
0.035547
-0.202082
-0.063403
0.028835
-0.197488
0.147566
-0.128842
0.007180
-0.194109
0.029689
-0.205126
0.023921
-0.080442
0.028467
-0.189262
0.111626
0.349320
0.180818
-0.133332
0.130944
0.043853
0.136739
0.046164
-0.076154
-0.202112
0.105161
0.194490
-0.030403
-0.032526
-0.074140
0.313912
0.012088
0.277903
0.323214
0.181527
0.207576
-0.226249
0.016186
-0.001980
-0.250750
-0.178241
0.121996
-0.064867
-0.077633
0.035413
-0.063506
-0.175526
-0.107701
-0.009259
-0.004973
0.140896
-0.225008
-0.020077
0.122176
0.149575
-0.266384
0.018687
0.183780
-0.106836
-0.292045
0.188615
0.070053
0.114793
0.149704
0.009399
-0.001854
-0.195670
0.175807
-0.046840
-0.308471
0.213392
0.251986
-0.118688
0.185166
0.027988
0.098333
0.254378
