0.177018
0.611741
-0.232069
0.115217
-0.035001
-0.050131
-0.279760
-0.515964
0.199042
-0.660341
-0.044112
-0.050933
-0.053025
0.332734
0.560784
-0.196936
0.372003
-0.455205
-0.539734
0.427798
-0.009513
-0.222223
-0.000451
0.599813
-0.710823
0.650606
-0.400970
-0.193001
-0.399517
-0.963536
0.341253
-0.029227
0.204112
-0.160328
-0.002430
0.399355
-0.255238
0.629600
0.318049
0.117904
-0.077346
0.078456
-0.803034
0.254241
-0.309727
-0.020006
0.065468
0.027802
0.146476
0.440546
0.112930
-0.026531
0.187876
0.378606
-0.679543
-0.096937
-0.576880
-0.276463
-0.079892
0.008604
-0.529173
0.267583
-0.144013
-0.824322
0.519007
-0.263199
0.355466
-0.220885
-0.737299
0.834914
0.540949
-0.196382
-0.271308
0.446831
0.211490
-0.007591
-0.650164
0.437193
0.560649
-0.171167
-0.413469
-0.510507
-0.276367
-0.495219
0.448015
-0.151086
-0.346509
0.690208
-0.110903
-0.540990
-0.383886
0.486906
-0.228899
0.230110
0.465742
0.485323
0.596389
0.155542
0.207834
-0.126724
0.229802
0.472675
-0.374062
-0.777038
-0.162560
0.161065
0.304334
0.105328
0.560918
0.504025
-0.218078
-0.682796
-0.147821
-0.450515
0.107071
0.159449
0.200488
-0.308003
-0.722216
-0.166520
-0.060005
-0.502679
0.092507
-0.080581
-0.582384
-0.173763
-0.282313
-0.507175
-0.160112
-0.129018
-0.138132
0.017156
-0.074511
-0.054780
0.359268
0.715316
-0.495221
-0.216351
-0.421367
0.291928
0.127661
0.145018
-0.660420
0.327283
0.267756
-0.554181
0.461402
0.424647
-0.104882
-0.575508
-0.636779
-0.030752
0.337893
-0.237902
0.201615
0.057480
-0.367161
0.565109
0.654377
0.842484
0.501811
0.192551
0.638233
-0.161554
-0.268269
0.578169
-0.449212
-0.543807
0.712642
-0.901983
-0.166564
-0.586369
-0.421033
0.361196
-0.413138
-0.266031
-0.615186
0.599314
-0.260491
-0.551413
-0.012873
0.558721
0.015400
-0.049896
0.424205
-0.440238
0.300677
0.311524
-0.138136
-0.286519
-0.314403
-0.549247
-0.720785
-0.297003
-0.036510
-0.003764
-0.500179
-0.006139
-0.814972
-0.828995
-0.189831
-0.357154
-0.084730
0.455125
-0.106507
-0.327367
0.524283
0.264471
-0.062741
-0.093530
-0.596227
0.148558
-0.112794
-0.087940
0.025384
-0.410670
0.300880
0.127269
-0.134769
-0.042707
0.290882
-0.471813
-0.135574
0.259587
0.468938
0.284747
0.659160
-0.097883
-0.092446
0.523819
-0.185281
-0.559296
-0.757054
0.301407
-0.659978
0.466133
-0.028845
0.544536
0.212158
0.070883
-0.174138
-0.171267
0.439242
-0.298633
-0.141884
0.178143
0.021665
-0.225311
0.049328
-0.182960
-0.891586
0.309299
-0.003489
-0.336196
0.146054
-0.385792
-0.256580
-0.094399
0.080320
-0.220533
0.059158
-0.059512
0.004987
-0.230723
0.417448
0.353646
0.256343
0.524626
-0.557793
0.390862
0.000118
0.106310
0.427262
0.205383
-0.608965
-0.167610
-0.542489
-0.490814
0.005291
-0.529488
0.520957
0.017164
-0.311194
0.550411
0.422643
0.030984
-0.539694
-0.114456
0.038643
0.053637
0.127836
-0.479618
-0.100854
-0.631874
0.460390
0.225286
-0.320390
-0.202993
0.520492
0.505453
-0.034240
0.454344
-0.319687
-0.671807
0.231775
-0.216766
0.020924
-0.277282
-0.708510
-0.024123
-0.112992
0.299283
0.395201
0.107867
0.317176
0.350609
0.096541
0.343728
-0.010171
0.148264
-0.098517
0.136947
-0.005134
-0.313772
-0.020054
-0.420619
0.079583
0.736898
-0.290668
0.106423
-0.211896
0.615331
0.211573
0.264089
-0.428720
0.400129
0.118429
0.112852
-0.391869
-0.165004
0.386391
0.267203
0.433013
-0.877791
-0.541834
-0.057976
-0.864814
-0.100026
0.011530
0.025449
-0.237079
-0.034427
0.150482
-0.106596
-0.051553
0.645124
-0.499809
0.164957
-0.757845
-0.681814
0.124822
-0.135325
0.182866
0.352487
-0.081418
-0.495531
0.033757
0.339795
0.386279
-0.588364
-0.422085
0.722641
0.005455
-0.631095
-0.514489
-0.104113
0.598969
0.600005
-0.055834
0.098623
0.281308
0.481707
0.094762
0.145532
-0.526542
0.307259
-0.118885
-0.398510
0.119903
-0.333631
0.064667
0.203386
0.382638
0.113040
0.093153
-0.143164
-0.235517
0.002877
0.128359
0.058795
0.285541
-0.118206
0.019538
0.371205
-0.563083
0.234701
-0.421236
0.243632
-0.148442
-0.252983
-0.011954
0.103714
-0.263706
-0.366651
-0.535113
-0.677893
0.353435
-0.008296
0.145749
0.264368
0.554654
-0.412827
0.208931
-0.429244
0.118840
-0.271440
0.267543
0.302699
0.372296
-0.028199
-0.696460
-0.520775
0.919242
-0.384217
-0.604426
0.250654
-0.340170
-0.285024
0.450669
0.251372
-0.151932
-0.154166
-0.080934
0.011436
-0.435808
-0.405907
-0.553088
-0.383433
0.342657
-0.491857
-0.064695
0.562029
-0.759584
-0.117159
-0.690703
0.063501
-0.086100
-0.037409
0.143449
0.510292
0.247985
-0.625082
-0.053335
0.390105
-0.682143
0.242398
-0.147760
0.188262
0.416863
-0.763977
0.045699
-0.204897
0.310311
0.631575
0.251965
-0.232842
-0.027661
-0.391926
0.193020
0.039117
-0.043538
-0.153381
-0.425150
0.318392
0.668408
-0.500721
0.902589
-0.068256
-0.882084
-0.151546
0.077166
-0.054998
-0.087644
0.430742
-0.436777
0.026706
0.063874
-0.806165
0.444584
0.017904
0.316044
-0.076016
-0.232314
-0.267747
-0.062852
-0.313732
0.344238
0.552193
0.017519
-0.504972
0.022313
0.218763
0.590651
0.752705
-0.349098
0.324564
0.149182
0.386105
-0.126496
0.131819
0.577540
-0.340239
0.048014
0.290140
0.240519
-0.188684
-0.569596
0.157468
0.050403
-0.602466
-0.479959
-0.126598
0.485679
0.040102
0.075869
0.243433
-0.362931
-0.338984
0.152486
-0.557309
0.285725
0.200139
0.551215
0.022448
-0.587285
0.110268
0.303250
0.068914
-0.536511
-0.402356
0.181674
0.060325
-0.177166
-0.307392
-0.348876
-0.667661
-0.095819
0.255340
0.398456
-0.137073
0.023276
0.002117
0.645164
-0.289373
0.253997
0.168070
-0.399106
0.321147
0.361442
0.494321
-0.493814
-0.327671
-0.081084
-0.569123
-0.220277
-0.001621
-0.507525
-0.542238
0.032959
0.413050
-0.038475
0.017775
0.347784
-0.266223
-0.384161
-0.199384
0.239454
0.497786
0.343999
0.011293
0.208900
-0.075580
-0.558923
0.042020
0.024518
0.277171
-0.370021
-0.160528
-0.163892
-0.158942
-0.043463
-0.208851
0.542735
-0.436991
-0.534932
0.167017
-0.027582
0.038780
0.005345
0.018247
0.031491
-0.217542
-0.057570
0.088878
0.631084
0.115737
0.554033
-0.151328
0.406016
-0.512080
0.816361
-0.002024
-0.382832
-0.080809
-0.106242
-0.089734
-0.401779
-0.179630
0.109770
-0.676768
-0.482238
0.100957
-0.465216
-0.167608
-0.303327
-0.513277
0.002207
0.551379
-0.422553
0.778125
0.261713
0.175833
0.399408
-0.317891
-0.693387
0.173192
-0.127740
-0.125799
-0.416980
-0.164060
-0.835681
0.144383
-0.306341
0.096083
-0.357139
-0.664465
-0.034573
0.643870
-0.168170
-0.517759
-0.042507
0.325705
-0.276237
-0.099563
-0.670421
-0.034165
-0.244534
-0.268022
-0.174117
0.285609
0.067458
0.651203
-0.012557
0.172906
-0.462961
0.282006
-0.119347
-0.265886
0.293077
0.076278
-0.189488
-0.817389
0.272868
0.259112
-0.119055
0.722579
0.203925
-0.125785
0.009668
0.485374
0.164793
0.233742
0.056880
0.065342
-0.414911
0.073483
-0.132211
-0.054688
0.235556
0.253142
-0.533406
-0.331823
-0.750030
0.551486
-0.017530
0.215892
0.007611
-0.614167
0.061731
0.345191
-0.361552
0.124315
-0.737217
-0.311913
-0.142238
-0.510015
-0.306604
0.406659
0.184282
0.261980
0.773534
-0.328136
0.051377
0.054038
-0.187472
0.364961
-0.243240
-0.155515
-0.735676
0.711586
0.586542
-0.002791
-0.352841
0.146656
0.024595
0.018271
-0.332626
-0.045078
0.383587
-0.276468
0.341229
0.351215
0.459485
-0.088390
0.165897
0.075144
0.083195
0.170600
0.105011
-0.122326
-0.266388
-0.540582
-0.150330
-0.212764
-0.196584
-0.300371
0.218872
-0.245104
-0.345871
0.628720
0.140742
0.680196
0.518483
-0.298272
0.016344
-0.453547
0.358780
0.035869
-0.697058
0.061958
-0.449639
0.294180
0.360824
0.440996
-0.161548
-0.135123
-0.329197
-0.003672
0.088922
-0.259925
0.126090
-0.100568
0.068685
-0.129952
0.352484
0.267969
0.762768
-0.556288
0.416846
-0.320444
-0.429099
-0.181397
0.221095
0.098660
0.480184
-0.208366
-0.268202
-0.286133
-0.377761
-0.674166
-0.529874
0.385113
-0.075339
0.064818
0.151475
-0.681529
-0.694081
-0.377989
0.219012
-0.271089
-0.412698
-0.466176
-0.544396
0.284091
0.152512
-0.090811
-0.307128
-0.032017
0.171685
0.146679
-0.095258
0.467105
0.525575
0.279616
-0.267644
-0.301187
0.378311
0.420086
0.009486
-0.005468
0.100958
-0.433480
0.145600
-0.426928
0.135259
-0.030260
-0.804431
-0.344086
0.594390
0.572332
0.428554
-0.198270
-0.018835
0.003433
-0.378014
0.755670
0.235499
-0.124331
0.265389
-0.050942
0.679247
0.057390
0.848319
0.553144
-0.057994
0.048284
-0.210351
-0.410385
0.102957
0.116115
-0.040662
0.825410
0.694796
0.039395
-0.459677
-0.392298
0.389223
-0.005228
0.821204
-0.565381
-0.230007
-0.842382
-0.597199
0.023119
-0.057830
0.155210
0.009269
-0.354739
-0.411342
0.821707
0.378403
-0.607187
-0.372254
-0.030459
0.142395
0.380833
-0.205666
-0.393490
0.245567
-0.102757
0.111269
0.420290
0.031548
-0.485783
0.699402
0.288644
0.184319
0.314116
0.565118
0.251734
-0.219747
-0.647931
-0.649780
0.367313
0.634592
0.181710
-0.345522
0.097321
-0.283502
-0.281687
0.471553
-0.341475
0.145108
-0.340167
0.107790
0.355094
-0.254814
-0.555749
0.811944
0.455212
0.324958
0.084915
0.249207
-0.705010
-0.864328
0.170341
-0.136561
0.587171
0.816647
0.206172
0.046256
0.073782
-0.217120
-0.362162
-0.771268
0.194396
0.468671
-0.015507
-0.609203
0.115551
0.111148
-0.348326
0.462436
-0.168290
-0.201791
0.362650
0.550620
-0.233306
0.093484
0.204877
0.204035
-0.126998
-0.713637
0.072978
0.102086
-0.114626
-0.338824
0.197768
0.282947
-0.949371
-0.513330
0.555591
0.444689
0.158458
0.379265
0.701820
-0.403034
-0.710453
-0.264602
-0.429559
0.053843
-0.363945
-0.006657
0.402388
-0.134734
0.664610
0.155928
-0.256804
-0.388112
-0.212939
0.213941
0.557497
0.002987
0.445750
0.628717
0.398538
0.026505
0.443469
0.144229
-0.273234
-0.100773
-0.159796
0.518243
0.265414
-0.157979
-0.163266
-0.059264
0.554127
0.335440
0.530211
0.297370
-0.146237
-0.186024
-0.240819
0.485166
0.646754
0.208255
-0.555620
-0.237309
-0.059542
-0.849331
0.025369
0.043672
0.112233
0.445903
-0.428743
-0.370100
-0.781856
0.039869
-0.114559
-0.111236
0.371572
-0.224962
0.100870
-0.021405
-0.015545
0.867033
-0.475245
0.202371
-0.231186
0.122068
-0.055976
-0.487531
0.072833
0.106313
0.382045
0.182526
-0.085457
-0.070385
-0.371487
0.325656
-0.260362
-0.765411
0.048708
-0.364103
-0.358977
-0.080373
-0.573042
0.425153
0.700358
-0.102691
-0.051695
-0.389088
0.032448
-0.277843
0.637089
-0.116262
0.148921
-0.438809
-0.565708
-0.123898
0.557974
-0.037374
-0.725242
-0.145646
0.644369
0.212949
-0.334844
-0.797511
0.132899
0.127088
-0.160392
0.464415
0.399290
-0.477106
-0.231482
-0.221956
-0.025190
0.108123
-0.468798
-0.586225
-0.123179
-0.540595
-0.498192
0.011443
0.097994
-0.532681
-0.060089
-0.006264
-0.024458
-0.002145
0.327140
0.014830
0.050943
0.352739
0.268586
0.281779
-0.302956
0.337840
0.294381
-0.142540
0.539549
-0.389807
-0.451025
0.454331
-0.617632
0.272175
0.137089
-0.187149
-0.337237
0.046146
-0.505431
0.542358
0.220706
0.130050
0.203491
-0.096874
0.040231
-0.724886
0.326389
-0.765343
-0.317057
-0.585266
0.331966
0.607347
0.202916
0.057557
-0.447241
0.317237
-0.033979
0.835890
-0.069554
0.724164
0.293582
0.266046
-0.092436
0.853476
0.119328
0.316052
0.775352
0.152965
0.184977
0.542068
-0.057863
-0.351511
-0.199442
-0.234341
-0.559837
0.458431
-0.048805
-0.389870
0.047834
-0.553840
0.282310
-0.040590
-0.016504
0.128772
-0.128095
-0.278447
-0.040995
0.446849
-0.114891
0.874899
0.182570
0.111865
-0.341706
-0.671676
0.162877
0.067308
-0.166809
0.306908
0.345803
0.584818
0.323311
-0.328721
-0.573622
0.199483
-0.348193
0.390957
-0.219477
-0.039762
-0.151762
-0.038631
-0.166927
-0.257318
-0.162525
-0.341506
0.048740
0.603600
-0.174010
0.283569
0.575412
-0.183901
-0.179479
-0.125987
-0.118993
-0.551178
-0.673481
-0.016097
0.212730
-0.163186
0.046333
-0.057507
0.114201
0.397726
0.356369
-0.254896
-0.436939
0.013719
0.927861
-0.151252
0.271804
-0.037522
-0.296290
0.680984
0.277578
-0.134780
0.763187
-0.402901
0.114151
0.018912
-0.001969
0.023186
-0.459182
0.310143
-0.150645
-0.588099
-0.496381
-0.401387
-0.561588
0.405724
0.426915
-0.311661
-0.499459
0.470999
-0.299279
0.221734
-0.324380
0.328185
0.532370
-0.431307
0.211793
-0.331409
0.794175
-0.501374
-0.006474
-0.239130
0.407571
0.858898
0.004165
-0.555635
0.116112
0.645591
0.274610
-0.509169
0.313872
-0.633064
-0.340782
0.244848
-0.032472
0.087023
-0.218495
-0.046796
0.402044
-0.082298
0.488726
-0.574096
0.710975
0.482263
0.213003
-0.057426
-0.109785
0.591220
0.223092
-0.333727
0.075305
0.354537
0.510414
0.742250
0.132659
-0.011959
0.564273
0.679667
0.747785
0.159876
-0.376796
0.289656
0.075118
-0.506709
0.598312
-0.064636
0.678071
0.226754
-0.059960
-0.112067
-0.061572
-0.231258
-0.659577
-0.499087
0.380188
-0.280034
0.136617
-0.483796
0.020448
-0.029723
-0.062225
0.100398
0.666497
-0.424587
0.436105
0.529166
-0.769408
0.007073
-0.348046
-0.235927
-0.307699
-0.029294
-0.030097
-0.065480
-0.208685
0.765118
0.324486
-0.308823
0.024406
-0.026132
-0.578341
0.106886
-0.205158
0.325875
-0.060173
-0.117174
-0.472582
-0.129935
0.017645
-0.303711
-0.274507
-0.171089
-0.061410
0.009785
-0.698939
-0.024263
-0.219052
-0.187747
0.643159
0.739853
0.486027
-0.792040
-0.174691
-0.257025
-0.388606
-0.782813
0.823289
0.284506
-0.029945
-0.425462
0.429465
-0.425740
0.020639
0.003895
0.065913
0.550549
-0.566138
-0.197879
-0.421919
0.522261
0.446638
-0.079075
-0.043551
0.190417
0.046503
-0.416855
-0.316206
0.632117
-0.926482
0.455028
-0.619337
0.643119
0.781835
0.325498
0.059106
0.027538
-0.135044
0.346892
0.172871
-0.362680
-0.622764
0.222238
-0.407274
-0.525707
-0.920555
0.184108
0.115815
0.567899
-0.772208
0.481773
-0.323945
-0.631766
0.195868
0.581437
0.157083
0.106784
-0.317622
0.686974
0.230863
-0.691761
-0.071632
0.205292
0.557547
0.578145
-0.390011
0.158253
-0.326047
0.563239
0.452877
-0.064647
-0.172205
0.108098
-0.618286
-0.203179
-0.282082
-0.589544
-0.338592
-0.114231
0.578000
-0.572809
0.299161
0.619745
-0.342385
0.102414
-0.450352
-0.588454
-0.143420
0.117876
0.567555
-0.766522
0.041057
0.135713
0.002939
-0.033720
0.348327
-0.511475
-0.495128
0.096728
0.121775
-0.916390
0.029260
-0.217488
-0.117528
-0.370963
-0.246824
-0.390506
0.278265
-0.649837
-0.090660
0.064527
0.122250
-0.438364
0.241291
0.106285
0.213593
-0.368643
-0.332241
0.954852
0.718910
0.354365
0.147349
0.741197
-0.090528
0.341876
0.487488
0.336542
-0.486045
0.057795
0.793511
-0.351905
0.027926
0.399516
0.116551
-0.004253
-0.024214
-0.018513
0.514894
0.382856
0.255325
-0.282663
-0.401981
-0.389795
0.572410
0.067887
-0.613613
-0.082985
0.185347
0.046763
0.835318
-0.470677
0.206489
-0.154526
-0.102519
0.419503
0.307342
-0.054967
0.373694
0.298493
0.408044
0.439734
-0.337360
-0.138569
-0.183304
0.337134
0.559556
0.747737
-0.210136
-0.114174
-0.195341
-0.058189
-0.461101
-0.096274
-0.514364
-0.231175
0.155906
0.005026
0.501178
-0.614687
0.332914
0.443098
0.829643
0.186144
0.157568
-0.051791
0.031345
-0.243295
-0.434948
-0.290184
-0.278491
0.093830
0.005686
-0.020751
0.716153
-0.295437
0.090801
0.080731
-0.093712
-0.107454
0.325141
0.091230
-0.452157
-0.661950
-0.164862
-0.565644
-0.327397
-0.062956
0.275100
-0.049944
-0.036646
0.444672
-0.435931
0.444979
0.224600
0.283604
0.487494
0.386178
0.051922
0.359675
-0.305577
-0.027779
-0.661888
-0.251364
0.400669
-0.348373
0.400519
0.787800
0.095463
-0.226381
-0.709408
-0.160945
-0.057335
-0.360000
-0.290299
0.233619
0.254804
0.299019
-0.154481
-0.486925
0.262060
-0.348266
0.403631
-0.760173
0.509587
-0.750812
-0.345116
0.205821
0.777468
0.050474
-0.084818
0.637597
-0.212777
-0.202652
-0.485977
-0.912367
-0.236321
-0.349034
0.545839
-0.226595
0.462542
0.531003
-0.567179
-0.336755
-0.300642
-0.470558
-0.473555
-0.774409
0.450200
-0.664600
0.425602
0.312254
-0.368450
-0.274929
0.329636
-0.540358
0.197278
-0.064538
0.457236
0.480810
-0.391133
-0.098287
-0.524861
-0.231051
0.079691
-0.115752
0.302029
0.348219
0.464610
0.647675
0.387874
0.211443
0.300904
0.495011
-0.269477
0.074124
0.058359
-0.785425
-0.113884
0.225425
0.418226
-0.140844
-0.033213
0.104852
0.092702
-0.062699
-0.152709
0.096878
0.080684
-0.032271
0.132983
-0.067937
0.131307
0.612002
-0.212137
-0.213160
-0.648476
0.682450
-0.650019
-0.288926
-0.280517
0.227506
-0.175434
0.172848
0.336302
-0.431441
0.857764
-0.109549
0.368886
0.033612
-0.465327
-0.492305
-0.379892
0.368340
0.537679
0.147449
-0.198683
0.484394
-0.173923
-0.062265
-0.332196
-0.204872
0.372751
-0.700494
-0.443200
0.188933
0.047934
0.467425
0.263759
-0.130243
0.334976
-0.429550
-0.165235
-0.386967
0.307653
0.079898
-0.196079
0.653628
-0.027308
0.350712
-0.173368
0.136472
0.324121
-0.073344
-0.446428
0.173974
0.435180
0.126767
-0.442931
-0.535507
0.672862
0.401780
0.210877
0.250645
0.103746
0.188273
-0.205950
0.071265
0.341953
-0.110868
-0.363929
0.230116
-0.169580
0.017133
-0.130926
0.391109
0.361099
0.454709
-0.487583
-0.411982
0.326957
-0.100257
-0.193108
-0.030601
0.330086
-0.612040
-0.017310
-0.551528
-0.153928
-0.486653
0.110373
0.016811
-0.079634
-0.091331
-0.145207
-0.182663
0.033837
0.016446
0.586169
0.406412
-0.106423
0.223605
0.384901
0.170585
0.269470
0.313163
0.406519
-0.142352
0.696538
0.325190
-0.415186
0.360941
0.597205
-0.886249
0.237861
-0.336393
-0.527002
0.261781
0.075147
-0.491523
-0.748285
-0.561581
0.265380
0.541157
-0.017728
0.704516
-0.062505
0.901907
0.351956
0.657627
0.654247
0.296419
-0.517565
-0.624419
-0.080308
-0.551352
0.281983
-0.352144
-0.133727
0.253250
-0.392522
0.048398
-0.303171
-0.550769
-0.574590
-0.323844
0.620385
0.001840
-0.653377
0.420976
-0.357858
0.059669
0.282721
-0.126667
-0.472107
-0.416001
-0.391742
0.441073
-0.189406
0.300871
-0.145488
-0.850134
-0.096326
-0.434569
-0.207248
-0.238277
-0.095733
0.310937
0.416029
0.413587
-0.236816
-0.125544
-0.205540
0.793820
0.116367
0.261782
-0.173443
0.235748
0.365073
0.269993
-0.004907
0.207320
-0.157060
-0.789178
0.194537
-0.793819
0.025491
0.143363
-0.173236
-0.401702
-0.282272
-0.107681
-0.402879
-0.776105
-0.059350
0.497342
0.012737
-0.404994
-0.537440
0.750009
0.001293
0.108703
-0.254580
-0.097400
-0.058839
0.541282
0.411207
0.407806
-0.225468
-0.369924
0.280835
-0.202872
-0.297814
0.554521
0.481741
0.186591
-0.454736
-0.171644
0.357543
-0.589668
-0.609499
-0.472889
0.307656
0.584384
-0.238970
-0.166858
-0.567994
-0.147900
-0.247082
0.334423
-0.226504
-0.228035
-0.745724
0.189921
0.249984
-0.011295
0.397472
-0.296092
-0.133913
0.594938
0.007301
-0.387558
-0.228898
-0.312858
0.615017
-0.336986
-0.020544
-0.090257
0.153215
-0.041200
-0.546781
-0.381073
-0.030040
0.375841
0.158930
-0.653330
0.160047
0.488232
0.692723
-0.266838
0.560616
-0.238318
0.139656
0.230202
0.132698
-0.375429
-0.056964
-0.003954
0.743138
-0.633856
-0.401056
-0.030360
0.240060
-0.264402
0.213041
-0.342127
0.635863
-0.189608
-0.392217
-0.367238
0.194696
-0.284265
0.460439
-0.700623
0.437284
0.439759
-0.479623
-0.067938
0.421393
0.366830
0.083103
-0.030585
0.110429
-0.136686
-0.027838
0.293336
-0.585275
0.167198
0.312781
-0.089629
0.517474
-0.044033
-0.087351
0.056040
-0.398253
-0.598631
-0.662449
-0.132522
-0.154899
-0.668439
0.050351
-0.082361
-0.286877
-0.186848
0.366905
-0.240725
-0.643677
-0.153055
-0.180051
0.105880
-0.304541
-0.179976
0.481168
0.291551
-0.505957
-0.121239
-0.064543
-0.328218
-0.368480
-0.194426
-0.259506
-0.754903
0.089275
-0.518692
0.196394
0.002426
0.376131
0.539260
-0.404001
0.456932
-0.293603
-0.622466
0.276134
-0.041821
-0.103938
0.439083
0.070981
-0.206012
-0.699565
-0.101108
-0.052529
-0.635660
-0.057642
0.275377
0.367514
-0.570761
-0.545654
-0.753103
-0.458471
0.050690
-0.352411
-0.408292
0.021884
-0.000207
0.112768
0.057329
0.552854
0.454225
0.029960
0.205111
0.343475
0.481788
-0.553221
0.644934
0.053653
-0.202450
0.277683
0.057257
-0.635559
-0.138318
-0.010657
0.088769
-0.153824
0.216391
-0.169436
0.418442
-0.499733
0.590865
0.275162
0.108570
0.075790
0.091311
-0.296384
0.022057
-0.138221
0.754280
-0.093696
0.278788
0.190205
0.585709
-0.275469
-0.033381
-0.147574
-0.257602
0.239019
-0.520918
-0.000105
0.092665
-0.678236
-0.222183
-0.598167
-0.833551
0.051963
0.203525
-0.894872
0.306194
0.406400
-0.808957
0.548031
0.096916
0.179818
-0.699156
-0.484477
0.236551
-0.156398
0.632279
0.217755
-0.458967
0.039516
0.295650
-0.044678
-0.572761
-0.136251
-0.140885
0.782549
-0.112215
0.060978
-0.040584
-0.236860
-0.087543
-0.680525
-0.637316
0.263986
0.279964
-0.250394
-0.465893
0.503332
-0.139551
-0.777440
-0.063058
0.197982
0.059698
-0.191298
0.034177
0.638645
-0.504017
-0.767452
-0.179472
0.158208
0.121850
-0.046058
-0.025619
0.392357
-0.065268
0.806495
0.104257
-0.316059
-0.209381
0.224552
-0.163456
0.329335
0.460801
-0.353483
0.564477
-0.484424
0.103329
-0.365549
0.379013
0.169063
-0.227267
0.175964
0.076615
0.416497
0.392607
-0.203064
0.264251
0.179782
-0.296302
-0.004822
-0.314480
0.202848
-0.403392
0.419557
-0.341516
0.204574
0.128273
-0.294940
0.351378
0.634651
-0.041084
-0.096423
0.199797
-0.103903
-0.012540
-0.408169
0.109287
-0.701628
-0.173825
-0.600301
-0.592200
0.396585
-0.366866
0.398994
0.066592
-0.012954
-0.155930
-0.132605
-0.491029
-0.027251
0.499727
0.229698
0.066687
-0.144082
0.011523
-0.446370
-0.173863
-0.431576
0.545239
0.294393
0.150893
-0.457941
-0.001907
0.431003
-0.197508
-0.128946
0.000125
-0.690432
0.078691
0.229475
0.351364
-0.016159
-0.058361
-0.421394
-0.208060
-0.361014
-0.226614
-0.003612
-0.030040
-0.039256
-0.048139
-0.040886
0.492238
-0.208620
-0.434409
0.045667
-0.190225
0.444345
0.410246
-0.330400
-0.111662
-0.466117
0.258791
-0.109359
-0.114111
0.631398
0.242487
-0.348111
0.102678
0.385716
0.216020
0.088249
-0.164532
-0.097892
-0.843698
-0.418175
-0.271967
0.433665
0.359758
0.189666
-0.071803
0.569973
0.089485
-0.589118
0.200366
-0.232867
-0.315093
-0.084077
-0.029074
0.095125
0.026455
0.003546
-0.519134
0.565881
0.612002
-0.381320
0.094307
0.128427
0.295207
-0.009215
0.935251
0.291120
-0.497526
0.350035
0.177633
0.002242
0.434433
0.569461
-0.272067
0.675952
0.396693
0.717481
-0.196975
-0.209451
0.205599
0.019043
0.252229
-0.514121
-0.682444
-0.364806
-0.100048
-0.081122
0.516914
0.644017
0.865590
0.062535
0.165280
-0.624965
0.518891
0.279572
-0.171973
0.802376
-0.297213
0.119741
-0.861034
-0.534224
0.434316
-0.181311
-0.321810
0.174014
0.138519
0.260788
-0.051409
-0.469597
-0.534291
0.266486
0.529101
0.301789
-0.061391
0.529743
0.184556
-0.286458
-0.134738
-0.812052
-0.403730
0.177562
0.751998
-0.396673
-0.223663
-0.340511
-0.488530
-0.161531
-0.539631
-0.169542
0.364686
0.307182
0.147977
-0.618204
-0.302023
0.014256
0.026060
0.392133
-0.228840
-0.039688
-0.345129
-0.012084
0.271007
-0.189388
-0.052436
-0.074425
0.676091
-0.484947
0.278275
-0.008299
-0.552421
0.516325
0.210400
-0.256457
-0.359502
-0.576500
0.069021
0.485172
0.317595
-0.103384
-0.546638
-0.571235
-0.617171
-0.140041
-0.440572
-0.210372
-0.703445
0.367679
-0.521068
0.267251
0.018849
-0.013309
-0.020993
0.053650
0.438030
0.394466
0.133600
-0.068839
-0.484809
-0.325358
-0.381095
-0.345983
-0.102053
0.027652
-0.241144
-0.166358
0.138890
0.465094
-0.127064
0.454963
0.657052
-0.096229
0.414932
0.010910
0.500842
0.215521
-0.494889
0.003924
-0.531109
0.201329
0.294878
-0.731445
0.249557
0.060769
0.110340
-0.239212
0.080486
0.219027
-0.271263
0.517415
-0.580822
0.257653
0.158330
-0.252378
0.218233
0.036166
0.701760
0.003006
-0.167582
0.146928
-0.375565
-0.026303
0.144182
-0.071410
-0.296738
-0.321755
-0.199606
0.320798
0.287185
0.844360
0.276258
-0.080120
-0.490737
-0.310220
-0.268888
0.161134
0.806418
0.284289
0.042261
0.589829
0.050190
-0.107910
0.043846
0.225218
0.548614
-0.045553
-0.342528
-0.214707
0.541808
-0.520065
-0.033662
-0.450777
0.005902
0.480859
-0.326526
-0.641321
0.317710
0.148408
0.269514
-0.154997
-0.150078
-0.173774
0.312567
0.086255
0.230876
0.355856
0.172002
0.144456
-0.224519
0.455881
-0.205816
0.462281
0.163229
-0.293366
-0.242177
0.524000
0.062346
-0.191041
-0.688871
0.017376
0.084981
0.336167
0.089480
0.008330
0.668994
-0.096158
0.088647
0.228423
0.642374
0.488808
0.835239
-0.157309
0.500031
0.371834
0.114680
-0.537792
-0.216294
-0.252980
0.169591
-0.011817
0.125225
0.371234
0.104914
0.734941
-0.238585
-0.114285
-0.434965
0.901958
0.308288
-0.399885
-0.086470
-0.198201
-0.096896
0.344289
-0.383736
0.522415
-0.675848
0.170907
0.689547
-0.227628
0.562624
-0.015750
-0.261497
-0.110357
0.046792
0.370563
0.011469
-0.349533
0.179688
-0.585080
0.213275
-0.855791
-0.585110
0.469135
-0.120718
-0.135440
-0.755824
-0.215105
0.156154
0.382145
0.352967
-0.220956
0.030062
0.122963
-0.078330
-0.075559
0.433684
-0.708267
-0.664139
-0.430516
0.004034
-0.089821
-0.100177
0.759198
-0.230639
-0.392527
-0.074674
0.041690
-0.678913
0.526715
0.163902
-0.508652
0.046168
-0.483183
-0.340561
0.016913
0.742620
0.349722
0.112236
0.309252
-0.523329
-0.044638
-0.082071
0.005622
-0.316349
0.255636
-0.372414
-0.151039
0.163553
-0.023418
-0.180504
-0.088023
-0.157178
0.156856
-0.572455
-0.166551
0.207880
-0.256469
-0.313230
0.156791
-0.312308
0.462600
-0.633942
0.190381
0.450304
-0.256231
0.683501
-0.287099
-0.418903
-0.089945
0.395253
0.046735
-0.253104
0.125145
0.904704
-0.318009
0.237624
-0.219050
0.532283
0.166789
0.185641
-0.057046
-0.585386
-0.135139
-0.368415
0.033263
-0.378613
0.073356
0.001407
0.759197
0.361621
-0.293531
0.462381
-0.649750
0.093121
-0.194804
0.630426
-0.304454
-0.751555
-0.189034
-0.621930
0.310973
-0.164546
-0.120418
-0.382305
-0.003561
0.111534
0.647922
-0.007568
-0.249865
0.218336
0.638784
0.309605
0.100859
-0.231496
0.650926
0.082121
0.252397
0.129124
-0.398982
-0.540721
-0.113621
-0.081722
0.318022
0.243437
0.095515
0.032208
0.057324
-0.118046
-0.053805
0.301267
0.194508
0.187203
-0.145301
-0.478908
0.393789
0.541240
0.122488
0.212217
0.015136
0.043139
0.278976
-0.459182
0.300994
-0.183781
0.210490
0.571992
0.109497
0.232014
0.216209
-0.213677
-0.106767
0.101973
0.107647
-0.498061
-0.386623
-0.129994
0.033257
-0.089856
0.209883
0.301263
-0.384184
-0.400878
-0.189085
-0.561103
0.121729
-0.434359
-0.149655
-0.535207
0.144398
-0.434514
0.583629
0.078672
0.523367
-0.297953
-0.358736
0.110524
0.607508
0.056834
0.127323
0.285351
0.815273
-0.327177
-0.040348
0.446560
0.147407
-0.070850
0.149498
-0.200105
-0.764834
-0.017422
-0.182351
-0.234072
0.066345
-0.240096
0.276697
0.162720
0.507953
-0.488086
0.120197
0.043458
0.337711
-0.011809
0.100136
-0.492846
-0.266240
0.128166
0.739680
-0.212039
-0.375439
0.133281
0.044945
0.221905
-0.268982
-0.738595
-0.742153
-0.411557
0.477391
-0.597759
0.105386
0.615580
0.207901
0.166593
0.385069
0.029247
0.181319
0.858042
-0.474401
-0.259338
-0.254334
0.041233
0.413447
0.545369
-0.290771
0.315652
-0.270890
0.437455
-0.231284
0.352385
-0.559318
-0.416832
-0.118169
-0.489438
-0.076631
-0.034600
-0.065850
-0.429883
-0.425656
-0.604471
-0.327158
-0.071854
0.022439
0.345940
0.521428
0.260927
-0.505948
0.243394
0.602572
-0.067475
0.070739
-0.372637
-0.249603
0.014618
0.248882
-0.251093
0.125102
0.727257
0.657397
0.042469
-0.590833
-0.401527
-0.129373
-0.291128
0.056946
-0.568008
0.224817
-0.530731
-0.683015
0.386590
0.513159
-0.143204
0.118689
-0.342993
0.235486
0.093200
0.049360
0.189053
0.661493
0.124308
-0.049559
-0.042890
-0.694336
-0.503401
0.018181
-0.166695
-0.329563
0.365097
-0.580209
-0.043812
-0.405197
-0.676102
-0.074315
-0.343399
-0.057753
-0.214114
-0.548988
0.732885
0.302713
0.628882
-0.043531
0.067007
-0.168160
0.212400
0.578890
0.249867
0.045817
0.222854
0.307159
-0.597790
0.284915
0.597475
0.128671
0.231529
-0.508608
-0.476455
0.529902
-0.318553
-0.383286
-0.297151
0.121197
0.231573
-0.098651
0.059339
-0.191277
0.236202
-0.196421
0.013089
-0.367941
0.423583
0.229735
-0.254565
0.000316
0.242770
0.567966
-0.704575
-0.155301
-0.380018
0.220415
-0.095392
0.116894
-0.553251
-0.734289
0.355281
0.227466
0.326503
-0.378799
-0.113853
0.138980
-0.768324
-0.110975
0.178477
-0.446742
0.037664
-0.093118
0.022643
0.264955
0.718363
0.049961
-0.146150
-0.057160
-0.021271
-0.270879
-0.213494
0.680808
0.561862
0.185528
0.572611
-0.572113
-0.940731
-0.066091
0.081838
-0.215646
0.255483
0.414626
0.268687
-0.396683
0.461955
0.226272
-0.410273
0.598730
0.467760
0.608616
0.321512
-0.188206
0.466748
0.235294
0.150281
0.480290
0.185611
0.243310
-0.301977
-0.321566
-0.394665
-0.708968
-0.558540
0.312614
-0.353939
0.441932
-0.161477
0.091898
0.482896
0.116214
0.304750
0.342839
0.397443
-0.026966
0.189361
0.074561
-0.280418
-0.228742
-0.126317
0.052454
0.238201
-0.034989
0.165765
0.127628
-0.058899
-0.435164
-0.248528
-0.169844
0.886448
-0.117186
-0.259155
0.469615
0.637429
-0.183602
0.202486
-0.341181
-0.189899
-0.460125
-0.383059
-0.540325
-0.351014
-0.101909
-0.293445
-0.374952
0.097928
0.162425
-0.106809
-0.171048
-0.425505
-0.142421
-0.156337
-0.116980
0.435664
-0.373278
0.029358
-0.061634
-0.331777
-0.462748
0.153457
-0.484129
0.052916
-0.099350
0.521611
-0.365020
-0.138922
0.483630
0.631491
0.459995
-0.518626
-0.354479
0.369830
0.157538
0.483447
-0.260016
-0.122519
0.327941
-0.406229
0.727137
-0.040807
-0.046251
-0.529690
-0.712730
-0.075483
0.191436
-0.260583
0.391975
0.226181
-0.408468
0.381173
-0.518554
-0.038394
0.235831
-0.109179
0.209229
-0.208006
-0.611129
-0.113947
0.845093
0.178130
0.187659
-0.661061
-0.794191
0.116359
-0.243522
-0.023643
-0.418895
-0.777530
-0.065161
-0.431361
-0.034020
0.355808
-0.244901
0.285094
-0.619345
0.080667
-0.638541
0.094222
0.316930
-0.027276
-0.087909
0.134976
0.338665
-0.503018
0.143965
0.360449
-0.556581
0.535483
-0.215068
0.310513
-0.374282
-0.102526
0.355517
-0.560000
0.024455
0.310982
-0.481660
0.350013
0.543553
0.037618
-0.531057
-0.492250
-0.467187
-0.320398
0.298022
-0.512643
-0.008724
0.284501
0.388398
-0.614084
0.123070
0.735551
-0.224197
-0.108498
0.140373
0.410217
0.067612
0.031752
0.368630
0.440852
-0.297066
-0.313267
-0.514789
-0.508193
0.067521
-0.352923
0.134518
0.572260
0.039304
-0.192534
-0.501160
-0.231074
0.645915
-0.347760
-0.159074
-0.833286
0.134097
-0.044276
0.466241
0.316540
-0.229350
-0.244785
0.202590
0.612534
0.397480
-0.188512
-0.338532
-0.198617
0.282763
0.452239
0.030816
-0.924361
0.624142
0.476181
0.486172
0.335476
0.288217
-0.523209
-0.010354
0.287449
0.097257
0.332687
-0.096907
0.569681
0.679664
-0.029687
-0.135421
-0.057542
-0.285270
0.023282
0.115898
0.277745
0.829914
-0.483349
0.191497
-0.225878
0.178231
-0.210424
0.407726
0.145439
-0.354293
-0.266313
-0.134954
0.588743
0.474293
-0.001989
0.175817
0.336069
-0.101442
0.234050
-0.432745
0.554578
0.063301
-0.167425
-0.250818
-0.049812
0.769059
0.521412
0.465650
-0.400628
-0.337039
0.516299
0.044294
-0.246118
-0.352401
-0.006226
-0.422438
0.020382
-0.466234
-0.106931
-0.866119
0.078617
0.497654
-0.461467
0.172105
0.599846
-0.023482
0.295119
0.110388
0.219910
0.187059
-0.494095
-0.426226
0.348076
-0.592064
0.390722
-0.163610
-0.672502
0.072297
0.927549
0.194151
0.155072
-0.634479
-0.584352
-0.258218
0.049954
0.021795
0.461834
-0.366863
0.208024
0.136981
0.380230
-0.297761
0.393481
-0.274684
-0.106450
0.297230
-0.295848
-0.915475
-0.047173
-0.054550
-0.398851
0.049597
-0.098751
0.258311
0.323835
-0.194457
-0.817585
-0.658346
0.360225
-0.595015
-0.149206
0.178121
0.647166
-0.132126
0.463627
-0.060348
0.704793
-0.367050
0.159259
0.675068
-0.580223
0.057583
0.246254
0.554762
-0.128123
-0.120220
-0.548048
0.045625
0.757684
-0.277219
0.003607
-0.279535
-0.363996
0.142812
0.185000
0.750775
-0.043579
0.181938
-0.062236
-0.176376
0.359682
-0.307706
-0.716246
0.164451
-0.161482
-0.247950
0.429593
-0.119502
0.700814
-0.298215
0.041733
0.069303
-0.585437
-0.156404
0.181038
0.441082
-0.244269
0.574917
0.151041
0.313113
-0.869641
0.014683
0.106218
-0.308806
0.418990
0.216387
-0.631163
0.498770
-0.145812
0.158745
0.050257
-0.098793
-0.119482
-0.681456
0.486413
0.064797
-0.316535
-0.589656
-0.442677
-0.027903
-0.050622
0.417802
-0.058598
0.462518
0.307992
0.676441
-0.650147
0.313422
0.598220
-0.250526
-0.392213
-0.229571
-0.540014
-0.618235
-0.605252
0.338060
0.060274
0.722997
0.365049
0.499830
0.667638
0.046104
0.017630
-0.274794
0.239992
-0.181361
0.643886
0.021636
0.524607
0.668652
-0.023322
-0.076340
0.211247
0.167417
0.051159
0.316127
0.552954
0.718062
-0.780262
-0.160342
0.227428
-0.503870
0.061302
0.277982
-0.303753
-0.026584
0.078964
0.126613
0.085164
-0.343604
-0.242858
0.124625
-0.016545
-0.124952
0.448001
-0.000586
-0.158188
-0.601280
0.122744
-0.209709
-0.275990
0.174881
-0.214647
0.044709
0.012830
-0.134594
-0.467624
-0.392153
-0.116486
-0.514460
-0.270222
-0.128163
0.041076
-0.122112
-0.101484
0.176509
0.716394
0.079957
-0.816274
-0.581136
-0.244669
0.204798
-0.001697
-0.138083
0.229925
-0.337627
0.062560
-0.786388
0.352742
-0.149460
-0.106017
-0.006848
0.510691
0.600599
-0.095330
0.739714
-0.582291
0.261588
-0.597911
-0.275040
-0.190216
-0.023246
0.071046
-0.078745
0.052721
-0.096382
-0.093260
-0.333450
-0.265670
-0.615446
-0.286315
-0.551332
-0.035766
0.196348
-0.743559
0.385617
0.082065
-0.222155
-0.630401
0.309315
0.147971
-0.200062
0.356816
0.375964
-0.288191
-0.167767
0.617414
-0.440050
0.092320
-0.610460
0.167437
0.312355
0.301729
-0.774550
-0.687992
-0.671353
-0.552256
0.526530
-0.113117
-0.453912
-0.195296
-0.140418
-0.617244
-0.186246
-0.370594
-0.742140
-0.169687
-0.499205
-0.465804
-0.494991
0.192275
-0.566341
0.288710
0.355137
-0.439195
-0.348315
0.522466
0.197129
0.191343
-0.174582
-0.464573
-0.067332
-0.438394
0.753668
-0.350729
-0.534933
-0.416866
-0.225592
0.125514
-0.489904
-0.187244
-0.195689
-0.529351
0.425849
0.337065
-0.334823
-0.523542
0.369115
0.589480
-0.418062
-0.029861
-0.237438
-0.357751
-0.261183
-0.138054
0.629203
-0.646265
-0.037060
0.109622
0.001818
0.217767
-0.137795
0.448799
0.410940
-0.298934
-0.082796
-0.578564
-0.571845
0.121875
0.131720
-0.317949
0.589040
-0.268064
0.265310
0.132908
-0.002296
-0.841422
0.087797
-0.419925
-0.449635
-0.590899
-0.063086
-0.022811
-0.245751
-0.133420
-0.051268
-0.551697
-0.489113
-0.247548
0.383032
0.425137
-0.305456
-0.057311
-0.222406
0.701240
-0.115956
0.719130
-0.247437
-0.151877
0.295220
0.115946
-0.152930
-0.657227
-0.311978
-0.037670
-0.237516
0.342374
-0.156462
0.247153
-0.701670
-0.412520
0.437436
-0.340669
-0.323493
-0.802921
-0.759251
0.919566
-0.234529
-0.219495
-0.691178
-0.008123
0.209242
-0.617236
0.157064
-0.283824
0.011583
-0.854510
0.038018
0.333049
-0.427680
-0.352205
0.115551
-0.268308
-0.403071
0.173999
0.017027
0.034061
0.453696
0.250179
-0.267870
0.599880
0.825465
-0.266604
-0.457916
-0.608540
0.214280
-0.148288
-0.832121
-0.167799
-0.237090
-0.691335
-0.359067
0.362823
-0.652480
0.012526
0.230170
0.737481
0.751420
-0.428952
0.325994
-0.380593
-0.398067
0.695824
0.113261
-0.315788
-0.280116
0.034859
0.107038
0.075542
0.045692
0.092497
0.036606
-0.555485
0.280846
-0.355542
0.463670
-0.118035
-0.280863
-0.346824
0.391770
-0.027307
0.510170
0.112874
-0.206698
-0.227564
0.314778
0.135933
-0.043088
0.530392
-0.597963
0.337094
-0.161096
0.074659
0.368237
0.040892
-0.831766
-0.247948
0.336503
-0.025847
-0.180594
0.118571
-0.201438
-0.102751
0.521983
-0.788864
-0.237626
-0.007023
0.137441
-0.125018
-0.092344
0.135520
-0.212734
0.170491
-0.472074
-0.094637
-0.411188
0.119850
-0.301959
0.343668
-0.551768
-0.416034
-0.340840
0.000546
-0.559271
-0.021088
0.348208
0.040005
0.282871
-0.397165
-0.780148
0.446224
0.535969
-0.235948
-0.269175
0.012606
0.491034
0.690656
-0.201469
-0.133474
-0.644274
0.119861
-0.121988
-0.288351
-0.328828
-0.129983
-0.566546
0.544906
-0.236220
-0.027133
0.233791
0.488432
-0.651906
0.184938
-0.192515
-0.292359
-0.043979
0.513617
-0.238009
0.409442
0.248046
-0.057653
0.175395
0.361584
-0.765732
0.612499
-0.248704
0.834707
-0.003318
0.147409
-0.414405
0.034386
-0.611406
0.039959
0.383091
-0.394022
0.372483
-0.220405
-0.441922
0.106998
0.134176
-0.037142
-0.320761
0.137249
0.309670
0.189534
0.175093
0.162198
-0.040511
-0.892756
-0.172406
0.416121
0.426951
0.375472
0.118743
-0.025360
-0.610191
-0.283618
0.001856
0.467209
0.045912
-0.216168
0.104234
0.149666
0.193309
-0.371314
-0.074762
-0.641630
-0.469067
-0.492484
0.678738
0.152352
0.713970
0.126936
0.220738
0.094663
0.152047
0.621991
-0.647164
0.058387
0.492752
-0.195207
-0.432742
-0.378646
0.521867
-0.690861
-0.088915
-0.195985
-0.001655
0.057949
0.119099
-0.312008
0.523799
0.472307
0.417476
-0.068366
0.231469
0.108991
0.928190
0.369649
0.632920
-0.034406
0.271687
0.039372
-0.115738
-0.214334
-0.172324
0.433176
0.040029
-0.123930
0.184078
0.219069
-0.164423
0.346268
0.217963
0.043040
0.091186
-0.426679
-0.303754
0.128325
-0.891481
0.088134
-0.021013
-0.051320
-0.308992
-0.490209
-0.174415
-0.163515
-0.043184
-0.156931
-0.244641
0.718923
0.024591
0.317049
-0.539712
0.017523
-0.115693
-0.349591
-0.080999
-0.132902
-0.306345
-0.345562
0.518748
-0.204017
0.035283
-0.114569
-0.556118
0.291173
-0.140839
-0.414969
-0.054744
0.281584
-0.235713
0.036484
-0.107850
0.085461
0.145951
0.188278
0.781271
0.328559
-0.659296
0.084966
-0.382907
-0.140893
-0.218743
-0.432204
-0.420313
-0.007013
0.457521
0.544354
0.076600
-0.213552
0.051194
-0.394516
-0.572619
-0.246621
0.934509
0.633909
-0.156109
0.299337
-0.381721
0.212427
-0.040511
0.243213
-0.539246
-0.013404
-0.718338
-0.335726
0.313520
-0.253040
0.537730
-0.433407
-0.715039
-0.085050
0.788053
-0.509411
-0.013196
-0.086289
0.411933
0.411056
0.819023
0.014563
-0.535949
0.115959
-0.243010
-0.526304
0.738692
-0.436196
-0.428880
-0.267116
-0.056259
0.217200
-0.435017
0.615483
0.261961
-0.657049
-0.356180
-0.552308
0.076221
-0.302189
-0.421515
-0.362218
0.466298
-0.360521
0.364328
0.172227
0.385729
-0.020776
0.208181
0.795469
-0.053070
0.438396
-0.056832
-0.080856
0.620719
0.685774
0.454300
0.720154
0.115979
0.012166
0.404686
-0.083767
-0.373272
-0.003695
-0.249144
0.008644
-0.133503
-0.063899
-0.544492
-0.455742
-0.339487
0.553530
0.119060
-0.109387
-0.301323
-0.493252
0.036907
0.145959
0.787436
-0.197042
-0.375373
0.259565
-0.675141
-0.248151
-0.104388
0.349178
0.114578
0.025893
-0.277504
0.151083
-0.239096
0.049847
-0.333712
-0.053053
0.325202
-0.101556
-0.060066
-0.146459
0.119969
0.273135
-0.090296
0.306949
0.121248
0.502300
-0.730499
-0.119022
-0.089562
0.080728
-0.152671
-0.450659
-0.106969
0.086717
0.461763
-0.469951
0.244473
0.258485
-0.154595
-0.494727
0.196015
-0.720835
-0.518929
-0.119552
-0.316316
0.220909
-0.345443
0.277380
-0.356606
0.116099
0.219539
-0.403129
0.103526
-0.354407
0.530035
-0.129412
-0.028414
0.380399
-0.098664
-0.146484
-0.707842
0.248832
-0.251023
-0.191128
-0.337328
0.071540
-0.619002
-0.140884
0.717850
0.123920
0.021939
-0.341253
-0.617405
-0.444655
-0.118220
0.021045
-0.141166
-0.043554
0.705661
-0.146445
-0.191166
-0.194792
-0.252890
0.021144
-0.024835
0.034962
0.480038
0.509527
-0.381932
0.642347
-0.209881
0.818680
-0.587834
-0.516374
0.297876
-0.010998
-0.326267
0.660080
-0.484256
0.122036
-0.036277
0.298286
-0.546980
0.605084
0.288205
0.660557
0.184493
-0.444400
0.396317
-0.783547
0.410817
-0.064900
0.018791
-0.217276
-0.596790
-0.315361
-0.236742
0.676478
-0.108123
-0.278908
0.243182
-0.878053
0.109573
-0.600630
-0.149027
-0.197996
-0.247574
-0.458368
0.308302
-0.520731
-0.225984
-0.587932
0.042074
-0.334466
-0.182650
-0.480362
-0.065863
-0.327380
0.152965
-0.203774
-0.147204
0.150541
0.623488
-0.304394
0.588669
-0.028265
0.073264
0.192404
-0.527126
0.800868
-0.039217
0.268156
0.692741
-0.457512
-0.109616
0.631610
0.234379
0.207679
-0.632317
0.332210
-0.437598
0.229481
-0.037097
0.600750
-0.524060
0.471234
0.720272
-0.183958
-0.023798
-0.369492
-0.455603
0.126184
-0.600514
0.371806
0.181533
0.250685
-0.380758
0.808475
-0.402415
-0.331254
0.397231
0.271027
0.512721
-0.071451
0.040999
0.731783
0.716554
-0.156472
-0.851657
0.039006
0.148114
0.087950
-0.097264
-0.416830
0.267435
-0.640605
0.820705
-0.254428
-0.643432
0.156418
0.270229
0.547489
-0.582544
-0.294388
0.168402
0.080119
-0.168882
0.328780
0.226513
-0.396883
-0.127451
0.005616
-0.290689
-0.482655
0.004954
0.015112
0.372363
0.229846
-0.074740
-0.297296
-0.625277
0.441561
-0.068084
-0.337149
-0.129997
0.073924
0.010716
-0.268060
-0.640589
-0.049754
0.323905
-0.666000
0.249823
0.552675
0.254454
0.609653
-0.412784
0.027019
-0.292910
-0.299991
-0.216711
-0.053588
0.081531
-0.068911
0.404143
-0.626529
-0.121166
0.447964
0.111506
-0.091004
-0.396350
-0.438629
-0.794645
-0.085725
0.055441
0.050177
0.497583
-0.101213
0.064247
0.477654
0.637770
0.183411
-0.039407
-0.514489
0.061454
0.164829
0.070026
-0.491603
0.050429
0.470640
-0.453507
-0.650823
-0.022248
-0.629781
0.251765
-0.256113
0.909539
-0.103273
-0.030074
0.005688
0.047528
-0.033428
-0.105873
-0.163582
-0.226159
0.957171
0.246126
0.311834
-0.053825
-0.190633
0.039604
0.602838
0.175804
0.042189
-0.293931
-0.598027
0.340590
-0.354222
-0.159427
-0.701479
0.832046
-0.174964
-0.314305
0.075527
0.137473
0.309064
-0.482171
0.349981
-0.100913
-0.001774
0.053385
0.453816
-0.409616
-0.102094
0.316615
0.290075
-0.143893
-0.783792
-0.388268
-0.352878
0.687690
-0.673363
-0.234493
0.079411
0.338048
-0.150895
-0.204352
0.242935
0.506007
0.676099
0.328572
0.110631
0.466185
0.095132
-0.570911
-0.088748
-0.254290
-0.035882
0.719074
-0.548613
-0.030757
0.272566
0.044204
-0.025785
-0.041284
0.132169
-0.106049
-0.327536
-0.187212
0.007365
-0.074492
0.471769
0.133448
0.388773
-0.647659
-0.062298
-0.294975
-0.655055
-0.702724
0.674025
0.410124
-0.899344
-0.223308
0.337212
0.540082
-0.455555
0.145988
0.261678
-0.195235
0.132708
-0.065818
0.196910
-0.489465
-0.128850
0.009591
0.207902
-0.766120
-0.429874
-0.638142
0.356657
0.175596
-0.718982
0.035375
-0.833979
0.435042
-0.010831
0.220931
-0.563758
-0.227289
0.180506
-0.331138
-0.180163
-0.409659
-0.879473
0.552010
0.493259
-0.341350
0.151792
-0.403815
-0.447608
-0.322906
-0.276013
0.571177
-0.100377
0.303553
0.342541
0.593799
0.436996
-0.140094
0.093004
0.489507
-0.565168
0.149429
-0.354045
0.362385
-0.064929
-0.054633
0.664264
-0.281768
-0.134324
-0.622346
-0.043261
0.243658
-0.347818
0.631304
0.382849
-0.285753
-0.364533
0.323542
0.146045
0.384532
0.543886
0.206693
-0.345931
0.421496
0.420786
0.269202
0.511131
0.205355
-0.244302
0.536750
-0.224141
0.299550
-0.017789
-0.012178
0.155699
-0.087646
0.473964
-0.044499
0.187581
0.281054
-0.075514
0.328079
-0.034267
0.609267
0.220092
0.589602
-0.337747
-0.173687
0.061725
0.332198
-0.175151
0.669287
-0.395301
0.344089
-0.296335
-0.458704
-0.129972
-0.719841
-0.207756
-0.311036
0.311718
0.138840
-0.174816
0.304908
0.099112
-0.472143
0.941181
0.265227
-0.219358
-0.206517
-0.477343
0.676987
-0.015629
0.787405
0.321208
0.188499
0.061501
0.395077
-0.241895
0.576413
0.216787
-0.729434
0.339512
-0.015037
0.367341
0.054285
0.480574
0.193915
0.128316
-0.093387
-0.412801
0.772843
-0.017440
-0.415384
0.179331
0.542292
0.570511
-0.097657
-0.035506
0.465739
0.102378
0.253679
0.266429
-0.186603
-0.289830
-0.625943
-0.351631
-0.154563
-0.627711
0.317840
-0.042328
-0.031573
-0.153947
0.221640
0.030335
-0.269040
0.474665
0.294991
0.263518
-0.252916
-0.078399
-0.227499
-0.262484
0.052674
0.667684
0.217435
0.087076
0.246036
-0.583549
0.043841
-0.011651
0.652597
0.096347
-0.158746
0.368889
-0.530942
0.424471
0.361587
-0.328426
-0.486533
-0.029430
0.315901
-0.253821
-0.417335
-0.564201
0.163591
-0.360952
0.398308
-0.716760
-0.193073
-0.557183
-0.047671
0.649581
0.183620
-0.344822
0.013333
0.335161
-0.007260
0.498595
-0.004279
0.154223
-0.055558
0.497478
0.554103
0.209131
0.509342
-0.775611
-0.171998
0.191367
0.353453
0.538664
-0.377809
0.313849
0.405529
-0.682835
0.131891
0.273607
-0.379518
-0.091857
-0.333024
-0.578435
-0.149674
-0.516353
0.080272
0.128116
-0.652894
0.268882
0.493327
-0.065539
0.446447
0.357225
-0.402481
-0.451545
-0.352879
-0.074997
-0.171149
-0.386031
-0.672293
0.108779
0.030622
-0.573076
0.284809
-0.167878
0.278605
-0.610531
0.254579
-0.248963
-0.585041
-0.291182
-0.232617
-0.336932
0.069681
-0.667373
0.411013
-0.131135
0.410427
-0.208410
-0.323548
0.036973
-0.482779
0.141878
0.175098
-0.300313
0.026193
0.313459
-0.157942
0.217625
0.366321
0.789577
-0.020067
0.112907
-0.074832
0.342075
-0.390013
0.323507
-0.667076
-0.032338
0.507464
0.592097
-0.020018
-0.292761
0.334068
-0.008133
-0.082685
-0.307648
0.127950
-0.406620
0.774726
0.308109
0.699638
-0.202970
0.335850
0.295565
-0.602868
0.013167
0.516903
-0.797032
0.403254
0.074569
0.107453
0.389196
0.240284
-0.117311
-0.076285
-0.166902
-0.401112
-0.108883
0.386369
-0.544488
0.592994
-0.129275
-0.612447
-0.032773
-0.256805
0.522642
0.091303
0.021630
-0.048168
0.464723
0.456084
0.241310
-0.208736
-0.221773
-0.614136
0.074259
0.219719
-0.182146
-0.510321
0.317712
-0.460968
-0.580676
0.499707
-0.186868
0.162041
-0.502723
0.115544
0.196309
0.024306
-0.280322
0.597195
-0.150116
0.461643
-0.457304
0.253397
-0.462210
0.358730
-0.527446
-0.214132
-0.044897
0.442158
-0.019157
0.142111
-0.442526
-0.406880
0.226385
0.027896
0.844928
-0.187841
0.153879
-0.505452
0.077646
-0.200285
0.252088
0.115367
-0.475675
-0.175842
-0.022151
-0.462347
-0.599298
0.544092
-0.279760
0.125202
0.377746
-0.082696
-0.473435
0.290707
-0.446018
-0.222262
0.035712
-0.244731
0.353868
0.086072
0.602832
-0.048597
0.288108
-0.409904
-0.353135
0.191070
-0.057563
0.060655
-0.244875
0.627481
-0.193529
0.277314
-0.528614
0.340547
-0.431167
-0.252953
0.366614
-0.151691
-0.250582
0.123706
-0.369811
0.776659
-0.560663
-0.210511
0.345795
-0.208981
0.354351
-0.381035
0.253496
0.004558
0.293998
-0.529053
-0.027485
0.415444
0.341956
-0.438821
-0.045373
-0.042616
-0.129229
-0.031762
0.089315
0.085118
-0.320744
0.138485
0.072320
-0.061718
0.616080
0.228140
0.404676
-0.804271
-0.169837
-0.126211
0.602948
0.907281
-0.473054
0.450289
-0.453376
-0.204865
-0.118029
-0.161905
0.012711
-0.149137
0.692860
-0.530829
0.127161
-0.302807
-0.661005
0.022445
-0.860722
0.313353
-0.184012
-0.162570
-0.086710
0.208933
-0.012785
0.279427
-0.416008
0.302641
0.472723
0.674190
0.252691
-0.040386
0.336877
0.026235
0.402794
-0.273047
0.106843
0.418622
0.537368
0.259848
0.299046
-0.308083
-0.537069
0.462481
-0.183119
-0.574376
-0.195574
-0.388507
-0.145851
-0.114233
-0.526106
-0.677307
0.130716
-0.040375
-0.406001
0.322963
0.170033
0.487992
-0.072770
-0.227502
0.112471
-0.262097
-0.278903
0.601477
0.002830
-0.202640
-0.048797
-0.059013
-0.491937
0.117667
0.260181
0.162682
0.483539
-0.216236
0.086683
0.079670
-0.550970
-0.328432
-0.343775
-0.022911
0.048060
-0.414641
0.377450
-0.028679
-0.400147
-0.074973
-0.060238
0.104964
0.224958
-0.032448
0.310977
-0.754806
0.215208
0.147011
-0.134545
-0.304298
-0.161652
-0.634750
0.456705
-0.770145
0.298599
0.346481
0.057694
-0.071923
0.697667
0.527492
0.225003
0.387560
0.360621
-0.315583
-0.482120
-0.463640
-0.480009
-0.092778
0.105257
-0.362404
0.413992
0.055281
0.446011
0.564142
0.307447
0.196484
0.501378
-0.209282
0.126087
0.545112
-0.274024
0.444110
0.201644
-0.068766
-0.261765
0.278541
-0.022635
0.476228
-0.034511
0.304005
-0.222271
0.886046
-0.270777
-0.079024
0.182404
0.439792
0.114680
-0.216313
0.122863
-0.399434
-0.662426
-0.618328
0.001940
-0.348102
0.017626
0.428420
0.123899
-0.872582
0.006911
-0.011046
0.349785
-0.618846
0.094712
-0.373253
0.241433
-0.296513
-0.646655
0.557753
-0.457957
-0.149104
-0.453107
0.360933
-0.441411
0.772237
-0.460678
-0.393791
0.078046
-0.035458
-0.207862
0.514557
-0.322224
0.439498
0.415455
-0.246310
-0.228420
0.471646
0.121777
-0.047555
0.234709
-0.053005
-0.144783
0.184275
-0.369271
0.886980
-0.234113
0.645319
-0.556833
0.447120
0.163416
0.049541
-0.005936
-0.485324
0.036529
0.203431
-0.362144
-0.203223
-0.195308
0.020578
0.515204
-0.343908
0.185162
-0.333026
-0.343847
0.288068
-0.252648
0.256355
0.619247
0.419909
0.076858
-0.234024
0.731755
0.047261
0.013185
-0.231834
-0.227941
-0.166878
0.358834
-0.189278
0.178698
-0.055406
0.244840
-0.166789
-0.007198
0.602064
-0.741499
0.088862
0.647143
-0.497546
0.103228
0.645342
0.184625
-0.131166
0.181867
-0.113058
-0.455961
0.500633
0.134212
-0.201911
-0.023563
0.533006
0.127245
0.058918
-0.525720
0.296273
0.530628
-0.020323
0.498437
0.437654
-0.111157
0.195079
0.046281
0.350952
0.091109
-0.100287
0.109069
0.024948
0.526541
0.350035
-0.025602
-0.365790
-0.367104
-0.192588
-0.807027
-0.000374
0.606825
-0.152976
0.534297
-0.319852
-0.632468
0.511116
0.158568
-0.729641
0.142322
0.302593
0.335040
-0.753836
-0.130430
-0.324115
0.106971
0.489276
-0.057489
-0.164655
-0.207631
0.003153
-0.277550
-0.402051
0.456293
-0.050210
0.131756
-0.729096
0.317183
-0.007954
0.510453
-0.859845
0.125561
0.586667
-0.167625
-0.051780
-0.255348
-0.272273
-0.157596
-0.472907
-0.224002
0.402465
0.268731
0.003800
-0.554479
-0.526280
0.351452
0.153463
-0.394802
0.385407
-0.626802
0.068966
-0.128475
-0.803077
-0.538823
0.709777
0.224390
0.411346
0.251455
0.375771
-0.004963
-0.519122
-0.497225
-0.168738
0.094554
0.181448
0.275770
0.026528
-0.659927
0.276923
-0.002245
-0.153192
-0.007511
0.047763
-0.230877
-0.442978
0.718488
-0.279020
-0.310010
-0.171443
0.564368
0.029606
-0.100950
-0.269261
-0.503394
-0.154399
-0.108137
-0.154514
-0.407693
-0.242951
0.079080
-0.323955
0.319229
-0.290762
-0.043050
-0.598334
-0.543751
-0.528252
0.115273
0.526936
-0.231663
-0.449011
0.135987
0.128161
-0.424641
-0.468167
-0.009412
0.494407
0.351828
0.122893
0.217464
0.160542
-0.136667
-0.248595
0.125543
0.192849
-0.019777
-0.542930
-0.039362
0.037382
-0.700796
-0.268094
0.166624
0.347337
0.434706
0.080535
0.086020
0.141934
-0.557815
0.409896
0.091104
0.090452
0.339816
0.297382
-0.142634
-0.206756
-0.786652
-0.343103
-0.013625
-0.014384
-0.421821
0.634313
0.244413
-0.068424
0.459688
-0.262239
-0.191440
-0.226107
0.198270
0.098275
0.319121
-0.429493
0.245460
0.564076
-0.442524
0.407979
0.049548
0.780496
0.224716
0.390104
-0.293925
0.165012
-0.509279
0.398638
-0.527574
-0.602776
0.217032
-0.419186
0.112478
-0.120296
0.035102
0.683635
0.130669
-0.041482
0.080317
0.181287
-0.538838
0.524067
-0.282339
-0.543865
0.068953
-0.094001
0.018628
-0.370288
-0.258408
0.189753
-0.279547
0.083182
0.431843
-0.586102
-0.311201
-0.025302
-0.409059
-0.477603
0.000746
-0.364693
-0.246747
-0.597609
-0.195358
0.176164
0.354802
0.155916
0.141698
-0.211091
0.175375
-0.413149
0.224646
0.035528
0.192481
-0.097127
-0.137054
-0.175981
-0.861180
-0.114799
-0.038756
0.137190
-0.315840
-0.408232
-0.130883
-0.221005
-0.343989
-0.160213
0.061260
0.115508
0.082137
-0.099131
0.417990
0.131656
-0.256343
0.316561
0.041439
0.684509
-0.354265
0.490547
0.395114
0.112509
0.050209
-0.504607
-0.720369
-0.458361
0.717134
-0.754122
-0.258007
0.197996
0.311155
-0.209875
-0.024363
-0.130773
-0.462463
0.009690
0.041916
0.096887
-0.140024
0.388615
-0.569558
0.046219
-0.129481
-0.162717
-0.246429
0.293212
0.273817
-0.307498
0.034319
0.301210
-0.205305
-0.603563
0.458750
0.257394
-0.201592
0.189235
0.481791
0.714129
-0.156282
-0.095589
-0.307089
-0.375284
0.351722
0.393405
-0.509556
0.074381
0.090218
-0.191455
-0.378513
-0.518188
0.464826
0.140157
0.010920
-0.539342
0.082436
-0.436277
-0.242119
-0.113450
0.027305
0.304889
0.190150
0.594495
0.000310
0.567009
0.435416
-0.461650
0.057204
-0.143760
0.031763
-0.212463
-0.425476
0.116209
0.132311
-0.327321
-0.176651
0.084916
-0.046269
0.530293
0.547239
0.160918
-0.150720
-0.388728
0.182756
0.436375
0.584425
0.017589
0.518941
-0.377022
0.020659
0.070904
0.201144
0.340883
0.126196
0.307942
0.195446
0.198122
-0.590727
0.119229
0.018990
0.487555
-0.290541
0.327774
-0.425235
-0.657500
0.346299
0.888165
-0.230307
-0.557491
-0.485824
-0.500903
0.442429
0.355233
-0.819208
-0.417857
-0.118690
0.018252
-0.345312
0.190040
-0.405071
-0.684416
0.853871
-0.694859
-0.637480
-0.563559
-0.126258
-0.380841
0.112924
0.153286
0.274550
-0.239089
0.209864
-0.151790
0.057991
-0.726432
-0.118613
0.438949
0.271329
0.072673
-0.189833
-0.073374
0.160450
0.670054
-0.493128
-0.106101
0.235527
-0.502585
-0.361251
0.019113
-0.535282
0.210244
-0.482021
-0.048855
0.050644
0.347096
0.421253
-0.275842
0.595238
-0.424785
-0.715002
0.370534
-0.343265
-0.472308
0.486928
-0.345193
0.100548
0.487710
0.297212
0.397457
0.443448
0.378341
0.428919
0.051061
-0.189117
0.388953
-0.441622
-0.128058
-0.642588
-0.612782
-0.390943
0.372704
0.051158
0.254587
0.189222
0.039947
-0.152946
-0.314084
-0.064750
-0.353900
0.241131
-0.625478
0.254235
0.012271
0.218105
0.587363
0.230472
-0.353469
0.394869
-0.134529
0.396350
0.103003
-0.168020
-0.514148
-0.249138
0.004542
-0.274299
-0.187259
0.528549
0.020556
0.747032
-0.099187
-0.490956
-0.297995
0.600363
-0.104000
0.089880
-0.013060
0.144466
0.064333
0.101237
0.367285
0.201298
-0.401460
0.524182
0.254867
0.353763
-0.387682
-0.015994
-0.156331
-0.040882
0.579635
0.182235
0.223739
-0.665508
-0.480631
0.177291
0.138241
0.173393
-0.167891
-0.016534
0.677479
-0.283709
0.061968
0.485557
0.298693
-0.347364
0.547019
-0.006256
0.273978
-0.154847
0.330820
0.023052
0.182818
0.033028
-0.237476
0.255901
0.137135
-0.110480
0.244192
-0.303100
-0.214914
-0.222136
-0.394591
-0.594539
-0.134386
0.376173
-0.011717
0.300157
0.511088
0.216776
0.045421
0.072365
0.311848
-0.387983
0.457455
0.486912
0.650081
0.510414
0.171250
-0.244536
-0.127929
-0.442143
0.402018
-0.269188
-0.430592
-0.672268
0.275659
0.575771
0.196291
0.221240
-0.376661
0.321633
-0.634281
-0.115291
0.570898
-0.239291
0.056421
0.115770
0.305403
0.162576
0.073486
-0.170959
0.379812
0.104695
-0.273394
-0.475734
0.789653
-0.445257
0.554558
-0.062232
0.137702
-0.102299
0.466681
0.040134
-0.170575
-0.071067
-0.072207
0.512302
-0.083374
0.299433
0.263625
-0.046858
0.246702
0.360245
0.305870
-0.218428
-0.241003
0.305474
-0.421097
0.134624
0.377839
-0.046239
0.422216
0.473124
0.370346
0.339539
-0.023316
0.262096
0.125068
0.336735
0.409089
-0.070681
-0.537426
0.164178
0.310006
0.837359
-0.179249
0.308989
-0.234322
-0.062475
0.069795
0.324079
0.302345
0.168380
0.139340
-0.077156
-0.492728
-0.029788
0.231724
-0.155527
-0.418697
0.436356
-0.390060
-0.399797
-0.008351
-0.348910
-0.464031
0.664650
-0.440892
0.310411
0.252261
-0.087308
-0.934014
-0.280338
0.165682
0.148314
-0.397007
-0.064324
0.119654
0.233557
-0.164070
-0.572814
-0.501130
0.461037
-0.030991
0.227342
0.556182
-0.205346
0.463124
-0.281760
-0.065567
-0.038603
0.086481
0.016726
0.061071
-0.330525
-0.719141
-0.008667
0.311213
0.196971
-0.463575
-0.863637
-0.787842
0.203033
-0.022125
0.511107
0.170591
-0.775349
0.048975
0.327305
0.004181
0.264948
0.240284
0.224962
-0.092459
-0.180505
0.171123
0.076644
0.107643
0.354219
-0.475502
0.489065
0.618055
0.504589
-0.233434
0.007027
0.578733
-0.231488
-0.252539
-0.147581
0.317959
0.207544
-0.365659
-0.204354
-0.388702
-0.334315
-0.762796
-0.459247
-0.756373
0.402395
0.201037
0.843363
-0.043911
0.063381
-0.437342
0.475367
0.411176
0.413895
0.128849
-0.354556
-0.328259
-0.312751
-0.202494
0.099257
-0.407050
-0.062538
-0.409539
0.130744
-0.012519
0.472121
-0.147853
0.101440
-0.698065
0.755927
-0.001691
0.307119
0.519350
0.270013
-0.802718
-0.192059
0.403085
-0.039929
0.566927
0.098030
-0.099577
-0.412507
0.085850
-0.347625
-0.109702
-0.215870
0.426734
0.064113
-0.328432
-0.564594
-0.091558
0.418676
0.552727
0.020412
0.049457
-0.023861
0.433285
-0.009927
0.320769
0.446661
-0.442319
0.075988
-0.246786
-0.166736
0.020372
0.258890
-0.237732
-0.317042
0.482256
-0.569167
0.213678
0.125012
0.578700
0.450724
0.616659
-0.366933
0.295110
-0.277902
0.214231
-0.023564
-0.282230
-0.618670
0.656576
0.717682
0.012628
-0.052649
0.761156
-0.731469
0.521262
-0.207335
0.331005
0.652376
0.298471
-0.443675
-0.486538
0.260344
-0.058711
0.294653
-0.069338
-0.421909
0.178579
0.045103
-0.066452
0.226969
0.201934
-0.076989
0.090542
-0.518958
-0.805493
0.115992
0.341291
-0.126777
-0.159698
-0.099713
-0.633221
0.000417
0.000725
0.445940
0.357668
0.145426
-0.186676
-0.025516
0.556838
-0.372205
-0.176411
-0.638044
-0.367569
-0.126781
-0.049316
-0.630459
-0.153571
0.355268
-0.242667
-0.094710
0.377623
0.298198
0.222072
0.336181
0.152254
-0.203814
-0.192086
0.280387
0.385695
0.795965
-0.462476
-0.001218
-0.344753
0.052943
0.083274
-0.260056
-0.021579
-0.119565
-0.208475
-0.130342
-0.490598
-0.386953
-0.363346
-0.032326
0.231541
-0.185834
0.617860
0.119940
-0.631492
0.477764
0.015883
-0.184515
0.374301
0.141264
0.033401
0.753763
0.141172
-0.650617
-0.498639
-0.718654
0.596194
0.306386
0.318712
-0.382114
-0.208330
0.107231
0.033259
-0.506628
-0.493294
-0.245983
0.910880
0.332127
0.141320
-0.340039
-0.859670
-0.037408
-0.799031
0.566720
-0.630118
0.012079
0.296374
0.046429
0.040935
0.130584
-0.455750
0.460809
-0.194037
-0.339287
-0.067450
0.567332
-0.180083
-0.180004
0.762250
0.054398
-0.191951
-0.186332
0.111613
0.233602
0.178808
0.316802
0.498319
0.357031
-0.021937
-0.135518
0.845001
0.075325
0.159817
-0.627063
-0.362155
-0.896053
0.682997
-0.037251
0.367895
-0.691422
0.645170
0.203633
-0.076270
-0.728133
-0.445831
0.183595
0.674100
-0.733742
-0.148829
0.359352
-0.038831
0.077703
0.584938
0.569784
0.337720
-0.260466
0.644585
-0.412805
-0.404361
-0.386845
0.505780
-0.160523
0.356033
-0.546733
0.027598
-0.189938
-0.057082
0.414614
-0.325333
0.034954
0.240088
0.224298
-0.252524
0.102661
-0.198360
0.169254
-0.291518
-0.404813
0.345478
0.199501
-0.367804
-0.284590
0.082160
0.190811
-0.094011
-0.700124
0.420851
0.322148
0.518108
-0.038578
0.136842
0.298845
0.063093
-0.006781
-0.339561
0.092841
0.058553
-0.242862
-0.165617
0.187364
0.217994
0.113422
-0.388183
-0.065136
-0.638420
-0.054102
-0.441886
-0.247397
0.270423
0.055683
0.218930
-0.133652
-0.014783
0.527330
-0.321798
-0.281597
0.186210
0.015568
-0.011233
0.697745
0.356618
-0.428684
0.189685
0.294324
0.124796
-0.454256
0.345805
0.090416
-0.148502
-0.240294
-0.235064
0.180772
0.445071
-0.526124
0.100206
-0.536217
-0.317971
-0.292937
0.206466
-0.250682
-0.065182
0.602536
-0.446436
0.329535
-0.030757
-0.559727
0.137136
-0.632480
-0.411436
-0.057494
0.102570
-0.840969
0.331723
0.495886
-0.097379
0.033124
0.352096
0.123414
0.769790
0.168618
-0.682689
-0.070770
-0.342117
-0.359932
0.090025
0.060918
0.231866
0.228617
0.426724
-0.020618
-0.521353
0.066724
0.531739
0.438682
0.363491
0.546018
-0.275242
0.023129
-0.163733
0.318960
0.278557
0.560496
-0.257380
-0.036118
-0.192802
-0.276948
0.145499
0.376581
-0.380838
-0.052598
0.268026
-0.448454
0.205867
0.577858
-0.789422
0.580900
-0.286147
-0.288038
0.134617
-0.277169
0.406743
-0.175237
-0.484204
0.735838
-0.535901
0.226493
0.239236
0.014383
0.131166
-0.163245
-0.385216
-0.135412
0.579034
0.372309
0.224453
-0.580251
0.275737
-0.095436
0.726085
-0.152838
-0.203468
-0.916763
-0.291340
0.283250
0.139419
0.301914
0.023509
-0.605490
-0.103204
0.755891
0.145475
-0.522458
-0.156682
0.139806
-0.245361
-0.082978
0.136704
0.025920
0.295999
-0.102055
0.724647
0.338309
-0.663196
-0.046074
-0.331553
-0.551726
0.143789
0.224171
-0.019074
0.180953
-0.592697
-0.696766
-0.090907
0.329148
-0.253595
0.067381
0.407805
0.645001
-0.102828
0.650112
-0.229324
-0.356198
-0.611407
-0.450516
-0.456993
-0.781292
-0.010328
0.541026
-0.199261
-0.785207
-0.421524
-0.039519
-0.372436
0.381591
-0.375320
-0.077037
0.085088
0.351014
0.046487
-0.511103
0.158787
0.256976
0.141778
0.231546
-0.112953
-0.193410
0.208870
0.258392
-0.226279
0.049661
-0.488813
-0.116231
-0.213678
0.190116
-0.440628
-0.294788
0.222203
0.061743
0.156628
-0.212421
0.158360
0.024052
-0.367353
-0.603516
0.062223
-0.596179
-0.555683
0.291967
0.214665
0.659629
0.156527
0.434810
0.212282
-0.099956
0.697712
-0.206161
-0.345162
-0.658463
-0.067930
0.234602
0.003176
0.178565
0.437095
0.390279
0.109581
0.085918
0.481616
0.128660
-0.595366
0.305738
0.250448
-0.363013
0.000547
-0.061790
0.008149
0.302325
0.814107
-0.653300
-0.313654
0.241739
0.143818
-0.465811
-0.376185
0.552472
0.270871
-0.226762
0.519285
-0.002835
0.665812
0.330508
0.050606
0.545479
0.281287
0.111132
0.580498
0.093566
0.273546
0.599960
0.166315
0.028473
-0.068545
0.604403
0.831522
0.375303
-0.715446
-0.501416
0.199305
-0.448866
-0.028362
-0.735261
-0.126175
0.089085
-0.094225
0.088047
-0.214884
-0.125173
-0.583389
0.707196
0.097192
-0.364994
-0.139474
-0.083048
0.552906
0.130414
0.133895
0.279333
0.496357
-0.494900
0.479462
-0.632533
-0.041463
0.099116
-0.354486
-0.148289
-0.598499
-0.274269
0.028187
-0.423504
0.653071
-0.281552
0.419425
0.889981
-0.202155
0.552137
0.656195
0.057061
0.531854
-0.343806
-0.050851
0.393034
0.093818
-0.150983
-0.326278
0.079407
0.625223
0.070675
0.189119
0.379137
0.115220
0.093049
0.614463
0.448175
-0.463634
-0.300860
-0.181511
0.375008
-0.285688
-0.171435
0.424298
-0.082162
0.466244
-0.058076
0.256502
-0.240449
-0.463934
-0.771836
-0.390441
-0.047600
-0.127854
-0.297511
0.077164
0.753514
0.110123
0.366512
0.500305
0.014177
-0.141973
-0.209619
0.038111
0.137371
0.205179
0.345215
-0.141305
-0.272448
-0.402245
0.041416
-0.529118
0.215376
-0.073868
0.548659
0.209332
-0.276708
0.591363
0.599626
0.088467
0.028830
0.347220
-0.334854
0.024530
0.680910
-0.019780
-0.246991
-0.487668
-0.104268
0.321096
0.641489
-0.232382
-0.133153
0.391528
0.240023
0.020277
-0.722455
-0.253582
0.106090
0.047844
0.792059
-0.405490
-0.276974
-0.731999
-0.204450
-0.056791
-0.127144
-0.672403
-0.352007
0.152784
0.057488
0.342218
-0.120557
-0.742760
0.385722
-0.182498
0.351903
-0.228324
0.131261
0.651607
-0.369139
-0.158879
0.162533
-0.548561
-0.445931
-0.068306
-0.177769
0.476467
-0.093076
-0.037132
0.295232
-0.390155
-0.393134
0.700151
-0.078599
0.182294
0.644454
0.705025
-0.071538
0.131242
0.009696
-0.156150
0.215949
0.392499
0.366657
-0.120035
-0.105954
-0.202145
0.862952
-0.185521
0.522385
0.345783
-0.042830
0.130437
0.565262
0.378334
-0.104159
-0.072566
0.404786
-0.394926
-0.122971
-0.225767
-0.377076
0.057884
-0.158515
-0.102238
0.629678
-0.018349
0.239263
-0.054034
-0.014173
-0.036162
0.035324
0.347637
-0.144250
-0.130740
0.343604
0.719863
0.767085
-0.042838
-0.123422
-0.003838
-0.599124
0.527627
0.340752
0.019919
0.269651
0.161127
-0.096950
0.271991
0.399513
0.198850
-0.310553
-0.328813
-0.074296
0.236246
0.595299
-0.043388
-0.367530
-0.174712
-0.073275
0.148579
-0.400727
-0.529164
-0.066170
-0.101591
-0.590891
0.297876
0.264690
-0.177887
-0.018843
-0.652207
-0.047778
0.251397
-0.486057
-0.461873
-0.494160
-0.425254
-0.381798
-0.720693
-0.338983
-0.014391
0.370248
0.188699
-0.883117
0.280472
0.050323
-0.072290
-0.525867
-0.430856
0.410728
-0.585459
0.063806
-0.247745
-0.003335
-0.161266
-0.468694
0.310662
0.415263
0.159154
-0.352330
-0.167449
-0.657048
0.554241
-0.662625
-0.111020
0.035655
-0.909299
-0.135440
-0.130823
-0.370824
-0.254369
-0.229061
-0.374501
0.248132
-0.145316
-0.431411
0.296403
-0.150361
-0.338395
0.155508
-0.295858
-0.112565
0.342845
-0.193063
0.393659
0.170053
-0.093788
-0.109030
-0.210374
0.054451
0.192753
0.675307
0.080645
-0.646352
-0.229200
-0.625138
-0.264852
-0.560909
0.065834
0.433226
-0.203117
0.334954
-0.345293
0.252865
-0.509866
0.052325
-0.483654
0.194117
-0.222777
0.416613
0.331240
-0.178562
0.235186
0.434050
-0.117713
0.708211
-0.364568
-0.591221
-0.443545
0.649196
0.159313
-0.413542
0.534269
0.280478
0.195824
-0.136576
-0.196361
0.195725
0.145893
0.025222
-0.377661
-0.194997
0.350018
-0.099703
0.289739
0.360830
0.497707
-0.270428
-0.292970
0.379681
-0.016327
0.413942
0.945062
0.037291
-0.072395
0.445270
0.036697
-0.423289
-0.351500
0.308352
0.284323
0.104516
0.712781
-0.202205
0.270786
0.116593
-0.596777
0.246520
0.134749
-0.201657
0.430645
-0.039559
-0.333989
0.354956
0.251050
0.150456
0.527651
-0.543251
0.147983
-0.219835
-0.114579
-0.792990
0.428318
-0.786516
-0.565669
-0.427875
0.361761
-0.065917
0.297870
0.105657
0.490792
-0.579858
0.446567
-0.796265
-0.887302
-0.254032
-0.222461
0.150005
0.715887
0.619975
-0.405279
-0.503673
-0.081985
0.239664
0.166092
0.315389
0.946693
0.444142
-0.139499
-0.020628
0.478658
0.014600
-0.316574
0.383641
0.336735
0.020173
-0.005788
-0.258723
-0.682196
-0.357216
-0.643757
0.469688
-0.254330
-0.593152
0.051939
-0.012931
0.384555
0.750998
-0.097478
-0.255175
-0.149763
-0.105109
-0.272498
-0.213654
0.837470
-0.112252
0.317510
-0.525697
0.005183
0.756962
0.098007
-0.506632
0.100127
0.068061
0.052938
0.455172
0.231058
0.396260
0.367853
-0.102037
-0.237592
0.611741
-0.011661
-0.057470
-0.702746
-0.029728
-0.116831
-0.421489
0.783796
-0.547926
0.039601
0.138819
-0.179373
0.068105
-0.318042
-0.589082
0.382817
-0.103900
0.000804
0.749967
0.161987
-0.593237
0.281783
0.289397
0.622631
0.276823
0.299530
0.056982
-0.371764
-0.269251
0.220841
0.561239
0.519161
-0.180205
0.872776
-0.228208
-0.417719
0.396065
-0.038778
0.380327
-0.008266
-0.172151
-0.574846
-0.159946
0.039635
0.300089
-0.153495
0.672051
0.027042
-0.642272
-0.069124
-0.722522
-0.036057
0.320658
0.617770
0.033282
0.009034
0.056746
-0.021938
0.037935
-0.473094
-0.519334
-0.452717
0.009618
0.121036
-0.028248
-0.046409
0.536239
0.208110
0.044154
-0.665720
-0.201733
0.007177
-0.203054
0.492957
-0.558807
-0.498707
0.108480
0.038886
-0.195961
-0.250188
-0.011217
0.138238
-0.321101
-0.052687
-0.402847
0.122149
0.364051
0.031600
0.004771
0.078260
0.025209
0.005936
0.911384
-0.237701
0.584604
-0.331782
0.043392
-0.189280
-0.644782
-0.549931
0.077753
-0.722027
0.096212
0.086650
0.242773
0.558615
0.315043
0.588669
0.748199
0.042731
-0.529241
-0.457921
-0.260301
-0.259136
-0.007318
-0.386851
-0.094213
-0.497756
0.506327
-0.019908
0.414489
0.726779
0.676240
0.058732
-0.011308
-0.206187
0.154758
0.163192
-0.770468
0.256164
-0.306467
0.201321
0.513955
-0.137611
-0.334902
-0.098911
-0.505676
-0.550129
-0.679644
-0.519778
-0.570088
-0.038957
-0.480864
-0.478756
-0.595201
-0.640564
0.678762
0.173109
-0.703805
0.496513
0.022618
-0.158529
0.052104
-0.062573
-0.242794
0.184015
0.161728
-0.004795
0.136900
0.231102
0.143886
0.202686
-0.178022
-0.334679
0.140318
0.186123
-0.192258
-0.323976
0.120288
-0.478100
-0.105139
0.231754
0.074657
-0.285884
-0.003952
0.612579
0.588491
-0.325946
0.629436
0.220583
-0.441018
0.333586
0.282032
-0.409138
0.151454
0.550395
0.136989
-0.524920
0.215932
-0.023205
0.022344
0.773959
0.130817
-0.386513
-0.468324
-0.285529
-0.071847
0.518727
-0.010350
0.306545
-0.001646
0.048749
0.326848
0.916456
0.188644
-0.714595
-0.301978
-0.341292
-0.304970
0.219371
0.394053
0.446545
-0.553337
-0.058732
-0.205563
-0.795228
-0.254281
-0.248915
0.219769
0.226233
0.704676
-0.130502
-0.110252
-0.444459
-0.122944
-0.431863
0.307986
0.033175
-0.233639
0.755294
0.460693
-0.031008
-0.002675
-0.672264
0.266687
-0.569120
-0.262765
-0.102175
-0.011389
-0.144744
-0.631406
-0.708076
-0.179335
-0.569328
-0.180010
0.385205
0.024977
-0.198051
0.792318
-0.944236
-0.176661
0.255626
0.117952
-0.041400
0.259024
0.721588
0.092279
0.169400
0.497614
-0.483307
0.297658
0.540175
-0.016086
-0.276317
-0.222321
-0.084632
-0.227780
0.304716
-0.670168
0.018847
0.409456
0.516041
-0.103108
-0.159150
0.569052
0.016682
-0.223057
0.755471
-0.409184
0.276083
-0.314874
0.296504
-0.064042
0.216088
-0.030430
0.228262
0.036024
-0.107952
0.263888
-0.439275
-0.489573
0.250544
-0.044142
-0.411410
-0.582101
-0.083726
0.001110
0.300474
-0.151204
-0.064481
0.442646
-0.614978
0.036547
0.109026
-0.057396
-0.086024
-0.108003
-0.387305
0.180989
-0.220849
-0.407465
0.262251
-0.100858
-0.266235
0.626227
-0.179077
0.015548
0.695304
-0.153820
-0.335588
-0.538925
-0.712112
0.472361
-0.624223
0.298757
0.012370
-0.475719
0.588059
-0.769203
0.260023
0.480664
-0.237807
0.412597
0.572236
-0.113739
0.037821
-0.231305
0.149920
0.268042
-0.083413
0.456510
-0.796197
0.408970
-0.261857
0.141904
0.052608
-0.210765
-0.463350
-0.305754
-0.232343
-0.243998
-0.010244
0.476223
-0.647331
0.637866
-0.492148
-0.246109
-0.162791
0.258869
0.162317
-0.051037
-0.272565
0.382261
0.012560
0.144060
-0.013645
0.331996
0.311789
-0.180961
0.638275
0.142291
0.602510
0.006050
0.064359
0.731712
0.117449
0.271471
-0.770236
-0.438961
-0.042241
-0.223380
0.246090
-0.861776
-0.395489
-0.242440
-0.119751
-0.196910
0.568754
-0.445480
-0.023381
-0.158901
0.934582
0.495800
-0.158241
0.742357
-0.687226
0.806995
-0.498039
0.179661
0.295858
-0.827342
-0.127921
0.151207
0.410033
-0.538288
0.149173
0.075554
0.044470
-0.640822
-0.296973
0.181867
-0.528651
0.035753
0.041635
-0.103050
0.560520
0.411046
-0.312528
-0.022011
0.273836
0.291497
-0.567316
0.223009
-0.022627
-0.501716
-0.226523
0.447673
-0.021904
0.217985
0.010521
-0.237531
-0.467967
0.219040
0.569998
-0.077680
0.313366
-0.403606
-0.923997
-0.208830
0.515761
-0.241992
-0.031252
-0.137617
-0.558085
-0.297176
0.585708
-0.242013
0.219653
0.106495
0.146356
-0.047393
0.585916
-0.684678
-0.099707
-0.308107
0.559148
0.649519
0.097633
0.508287
0.330699
-0.445566
-0.307197
-0.648608
0.005067
0.238774
-0.269180
-0.133954
-0.124454
0.044786
-0.210650
-0.215254
-0.442594
0.465365
-0.781946
0.146826
0.145708
-0.078535
0.076306
-0.501287
-0.237919
0.443751
-0.249050
0.415809
-0.583312
0.733600
0.179423
-0.295273
0.148188
-0.364803
0.008004
0.296267
-0.383888
0.409467
0.031064
0.209783
0.422642
0.447580
0.460113
0.300948
0.467695
-0.216859
0.704544
-0.351988
-0.478945
-0.050306
-0.297843
0.268912
0.311977
0.313929
-0.034012
0.217829
0.336685
-0.127612
0.439046
-0.519242
-0.131306
-0.370663
0.238344
0.401454
-0.015448
-0.343858
0.336226
-0.218379
-0.055059
0.433155
-0.127119
-0.218253
0.247830
0.821976
0.332793
0.238768
-0.182069
0.237444
-0.579387
0.177922
0.605060
-0.002940
0.335027
0.089280
-0.046087
0.026388
0.777163
0.014757
-0.609239
-0.348028
-0.375152
0.235178
-0.083138
0.276146
0.295213
0.493218
0.771452
-0.493576
-0.190704
-0.133415
-0.159723
0.271115
-0.002630
-0.095146
-0.468526
0.184949
-0.244104
0.423444
-0.146540
-0.184900
0.433775
0.103633
0.074275
-0.067978
0.039462
-0.630245
-0.036173
0.040543
-0.043078
0.400274
0.423056
0.015045
0.069758
-0.614246
0.128337
-0.392338
0.054019
-0.599478
0.112691
-0.247100
0.256329
-0.040255
-0.146968
-0.720953
0.087941
0.058473
-0.157847
-0.133060
-0.071185
-0.355623
0.332520
0.503556
0.313099
-0.620488
-0.162283
0.291677
-0.033619
-0.079762
-0.626449
-0.488104
0.121710
0.266686
-0.651111
0.154714
-0.569938
0.039763
-0.078705
0.055443
-0.067146
-0.812268
0.027290
-0.612122
-0.001940
0.072454
0.561807
-0.089316
-0.121151
0.603012
0.631970
-0.258433
0.304662
-0.351682
0.525331
-0.299543
-0.256482
-0.567197
-0.523720
0.008792
0.150202
-0.359798
-0.873294
0.907056
-0.393370
-0.518035
-0.248248
0.654308
0.248076
-0.084674
-0.145797
-0.730196
0.696795
0.924699
0.180368
0.602405
-0.911714
0.191593
0.254042
0.744507
0.276554
-0.287254
-0.051012
0.880774
0.071543
0.411651
0.104519
0.365362
-0.233029
-0.290739
0.493427
-0.113171
-0.393331
0.013522
-0.450291
-0.536112
-0.722520
0.533624
0.220556
-0.587597
0.140931
-0.034698
0.555432
0.706713
-0.715178
0.460555
-0.159343
-0.470342
0.763649
0.297708
0.253954
0.555686
0.130469
-0.020130
-0.249604
0.127490
0.302546
0.106249
0.047031
0.460919
0.255146
-0.055636
-0.593357
-0.162434
0.072427
0.467893
-0.737966
0.205215
0.468161
-0.176258
-0.703120
0.455240
-0.138465
0.338845
0.005158
-0.321312
-0.270145
0.053186
-0.184959
0.272091
0.168590
-0.051075
-0.258541
0.356129
0.200408
0.379448
-0.020993
0.254817
-0.328567
0.378266
-0.746054
0.714567
0.485811
0.169014
0.691758
-0.142956
-0.377652
-0.192165
-0.170288
0.345287
0.702924
-0.368684
-0.086894
0.593582
0.136242
-0.305429
-0.138925
0.245930
0.084365
-0.417964
0.437402
0.104004
-0.271267
0.133998
0.206099
0.249907
0.536738
0.550813
-0.514098
0.278384
-0.057162
-0.241320
0.531894
-0.109641
0.667159
-0.110072
0.695240
0.342420
-0.242652
0.264432
-0.007457
0.484613
0.210087
0.266234
0.201297
-0.514125
0.464461
-0.481545
0.189156
0.317979
-0.389545
0.601431
-0.095626
0.248345
0.376834
-0.279754
0.049538
0.359376
-0.637121
-0.658110
-0.518304
0.489786
0.025222
-0.171202
-0.237164
0.382548
0.524916
0.427337
-0.277864
0.111658
-0.244699
0.115543
0.270437
-0.233635
0.466159
0.157239
-0.411104
-0.481961
-0.101964
-0.079494
-0.697021
-0.244859
0.015151
-0.292810
0.196170
0.003064
0.752189
-0.190646
-0.540879
0.056776
0.444713
-0.461938
-0.017972
0.494507
-0.308871
0.234418
0.196597
0.503958
-0.097158
-0.116529
0.141150
-0.380160
0.352333
0.017491
0.046659
0.054053
0.092327
-0.034899
0.279812
0.101252
0.701854
-0.335297
-0.211270
0.469649
0.040082
0.113470
-0.063115
-0.340764
-0.346242
0.008189
-0.816336
-0.048220
-0.362832
0.082558
-0.558616
-0.016632
-0.057276
0.476353
0.003261
-0.180375
-0.220219
0.368268
-0.665194
0.052853
-0.136668
0.694005
-0.465145
0.051132
-0.411101
0.423376
-0.499591
0.122708
-0.543565
-0.592994
0.091206
0.872574
0.300218
-0.495238
0.458280
0.115174
-0.564255
-0.245820
0.459344
-0.668347
-0.386558
0.072761
0.301049
-0.266729
-0.382242
-0.115771
0.503664
-0.092545
-0.329031
-0.376586
0.748530
-0.146136
0.704511
-0.141751
0.567618
-0.407140
-0.537146
-0.070430
-0.699217
-0.217016
0.053399
-0.407006
0.091900
-0.284632
0.108109
-0.604220
-0.625600
-0.148277
0.305473
0.460531
-0.147637
-0.202196
0.393630
-0.064737
0.072771
-0.211885
-0.038795
-0.565955
0.126273
-0.052377
-0.227068
-0.384426
-0.343399
-0.366063
-0.238606
-0.555419
-0.160493
0.888337
0.584716
0.145015
0.761063
-0.070793
-0.597091
-0.371502
0.486619
-0.144673
0.014762
0.588437
-0.297704
0.150161
-0.312127
-0.146146
-0.027934
0.186510
0.501614
-0.222790
0.355041
-0.261246
0.269688
-0.240703
-0.016258
-0.499157
0.279080
0.024374
0.018209
-0.214586
0.263601
-0.031126
-0.315252
0.044112
0.513081
-0.019102
-0.197338
-0.012839
-0.470234
-0.137638
-0.267371
-0.175237
0.020347
0.090738
0.244649
0.030736
-0.237990
-0.108009
-0.372587
-0.245710
-0.049301
0.008493
-0.282233
-0.513207
-0.831722
0.211491
-0.089049
-0.150568
0.153522
0.889354
-0.310932
-0.227909
0.185247
-0.086306
0.447011
-0.379059
0.570335
-0.172341
-0.633871
-0.667501
0.066685
-0.061078
0.072825
-0.207287
0.013291
-0.766626
0.068634
0.127966
0.144028
0.076563
-0.527124
0.848853
-0.075543
-0.261302
0.097568
-0.159813
0.309847
0.618296
-0.413614
0.496311
0.579797
0.026738
-0.322128
-0.312759
-0.059017
0.255694
-0.005357
0.266993
-0.773359
0.596941
-0.119719
-0.049982
-0.157690
0.298830
0.171915
0.371969
-0.351297
0.288059
-0.094556
-0.572842
0.373809
0.258023
-0.161657
-0.162687
-0.035111
-0.219071
0.658174
-0.175516
-0.312485
0.102163
-0.631804
-0.480627
-0.038399
-0.624154
0.364746
-0.257375
0.416067
-0.120067
-0.330274
-0.405536
0.066836
0.335531
0.497475
-0.150034
-0.011171
0.166531
0.018009
0.433161
-0.449546
0.121722
0.392123
0.162648
0.024905
0.244340
-0.607968
0.184310
0.535270
-0.506059
0.289720
-0.606330
-0.237053
0.159314
-0.361189
-0.229794
0.670175
-0.045512
-0.602246
0.619106
-0.067432
0.283345
-0.375050
0.272417
-0.246410
0.826283
-0.161202
-0.072626
0.735423
-0.422227
-0.317951
-0.065092
-0.789914
0.082149
0.167387
-0.255667
-0.183055
-0.053084
-0.210067
-0.555417
-0.140229
-0.229518
0.113876
0.420312
0.049000
0.206012
-0.851381
-0.230843
0.040635
0.050833
0.155593
0.103561
-0.508689
-0.053222
-0.236960
0.375807
0.587302
0.099550
0.130809
0.259341
0.249620
0.409492
-0.168871
-0.080766
0.162598
-0.053871
0.256051
-0.459372
0.438555
-0.326816
-0.227260
-0.102540
0.500248
0.062234
-0.287519
0.692085
-0.387967
-0.188487
0.075181
-0.243328
0.109990
-0.458393
-0.563071
-0.362760
-0.133912
0.831716
-0.101647
0.133612
-0.142693
0.145948
0.040694
-0.406274
-0.280566
0.091811
-0.073299
-0.466697
0.056909
-0.062973
0.461049
-0.141137
-0.451056
0.418097
-0.023423
0.053721
0.122364
-0.394413
-0.020998
-0.472259
0.171841
0.255606
-0.820299
-0.568917
-0.072348
0.429823
-0.177488
0.325206
-0.025402
-0.816004
-0.225171
0.363615
-0.194621
-0.231359
0.081754
0.584151
-0.045384
-0.378540
0.204164
0.557240
0.469328
0.251610
0.336511
0.432744
0.729659
0.025849
0.373937
-0.374650
-0.524923
0.364218
-0.267701
0.427289
-0.064770
-0.118198
-0.225328
-0.859919
0.613276
0.044888
0.078438
0.525991
-0.106562
0.521770
0.578143
-0.860256
-0.239582
0.089609
-0.151614
0.139092
0.442912
-0.274344
-0.119722
0.270981
0.636997
0.245639
0.436380
-0.548196
-0.111044
-0.110676
0.542989
-0.055401
-0.008820
-0.489734
0.290839
-0.251922
-0.479507
-0.153068
-0.327630
-0.114382
-0.209502
0.178725
-0.379100
0.006094
0.328315
-0.086754
-0.538318
-0.245520
0.419827
0.510013
0.646476
-0.044006
-0.501766
0.025046
0.301637
0.200352
0.167555
-0.520026
-0.011804
0.846661
-0.145627
-0.223227
-0.743204
0.592661
0.326608
-0.377286
0.004787
-0.116545
0.087162
-0.751436
0.787464
0.087369
0.085838
-0.021624
-0.616324
-0.401282
-0.484369
0.414379
0.063601
-0.227857
0.642853
-0.768544
0.306515
-0.187396
0.126392
0.484536
-0.248299
0.110446
0.645767
-0.202516
0.829463
0.235451
-0.508982
0.363855
0.078848
-0.376912
-0.082813
-0.187966
0.138562
-0.679989
-0.192934
-0.495845
0.100793
0.030013
0.177127
-0.223296
0.265549
-0.011026
0.060019
0.462538
-0.129996
-0.451008
-0.356438
0.547036
-0.661523
-0.465391
-0.693787
0.208111
-0.349539
0.587614
-0.240259
-0.248938
-0.380086
-0.040302
-0.105738
0.501235
0.742122
-0.408220
0.256987
-0.501842
0.350747
-0.176875
0.040356
0.722011
0.182418
0.726260
0.358508
-0.404711
-0.196105
-0.476564
-0.381401
-0.751196
0.093563
0.084780
0.448329
-0.598236
0.578431
-0.224856
0.165726
-0.424361
0.497452
0.376563
-0.317219
-0.004155
-0.839774
-0.211216
-0.052761
0.389929
0.494331
-0.529115
0.404249
0.245874
0.390940
0.634588
-0.081469
0.528970
-0.391023
0.220834
-0.354467
0.190976
-0.389193
-0.643483
0.070657
-0.342385
-0.583558
-0.072444
-0.320995
0.081353
-0.168055
-0.262785
0.554810
-0.664203
-0.744889
-0.563986
-0.300152
-0.014015
-0.143976
-0.004840
0.187529
-0.144305
0.288194
0.130129
-0.180942
-0.018537
0.204771
0.742333
-0.434050
0.410004
0.713469
0.335597
0.470667
-0.539074
-0.111509
-0.080372
-0.517684
0.353756
0.505449
-0.378448
-0.164414
-0.091752
0.738287
0.587102
-0.142627
-0.382861
0.022327
0.036590
-0.158407
0.430422
-0.563472
0.739999
-0.505174
0.227841
-0.181721
0.153209
-0.615237
-0.254821
0.277868
-0.754113
0.125711
0.202384
-0.526253
-0.262761
-0.175966
0.340129
-0.430095
-0.454330
0.376736
-0.145856
0.195411
-0.391036
-0.047248
-0.059244
-0.018803
0.171665
-0.103763
-0.614760
-0.275388
0.325604
0.487093
0.079511
0.466102
0.180392
0.490127
-0.066604
0.222181
0.916561
-0.024681
-0.028606
-0.293506
-0.435458
-0.368729
0.831379
-0.080740
0.095370
-0.400787
0.557786
-0.300269
-0.541562
0.489584
0.363049
0.165718
-0.387194
0.522290
-0.143004
-0.382652
0.250260
0.074245
-0.597773
0.105544
-0.043385
-0.387069
0.110213
0.261735
-0.400303
-0.381062
-0.070407
0.063554
0.278241
-0.288617
-0.255298
0.240551
0.023297
-0.328015
0.754656
0.187190
0.287577
0.315480
-0.243823
-0.260560
-0.067168
0.343816
-0.825118
-0.007247
0.405067
-0.277855
-0.081216
0.088100
0.556139
0.164706
-0.630102
0.003104
0.448607
-0.348924
-0.044682
0.628685
-0.069408
-0.253423
0.122529
-0.643781
0.348343
-0.050596
0.630792
0.090906
0.083603
-0.148546
0.313876
-0.643373
0.058733
-0.294664
0.115629
0.482296
0.767242
0.285959
-0.018573
0.228113
0.341691
0.127914
-0.079449
0.374408
0.134343
0.181253
-0.108804
-0.446243
-0.113353
0.209947
-0.250073
0.398881
0.435738
0.307207
0.130043
-0.006656
0.095661
-0.682785
0.033390
-0.732867
0.249561
0.116290
0.769260
-0.002657
0.319677
-0.648230
-0.572603
0.650018
-0.030634
0.111771
0.240966
-0.653735
0.430655
-0.389679
-0.243887
-0.803609
-0.066980
0.363135
-0.329712
0.420692
-0.794851
0.407819
-0.097335
-0.815602
0.138524
0.117974
0.030731
0.462462
-0.046171
-0.178080
0.313506
0.480591
-0.030363
-0.616647
0.370117
0.677543
0.591151
-0.065593
-0.254032
-0.161875
-0.058591
-0.666348
0.207780
-0.645725
-0.004193
0.054186
0.352655
0.775602
-0.961683
-0.945492
0.080687
0.092494
-0.250985
-0.131586
0.074213
0.033801
0.016866
0.332891
0.116147
0.555759
0.523609
0.277731
0.045759
0.108618
-0.730161
0.232237
0.687562
0.263840
0.587150
0.212345
0.559336
0.079754
-0.834145
-0.261657
-0.361311
0.246430
-0.393968
0.249521
0.024505
-0.709324
-0.254332
-0.089243
0.322473
-0.099806
-0.015414
-0.461075
-0.415898
-0.573488
0.286344
0.510840
0.430966
-0.186687
-0.029131
0.621612
0.117243
0.292349
-0.246707
-0.480531
-0.146436
0.053139
-0.678260
-0.166837
-0.101708
0.286518
0.399222
-0.784065
0.270540
-0.489064
0.343680
0.245843
0.024461
-0.202369
-0.215574
-0.320917
0.231358
-0.928256
-0.026350
-0.178888
-0.041601
-0.054969
0.333386
-0.086823
0.207378
-0.509227
0.280197
-0.550408
-0.249077
0.527409
0.585994
0.554643
0.375958
-0.521724
-0.465623
-0.384113
-0.393950
-0.173261
-0.527072
0.415511
0.385607
0.541816
-0.211769
-0.021394
-0.548854
0.905749
0.345148
-0.208191
0.088987
0.078239
-0.145497
-0.206163
0.483463
0.359107
-0.282532
0.054114
0.376069
0.061445
-0.640140
-0.077823
-0.478425
0.677198
-0.887459
0.204150
0.559973
0.161739
0.453127
-0.212600
0.361153
-0.575277
-0.005787
-0.075627
-0.114161
-0.502270
0.715314
0.157853
0.370032
0.188548
0.200760
0.378347
0.091550
-0.543615
-0.070191
-0.239329
0.238672
-0.312383
0.093517
0.125958
0.520520
0.037903
-0.066791
0.271172
-0.615486
-0.270503
0.105910
0.320713
-0.521566
0.837326
0.109402
0.325884
-0.829393
-0.279076
0.532056
-0.527723
0.557907
0.041143
0.027684
0.813236
-0.262856
-0.148989
-0.154162
-0.731038
-0.697965
-0.204635
-0.264866
-0.036520
-0.470484
-0.135337
-0.302437
-0.252491
0.361359
-0.170616
-0.043447
-0.038737
-0.602864
0.065416
0.516284
0.179856
-0.432894
0.095434
0.112123
0.425112
-0.438839
-0.576511
0.650815
-0.490383
-0.212676
0.067665
-0.042088
-0.253497
0.568164
-0.005844
-0.332700
0.406366
-0.821131
0.139025
-0.156600
0.316598
0.865807
0.348429
0.191848
0.025092
0.004548
-0.320896
0.114786
0.320669
-0.225128
0.460160
0.438107
0.167753
-0.399611
0.727974
-0.083425
-0.724187
0.765061
-0.562773
0.118563
0.497785
-0.187838
-0.109852
-0.635219
0.095732
-0.567254
0.047202
0.514344
-0.181664
-0.237027
0.175815
-0.096589
0.787099
-0.335931
-0.317584
0.699174
-0.132901
-0.768231
0.270074
-0.263743
-0.201745
0.752772
-0.661996
0.444669
-0.557190
0.083465
0.576466
0.486507
0.081984
0.516615
0.327092
-0.375114
0.086659
0.730452
0.262666
-0.689514
-0.540585
-0.346270
-0.223197
-0.541074
-0.023039
-0.331194
0.307517
-0.124361
-0.048787
-0.263182
-0.035089
-0.002394
0.001885
-0.515990
0.018336
-0.757050
0.371116
0.278772
-0.308518
0.483221
0.376885
-0.023500
-0.204632
0.280493
0.080376
-0.645024
0.247569
0.269066
0.514111
0.597682
0.155038
0.054746
-0.119600
-0.134985
0.449219
0.374368
-0.273006
0.162558
0.522827
0.365500
-0.150177
-0.125236
0.215809
-0.015432
-0.378815
-0.261685
-0.288898
0.697301
0.800286
0.225090
0.653569
0.775521
-0.481442
0.005832
0.071832
0.243321
-0.623586
0.302053
0.407683
-0.502228
-0.898158
0.008081
0.144031
0.684251
-0.076512
0.739137
0.174200
0.519205
0.122365
0.167226
-0.425700
-0.499950
-0.134334
0.099577
-0.346512
0.043014
0.253980
-0.497236
-0.628401
-0.173362
0.658710
0.624803
0.570634
-0.248961
-0.137564
-0.162301
-0.587866
0.828913
-0.207509
-0.043849
0.297265
0.178924
-0.308533
-0.286582
-0.073417
-0.051309
0.705913
0.512173
0.002160
-0.053603
-0.168525
0.593562
-0.463616
0.686371
0.446922
-0.151249
-0.334032
-0.713949
0.127407
0.387580
-0.242388
-0.121639
-0.103084
-0.136372
0.541674
0.007058
0.691541
-0.382745
-0.564194
0.067111
-0.349664
0.821140
-0.031611
-0.162605
0.413285
0.270673
-0.673427
-0.593659
-0.614730
0.498601
-0.503938
-0.537636
-0.342136
0.326405
-0.537458
-0.330113
0.463244
0.076239
0.355003
-0.398838
0.353267
0.232057
0.273748
-0.161329
0.560945
-0.101815
0.173810
-0.189313
-0.323869
-0.417241
0.317409
-0.367616
-0.149663
0.014153
0.756393
-0.526355
-0.141364
-0.346005
0.504872
0.439743
-0.625146
0.315007
-0.390884
0.086009
0.336290
0.038837
0.062618
0.239451
-0.295172
-0.451738
0.346879
-0.057483
0.483406
0.392874
0.370747
0.699404
0.047616
0.197171
-0.167952
0.124215
-0.129402
-0.154910
0.340368
0.445200
-0.128887
-0.290849
-0.713058
-0.154658
-0.264539
-0.233382
0.106278
0.601365
-0.355239
0.515007
0.395570
0.014239
-0.364761
-0.332076
-0.200366
0.443052
-0.247998
0.155050
0.326866
0.688379
-0.197741
0.434219
0.572587
0.704945
0.013224
-0.262703
-0.640276
-0.115815
0.820866
0.195217
0.315477
-0.363117
-0.193564
0.028012
0.460564
-0.240545
0.591977
0.187253
0.066858
0.620310
-0.039754
0.196466
0.179159
0.311762
0.569863
-0.518540
0.019247
0.055330
0.166189
0.285943
-0.740651
0.132970
-0.119344
0.479914
-0.396480
-0.534626
0.750354
-0.746134
0.617458
0.241638
-0.122633
-0.245706
-0.112505
-0.482500
0.464138
0.206863
-0.753181
-0.119803
0.715879
-0.338127
0.715291
-0.465690
-0.431234
0.545003
-0.165386
-0.485657
0.548216
-0.484132
0.335340
-0.425257
-0.236722
-0.087704
-0.450893
0.031393
-0.156115
-0.178072
0.309704
0.411203
0.030443
0.132962
-0.056786
-0.538402
0.498530
0.203499
0.535590
-0.054095
-0.696403
-0.424819
-0.652838
-0.347202
-0.502408
0.193306
0.187415
-0.190865
-0.402956
-0.263542
0.118745
0.033316
-0.322880
0.297650
-0.386477
-0.177271
-0.164337
-0.245264
-0.187236
0.417624
0.330111
0.044361
0.050111
0.278348
-0.575104
0.065870
0.135771
0.148576
-0.159284
-0.529029
-0.530880
-0.687806
0.169023
-0.272802
-0.821027
-0.314213
0.197498
-0.503302
0.219577
-0.064863
0.051276
-0.103780
0.363673
0.089500
0.030962
-0.685617
-0.616926
0.102721
0.262706
0.115493
0.814038
-0.152345
0.067119
0.048343
-0.197911
0.293320
0.807763
0.075875
0.551731
0.104582
0.776011
0.006288
-0.354560
0.854171
-0.427050
0.444412
0.142468
-0.034472
0.744369
0.284330
-0.334028
0.745833
-0.081075
-0.040335
0.027050
-0.141944
0.018721
-0.085357
0.271254
-0.161999
0.645936
0.168687
-0.369379
-0.026773
-0.315852
-0.095422
-0.210844
0.688307
0.218548
0.410990
0.322496
-0.718955
0.345664
0.182318
0.307094
0.069261
0.053966
-0.296963
0.201372
0.816323
0.010434
-0.283240
-0.770951
-0.393177
-0.508954
-0.238996
0.301194
0.304786
-0.193544
0.199666
-0.140315
-0.450392
-0.199973
-0.078692
0.004717
0.122380
0.071220
-0.016350
0.648232
0.623032
-0.079110
-0.043289
-0.400765
-0.234263
0.188454
-0.249255
-0.824303
-0.216029
0.249791
0.462975
-0.056808
-0.671141
-0.458596
0.091422
-0.526336
0.088946
0.483294
-0.163137
0.122835
-0.275797
0.527145
-0.296631
-0.355852
0.302297
0.169972
-0.002625
-0.021898
-0.076769
-0.460911
-0.207535
-0.402083
0.392786
0.084958
-0.408553
0.097645
0.065036
0.053903
-0.617520
0.383452
0.256684
0.465110
0.400095
-0.677809
-0.044728
-0.305243
0.007922
-0.243594
-0.020344
-0.253127
-0.469863
-0.453540
0.588264
-0.164350
0.249550
-0.704217
0.112875
0.000700
-0.677826
0.025688
0.040248
-0.255046
0.158365
0.304014
-0.129693
0.553290
0.239716
-0.687402
0.517735
-0.293083
0.576468
0.668313
0.304049
0.615219
-0.088594
0.046842
-0.365178
0.466879
-0.045114
-0.232805
0.511804
-0.141459
-0.521118
0.226400
-0.402294
-0.321516
0.217613
-0.556342
0.345609
-0.134235
0.308270
-0.228944
0.112977
-0.253707
0.157636
0.167053
-0.398447
0.252614
0.183113
0.509147
-0.065636
0.010698
0.169265
-0.012501
-0.132967
-0.101662
0.541266
0.444207
0.452171
0.038850
-0.319150
-0.465070
-0.012579
-0.858903
0.619384
-0.615645
-0.101647
-0.293635
0.211796
-0.200269
-0.230065
0.018329
-0.246636
0.736908
0.210464
0.453044
-0.358601
0.384239
-0.259774
0.532159
0.026665
0.008467
0.230101
-0.616233
-0.722919
-0.333882
-0.229439
0.556624
0.351500
-0.034701
0.246027
0.115575
-0.090814
0.049918
0.509035
0.170829
-0.052360
-0.229334
0.296969
0.004194
0.052113
-0.013854
-0.434593
-0.259852
-0.223056
0.043732
0.415666
-0.383726
-0.742300
0.176018
0.484825
-0.127285
-0.082066
0.417118
-0.088400
0.739365
0.207123
-0.087870
-0.759959
0.520605
0.045837
-0.550376
-0.757571
-0.029906
-0.436821
0.715983
0.383223
-0.508503
-0.009440
0.514110
0.755801
-0.260968
0.793662
-0.590052
0.561948
-0.087615
0.121959
0.094134
0.026483
-0.418302
0.152106
0.126716
-0.708847
0.431321
-0.086676
0.070210
-0.223057
-0.496196
-0.468103
-0.042362
0.101669
-0.050619
-0.216236
-0.495867
-0.378084
-0.312594
-0.255654
0.823498
-0.139749
0.344964
0.322663
-0.160757
-0.106825
-0.281059
0.303160
-0.221696
0.235478
-0.408857
-0.300676
0.311147
0.267270
0.941235
0.405266
-0.079265
-0.389304
0.017996
0.263292
-0.473332
0.582490
-0.506816
-0.521932
0.263838
-0.168020
0.464048
-0.157572
-0.331701
-0.368665
0.641280
-0.063263
0.111576
-0.181811
0.009550
0.068541
0.683470
-0.055696
0.478692
-0.088316
0.587942
-0.176153
0.256867
0.195901
0.136939
0.072110
0.772775
-0.525654
-0.133865
0.115631
-0.114205
-0.204201
0.596198
-0.074834
0.322049
-0.760540
-0.133769
-0.308539
0.315437
0.098245
0.194408
-0.007788
0.784369
-0.086896
-0.482210
0.876936
-0.501085
0.619393
-0.557856
0.202694
-0.010908
0.028671
-0.208629
0.337332
-0.450597
0.084377
-0.348068
0.477083
-0.293970
-0.051738
0.038571
-0.636303
0.168914
0.236985
0.093590
-0.132210
0.260374
0.382535
-0.602353
0.735493
0.407387
-0.083479
0.093479
-0.212091
0.083781
-0.514121
0.017770
0.060897
0.471276
0.287692
-0.118028
-0.002385
-0.254466
0.050219
-0.510143
-0.691805
0.275780
-0.061371
-0.379210
0.403715
-0.466184
-0.167592
0.023153
-0.557192
-0.538216
-0.461385
0.248611
-0.309197
0.445083
-0.144167
0.462356
-0.434701
-0.080598
-0.499007
-0.315708
0.253913
-0.024891
0.107337
0.364785
-0.296817
-0.032612
-0.297383
-0.148378
-0.135057
0.040429
0.383746
-0.306097
0.963618
0.238813
-0.095569
0.557661
-0.594194
-0.244975
-0.758476
0.076754
-0.448234
-0.052098
0.086576
-0.070106
-0.174574
0.031397
-0.658537
-0.570247
0.214207
0.259820
-0.149532
-0.307648
0.574711
-0.255342
0.290832
0.599465
0.091770
0.608381
0.253176
0.013514
0.317978
0.923788
0.170858
-0.845676
-0.125609
0.454936
0.405501
-0.451324
-0.416234
-0.348519
-0.415857
-0.517856
0.677025
-0.286281
-0.150837
-0.365767
0.359369
-0.267661
-0.436382
0.487356
0.848219
-0.481961
-0.231480
0.674155
0.396244
0.142619
0.744786
0.122040
-0.157664
0.108909
0.139727
0.290857
0.333000
-0.244743
0.105049
-0.060030
-0.153021
0.464415
0.398383
-0.737161
0.057003
-0.116228
-0.452995
0.108893
-0.488418
0.045150
0.330845
-0.086216
0.449716
-0.276383
0.329717
0.228027
-0.029382
0.580654
0.346936
0.179258
0.147206
-0.772393
0.634798
0.067324
0.685174
0.371875
-0.260252
-0.115297
-0.142359
0.001836
0.618209
0.080157
-0.175830
-0.252890
0.451333
-0.067872
0.318960
-0.155948
-0.279523
0.307977
0.159396
0.556768
0.357338
0.325277
-0.391426
0.265189
0.279574
0.677638
-0.243922
0.000374
-0.114281
0.443603
0.258815
0.148577
0.821408
-0.085282
0.043641
0.250743
0.145773
-0.020928
-0.079042
0.021812
0.704872
0.630830
-0.269822
-0.150644
-0.085543
0.159150
-0.172047
0.001007
-0.752484
-0.389841
0.026426
0.440248
0.763183
-0.054654
0.346863
-0.555055
-0.019624
0.123185
0.037398
-0.110239
0.263021
-0.132428
0.132430
-0.485010
-0.310705
0.069370
0.457390
-0.049079
-0.095461
-0.394197
0.069316
-0.600022
-0.550146
0.152370
-0.437038
0.046813
0.187609
-0.477397
-0.025691
0.076463
0.622495
-0.241396
0.289362
-0.516224
0.669213
-0.134470
0.541962
-0.129609
-0.174290
-0.023228
0.165340
0.130468
-0.235050
-0.695691
-0.184383
-0.084238
-0.323615
-0.382676
0.131600
0.306412
0.011818
-0.622896
0.117905
0.269195
0.174422
-0.267249
0.586246
-0.145096
0.186347
0.119325
-0.011376
0.183560
0.229580
-0.454098
-0.848591
-0.598283
0.508866
-0.038624
0.768944
0.176605
-0.473482
-0.046885
-0.149029
-0.801345
0.078326
-0.213843
-0.245794
-0.243431
0.087702
-0.664593
0.217012
-0.599308
-0.559883
0.222494
-0.237649
-0.173768
0.124709
-0.501739
0.121626
0.086278
-0.315443
0.670606
-0.053985
0.005617
0.028107
-0.356546
0.074626
-0.186060
-0.239326
-0.457365
-0.555600
-0.001680
0.350845
0.247947
-0.059580
-0.217625
0.395021
0.428350
0.500203
-0.336657
-0.551892
0.192153
-0.708960
-0.558469
-0.110771
0.865144
0.356114
-0.026395
-0.063578
0.001223
-0.226317
0.048072
0.591454
-0.389010
-0.975733
-0.125503
0.042105
-0.402241
0.291086
-0.139118
0.139427
-0.638776
0.148375
-0.313182
0.700136
0.100169
0.252849
-0.299543
-0.112447
0.527031
-0.120452
0.504871
0.435421
-0.626376
-0.415430
0.106475
0.057987
-0.038581
-0.136913
0.000780
0.512904
0.563904
0.199318
-0.779880
0.083663
0.120961
0.867533
0.372362
-0.156681
-0.332733
-0.235856
-0.948353
0.274543
0.084209
-0.096760
0.493908
0.350991
0.117657
-0.206827
-0.227495
0.524568
-0.137930
-0.285639
-0.113544
-0.005409
-0.036594
0.531201
0.091162
-0.500959
0.599832
0.316222
-0.264158
-0.518354
0.199360
-0.629639
-0.249406
-0.023841
0.551871
0.207020
-0.392728
-0.216253
0.159660
0.149016
-0.221497
-0.177144
-0.666844
0.495129
-0.155238
0.089313
-0.173465
-0.386523
0.052873
-0.214282
0.184725
0.821678
-0.614019
-0.215914
0.544929
0.227845
-0.288881
-0.511981
0.393296
-0.409378
-0.239928
0.209397
0.136448
0.168962
-0.333447
0.247790
0.401521
0.380352
-0.971939
0.481627
0.825702
0.166021
0.366573
0.084258
0.600327
-0.054755
-0.295383
0.715539
0.160058
0.885486
0.587359
0.247769
-0.210385
-0.343741
0.167568
-0.084145
-0.240732
0.375307
-0.457066
-0.430999
-0.536056
-0.358871
0.114070
0.194931
0.061498
0.173295
-0.169633
0.441771
-0.418807
0.059829
-0.311570
0.758689
-0.080824
0.094359
-0.550164
0.223347
-0.110091
-0.237705
0.081062
0.014928
0.537134
0.497724
0.483149
0.079496
0.670915
0.808900
0.184828
-0.103253
-0.294162
-0.517332
-0.293243
0.106051
-0.060979
0.226733
0.024074
-0.049522
0.006723
-0.031025
0.738716
-0.236118
0.269028
-0.249478
0.162313
0.303849
0.434870
-0.661457
-0.103060
0.362344
0.135714
0.324213
0.355202
-0.633232
0.319860
-0.125657
-0.134567
0.468180
0.088969
-0.440735
-0.067078
-0.025744
-0.690311
-0.409734
-0.543187
-0.061458
-0.135899
-0.195488
0.323251
0.228471
0.177404
0.602762
0.022596
-0.284428
0.388412
-0.853503
0.241329
0.196955
-0.148111
-0.093221
0.118677
-0.036468
0.402035
0.046721
0.218122
0.203755
0.482784
-0.034837
-0.237425
-0.641306
-0.140389
-0.148684
0.110797
-0.832150
0.193964
-0.535341
0.333243
-0.565932
-0.340903
-0.110129
-0.212040
-0.037598
0.364102
0.541003
-0.534740
-0.133106
0.347972
0.132203
-0.151005
-0.038673
-0.340733
-0.419396
-0.159584
0.634659
0.114106
-0.565373
0.562826
0.055208
-0.394047
-0.149501
-0.260933
0.354972
0.029262
-0.532878
-0.592873
0.168577
-0.102205
0.157377
0.460314
-0.205183
-0.059233
-0.398563
-0.172371
-0.398185
0.454137
-0.380796
0.337106
0.307865
0.552652
-0.438019
-0.256888
0.073225
0.391490
-0.179651
0.541445
0.362310
-0.071345
-0.360428
-0.149855
-0.342374
-0.267708
-0.262508
-0.249435
-0.285054
0.362801
0.381604
-0.220054
0.090251
0.539348
-0.183201
0.140733
0.090349
0.473910
0.263032
-0.678979
-0.158918
0.164042
-0.439724
0.181765
-0.357248
-0.462896
-0.310513
0.465367
-0.458568
0.316099
0.247517
0.354323
0.250559
0.115286
0.010519
0.075824
0.275310
-0.187722
0.361811
0.058928
0.292379
-0.159798
-0.473926
0.115916
0.257713
-0.007608
-0.431356
-0.512126
0.121514
-0.061761
0.590101
0.158605
0.030208
-0.013013
0.116966
-0.545660
-0.482759
-0.165677
0.103989
-0.259175
0.216824
0.057728
0.179692
-0.448016
-0.648138
0.356270
0.416219
-0.460756
0.563396
0.281261
-0.330023
-0.472603
-0.352270
-0.052263
0.377675
-0.156987
-0.012492
-0.016342
0.237693
0.408946
0.575222
-0.027295
-0.874489
0.145355
-0.197786
0.455116
0.427674
-0.682156
0.007172
-0.061934
-0.706169
-0.571499
-0.099590
0.050530
0.361683
0.292856
0.006093
-0.201098
0.181177
0.450949
-0.317614
-0.050049
0.202422
0.237087
-0.024671
0.391767
0.278505
-0.250632
0.251714
-0.226751
-0.601105
-0.395667
0.493784
-0.209451
0.019598
-0.575699
0.409671
0.488688
0.196073
-0.374560
-0.566825
0.497312
-0.132009
0.358479
0.240914
-0.091447
0.899084
-0.202831
0.178140
0.076048
0.545466
0.110337
0.433495
0.579642
-0.405979
0.004816
-0.473857
0.094336
0.524653
-0.016234
0.005781
-0.356955
0.198234
-0.910862
0.744904
-0.195100
-0.474341
0.074207
-0.429590
-0.279042
-0.155701
0.184911
0.163035
0.410536
-0.287369
-0.449693
-0.308221
0.164355
0.103369
0.261353
0.193567
-0.604208
0.041764
-0.333345
-0.068784
-0.505559
0.447434
-0.416427
0.168725
-0.197894
0.286805
0.006514
-0.050854
0.086782
-0.177208
0.269867
-0.438525
-0.028922
0.640235
-0.081485
0.217526
0.269177
-0.723790
0.220856
0.731481
0.001487
-0.266822
0.152577
0.530391
0.314909
-0.005458
0.065296
0.474838
0.286063
0.641088
0.250013
-0.167682
0.455403
0.798332
0.340072
-0.593792
-0.679063
0.294580
-0.130258
-0.222625
-0.515247
-0.601241
0.061269
0.197882
0.224209
-0.391324
-0.034812
-0.132387
0.099292
-0.157993
0.274419
-0.099692
0.324064
-0.096577
-0.442980
-0.177378
0.157049
0.404177
-0.197018
-0.235320
0.796312
0.725334
0.066717
0.200065
0.531607
0.233274
-0.444743
-0.506755
0.137885
