2.016000
1.962000
1.941000
2.088000
2.003000
1.990000
2.061000
1.976000
2.051000
2.005000
2.052000
1.962000
2.010000
2.014000
2.049000
2.064000
1.992000
2.013000
2.061000
1.979000
1.949000
2.053000
1.952000
1.940000
1.934000
2.014000
1.988000
1.969000
1.936000
1.984000
2.037000
1.928000
1.986000
1.992000
1.940000
2.067000
1.970000
1.972000
1.958000
2.076000
2.004000
2.027000
2.080000
2.065000
1.962000
2.030000
2.012000
1.968000
2.005000
2.038000
2.034000
2.010000
1.965000
1.997000
2.049000
2.077000
2.018000
2.000000
2.025000
1.980000
2.022000
1.943000
1.999000
1.967000
1.990000
1.941000
1.971000
2.052000
2.007000
1.957000
2.038000
2.018000
1.966000
1.969000
1.950000
1.993000
2.059000
1.982000
2.003000
2.021000
2.086000
2.015000
2.038000
2.031000
1.936000
1.963000
2.023000
1.971000
2.045000
1.994000
1.966000
1.946000
1.994000
2.005000
1.996000
2.061000
1.991000
1.994000
2.019000
1.972000
1.945000
1.993000
1.984000
1.968000
2.112000
2.086000
1.939000
2.001000
2.037000
1.993000
1.946000
2.005000
2.002000
1.970000
2.112000
1.944000
2.118000
1.886000
2.041000
1.986000
1.984000
1.920000
1.994000
1.947000
2.029000
1.927000
1.975000
1.944000
1.964000
1.949000
1.931000
1.980000
1.994000
1.990000
1.960000
2.034000
1.988000
2.025000
2.029000
2.045000
2.009000
2.011000
2.070000
2.010000
1.935000
2.007000
1.952000
2.046000
1.981000
1.948000
1.978000
2.059000
2.014000
2.016000
2.002000
1.942000
1.997000
2.038000
2.014000
2.011000
2.039000
2.060000
1.965000
2.001000
1.984000
1.999000
2.005000
1.944000
1.971000
2.027000
2.061000
2.015000
1.996000
2.008000
2.024000
1.939000
2.047000
2.010000
2.007000
1.970000
2.003000
1.969000
1.979000
1.930000
1.982000
1.941000
2.075000
1.931000
2.058000
2.038000
1.973000
2.053000
1.978000
2.038000
1.987000
2.001000
2.001000
1.961000
1.931000
2.019000
2.009000
2.067000
2.083000
2.077000
1.963000
2.049000
1.989000
1.957000
2.024000
1.960000
1.988000
2.032000
2.005000
2.024000
2.071000
1.984000
2.059000
1.981000
1.968000
1.987000
2.067000
2.027000
1.959000
1.995000
1.985000
1.992000
1.991000
1.968000
2.011000
2.090000
2.036000
1.961000
2.045000
1.938000
1.983000
1.957000
1.976000
2.048000
2.019000
1.965000
2.066000
1.891000
2.058000
1.996000
2.067000
2.066000
1.987000
1.959000
2.066000
1.997000
1.903000
1.998000
1.939000
2.024000
2.014000
2.012000
2.052000
2.023000
1.968000
2.005000
1.974000
2.056000
2.042000
1.984000
1.961000
1.974000
2.057000
2.068000
1.930000
1.973000
2.036000
1.990000
2.003000
1.948000
2.002000
2.078000
1.995000
2.008000
2.065000
1.951000
2.087000
1.948000
2.019000
2.065000
1.958000
1.986000
2.012000
2.055000
2.039000
2.013000
2.011000
1.987000
2.008000
2.012000
2.039000
2.057000
2.033000
1.989000
2.034000
1.994000
1.961000
1.933000
1.918000
2.008000
2.007000
1.998000
1.998000
1.952000
1.944000
1.958000
1.963000
1.974000
2.018000
1.985000
1.954000
1.938000
2.027000
2.020000
2.044000
1.953000
1.986000
1.990000
2.083000
2.005000
1.923000
1.972000
2.046000
2.033000
1.982000
2.127000
2.044000
2.017000
2.051000
2.008000
1.928000
1.946000
1.933000
2.040000
2.004000
1.917000
1.993000
2.014000
2.033000
2.026000
1.943000
1.995000
1.936000
2.055000
2.012000
1.969000
2.048000
2.081000
1.922000
1.993000
1.930000
1.839000
1.993000
1.892000
2.101000
1.985000
1.961000
1.981000
2.001000
2.060000
2.034000
1.999000
1.956000
1.973000
2.006000
2.097000
2.061000
2.011000
2.023000
1.964000
1.973000
2.023000
1.978000
1.988000
2.014000
2.008000
2.008000
1.976000
1.925000
2.029000
2.002000
1.956000
1.965000
2.044000
2.039000
2.009000
1.995000
2.058000
1.931000
1.971000
1.975000
1.987000
1.964000
1.941000
2.006000
1.858000
2.008000
1.937000
2.027000
1.997000
1.935000
2.036000
2.017000
2.000000
2.006000
1.966000
2.051000
1.990000
2.036000
1.936000
2.012000
2.059000
2.027000
1.970000
1.989000
1.957000
1.922000
2.003000
1.896000
1.980000
1.984000
2.042000
1.854000
2.032000
1.977000
1.973000
2.005000
1.993000
1.967000
1.978000
1.967000
2.059000
1.984000
2.022000
2.021000
2.017000
1.949000
2.127000
1.989000
2.035000
2.034000
1.983000
2.008000
1.993000
2.046000
1.948000
1.981000
2.033000
1.954000
1.998000
2.054000
1.992000
1.972000
1.914000
2.047000
1.973000
1.969000
2.114000
2.074000
2.051000
2.085000
2.043000
2.006000
2.092000
1.989000
1.992000
2.054000
2.018000
1.994000
1.967000
1.992000
1.999000
1.977000
1.969000
1.972000
2.023000
2.064000
1.957000
1.921000
2.016000
1.999000
1.974000
2.023000
1.996000
1.935000
1.955000
1.930000
2.000000
2.023000
2.018000
1.999000
1.974000
2.010000
1.951000
2.005000
1.958000
2.057000
2.090000
1.944000
1.946000
2.036000
2.049000
1.998000
2.033000
2.029000
2.052000
2.037000
1.994000
2.029000
1.939000
1.986000
1.956000
2.032000
2.016000
2.016000
1.976000
2.044000
2.029000
2.011000
2.031000
1.975000
2.042000
1.983000
1.934000
1.931000
2.020000
2.042000
1.996000
2.038000
1.929000
2.004000
2.041000
1.972000
2.063000
1.974000
1.957000
2.004000
1.968000
2.077000
2.106000
1.979000
1.960000
2.070000
1.971000
2.083000
2.026000
1.936000
2.042000
1.942000
2.023000
1.992000
2.056000
2.027000
2.002000
1.905000
2.021000
1.970000
2.042000
2.051000
1.943000
2.019000
2.016000
1.990000
1.965000
2.013000
2.004000
2.002000
2.107000
2.001000
1.958000
2.035000
1.931000
2.041000
1.945000
2.072000
2.025000
2.007000
2.014000
2.033000
2.007000
1.937000
2.071000
1.995000
2.007000
2.019000
2.048000
2.073000
1.984000
1.984000
2.032000
1.922000
2.025000
2.002000
1.952000
2.022000
1.967000
2.006000
1.919000
2.031000
2.079000
2.036000
2.098000
1.996000
1.946000
1.940000
2.034000
1.969000
2.055000
2.054000
1.955000
2.091000
2.008000
2.031000
1.965000
2.000000
2.031000
2.055000
1.992000
1.966000
1.955000
2.017000
1.937000
1.927000
1.951000
2.048000
1.986000
1.956000
1.984000
2.108000
1.954000
1.978000
1.959000
1.986000
1.914000
1.927000
2.035000
2.029000
2.003000
1.999000
2.035000
2.039000
1.973000
2.009000
2.038000
1.982000
2.046000
1.960000
2.042000
2.036000
1.973000
2.045000
2.100000
1.983000
2.015000
1.942000
2.007000
2.037000
1.995000
2.033000
1.944000
2.055000
1.977000
1.984000
1.950000
1.968000
1.878000
1.962000
2.023000
2.057000
2.007000
2.009000
1.895000
1.934000
1.970000
2.084000
1.971000
2.061000
1.993000
1.953000
2.049000
2.009000
2.048000
1.968000
1.995000
2.053000
1.974000
2.021000
2.016000
2.038000
2.031000
2.021000
2.016000
2.008000
1.909000
1.911000
1.927000
1.894000
1.949000
2.024000
1.975000
2.006000
1.959000
1.990000
1.989000
1.919000
2.021000
1.961000
1.982000
1.927000
1.990000
1.876000
1.967000
2.012000
1.934000
1.997000
1.967000
2.024000
1.991000
1.942000
1.952000
2.098000
1.996000
2.041000
2.069000
2.055000
1.954000
1.956000
2.000000
2.085000
2.031000
2.063000
1.974000
1.994000
1.918000
2.011000
1.984000
1.888000
1.953000
2.002000
2.011000
2.026000
1.996000
1.966000
1.960000
2.004000
1.938000
1.944000
2.089000
2.041000
2.045000
2.033000
1.986000
1.978000
2.042000
2.033000
2.017000
2.023000
2.018000
1.959000
2.009000
1.930000
2.007000
2.020000
2.096000
2.024000
2.050000
1.951000
2.003000
2.068000
2.012000
2.009000
1.962000
2.045000
1.994000
2.068000
1.958000
1.995000
1.988000
1.956000
1.958000
1.996000
2.018000
1.983000
1.946000
1.971000
1.977000
1.973000
2.095000
1.967000
2.052000
2.126000
1.987000
1.981000
1.991000
1.969000
2.062000
1.955000
2.005000
1.891000
2.002000
1.994000
1.993000
2.019000
2.011000
1.963000
2.056000
1.979000
2.033000
2.006000
1.938000
1.953000
2.003000
2.052000
2.045000
1.995000
1.992000
2.033000
1.945000
1.994000
2.012000
2.008000
1.965000
2.006000
2.045000
1.959000
1.994000
1.966000
1.979000
2.044000
2.028000
1.937000
1.993000
1.949000
2.009000
2.005000
2.042000
1.988000
2.028000
2.061000
2.008000
2.003000
1.939000
1.996000
1.979000
2.015000
2.071000
2.022000
1.935000
2.046000
2.025000
1.990000
2.024000
2.055000
2.041000
2.083000
2.049000
1.881000
2.030000
1.937000
2.033000
1.969000
2.001000
2.066000
2.035000
1.976000
1.962000
2.008000
1.937000
1.994000
2.065000
2.061000
1.950000
1.983000
2.083000
1.962000
2.000000
2.057000
1.983000
1.970000
2.044000
1.962000
1.914000
1.915000
2.001000
1.990000
2.002000
2.068000
2.065000
2.031000
2.078000
1.987000
2.037000
1.969000
1.983000
2.064000
2.001000
2.091000
1.951000
1.999000
1.939000
2.009000
1.974000
2.044000
1.997000
2.061000
2.029000
2.002000
1.974000
1.971000
2.020000
1.955000
2.005000
1.997000
2.037000
2.054000
2.068000
2.056000
1.918000
2.008000
2.013000
1.955000
1.953000
2.035000
1.988000
2.020000
1.994000
2.084000
1.955000
2.030000
2.083000
2.025000
2.001000
1.890000
1.999000
1.999000
2.110000
1.997000
1.988000
1.908000
1.977000
2.028000
1.990000
2.011000
1.973000
1.907000
2.008000
2.015000
2.042000
2.043000
2.046000
2.016000
1.980000
2.029000
1.926000
1.996000
1.952000
1.973000
1.959000
1.976000
2.067000
1.960000
1.944000
1.972000
1.955000
1.891000
1.953000
1.962000
2.079000
1.989000
2.050000
2.030000
1.957000
1.994000
2.076000
1.963000
2.082000
1.992000
2.043000
1.988000
1.902000
2.016000
1.976000
1.893000
1.988000
1.996000
1.972000
2.007000
1.996000
2.002000
1.995000
2.007000
2.020000
2.057000
1.975000
1.942000
2.029000
2.036000
1.976000
2.017000
2.035000
1.928000
1.948000
2.039000
2.015000
2.031000
2.021000
1.986000
2.069000
1.997000
2.047000
1.981000
2.002000
1.990000
1.970000
2.055000
2.109000
2.058000
1.932000
1.894000
1.960000
1.951000
1.943000
1.958000
1.944000
1.969000
2.073000
1.959000
2.022000
2.052000
2.124000
2.013000
2.014000
1.999000
2.043000
2.024000
2.029000
1.982000
1.959000
1.949000
1.991000
1.938000
2.049000
2.046000
1.960000
1.953000
2.053000
1.980000
2.008000
2.047000
1.927000
1.980000
2.000000
1.985000
1.992000
2.001000
2.029000
2.030000
2.016000
2.094000
1.975000
1.979000
2.045000
2.043000
2.077000
1.938000
1.961000
2.059000
1.960000
2.060000
2.039000
2.065000
2.097000
2.010000
1.998000
1.948000
1.967000
2.007000
1.949000
2.005000
2.011000
1.895000
2.021000
2.051000
2.002000
1.965000
1.989000
1.994000
1.967000
2.059000
1.957000
2.001000
2.011000
1.932000
2.073000
2.049000
2.077000
2.072000
1.978000
2.025000
1.911000
2.019000
2.042000
2.009000
1.996000
2.039000
1.999000
1.979000
1.969000
1.989000
2.008000
2.021000
2.104000
1.969000
1.984000
1.989000
2.075000
1.952000
1.973000
2.045000
1.962000
1.917000
2.057000
1.946000
2.047000
2.018000
2.048000
2.013000
2.000000
1.918000
1.993000
1.984000
1.973000
1.948000
1.985000
2.005000
2.062000
2.058000
1.945000
2.019000
2.080000
2.000000
1.974000
2.082000
1.974000
1.980000
1.994000
2.063000
2.001000
1.949000
1.948000
2.087000
2.060000
1.982000
1.975000
1.981000
1.986000
2.035000
1.937000
2.014000
2.060000
2.014000
2.002000
2.093000
1.948000
1.956000
1.951000
2.033000
1.940000
2.037000
1.989000
1.933000
2.058000
2.027000
2.047000
1.994000
2.035000
1.907000
1.999000
1.977000
1.993000
1.983000
2.100000
2.046000
1.987000
1.974000
2.023000
1.914000
2.005000
2.062000
1.956000
2.024000
1.985000
1.986000
2.013000
2.065000
1.985000
2.048000
1.917000
2.044000
2.067000
1.953000
2.027000
1.992000
2.042000
2.070000
2.021000
2.067000
2.014000
1.964000
2.047000
2.061000
1.952000
2.068000
2.043000
2.048000
2.031000
1.968000
1.959000
2.002000
2.068000
1.928000
1.999000
2.005000
2.008000
2.017000
2.019000
2.002000
2.022000
2.016000
1.974000
1.935000
2.003000
2.109000
2.018000
1.946000
2.056000
2.048000
2.010000
2.056000
1.965000
1.990000
1.937000
1.971000
2.043000
2.026000
1.964000
1.882000
2.056000
1.997000
2.023000
1.919000
1.926000
1.961000
2.029000
2.114000
1.984000
1.956000
1.959000
1.958000
2.025000
1.963000
1.997000
1.995000
1.908000
2.008000
2.015000
2.019000
2.055000
1.966000
1.977000
2.006000
1.944000
1.975000
1.990000
2.123000
1.991000
1.933000
1.930000
1.988000
2.009000
1.925000
2.032000
2.023000
1.923000
2.005000
1.994000
2.038000
2.008000
1.973000
1.964000
2.014000
2.069000
2.053000
1.995000
1.971000
1.990000
1.998000
1.942000
2.006000
2.041000
1.992000
1.933000
2.035000
1.992000
2.000000
1.959000
1.972000
2.071000
2.124000
2.023000
1.945000
2.074000
2.028000
2.042000
1.951000
2.088000
1.988000
1.979000
1.990000
2.054000
1.968000
2.036000
2.012000
2.014000
2.077000
1.959000
2.021000
2.003000
1.994000
2.002000
1.990000
2.039000
2.037000
2.086000
2.019000
1.973000
1.987000
2.012000
1.995000
1.923000
1.985000
2.018000
2.013000
2.005000
2.049000
1.982000
2.029000
1.923000
1.941000
1.942000
1.952000
2.000000
1.987000
1.968000
2.057000
2.037000
1.998000
2.024000
1.997000
2.106000
1.949000
1.997000
1.995000
1.997000
1.948000
1.977000
1.990000
2.009000
1.947000
1.952000
2.065000
1.959000
1.980000
2.054000
1.981000
1.997000
1.964000
2.024000
1.986000
2.002000
1.951000
1.977000
1.929000
1.992000
2.037000
2.083000
2.024000
1.967000
2.007000
2.037000
1.969000
2.074000
1.931000
1.981000
2.003000
2.035000
2.037000
1.961000
1.963000
2.111000
1.951000
2.029000
1.921000
1.980000
1.999000
1.969000
1.950000
2.051000
1.938000
2.013000
2.039000
2.020000
2.000000
2.036000
1.980000
1.930000
2.003000
1.983000
1.952000
2.012000
1.994000
2.015000
2.038000
2.088000
1.965000
2.041000
1.979000
2.005000
1.962000
2.037000
1.940000
1.940000
2.021000
1.960000
1.911000
2.024000
2.002000
1.882000
1.977000
2.025000
2.006000
2.061000
1.922000
2.022000
2.026000
1.964000
2.024000
1.939000
1.991000
1.965000
2.001000
2.055000
2.056000
2.066000
1.988000
2.024000
1.920000
2.078000
2.064000
1.964000
2.022000
1.964000
2.007000
2.011000
1.972000
1.915000
1.980000
2.063000
2.039000
1.996000
2.055000
2.047000
2.017000
2.046000
1.921000
1.977000
1.977000
1.960000
1.983000
1.995000
2.055000
1.988000
2.002000
2.070000
2.045000
2.085000
2.043000
2.015000
2.011000
1.996000
1.923000
2.040000
2.036000
1.949000
1.973000
2.077000
2.062000
2.123000
2.024000
2.006000
2.075000
2.029000
2.047000
1.908000
2.038000
2.052000
1.943000
1.980000
2.087000
1.981000
1.952000
1.898000
2.026000
2.010000
2.067000
2.042000
2.009000
2.003000
2.040000
1.999000
1.907000
2.024000
2.008000
1.973000
1.992000
2.048000
1.988000
2.077000
1.950000
2.019000
1.959000
2.037000
2.011000
2.011000
2.005000
1.996000
2.017000
2.011000
2.078000
2.020000
2.060000
1.971000
1.965000
1.996000
1.974000
1.958000
2.016000
1.933000
2.027000
2.032000
2.037000
1.978000
2.015000
2.051000
2.043000
2.011000
1.940000
1.977000
2.049000
2.037000
1.928000
1.983000
1.975000
2.106000
1.947000
1.991000
1.967000
2.051000
1.975000
2.004000
2.032000
2.065000
2.032000
1.971000
2.018000
2.080000
1.961000
1.990000
2.006000
2.002000
2.064000
2.027000
1.975000
1.984000
2.066000
1.989000
2.017000
2.023000
1.942000
1.988000
2.005000
1.952000
2.007000
2.020000
1.993000
2.023000
2.035000
1.974000
1.998000
1.971000
1.974000
2.052000
2.046000
2.038000
2.039000
2.009000
2.009000
2.013000
1.990000
1.987000
1.921000
1.939000
1.995000
1.981000
2.005000
1.925000
1.865000
1.943000
1.977000
1.956000
1.990000
2.004000
1.972000
2.097000
2.026000
1.966000
2.107000
1.965000
1.982000
1.948000
1.974000
2.035000
1.997000
1.994000
2.019000
1.977000
1.997000
1.991000
2.058000
2.007000
1.988000
1.967000
2.053000
1.996000
1.996000
2.014000
2.002000
1.976000
1.986000
1.987000
2.012000
1.962000
1.982000
2.019000
1.962000
1.930000
2.055000
1.991000
2.025000
2.018000
1.958000
2.072000
1.900000
1.975000
1.993000
1.985000
2.026000
1.923000
1.999000
2.000000
2.005000
2.036000
2.022000
1.975000
2.065000
1.968000
2.014000
2.018000
1.976000
2.047000
1.948000
2.013000
1.943000
2.028000
1.982000
1.988000
2.015000
2.057000
2.066000
1.930000
2.037000
2.018000
1.983000
1.996000
1.887000
1.966000
1.967000
2.036000
1.986000
1.970000
1.993000
1.963000
1.984000
1.999000
2.034000
2.016000
1.964000
1.980000
1.957000
1.973000
1.935000
1.959000
1.996000
1.962000
2.012000
2.057000
2.077000
2.051000
2.023000
2.007000
1.867000
1.980000
2.003000
2.006000
2.006000
1.995000
1.972000
1.997000
1.995000
2.052000
2.016000
2.043000
2.069000
1.979000
2.031000
2.033000
2.127000
1.991000
2.089000
2.036000
1.979000
1.980000
2.031000
2.006000
2.003000
2.031000
2.077000
1.995000
2.031000
2.020000
1.950000
1.988000
2.014000
1.988000
1.987000
2.070000
2.054000
1.962000
1.997000
2.023000
2.026000
1.916000
2.049000
1.913000
1.965000
2.008000
2.024000
1.976000
2.026000
1.996000
2.043000
1.971000
1.968000
1.993000
2.071000
2.007000
2.009000
1.942000
1.969000
2.022000
1.977000
1.977000
2.138000
2.030000
1.934000
2.044000
2.066000
1.971000
2.014000
2.005000
2.034000
2.019000
2.004000
1.933000
1.948000
2.032000
2.041000
1.986000
1.993000
1.989000
2.001000
2.031000
1.945000
1.999000
1.943000
1.937000
2.006000
1.935000
1.977000
1.979000
1.989000
1.957000
1.952000
1.960000
2.032000
1.983000
2.050000
2.031000
1.940000
2.051000
1.991000
1.908000
1.960000
2.066000
2.090000
1.982000
2.091000
2.015000
2.035000
2.060000
2.002000
1.958000
1.956000
2.024000
1.915000
1.993000
2.052000
1.900000
2.012000
2.018000
1.923000
1.982000
1.951000
1.982000
1.965000
1.930000
1.933000
1.927000
2.025000
1.987000
2.039000
2.067000
2.010000
2.005000
2.025000
1.937000
1.987000
2.020000
1.997000
2.015000
2.008000
2.015000
2.020000
1.986000
1.988000
2.016000
2.051000
2.035000
2.021000
1.999000
1.946000
1.962000
1.972000
1.982000
1.966000
1.996000
2.020000
1.990000
1.953000
1.912000
1.985000
2.082000
2.059000
1.919000
1.927000
2.074000
2.024000
1.979000
1.970000
2.004000
2.007000
1.952000
2.039000
1.985000
2.007000
1.929000
1.972000
1.917000
2.004000
1.934000
2.005000
2.020000
2.015000
1.983000
1.974000
2.054000
2.015000
2.046000
2.069000
1.932000
2.041000
1.953000
2.005000
2.085000
2.023000
1.994000
2.000000
2.091000
1.979000
1.932000
2.013000
2.018000
1.971000
1.962000
1.951000
2.015000
1.888000
1.997000
1.999000
2.043000
1.956000
2.187000
1.991000
2.026000
1.966000
1.978000
2.023000
2.020000
1.988000
2.101000
1.954000
1.992000
1.994000
2.034000
1.964000
1.965000
1.976000
1.976000
2.019000
2.028000
2.054000
2.094000
2.088000
1.999000
2.013000
2.006000
2.067000
2.001000
2.015000
1.986000
1.949000
1.976000
1.939000
2.102000
2.016000
2.001000
1.979000
1.986000
1.982000
1.982000
1.952000
2.059000
1.959000
1.974000
2.037000
2.018000
2.036000
1.990000
1.965000
2.053000
1.980000
1.996000
1.948000
1.975000
2.024000
1.992000
2.002000
2.005000
2.013000
1.951000
2.002000
1.930000
1.997000
1.998000
1.987000
1.984000
1.996000
2.032000
2.037000
1.939000
2.063000
2.016000
1.981000
1.936000
1.975000
2.041000
2.030000
2.093000
2.053000
2.018000
1.935000
2.047000
1.966000
1.975000
2.022000
1.964000
1.969000
1.948000
1.965000
1.956000
1.980000
1.980000
1.903000
2.026000
2.000000
1.949000
2.004000
2.003000
2.030000
2.019000
1.960000
1.975000
2.040000
1.971000
1.979000
1.955000
1.967000
2.027000
2.021000
1.981000
2.002000
1.985000
1.978000
1.985000
1.996000
1.980000
1.936000
1.970000
1.953000
1.943000
1.987000
1.999000
1.950000
2.010000
2.083000
1.883000
1.964000
2.012000
2.065000
1.928000
1.971000
1.992000
2.037000
1.953000
1.951000
2.024000
2.023000
2.007000
2.041000
2.048000
2.051000
2.069000
2.063000
2.000000
2.036000
2.063000
1.925000
1.922000
1.911000
2.011000
1.994000
2.011000
2.027000
2.003000
1.954000
1.951000
1.955000
2.023000
1.958000
1.938000
1.968000
1.967000
2.053000
2.006000
2.004000
1.970000
1.982000
1.952000
2.011000
2.014000
2.065000
1.998000
2.048000
1.873000
2.029000
1.990000
1.986000
1.980000
2.010000
1.933000
2.069000
1.997000
1.985000
2.052000
1.953000
1.994000
1.977000
1.991000
2.041000
1.980000
2.078000
2.030000
2.133000
1.972000
2.064000
2.041000
1.903000
1.940000
1.989000
2.070000
2.021000
1.976000
1.993000
1.975000
2.052000
2.053000
1.945000
2.052000
2.020000
2.000000
1.979000
2.002000
2.109000
1.985000
1.994000
2.030000
1.965000
1.948000
2.022000
1.945000
1.957000
1.971000
2.010000
2.016000
1.941000
1.931000
2.040000
2.028000
1.981000
1.986000
2.038000
1.998000
2.082000
2.096000
1.984000
1.963000
1.927000
1.956000
2.005000
2.025000
2.031000
2.095000
2.074000
1.926000
1.950000
2.032000
2.016000
2.020000
1.899000
2.014000
1.986000
2.027000
2.032000
1.984000
2.059000
1.986000
2.085000
1.917000
1.970000
2.038000
1.941000
1.963000
1.965000
1.975000
1.965000
1.954000
2.052000
2.000000
2.043000
1.968000
2.057000
2.059000
2.002000
1.979000
2.045000
2.010000
2.020000
1.956000
2.019000
2.014000
2.045000
1.971000
1.996000
1.971000
2.010000
2.008000
2.076000
1.994000
2.044000
1.918000
1.975000
2.108000
1.997000
1.990000
1.989000
2.017000
2.001000
1.963000
2.004000
1.962000
2.053000
1.983000
1.987000
2.013000
1.988000
2.030000
2.052000
2.043000
1.965000
1.971000
2.003000
1.963000
1.980000
1.851000
2.017000
2.050000
1.941000
1.983000
1.967000
1.935000
2.072000
2.047000
1.923000
1.998000
2.040000
2.004000
1.950000
1.967000
2.022000
1.965000
1.991000
2.053000
1.969000
1.974000
2.043000
2.004000
1.989000
1.998000
1.982000
2.035000
1.982000
1.940000
2.072000
1.904000
2.044000
1.965000
1.954000
1.996000
1.983000
1.923000
1.946000
2.041000
1.969000
2.005000
2.037000
1.975000
2.044000
1.882000
2.045000
2.055000
1.954000
1.987000
2.000000
2.012000
1.949000
2.031000
2.015000
1.984000
1.995000
1.966000
1.917000
2.002000
2.029000
1.975000
2.010000
2.020000
2.020000
1.956000
2.085000
2.035000
2.022000
2.012000
1.943000
2.087000
2.077000
1.983000
1.987000
1.976000
1.996000
1.907000
1.939000
2.058000
2.011000
1.966000
1.936000
2.018000
2.006000
1.924000
2.029000
1.975000
2.017000
1.993000
1.964000
2.013000
2.032000
1.941000
1.980000
1.973000
2.021000
2.025000
2.003000
1.994000
2.016000
2.020000
1.997000
2.046000
1.962000
1.990000
2.032000
1.972000
2.081000
1.931000
2.024000
2.004000
1.984000
2.019000
2.008000
1.960000
1.973000
2.036000
2.087000
1.960000
1.962000
1.951000
1.966000
1.911000
2.055000
2.001000
2.034000
1.956000
1.976000
2.054000
2.084000
2.028000
2.020000
2.083000
1.948000
1.967000
1.984000
2.024000
1.978000
1.956000
1.959000
2.030000
2.026000
1.988000
1.959000
1.952000
1.991000
1.957000
2.036000
2.095000
2.102000
1.942000
2.105000
2.055000
1.983000
2.069000
2.010000
1.939000
1.998000
2.031000
1.982000
1.992000
2.008000
1.969000
2.058000
2.115000
2.052000
2.035000
1.982000
1.969000
1.945000
1.940000
2.033000
2.020000
1.965000
2.018000
2.004000
1.957000
2.028000
2.044000
2.066000
2.051000
1.987000
1.957000
2.098000
1.988000
1.984000
2.032000
1.932000
1.969000
2.021000
1.944000
1.990000
2.046000
2.091000
2.038000
1.984000
1.921000
2.025000
2.035000
1.995000
1.944000
2.044000
2.077000
1.995000
1.937000
1.950000
2.000000
1.973000
2.077000
2.070000
2.077000
1.955000
2.013000
2.049000
2.059000
1.933000
1.983000
2.007000
2.022000
1.947000
1.999000
1.851000
1.913000
2.048000
1.967000
1.949000
1.962000
2.021000
1.938000
1.994000
1.979000
1.925000
1.986000
1.956000
2.049000
2.049000
1.951000
1.929000
2.047000
1.958000
1.948000
1.979000
2.003000
2.031000
2.000000
1.991000
2.047000
1.964000
2.011000
2.017000
1.983000
1.997000
2.012000
2.058000
1.959000
2.027000
2.035000
2.101000
1.954000
2.070000
1.994000
2.012000
2.033000
2.029000
2.019000
2.039000
1.917000
1.948000
1.976000
2.089000
1.919000
1.993000
1.982000
1.985000
1.950000
2.001000
1.964000
2.041000
2.037000
1.984000
2.013000
1.955000
1.995000
1.949000
1.946000
2.039000
2.002000
1.965000
2.020000
1.968000
2.013000
1.956000
1.973000
1.953000
1.970000
1.954000
2.031000
1.911000
1.950000
2.004000
1.997000
2.037000
1.979000
1.923000
2.050000
1.959000
1.955000
1.936000
2.060000
1.952000
1.936000
2.044000
1.974000
2.004000
2.021000
1.896000
1.989000
2.026000
2.021000
1.988000
2.066000
1.969000
1.986000
1.940000
2.026000
1.989000
2.072000
1.970000
1.993000
1.978000
2.080000
1.921000
2.041000
1.917000
1.963000
1.921000
2.027000
1.964000
1.962000
2.010000
2.082000
1.954000
2.018000
2.037000
1.918000
1.960000
1.995000
2.042000
2.012000
1.957000
1.995000
2.033000
2.001000
2.052000
1.944000
1.956000
1.983000
2.006000
2.021000
1.957000
1.966000
2.010000
2.028000
2.071000
2.094000
1.991000
1.993000
1.958000
1.951000
1.950000
1.919000
2.030000
2.023000
1.933000
1.948000
2.062000
2.057000
1.993000
2.020000
2.025000
2.066000
2.020000
1.995000
2.026000
2.047000
2.099000
1.982000
1.930000
2.084000
1.922000
1.987000
2.059000
2.052000
1.990000
1.991000
2.006000
2.006000
1.985000
2.029000
1.898000
2.058000
2.023000
2.006000
1.985000
2.000000
1.998000
1.897000
2.005000
2.050000
1.960000
1.938000
1.942000
2.109000
1.959000
2.034000
2.056000
2.025000
2.090000
1.960000
1.975000
2.063000
1.955000
1.978000
2.011000
2.055000
2.001000
1.953000
2.094000
2.018000
1.959000
1.999000
1.934000
1.991000
2.012000
1.964000
1.995000
1.998000
2.038000
2.022000
2.074000
1.977000
2.053000
1.940000
1.920000
2.033000
2.012000
1.961000
2.029000
1.972000
2.028000
1.986000
2.058000
2.002000
1.950000
2.016000
1.981000
2.012000
1.961000
2.017000
2.001000
2.049000
2.092000
2.038000
1.963000
1.944000
2.002000
2.092000
1.947000
2.029000
2.006000
1.991000
1.938000
1.991000
1.959000
2.027000
2.026000
1.955000
1.968000
2.028000
2.098000
2.025000
2.011000
2.035000
1.980000
1.991000
1.968000
1.961000
2.015000
2.014000
2.011000
2.042000
1.997000
1.939000
1.989000
2.045000
1.966000
1.953000
2.006000
1.897000
1.984000
2.061000
1.997000
1.975000
1.973000
2.060000
1.980000
1.941000
1.927000
1.971000
2.018000
2.003000
2.037000
1.946000
1.963000
1.935000
2.015000
2.001000
2.030000
1.978000
2.005000
2.046000
1.923000
2.084000
1.960000
2.027000
2.069000
1.997000
1.954000
1.916000
2.028000
1.967000
1.921000
2.033000
2.050000
2.008000
2.032000
1.937000
1.990000
1.985000
1.996000
1.972000
1.980000
1.874000
2.040000
1.969000
2.073000
1.985000
1.961000
1.937000
2.045000
2.078000
1.993000
1.955000
2.010000
2.008000
2.020000
2.022000
1.838000
1.992000
1.994000
1.976000
1.988000
1.950000
1.925000
2.050000
1.969000
1.944000
2.009000
1.987000
2.053000
1.961000
1.980000
2.047000
1.944000
1.963000
1.950000
2.023000
1.971000
2.020000
1.914000
1.953000
1.888000
2.005000
1.968000
1.978000
1.933000
2.089000
1.945000
2.027000
2.020000
1.993000
2.031000
1.953000
1.945000
2.050000
1.952000
2.009000
2.028000
1.988000
1.997000
1.981000
1.949000
1.991000
1.979000
2.000000
1.936000
2.002000
1.959000
1.984000
2.032000
2.037000
1.971000
2.020000
1.991000
1.987000
2.074000
1.989000
1.953000
1.975000
1.999000
2.014000
2.115000
1.962000
1.947000
2.033000
1.918000
2.002000
2.066000
1.999000
1.980000
2.050000
1.931000
2.025000
1.931000
1.997000
2.012000
1.983000
1.942000
2.038000
1.950000
2.028000
2.016000
1.980000
1.978000
1.902000
1.945000
2.035000
2.011000
2.031000
2.036000
2.066000
1.987000
1.986000
1.955000
1.950000
2.011000
2.041000
2.026000
2.016000
2.016000
2.011000
2.030000
2.007000
1.966000
2.014000
2.056000
1.989000
1.983000
2.045000
1.937000
2.014000
1.955000
1.959000
1.970000
1.934000
1.945000
2.058000
2.002000
2.039000
2.016000
1.947000
2.019000
1.920000
1.974000
2.039000
1.949000
1.992000
2.057000
1.941000
2.048000
1.911000
2.004000
2.052000
2.007000
1.952000
2.051000
1.977000
1.964000
2.011000
1.943000
2.047000
2.075000
1.955000
2.032000
2.000000
1.964000
1.988000
1.943000
2.010000
2.004000
1.999000
2.025000
2.025000
1.934000
1.911000
2.025000
1.990000
1.983000
1.968000
2.000000
1.980000
2.056000
1.936000
1.972000
1.925000
2.016000
2.055000
2.007000
2.040000
1.988000
2.011000
2.018000
2.024000
1.973000
1.971000
1.910000
2.008000
2.008000
2.080000
2.046000
2.027000
1.944000
1.951000
1.992000
1.950000
1.994000
2.015000
2.031000
1.975000
1.965000
2.013000
2.033000
1.991000
2.022000
1.924000
2.005000
2.036000
2.135000
2.008000
2.025000
1.994000
1.974000
2.006000
2.018000
2.081000
1.957000
2.084000
1.998000
2.023000
2.012000
2.003000
2.007000
2.039000
2.038000
1.909000
1.985000
2.038000
1.953000
1.962000
2.047000
2.058000
2.009000
2.075000
2.020000
1.963000
1.979000
1.972000
1.970000
1.968000
2.024000
1.940000
1.983000
2.053000
2.066000
1.978000
2.008000
2.026000
1.997000
2.072000
1.926000
1.948000
2.005000
1.917000
2.049000
1.997000
2.056000
2.004000
1.910000
1.989000
1.988000
2.039000
1.966000
1.969000
1.988000
1.900000
1.888000
2.033000
1.995000
2.066000
2.028000
1.877000
2.044000
2.020000
2.023000
2.022000
1.977000
2.021000
2.022000
1.958000
2.046000
2.100000
1.956000
2.093000
1.952000
1.993000
1.934000
2.003000
1.954000
2.008000
2.050000
2.012000
2.037000
2.024000
2.018000
1.970000
1.897000
1.951000
2.000000
2.040000
1.982000
2.043000
1.998000
1.985000
2.001000
2.018000
2.017000
1.945000
2.030000
2.002000
2.052000
1.998000
2.015000
2.076000
2.045000
1.940000
1.947000
1.987000
1.987000
1.980000
1.954000
2.080000
2.074000
1.957000
2.057000
1.996000
1.954000
2.044000
2.101000
2.070000
1.936000
2.012000
2.021000
2.075000
2.066000
2.024000
1.983000
1.856000
1.962000
2.041000
1.927000
1.970000
2.021000
2.092000
2.005000
1.950000
1.948000
1.990000
2.033000
2.014000
1.970000
2.052000
1.911000
2.054000
2.099000
2.041000
2.026000
2.047000
2.023000
1.917000
2.013000
1.954000
2.077000
2.110000
1.966000
2.003000
2.023000
2.062000
2.008000
2.077000
1.989000
1.929000
2.008000
2.031000
2.073000
2.066000
1.992000
1.981000
1.996000
1.938000
1.980000
2.026000
2.017000
1.994000
1.976000
2.094000
1.968000
2.052000
1.980000
2.063000
1.992000
1.967000
2.073000
1.902000
1.944000
1.962000
1.979000
2.027000
2.081000
1.918000
1.964000
2.022000
1.976000
1.992000
2.003000
2.018000
2.049000
1.962000
1.999000
2.028000
2.022000
1.948000
2.022000
2.053000
1.989000
2.032000
1.918000
1.953000
1.944000
1.995000
1.982000
1.964000
1.977000
1.920000
1.934000
1.907000
2.065000
1.980000
2.072000
2.020000
2.079000
1.946000
1.924000
2.028000
2.013000
2.026000
2.068000
2.098000
1.990000
2.023000
2.076000
2.004000
2.069000
1.949000
1.919000
1.964000
2.030000
1.992000
1.970000
2.052000
1.962000
2.044000
1.973000
2.018000
1.988000
2.009000
2.000000
2.002000
1.942000
2.018000
2.000000
1.967000
2.071000
1.954000
1.993000
1.906000
1.976000
1.958000
2.016000
1.994000
1.983000
2.052000
2.006000
1.982000
1.989000
2.010000
1.969000
1.996000
2.043000
1.978000
1.967000
1.984000
1.979000
2.087000
2.017000
1.985000
2.036000
1.927000
2.060000
2.005000
2.003000
2.036000
1.999000
2.059000
2.059000
2.057000
1.991000
2.071000
2.014000
1.911000
1.956000
1.972000
2.034000
1.987000
1.950000
1.925000
1.965000
2.099000
2.021000
1.977000
2.047000
1.978000
1.979000
1.955000
2.019000
2.030000
1.973000
2.010000
2.004000
1.944000
2.030000
1.955000
1.982000
2.081000
1.962000
2.042000
2.014000
2.012000
1.997000
1.994000
2.015000
1.943000
2.021000
1.960000
2.054000
1.933000
1.954000
2.055000
1.989000
1.958000
2.001000
2.025000
2.017000
1.981000
2.009000
2.074000
2.054000
1.985000
2.012000
1.932000
2.003000
1.991000
1.995000
1.978000
2.046000
2.045000
2.032000
2.055000
2.046000
1.979000
2.039000
2.027000
1.998000
1.943000
1.982000
1.999000
2.047000
1.993000
1.966000
1.951000
1.962000
1.974000
1.943000
1.965000
1.962000
2.026000
2.065000
1.953000
1.905000
2.011000
2.001000
2.018000
2.052000
2.026000
1.954000
2.031000
1.968000
2.032000
1.955000
1.995000
2.045000
2.114000
1.996000
2.011000
1.998000
2.095000
2.017000
1.925000
2.019000
2.015000
2.029000
1.979000
1.996000
1.976000
2.025000
2.082000
1.939000
2.007000
1.986000
2.086000
2.023000
1.994000
1.974000
2.036000
2.016000
1.932000
2.008000
1.977000
1.988000
1.980000
2.012000
1.940000
2.049000
1.972000
1.949000
2.005000
2.011000
1.915000
1.960000
1.963000
2.045000
2.025000
2.006000
2.065000
1.951000
1.899000
2.037000
1.996000
2.027000
1.960000
1.962000
2.003000
2.027000
1.995000
2.012000
2.017000
2.002000
2.054000
2.079000
1.933000
1.924000
2.018000
2.006000
1.953000
2.004000
1.959000
1.955000
1.984000
2.065000
1.983000
2.029000
2.073000
2.000000
1.980000
1.977000
2.035000
1.943000
2.032000
2.038000
2.008000
1.961000
1.997000
2.008000
1.998000
2.042000
1.958000
1.979000
2.034000
1.956000
1.952000
1.996000
1.942000
2.050000
1.951000
2.072000
2.012000
1.969000
1.978000
2.020000
2.020000
1.992000
1.967000
1.883000
2.047000
2.025000
1.981000
2.004000
2.008000
1.949000
2.035000
1.999000
1.981000
1.969000
2.006000
2.034000
1.983000
2.003000
2.059000
1.971000
2.022000
2.016000
2.026000
2.060000
1.966000
1.943000
1.996000
2.060000
2.026000
1.982000
1.998000
2.037000
2.039000
1.988000
1.967000
2.022000
2.004000
1.951000
2.028000
2.008000
2.045000
1.967000
2.008000
2.017000
1.927000
1.998000
1.977000
2.011000
2.041000
1.926000
1.992000
2.002000
2.014000
2.046000
1.997000
1.978000
1.988000
2.072000
1.987000
1.983000
1.987000
2.091000
1.979000
2.030000
2.039000
1.953000
1.965000
1.932000
2.003000
2.070000
2.027000
2.002000
1.980000
1.989000
1.908000
1.943000
2.050000
1.965000
1.993000
2.044000
2.041000
1.997000
2.045000
1.971000
1.986000
2.007000
1.954000
1.999000
2.004000
2.011000
1.974000
1.962000
2.020000
1.965000
2.057000
1.959000
1.949000
1.977000
1.990000
2.015000
1.916000
2.083000
2.001000
1.962000
2.004000
1.941000
2.063000
2.018000
1.949000
1.968000
1.999000
1.987000
1.960000
2.025000
1.968000
2.032000
1.976000
2.077000
1.943000
2.024000
2.119000
2.048000
1.975000
1.949000
2.077000
2.037000
1.968000
2.050000
1.965000
2.009000
1.961000
1.995000
1.992000
2.035000
2.010000
2.054000
1.985000
1.939000
1.969000
1.978000
2.000000
1.956000
2.031000
1.915000
2.084000
1.998000
1.925000
1.963000
1.916000
1.999000
2.054000
2.017000
1.948000
2.064000
1.966000
1.940000
2.010000
2.041000
2.080000
2.037000
2.110000
2.011000
1.872000
2.029000
2.030000
2.017000
1.986000
1.990000
1.987000
2.025000
2.026000
2.038000
1.984000
1.973000
2.016000
1.909000
2.012000
1.961000
1.994000
1.995000
1.990000
2.010000
1.931000
2.027000
2.020000
2.034000
1.926000
2.010000
1.997000
1.973000
1.972000
2.027000
1.993000
2.046000
1.992000
1.972000
1.999000
1.989000
1.866000
1.990000
2.009000
2.059000
1.957000
1.985000
2.000000
2.029000
2.099000
2.059000
1.985000
2.067000
1.953000
2.052000
2.010000
2.074000
2.095000
1.993000
1.973000
2.003000
2.098000
2.019000
1.946000
1.958000
1.959000
1.963000
1.964000
1.973000
1.958000
2.011000
2.046000
2.007000
2.031000
2.036000
1.929000
2.069000
2.045000
1.989000
2.053000
2.006000
1.972000
1.998000
1.967000
2.031000
2.010000
2.023000
1.969000
1.962000
1.932000
1.948000
2.002000
1.998000
2.033000
1.940000
2.014000
1.989000
1.988000
1.997000
1.954000
2.039000
1.981000
1.918000
2.071000
1.987000
1.992000
2.008000
2.118000
2.002000
1.998000
2.088000
1.994000
1.988000
1.994000
2.047000
1.942000
2.117000
1.973000
2.018000
1.915000
2.023000
1.964000
1.997000
1.998000
1.987000
1.975000
2.130000
2.019000
1.942000
1.973000
1.994000
2.060000
1.970000
1.997000
1.997000
1.959000
1.899000
1.969000
2.016000
1.981000
2.015000
2.051000
1.983000
2.018000
2.033000
1.988000
2.036000
1.970000
1.959000
1.896000
1.940000
2.070000
1.927000
2.008000
2.008000
2.011000
2.018000
1.982000
1.991000
1.999000
1.908000
2.034000
2.062000
1.970000
1.908000
1.947000
2.003000
1.979000
1.967000
2.024000
1.936000
2.018000
1.988000
1.903000
1.939000
2.000000
2.065000
2.005000
2.038000
1.961000
2.037000
2.148000
2.011000
1.974000
1.951000
2.035000
1.975000
1.968000
2.022000
1.995000
1.972000
1.990000
2.019000
1.929000
2.003000
2.011000
1.957000
1.973000
2.048000
2.008000
1.946000
2.105000
2.028000
1.930000
1.959000
1.988000
2.007000
2.047000
2.026000
1.957000
2.059000
1.972000
1.954000
2.030000
2.013000
2.078000
1.970000
2.025000
1.974000
1.962000
1.983000
2.083000
2.048000
2.001000
2.007000
1.986000
1.992000
2.070000
2.068000
2.047000
1.960000
1.979000
2.058000
2.004000
1.980000
2.045000
1.987000
2.033000
2.067000
1.964000
1.985000
2.023000
1.969000
2.031000
2.002000
1.940000
1.969000
1.972000
2.067000
1.994000
2.009000
1.961000
1.996000
2.038000
1.987000
1.943000
1.948000
2.018000
2.031000
1.966000
2.062000
2.010000
2.056000
1.984000
2.021000
1.937000
1.969000
2.010000
2.092000
2.042000
2.033000
1.984000
2.011000
1.999000
1.982000
1.991000
2.011000
1.966000
2.012000
2.002000
1.997000
2.012000
1.999000
1.937000
1.927000
1.994000
2.037000
1.969000
2.080000
1.982000
1.938000
1.960000
1.993000
2.036000
2.101000
1.985000
1.933000
1.952000
1.975000
2.056000
1.928000
2.032000
1.959000
1.961000
2.064000
2.031000
1.981000
1.984000
2.147000
1.892000
2.114000
1.968000
1.954000
1.976000
2.017000
1.906000
2.024000
2.024000
2.034000
2.080000
2.023000
1.992000
1.974000
2.017000
2.095000
2.021000
2.134000
1.983000
1.962000
2.048000
1.992000
2.059000
2.065000
1.986000
1.966000
2.081000
2.053000
2.006000
2.017000
1.972000
1.962000
2.038000
1.961000
2.029000
2.048000
1.993000
1.990000
1.949000
2.013000
1.999000
1.981000
2.050000
2.019000
1.992000
2.038000
1.967000
2.009000
2.037000
2.026000
2.051000
2.031000
2.060000
2.051000
1.952000
1.965000
2.056000
2.035000
2.012000
1.987000
1.944000
2.011000
2.005000
2.034000
1.970000
1.975000
2.106000
2.055000
2.010000
2.011000
1.977000
2.036000
1.983000
2.073000
2.054000
2.067000
2.050000
1.977000
1.983000
2.006000
1.992000
1.945000
2.055000
2.031000
1.972000
2.036000
2.024000
1.970000
2.021000
2.001000
1.947000
1.963000
1.989000
1.997000
2.079000
1.965000
1.964000
1.997000
2.067000
2.104000
1.997000
2.004000
2.001000
2.049000
1.991000
2.056000
1.972000
2.093000
1.963000
1.990000
2.049000
1.984000
2.062000
1.959000
1.998000
1.964000
1.991000
1.954000
1.923000
2.030000
1.988000
2.011000
2.014000
2.056000
1.975000
1.978000
1.972000
2.149000
2.056000
1.953000
2.030000
2.023000
1.981000
1.941000
2.020000
2.017000
1.928000
1.950000
1.956000
2.022000
2.005000
1.958000
1.977000
1.952000
1.962000
1.981000
1.966000
2.009000
2.049000
1.957000
2.007000
1.989000
1.979000
1.981000
2.034000
1.995000
2.001000
1.960000
2.054000
2.002000
2.066000
2.038000
1.998000
2.066000
1.985000
1.936000
1.999000
2.007000
1.952000
1.979000
2.022000
1.969000
1.948000
1.961000
2.053000
2.051000
2.002000
1.972000
1.925000
1.997000
1.969000
2.010000
2.053000
1.955000
1.916000
2.035000
1.990000
1.928000
1.915000
1.972000
2.011000
2.000000
2.010000
2.005000
1.937000
1.985000
2.009000
2.004000
1.945000
1.936000
2.170000
2.030000
1.897000
1.985000
2.021000
2.005000
2.036000
2.061000
2.043000
2.050000
1.963000
2.031000
1.965000
1.986000
1.999000
1.947000
2.038000
2.001000
2.025000
2.042000
2.010000
2.060000
1.994000
2.066000
1.974000
1.996000
1.961000
1.956000
1.971000
1.970000
1.968000
2.017000
2.024000
1.985000
2.038000
2.020000
2.056000
1.938000
2.001000
2.082000
1.943000
2.012000
2.030000
1.911000
2.027000
2.053000
2.055000
2.027000
2.003000
1.962000
1.987000
2.056000
2.043000
1.914000
1.900000
1.915000
1.935000
2.011000
1.989000
2.002000
2.039000
2.014000
2.043000
2.019000
2.033000
1.981000
2.084000
1.951000
2.056000
2.095000
2.013000
1.971000
1.977000
2.009000
2.024000
1.949000
1.901000
1.972000
2.035000
2.024000
1.972000
1.931000
2.022000
2.055000
2.001000
1.947000
2.054000
1.985000
1.995000
1.944000
1.929000
2.119000
1.908000
1.993000
2.044000
1.967000
1.965000
1.967000
2.007000
2.050000
1.993000
2.010000
2.023000
1.986000
1.950000
2.040000
2.067000
2.037000
1.969000
2.018000
2.028000
2.029000
2.051000
2.062000
2.036000
2.013000
2.056000
1.983000
1.982000
2.053000
1.969000
1.960000
1.982000
2.025000
1.966000
2.017000
2.003000
2.044000
1.988000
2.086000
1.984000
1.973000
2.000000
1.951000
2.021000
2.054000
2.012000
1.952000
2.147000
2.022000
1.947000
2.033000
2.010000
2.063000
1.938000
1.974000
2.020000
2.005000
1.983000
2.058000
2.096000
2.056000
1.964000
1.943000
1.920000
1.986000
1.948000
1.981000
2.035000
2.042000
2.063000
1.923000
1.981000
1.963000
2.025000
2.045000
1.986000
1.980000
2.001000
2.014000
1.931000
2.038000
1.987000
1.982000
1.995000
2.026000
1.969000
2.036000
1.986000
2.105000
1.938000
2.009000
1.990000
1.962000
2.013000
2.017000
1.991000
1.985000
2.019000
2.026000
1.956000
1.910000
2.149000
1.904000
2.027000
1.974000
1.994000
2.011000
1.939000
2.016000
2.006000
1.985000
1.974000
2.058000
2.009000
1.963000
2.017000
2.004000
1.908000
2.036000
2.013000
2.071000
2.009000
2.051000
2.011000
1.919000
1.996000
1.963000
2.005000
1.927000
1.998000
2.037000
1.936000
1.942000
1.988000
1.994000
1.921000
1.970000
1.978000
1.975000
1.933000
1.939000
2.082000
1.891000
2.023000
1.928000
1.972000
1.935000
1.939000
2.079000
2.030000
2.072000
2.022000
2.052000
2.019000
1.976000
2.021000
1.982000
1.975000
1.963000
2.020000
1.950000
1.931000
1.992000
2.073000
1.929000
2.020000
1.999000
1.991000
1.992000
1.951000
2.004000
2.063000
2.080000
1.991000
2.015000
2.021000
2.044000
2.022000
1.920000
2.040000
2.009000
1.972000
2.008000
1.996000
2.016000
1.997000
2.067000
1.977000
2.071000
2.077000
1.966000
2.008000
2.032000
2.021000
1.996000
1.935000
1.946000
1.968000
1.978000
1.984000
1.999000
2.038000
1.983000
1.982000
2.020000
1.986000
1.962000
2.055000
1.973000
2.001000
1.994000
2.009000
1.992000
1.983000
1.939000
2.021000
1.921000
1.944000
2.028000
1.957000
1.921000
1.996000
2.029000
2.060000
1.987000
1.979000
1.991000
2.018000
2.004000
2.040000
1.996000
2.006000
1.990000
1.970000
2.026000
1.979000
2.097000
2.038000
2.001000
2.005000
1.981000
1.999000
1.918000
2.097000
2.028000
2.016000
2.034000
2.094000
1.997000
1.912000
2.061000
1.981000
1.992000
1.985000
2.012000
1.992000
2.017000
2.033000
2.070000
2.033000
2.041000
1.982000
2.030000
1.974000
2.015000
2.037000
2.031000
2.127000
1.982000
2.107000
1.974000
2.078000
1.927000
2.018000
2.034000
1.923000
2.020000
1.945000
2.030000
1.958000
1.906000
2.037000
2.060000
1.961000
1.955000
1.978000
1.978000
2.049000
2.002000
1.984000
2.046000
2.042000
2.045000
2.000000
1.997000
2.006000
1.995000
2.029000
1.962000
2.018000
2.008000
2.034000
2.029000
2.080000
2.010000
1.978000
1.968000
2.026000
1.976000
1.985000
2.025000
1.950000
2.060000
1.966000
2.027000
2.007000
1.975000
2.027000
1.969000
2.049000
2.029000
1.906000
2.015000
2.032000
2.040000
1.889000
1.987000
2.068000
2.008000
1.952000
1.995000
1.972000
1.929000
2.011000
1.964000
2.073000
1.975000
1.911000
1.952000
2.077000
2.005000
1.931000
2.025000
2.041000
2.012000
2.097000
2.024000
1.995000
2.027000
1.983000
1.983000
1.971000
1.948000
2.004000
1.995000
1.958000
2.009000
2.017000
2.024000
2.037000
1.979000
1.969000
2.041000
1.966000
2.007000
1.991000
1.969000
1.957000
1.983000
1.967000
1.997000
1.955000
1.991000
2.026000
2.095000
2.013000
1.968000
1.991000
1.984000
1.935000
2.020000
1.914000
2.043000
2.086000
1.978000
1.978000
2.000000
1.987000
2.061000
1.938000
2.048000
2.007000
2.021000
2.053000
1.987000
1.970000
1.984000
2.085000
1.986000
1.978000
2.037000
2.068000
2.031000
2.058000
2.033000
1.990000
2.150000
1.982000
1.966000
2.028000
1.900000
2.028000
2.022000
1.967000
1.981000
1.970000
2.042000
1.996000
1.929000
1.965000
1.914000
1.912000
2.019000
2.023000
2.048000
2.037000
2.055000
2.018000
1.987000
2.019000
1.950000
1.977000
2.062000
1.988000
1.985000
1.970000
1.997000
1.979000
1.962000
2.028000
1.961000
1.996000
2.062000
1.994000
2.026000
1.986000
2.082000
2.010000
2.006000
1.938000
2.017000
2.030000
1.884000
2.049000
2.005000
1.990000
2.056000
2.038000
1.929000
2.062000
1.956000
2.029000
2.089000
2.023000
2.021000
1.985000
2.037000
1.968000
2.028000
2.063000
1.952000
1.925000
2.013000
2.025000
2.106000
2.111000
2.044000
2.002000
2.005000
2.031000
1.875000
1.996000
2.054000
2.072000
2.059000
1.997000
1.925000
1.936000
1.958000
2.023000
1.868000
2.047000
1.947000
1.972000
2.058000
2.078000
1.937000
2.026000
1.950000
2.026000
2.036000
1.995000
2.041000
1.978000
2.077000
2.004000
1.978000
1.939000
1.988000
2.016000
2.009000
1.991000
2.059000
2.044000
1.957000
1.906000
2.006000
2.027000
2.012000
2.010000
1.901000
2.063000
2.042000
2.057000
1.851000
1.943000
2.106000
1.962000
1.921000
2.113000
1.922000
1.970000
2.039000
1.977000
1.987000
1.974000
2.051000
1.952000
1.998000
2.021000
1.969000
2.008000
1.996000
1.973000
1.992000
1.952000
2.051000
1.992000
2.034000
1.988000
1.962000
2.047000
1.989000
2.008000
2.002000
1.948000
1.991000
1.958000
2.077000
2.042000
1.995000
2.050000
2.064000
1.920000
2.050000
1.979000
1.960000
1.906000
1.962000
2.031000
2.079000
2.048000
1.945000
2.007000
2.000000
2.048000
2.000000
1.985000
2.060000
2.047000
2.034000
2.092000
2.007000
2.016000
1.950000
1.981000
1.957000
2.009000
2.012000
1.946000
1.959000
1.970000
2.015000
2.016000
1.931000
1.990000
1.908000
2.044000
1.985000
1.933000
1.899000
2.036000
2.068000
1.951000
2.001000
2.030000
1.904000
2.008000
1.999000
2.034000
1.987000
2.001000
1.922000
2.050000
2.005000
1.992000
1.984000
2.038000
1.969000
2.006000
2.006000
1.996000
1.991000
2.002000
2.005000
1.943000
1.987000
2.176000
2.083000
2.118000
1.942000
2.011000
2.048000
1.959000
1.944000
2.008000
1.992000
1.980000
1.960000
1.987000
1.992000
1.969000
1.936000
2.040000
1.938000
1.954000
1.990000
2.046000
1.967000
2.071000
2.044000
1.948000
1.991000
1.948000
1.981000
1.939000
2.028000
2.032000
1.994000
1.981000
1.985000
1.995000
1.987000
1.993000
2.059000
2.024000
2.071000
2.003000
2.006000
1.983000
2.043000
2.001000
1.960000
1.924000
2.018000
1.979000
1.987000
2.003000
2.024000
1.970000
1.973000
2.071000
1.934000
1.952000
1.958000
1.927000
1.981000
1.979000
1.967000
2.028000
2.023000
1.978000
1.987000
1.989000
2.041000
1.907000
2.129000
2.023000
1.988000
2.006000
1.846000
2.013000
2.015000
1.956000
2.014000
1.961000
2.016000
2.018000
1.983000
2.016000
1.987000
2.005000
2.008000
1.956000
2.001000
2.006000
2.008000
2.058000
2.009000
1.930000
1.997000
1.958000
1.997000
1.939000
1.996000
2.086000
2.033000
1.963000
2.037000
1.933000
2.003000
2.017000
1.938000
1.939000
1.921000
1.989000
2.053000
1.994000
2.062000
1.965000
2.020000
1.989000
1.949000
2.075000
2.018000
1.994000
2.003000
2.024000
2.001000
2.017000
2.078000
1.997000
2.010000
2.020000
1.932000
2.005000
1.976000
2.009000
1.987000
2.036000
2.038000
2.010000
1.981000
2.086000
1.975000
1.970000
1.962000
1.928000
2.018000
1.920000
1.986000
2.079000
1.978000
2.093000
1.988000
1.959000
2.060000
2.076000
2.014000
2.041000
1.962000
2.008000
2.007000
2.059000
1.973000
1.909000
2.032000
1.963000
2.007000
2.031000
1.922000
2.006000
1.926000
2.018000
1.972000
2.024000
2.045000
1.952000
1.956000
1.975000
2.040000
2.039000
1.943000
1.962000
1.984000
2.036000
2.051000
1.998000
1.960000
1.956000
1.956000
2.005000
2.011000
1.879000
2.043000
2.000000
1.992000
2.015000
1.958000
2.051000
1.995000
1.946000
1.976000
2.056000
2.029000
1.989000
2.012000
1.914000
2.060000
1.987000
1.987000
2.004000
1.988000
2.076000
2.059000
1.982000
1.945000
1.977000
1.986000
1.992000
2.009000
2.030000
2.117000
2.035000
2.054000
2.037000
1.936000
1.948000
1.955000
1.961000
2.011000
2.054000
1.958000
2.007000
2.033000
1.970000
1.992000
1.922000
1.948000
2.070000
2.102000
1.981000
1.961000
1.982000
1.930000
1.939000
2.065000
2.064000
2.017000
1.967000
2.037000
1.963000
2.091000
2.045000
2.009000
1.973000
2.028000
1.949000
2.025000
1.999000
1.977000
1.950000
2.081000
2.009000
2.043000
2.036000
2.026000
1.994000
2.001000
2.022000
2.062000
1.996000
2.015000
1.916000
2.009000
1.994000
1.973000
1.929000
1.973000
2.034000
1.991000
2.030000
1.974000
1.939000
1.955000
1.961000
2.075000
1.959000
2.002000
2.056000
1.959000
1.905000
2.015000
2.002000
1.979000
1.930000
1.979000
2.039000
1.945000
1.992000
2.057000
1.975000
2.110000
1.945000
1.886000
2.035000
1.927000
1.961000
2.020000
2.032000
1.933000
1.994000
1.979000
2.052000
1.979000
1.940000
1.978000
2.010000
2.000000
2.110000
2.006000
2.109000
2.054000
2.066000
1.932000
2.043000
1.957000
2.006000
1.994000
2.035000
2.076000
2.018000
2.030000
1.952000
2.025000
1.985000
1.958000
2.021000
1.978000
2.109000
2.028000
1.939000
2.036000
2.035000
2.040000
2.052000
2.012000
2.021000
1.947000
2.050000
1.977000
1.936000
2.052000
2.034000
2.047000
2.001000
2.045000
1.888000
2.015000
1.996000
1.972000
2.024000
1.998000
1.969000
1.993000
1.970000
1.996000
1.992000
2.008000
2.018000
1.912000
1.970000
2.064000
1.922000
2.109000
1.909000
1.994000
2.023000
2.026000
2.018000
2.017000
1.998000
2.085000
1.968000
2.006000
1.983000
1.995000
2.045000
2.070000
2.009000
1.948000
2.037000
1.991000
2.049000
2.008000
1.938000
2.045000
2.022000
2.076000
1.988000
2.046000
1.977000
1.928000
2.028000
1.909000
1.996000
1.997000
1.995000
1.965000
2.023000
2.017000
2.068000
2.027000
1.951000
2.018000
2.039000
2.046000
2.064000
1.922000
2.060000
2.035000
1.984000
1.956000
2.036000
2.044000
2.061000
1.972000
2.010000
1.969000
2.045000
1.992000
2.013000
2.012000
1.947000
1.972000
1.957000
1.946000
2.039000
1.936000
2.026000
1.946000
1.949000
2.000000
2.018000
1.991000
2.019000
2.019000
2.041000
1.935000
2.028000
2.019000
1.970000
1.959000
1.995000
2.049000
1.980000
2.042000
1.964000
1.993000
2.048000
1.989000
1.973000
1.914000
1.985000
1.884000
1.979000
1.982000
2.075000
2.012000
1.959000
1.978000
2.015000
2.097000
2.049000
2.004000
2.041000
2.112000
1.987000
2.098000
1.970000
2.045000
1.992000
2.039000
2.028000
1.924000
1.967000
2.021000
1.949000
1.936000
1.934000
2.032000
1.927000
1.961000
2.057000
2.014000
1.961000
1.887000
1.948000
1.951000
2.038000
2.020000
1.969000
2.033000
1.927000
1.983000
2.000000
1.951000
2.000000
2.012000
1.963000
1.944000
1.998000
2.050000
2.031000
1.880000
2.029000
1.913000
2.045000
1.996000
1.958000
2.085000
1.938000
2.079000
2.017000
2.088000
1.901000
2.054000
2.044000
2.015000
1.993000
2.013000
2.065000
2.086000
1.996000
1.977000
1.973000
1.988000
1.976000
1.951000
2.033000
2.000000
2.094000
1.999000
1.994000
1.923000
2.058000
1.821000
1.936000
2.022000
2.071000
1.949000
2.030000
2.037000
1.984000
1.933000
1.889000
1.973000
2.038000
1.923000
1.981000
1.957000
2.003000
1.914000
1.897000
2.013000
2.123000
2.058000
2.072000
1.994000
1.986000
1.948000
2.003000
2.069000
2.011000
2.013000
2.005000
1.975000
2.008000
1.931000
1.953000
2.030000
2.068000
1.990000
2.027000
2.010000
2.031000
1.971000
1.964000
1.980000
2.053000
2.017000
2.008000
1.983000
1.988000
2.071000
2.030000
2.018000
1.956000
1.985000
1.926000
2.002000
2.033000
2.101000
1.976000
2.021000
1.911000
2.057000
1.918000
2.029000
1.955000
2.068000
1.978000
1.980000
1.949000
1.986000
1.974000
2.055000
2.007000
1.966000
2.023000
2.059000
1.975000
1.991000
2.076000
2.033000
2.057000
1.980000
2.019000
2.003000
1.984000
1.925000
2.018000
1.971000
2.089000
2.011000
2.052000
1.988000
2.002000
1.980000
2.043000
1.939000
1.998000
1.949000
1.996000
1.918000
1.959000
1.976000
1.943000
1.998000
1.995000
1.977000
2.039000
2.017000
1.995000
1.973000
2.024000
1.979000
2.050000
1.935000
1.983000
2.107000
1.986000
1.995000
2.046000
1.980000
1.969000
2.033000
2.013000
1.944000
2.018000
2.017000
2.104000
1.924000
2.020000
2.010000
1.984000
1.977000
1.991000
2.049000
1.983000
1.936000
1.983000
1.967000
2.001000
1.989000
1.933000
2.097000
1.863000
2.038000
1.963000
1.982000
2.000000
2.003000
1.997000
1.971000
1.954000
2.010000
2.050000
1.969000
2.052000
2.028000
2.089000
2.024000
2.037000
1.998000
2.043000
2.009000
2.036000
2.063000
2.056000
1.961000
2.123000
1.957000
2.009000
2.063000
2.041000
1.938000
1.933000
2.061000
2.062000
1.937000
1.986000
1.951000
2.022000
2.066000
2.055000
1.926000
2.007000
1.887000
1.996000
1.988000
2.066000
1.962000
2.003000
1.967000
1.971000
2.030000
2.025000
1.992000
1.993000
1.970000
2.010000
2.047000
2.000000
1.949000
1.949000
1.997000
2.027000
2.006000
2.028000
1.963000
1.987000
1.981000
1.956000
2.040000
2.050000
1.988000
1.944000
2.018000
1.978000
1.938000
2.069000
2.021000
1.975000
1.921000
2.046000
1.944000
1.960000
1.964000
2.015000
2.005000
2.025000
2.021000
1.950000
2.007000
2.008000
2.005000
2.013000
2.013000
1.996000
2.060000
2.023000
2.020000
1.993000
2.017000
1.986000
2.049000
2.059000
1.915000
2.001000
2.008000
1.965000
1.994000
1.998000
2.090000
1.997000
1.962000
2.000000
2.020000
1.968000
2.036000
2.054000
1.938000
1.981000
2.017000
1.993000
1.956000
2.014000
2.022000
1.992000
1.888000
2.065000
1.960000
1.961000
1.962000
2.037000
2.007000
2.013000
1.986000
2.054000
2.030000
2.075000
2.007000
1.911000
1.997000
2.070000
1.994000
2.049000
1.926000
1.988000
1.984000
2.027000
1.929000
1.952000
2.037000
2.020000
2.002000
2.111000
2.039000
2.007000
1.999000
1.940000
1.990000
1.960000
1.993000
1.978000
2.048000
2.059000
2.078000
2.006000
2.003000
2.011000
2.066000
1.962000
1.963000
1.976000
2.123000
1.981000
1.966000
1.983000
1.936000
2.001000
1.968000
2.004000
1.976000
2.046000
2.082000
1.938000
1.998000
1.902000
2.001000
2.071000
1.991000
2.030000
2.011000
1.962000
1.958000
1.996000
2.045000
2.028000
1.983000
2.020000
1.932000
2.088000
1.983000
1.980000
2.003000
2.042000
1.969000
2.122000
2.021000
1.985000
2.005000
1.941000
1.975000
2.007000
2.047000
2.122000
2.030000
1.975000
2.010000
2.003000
1.958000
1.971000
1.996000
2.026000
1.989000
1.932000
1.986000
2.063000
2.018000
2.049000
1.986000
1.964000
1.987000
2.014000
1.932000
1.994000
2.013000
2.019000
2.014000
1.925000
1.988000
1.985000
1.935000
2.075000
2.037000
1.990000
2.094000
2.018000
2.048000
1.931000
2.050000
1.954000
1.945000
1.989000
1.972000
2.028000
2.018000
1.990000
1.990000
1.999000
1.897000
2.103000
1.995000
1.939000
2.007000
2.003000
1.997000
2.012000
1.960000
1.934000
1.910000
1.997000
1.983000
1.987000
2.032000
2.091000
1.929000
2.009000
2.033000
2.052000
2.009000
1.969000
2.042000
2.069000
2.005000
2.005000
1.958000
1.982000
1.989000
2.061000
1.926000
2.015000
1.996000
2.035000
2.017000
2.092000
1.969000
1.912000
1.979000
1.973000
1.989000
2.023000
1.979000
2.066000
1.920000
1.959000
2.007000
2.056000
2.065000
2.018000
2.031000
2.101000
1.996000
2.009000
1.959000
2.024000
2.024000
2.009000
1.979000
2.115000
2.023000
1.987000
1.967000
1.989000
1.961000
1.975000
2.073000
1.993000
1.968000
1.942000
2.016000
1.994000
2.004000
1.971000
2.036000
2.058000
2.013000
1.935000
2.020000
1.990000
2.037000
1.974000
2.019000
2.098000
2.003000
2.019000
2.035000
2.024000
2.051000
2.000000
2.016000
2.011000
2.057000
1.971000
1.923000
2.034000
2.042000
1.992000
1.974000
1.945000
1.910000
1.877000
1.997000
2.056000
1.951000
1.945000
2.022000
2.044000
2.059000
1.995000
1.988000
1.946000
2.087000
1.968000
1.976000
2.071000
2.015000
1.991000
2.005000
2.035000
2.053000
1.981000
2.019000
1.951000
1.956000
1.968000
2.082000
1.997000
1.949000
2.029000
1.991000
1.972000
2.025000
1.958000
2.004000
2.031000
1.950000
1.972000
1.946000
2.098000
2.014000
1.990000
1.979000
2.035000
1.992000
1.956000
2.010000
2.031000
1.989000
1.890000
2.023000
2.015000
1.951000
1.996000
2.013000
1.977000
1.907000
1.986000
1.990000
1.988000
1.958000
1.947000
2.045000
1.984000
2.024000
2.029000
2.005000
2.018000
1.978000
2.018000
1.960000
2.094000
1.956000
2.025000
2.027000
2.052000
2.072000
2.020000
1.932000
2.015000
1.974000
1.942000
2.050000
1.971000
1.953000
2.025000
2.129000
1.940000
1.977000
1.967000
2.075000
1.974000
1.977000
1.914000
1.943000
1.973000
1.975000
1.985000
1.973000
1.945000
1.968000
2.000000
1.980000
1.936000
2.017000
1.912000
1.980000
2.018000
2.068000
2.036000
2.010000
1.949000
1.988000
2.015000
1.994000
1.954000
1.959000
2.009000
1.979000
1.983000
2.031000
2.013000
2.041000
2.024000
2.047000
1.980000
2.043000
2.023000
1.956000
1.910000
1.989000
2.065000
2.015000
1.973000
1.948000
2.051000
1.984000
2.001000
2.021000
1.967000
2.073000
1.918000
1.966000
2.059000
2.099000
1.990000
1.931000
1.995000
1.964000
1.982000
2.026000
1.935000
1.989000
2.034000
2.030000
2.011000
2.003000
1.954000
1.917000
1.872000
2.003000
1.966000
2.045000
2.015000
2.103000
1.981000
1.970000
1.962000
2.004000
1.896000
2.007000
2.034000
1.991000
1.974000
1.976000
2.060000
2.061000
1.937000
1.957000
1.985000
1.990000
2.077000
1.996000
1.991000
1.982000
2.023000
2.044000
1.951000
2.022000
2.028000
2.015000
1.939000
2.042000
2.062000
2.029000
1.980000
1.999000
1.935000
2.001000
2.058000
1.967000
1.993000
2.029000
2.047000
2.006000
1.950000
1.940000
1.980000
2.077000
2.068000
2.035000
2.023000
2.006000
2.025000
2.015000
1.960000
1.986000
2.013000
2.054000
2.001000
1.962000
1.940000
2.061000
1.949000
1.995000
1.955000
2.041000
1.971000
2.026000
2.027000
1.981000
1.985000
2.012000
1.983000
1.977000
1.954000
1.968000
2.050000
2.021000
2.005000
1.993000
2.002000
1.990000
1.981000
1.969000
1.991000
1.983000
2.071000
1.966000
1.964000
1.990000
1.979000
1.993000
2.042000
2.039000
1.990000
1.997000
1.943000
1.956000
1.994000
2.007000
2.027000
2.017000
2.079000
2.080000
2.027000
1.949000
2.050000
2.031000
2.024000
2.052000
1.978000
1.990000
2.042000
2.039000
1.941000
2.039000
2.032000
1.978000
2.009000
2.030000
2.065000
1.990000
1.942000
1.923000
2.024000
1.928000
2.028000
1.969000
1.863000
1.998000
1.939000
1.967000
1.897000
2.077000
1.946000
1.922000
2.030000
2.049000
2.006000
2.078000
1.934000
2.022000
2.047000
1.955000
2.054000
2.029000
1.916000
2.053000
1.937000
1.991000
2.030000
2.102000
2.039000
1.974000
1.947000
1.988000
1.969000
2.012000
2.077000
1.992000
2.021000
2.033000
1.985000
1.954000
2.005000
1.969000
2.085000
2.014000
2.071000
1.993000
1.993000
2.023000
2.070000
1.957000
1.959000
1.975000
2.042000
2.007000
2.090000
1.910000
2.062000
2.011000
2.024000
1.978000
1.992000
1.952000
1.943000
2.029000
1.948000
2.017000
2.063000
2.008000
1.985000
1.956000
1.903000
2.009000
2.151000
1.994000
1.972000
1.945000
1.961000
1.922000
2.003000
2.064000
2.000000
2.017000
2.072000
1.972000
1.934000
1.929000
1.929000
1.946000
1.960000
1.973000
1.985000
2.067000
1.990000
2.002000
1.994000
2.023000
2.010000
1.985000
2.004000
1.942000
1.996000
2.041000
1.969000
1.960000
1.940000
1.944000
2.046000
2.013000
1.995000
1.989000
2.003000
2.022000
2.044000
1.955000
1.936000
2.041000
2.005000
2.005000
1.925000
1.967000
1.965000
2.010000
2.060000
1.965000
2.020000
1.957000
1.978000
2.014000
2.018000
1.953000
1.962000
1.935000
1.982000
2.015000
2.049000
1.956000
2.023000
1.998000
1.949000
1.980000
2.005000
2.000000
1.950000
1.960000
2.057000
1.993000
2.036000
2.026000
2.067000
1.921000
1.929000
2.004000
2.039000
2.026000
1.975000
1.914000
2.054000
2.002000
1.978000
2.010000
2.029000
1.992000
2.065000
2.031000
2.056000
1.974000
2.054000
1.995000
1.971000
2.072000
2.014000
1.960000
2.167000
2.003000
2.004000
2.039000
2.011000
2.035000
2.056000
1.965000
2.012000
1.998000
2.021000
2.023000
2.015000
1.974000
1.956000
1.905000
1.934000
1.951000
1.992000
1.998000
2.008000
2.026000
2.026000
2.071000
1.966000
2.045000
2.002000
2.029000
1.980000
1.965000
1.961000
2.006000
2.037000
2.018000
1.996000
2.010000
2.078000
2.029000
2.014000
2.057000
2.027000
2.081000
2.064000
1.930000
1.993000
1.948000
1.937000
1.980000
2.008000
2.019000
1.962000
2.032000
1.997000
2.023000
1.965000
1.980000
1.990000
2.096000
1.978000
2.013000
1.994000
2.033000
1.989000
2.053000
2.014000
2.023000
2.031000
1.961000
1.936000
1.999000
2.067000
1.940000
2.010000
2.053000
1.982000
2.064000
2.033000
1.985000
1.960000
2.088000
1.987000
1.959000
1.997000
2.074000
2.037000
1.931000
1.956000
2.003000
1.943000
2.012000
1.986000
2.032000
2.099000
1.967000
2.045000
1.967000
2.036000
1.963000
1.989000
2.016000
1.982000
2.018000
2.050000
1.955000
1.955000
2.036000
1.906000
1.952000
2.002000
1.927000
2.000000
2.000000
2.024000
1.940000
2.035000
2.002000
2.041000
1.889000
2.022000
2.050000
2.031000
2.009000
2.000000
1.962000
2.035000
1.977000
1.977000
1.987000
2.008000
2.006000
2.013000
2.006000
1.992000
1.955000
2.051000
2.069000
1.995000
1.983000
1.980000
2.050000
1.976000
2.069000
1.990000
2.028000
1.979000
2.017000
1.963000
1.962000
1.999000
1.957000
1.942000
1.908000
1.973000
2.028000
1.987000
1.983000
1.964000
1.963000
2.007000
2.006000
2.059000
1.934000
1.980000
1.999000
2.018000
2.001000
2.027000
1.950000
2.022000
1.931000
1.977000
1.976000
1.965000
2.022000
1.988000
1.971000
2.044000
2.063000
1.930000
2.032000
2.092000
1.979000
1.923000
2.051000
2.006000
1.980000
1.982000
2.012000
2.009000
1.924000
1.918000
2.032000
1.994000
2.006000
1.931000
1.923000
1.931000
1.989000
2.038000
2.045000
2.062000
1.983000
1.971000
2.038000
2.026000
2.006000
1.984000
1.983000
1.927000
1.980000
2.057000
2.077000
1.901000
2.046000
1.965000
2.054000
1.986000
2.022000
1.915000
1.990000
2.085000
1.922000
1.946000
1.940000
2.031000
1.960000
1.978000
1.984000
1.983000
2.089000
1.909000
2.000000
2.000000
2.041000
2.030000
1.975000
2.021000
2.018000
2.069000
1.903000
2.030000
1.914000
2.021000
2.105000
1.966000
1.981000
2.027000
2.093000
2.005000
1.996000
2.130000
2.005000
2.066000
2.011000
1.979000
1.966000
2.046000
2.031000
2.034000
1.988000
1.971000
2.026000
1.939000
2.005000
2.098000
2.052000
1.947000
2.063000
1.984000
2.006000
2.044000
2.147000
2.053000
2.077000
1.984000
2.000000
2.015000
1.977000
2.019000
1.926000
2.010000
2.036000
1.980000
2.034000
2.065000
2.036000
1.962000
1.996000
1.991000
2.063000
2.012000
1.986000
1.958000
1.938000
2.029000
1.915000
2.034000
1.987000
1.999000
1.966000
2.039000
1.942000
2.055000
1.943000
2.040000
1.948000
1.964000
1.956000
2.034000
1.937000
1.948000
1.972000
2.064000
1.952000
2.006000
2.002000
2.036000
1.964000
1.985000
2.044000
1.991000
1.993000
1.970000
2.011000
1.922000
2.032000
1.949000
2.055000
1.960000
2.009000
2.110000
2.032000
2.009000
1.965000
2.024000
1.983000
2.024000
1.981000
2.020000
1.966000
2.025000
1.955000
1.979000
2.061000
2.051000
2.047000
2.021000
2.021000
2.008000
2.050000
2.031000
1.964000
1.953000
1.978000
1.978000
1.996000
2.050000
1.984000
1.935000
1.932000
2.045000
1.948000
2.091000
1.972000
1.970000
2.089000
2.001000
1.980000
2.048000
2.023000
1.986000
2.024000
2.107000
1.948000
2.013000
2.028000
1.987000
1.987000
2.069000
1.904000
2.051000
2.027000
2.041000
2.041000
2.053000
2.018000
1.982000
2.012000
1.972000
1.989000
1.980000
1.950000
2.001000
1.932000
1.958000
1.973000
1.995000
2.077000
1.988000
1.924000
1.982000
2.021000
1.931000
2.018000
2.063000
1.963000
2.021000
1.949000
2.080000
2.018000
2.005000
2.045000
2.017000
1.995000
1.950000
1.988000
1.996000
2.116000
1.996000
1.979000
1.941000
1.998000
2.014000
1.991000
1.975000
1.967000
1.904000
2.017000
1.938000
1.958000
2.005000
2.010000
2.029000
1.994000
1.968000
2.037000
2.057000
2.060000
1.934000
2.010000
1.943000
2.023000
1.946000
1.968000
1.935000
1.988000
2.010000
2.010000
2.049000
2.051000
1.999000
1.989000
2.054000
2.041000
1.965000
1.998000
1.975000
1.976000
2.012000
1.988000
2.029000
1.969000
1.926000
1.971000
2.046000
1.973000
1.911000
2.008000
2.017000
1.952000
1.932000
1.957000
2.063000
1.905000
2.094000
2.035000
1.956000
1.966000
1.963000
1.955000
1.986000
1.990000
1.946000
2.027000
2.009000
2.023000
1.983000
2.066000
1.995000
2.098000
1.987000
1.957000
2.020000
1.992000
2.055000
2.016000
2.052000
2.060000
1.950000
1.898000
2.027000
2.057000
1.980000
2.042000
2.003000
1.959000
1.983000
2.048000
1.985000
1.973000
2.061000
2.070000
2.020000
1.979000
1.990000
1.934000
1.917000
2.026000
1.996000
2.044000
2.053000
2.035000
1.979000
2.024000
1.919000
1.967000
2.066000
1.954000
1.988000
1.943000
1.966000
1.959000
1.959000
1.991000
2.032000
2.028000
2.007000
2.019000
2.039000
1.965000
1.986000
2.033000
1.966000
2.036000
2.025000
1.986000
1.952000
1.993000
1.981000
1.966000
2.053000
2.031000
1.934000
2.013000
1.996000
2.047000
2.041000
2.053000
2.005000
2.018000
1.831000
2.006000
2.084000
1.984000
1.965000
2.030000
1.996000
2.043000
2.024000
2.000000
1.950000
2.020000
2.011000
1.974000
2.011000
1.994000
2.044000
2.051000
1.983000
2.035000
1.974000
1.912000
1.950000
2.052000
1.977000
2.008000
1.954000
2.048000
2.028000
1.995000
2.018000
2.035000
1.991000
2.001000
1.960000
1.947000
1.968000
2.052000
1.983000
1.961000
1.952000
1.962000
2.026000
2.075000
1.978000
2.032000
2.029000
1.916000
2.009000
1.907000
2.016000
1.968000
2.049000
1.936000
1.976000
2.047000
2.034000
2.009000
2.003000
1.996000
1.969000
2.009000
2.073000
1.992000
1.956000
1.948000
2.017000
2.057000
1.984000
2.061000
1.939000
1.953000
2.027000
1.994000
1.940000
1.943000
1.962000
2.065000
1.990000
1.941000
2.025000
2.002000
1.967000
2.019000
1.952000
2.017000
2.077000
2.030000
2.008000
1.982000
1.945000
1.933000
1.992000
1.993000
1.941000
2.028000
2.023000
2.002000
2.001000
1.998000
2.020000
2.035000
1.997000
2.003000
2.006000
2.010000
1.951000
1.989000
1.997000
1.914000
2.006000
2.012000
1.913000
2.049000
1.960000
2.017000
1.996000
1.997000
2.013000
1.990000
2.037000
1.973000
2.066000
1.972000
2.035000
1.982000
2.000000
2.010000
2.039000
1.974000
2.012000
2.030000
2.056000
2.010000
2.015000
1.915000
1.991000
2.063000
2.041000
1.989000
1.969000
1.994000
2.120000
2.005000
1.907000
1.957000
1.980000
2.033000
1.956000
1.989000
2.076000
2.044000
1.999000
2.046000
2.037000
2.006000
2.054000
2.001000
1.941000
1.956000
1.994000
1.959000
1.997000
1.981000
1.983000
1.998000
1.895000
1.999000
2.013000
2.012000
1.988000
1.981000
1.935000
2.144000
1.995000
2.020000
2.007000
1.998000
1.997000
1.997000
1.998000
1.999000
2.040000
1.953000
2.009000
2.018000
1.988000
1.984000
1.951000
1.996000
2.015000
1.931000
2.021000
1.992000
2.021000
1.993000
1.914000
2.004000
1.986000
1.907000
2.024000
2.078000
1.960000
2.018000
1.919000
2.032000
1.953000
2.029000
2.020000
2.025000
2.009000
2.112000
1.969000
1.980000
1.919000
2.013000
2.062000
2.013000
1.995000
2.016000
1.981000
1.996000
2.017000
1.929000
2.009000
1.993000
2.073000
1.962000
2.103000
2.040000
2.050000
1.939000
1.964000
1.978000
2.010000
1.947000
1.990000
2.020000
1.987000
2.012000
1.992000
1.969000
1.927000
2.065000
1.969000
1.889000
1.989000
1.980000
1.876000
1.981000
1.932000
1.988000
2.071000
1.968000
1.954000
1.925000
2.036000
2.039000
1.955000
1.993000
1.967000
1.983000
2.006000
1.987000
1.909000
2.025000
2.013000
1.954000
1.886000
2.027000
2.012000
2.013000
2.056000
2.033000
2.012000
1.991000
2.027000
1.957000
1.982000
1.934000
1.965000
1.986000
2.058000
1.987000
1.949000
1.947000
1.980000
1.891000
1.963000
1.983000
1.990000
1.989000
2.006000
1.992000
1.953000
2.018000
1.983000
2.105000
1.937000
1.981000
1.993000
2.022000
2.006000
1.918000
2.015000
2.052000
1.988000
2.106000
2.021000
1.937000
1.964000
1.986000
1.949000
2.008000
1.971000
1.967000
1.985000
2.035000
2.010000
2.065000
1.997000
2.002000
1.984000
1.972000
1.980000
2.034000
2.034000
1.960000
1.993000
2.086000
1.989000
1.966000
1.946000
1.967000
2.033000
2.045000
2.037000
1.956000
2.017000
1.923000
1.916000
1.957000
2.014000
1.966000
2.042000
2.003000
2.073000
2.029000
1.983000
1.912000
2.112000
1.993000
2.049000
1.983000
2.025000
2.041000
1.962000
2.090000
1.981000
1.925000
1.962000
2.038000
2.015000
1.975000
1.927000
1.948000
1.998000
2.040000
1.986000
2.045000
2.009000
2.050000
1.977000
1.938000
2.021000
2.033000
2.092000
1.994000
2.042000
1.961000
2.079000
2.015000
1.985000
2.008000
2.005000
1.968000
2.073000
2.007000
2.015000
2.095000
2.047000
1.998000
2.044000
1.996000
2.019000
1.999000
2.083000
2.016000
2.057000
1.990000
1.952000
2.013000
2.054000
2.000000
1.941000
2.023000
2.013000
2.004000
1.978000
2.008000
1.981000
1.933000
1.970000
1.985000
1.954000
2.010000
2.015000
1.939000
2.016000
2.045000
2.014000
2.052000
1.969000
1.967000
2.075000
2.008000
1.976000
1.911000
1.952000
2.014000
1.975000
1.942000
1.930000
1.993000
2.010000
1.978000
1.992000
2.019000
1.961000
1.884000
2.016000
1.917000
2.012000
1.991000
1.976000
1.931000
1.967000
1.966000
1.969000
1.975000
1.957000
1.960000
2.007000
2.015000
1.971000
2.003000
1.981000
1.986000
1.971000
2.046000
1.914000
2.041000
1.981000
1.944000
1.989000
2.084000
1.992000
1.994000
2.009000
1.983000
1.952000
2.069000
1.995000
2.051000
1.986000
1.966000
2.025000
2.030000
1.951000
1.987000
1.988000
2.003000
2.010000
1.995000
1.976000
1.972000
2.065000
2.011000
1.988000
1.964000
1.962000
2.042000
1.970000
1.962000
1.986000
2.055000
2.014000
1.968000
2.053000
2.060000
2.094000
1.986000
2.102000
2.064000
2.090000
1.966000
2.066000
2.105000
1.988000
2.004000
1.957000
2.017000
2.030000
2.062000
1.994000
1.976000
1.983000
2.050000
2.006000
1.933000
1.943000
2.014000
1.977000
2.049000
1.994000
1.966000
2.009000
1.933000
2.030000
1.979000
2.002000
2.042000
1.995000
1.952000
1.999000
2.038000
2.062000
2.084000
2.014000
1.955000
2.034000
2.003000
2.013000
1.946000
2.051000
2.041000
1.994000
1.989000
1.964000
1.972000
1.996000
2.028000
1.971000
2.029000
1.976000
2.027000
1.994000
1.996000
2.021000
2.026000
2.029000
2.029000
1.992000
1.941000
2.049000
1.987000
1.908000
1.939000
1.968000
2.073000
1.978000
2.020000
1.981000
2.008000
1.914000
1.980000
2.030000
2.010000
1.969000
1.996000
2.143000
2.025000
1.941000
2.017000
1.894000
2.003000
2.005000
2.008000
1.947000
2.025000
1.987000
1.950000
1.985000
1.982000
1.949000
2.022000
2.002000
1.926000
1.984000
1.985000
1.959000
1.999000
2.049000
2.025000
2.013000
2.022000
1.957000
2.000000
2.036000
1.978000
1.947000
2.065000
2.053000
1.980000
1.993000
2.013000
2.031000
1.986000
1.926000
2.020000
2.056000
1.981000
2.081000
2.006000
2.001000
2.010000
1.976000
1.951000
1.963000
1.959000
2.057000
1.964000
1.919000
2.004000
2.011000
1.951000
1.994000
1.996000
2.019000
1.990000
2.055000
2.044000
2.009000
2.049000
2.006000
2.032000
2.048000
2.014000
1.968000
1.903000
2.034000
2.004000
1.996000
1.979000
2.025000
1.943000
1.991000
1.979000
1.953000
2.050000
1.944000
2.018000
1.981000
1.970000
1.940000
2.005000
2.003000
1.915000
1.997000
1.986000
2.038000
1.977000
2.064000
2.023000
2.033000
2.015000
1.920000
1.987000
2.078000
2.014000
2.109000
2.005000
2.008000
1.982000
1.987000
1.976000
1.972000
2.057000
2.003000
1.984000
2.018000
1.935000
1.985000
2.017000
2.019000
2.069000
2.029000
1.961000
2.126000
2.063000
2.006000
2.057000
2.031000
2.056000
1.983000
2.117000
2.074000
2.042000
1.959000
1.993000
1.997000
1.930000
1.993000
2.015000
1.983000
1.981000
2.064000
1.922000
2.101000
1.975000
2.015000
2.010000
1.976000
2.006000
1.994000
2.072000
2.015000
2.011000
1.902000
2.041000
2.016000
2.015000
2.048000
1.998000
1.986000
1.909000
2.077000
2.007000
1.914000
2.075000
2.022000
1.958000
2.050000
1.995000
1.945000
2.031000
1.933000
2.004000
2.032000
2.037000
2.017000
2.055000
2.010000
1.972000
1.978000
1.973000
2.044000
2.015000
2.010000
1.982000
1.972000
2.042000
2.044000
1.948000
2.015000
1.966000
2.043000
1.988000
2.104000
1.987000
1.991000
1.887000
2.019000
2.003000
2.006000
2.029000
1.983000
1.988000
2.007000
1.946000
1.941000
2.030000
2.010000
1.976000
1.999000
1.936000
2.017000
2.034000
2.046000
2.019000
1.952000
2.065000
1.989000
2.047000
2.097000
1.987000
2.007000
2.015000
2.043000
2.043000
2.034000
2.004000
2.007000
1.931000
2.048000
2.012000
1.959000
2.051000
1.977000
1.999000
1.965000
2.012000
2.005000
2.004000
2.051000
1.972000
2.016000
1.954000
1.967000
2.010000
1.987000
1.970000
1.930000
1.984000
1.974000
2.062000
1.986000
1.973000
1.987000
1.983000
2.008000
1.945000
1.944000
1.884000
2.005000
2.114000
2.061000
1.975000
2.059000
2.037000
2.008000
1.947000
2.009000
2.106000
2.002000
2.006000
1.978000
1.999000
1.995000
1.968000
1.965000
2.084000
2.023000
1.935000
1.975000
2.044000
2.033000
2.006000
2.066000
2.010000
2.064000
1.975000
2.041000
2.036000
1.973000
1.972000
1.994000
2.053000
1.971000
2.038000
1.953000
1.992000
2.094000
1.987000
2.042000
2.003000
2.042000
2.089000
1.993000
1.898000
1.938000
1.964000
1.975000
1.981000
1.996000
1.951000
2.005000
2.006000
2.048000
1.972000
1.956000
1.948000
1.950000
1.931000
2.013000
2.042000
2.008000
1.994000
1.949000
1.987000
1.993000
1.998000
1.995000
1.900000
2.092000
2.060000
1.978000
2.031000
2.021000
2.026000
2.040000
2.045000
2.008000
1.964000
2.038000
1.970000
1.984000
2.008000
1.982000
1.991000
1.980000
2.004000
1.975000
1.878000
2.030000
2.020000
2.045000
1.944000
2.059000
2.020000
1.945000
2.048000
2.061000
1.952000
1.928000
2.040000
2.019000
2.007000
2.032000
1.969000
2.026000
2.039000
2.075000
1.958000
2.010000
2.033000
1.983000
1.980000
2.008000
2.054000
2.020000
1.997000
1.958000
1.958000
1.904000
1.961000
1.924000
2.008000
1.956000
2.011000
1.964000
1.968000
1.993000
1.938000
1.992000
1.959000
1.952000
1.975000
1.994000
1.942000
2.007000
2.025000
1.967000
1.984000
2.058000
2.033000
2.028000
1.964000
2.060000
1.995000
1.970000
1.999000
2.012000
1.965000
2.059000
1.962000
2.001000
2.010000
2.027000
2.001000
1.970000
2.031000
2.072000
2.012000
1.937000
1.967000
1.959000
2.059000
1.996000
2.047000
1.940000
2.015000
1.949000
2.042000
1.876000
2.057000
2.030000
1.977000
1.988000
1.965000
1.997000
2.003000
1.986000
2.012000
1.976000
2.013000
1.972000
1.995000
2.025000
1.956000
1.998000
2.007000
1.944000
2.027000
1.998000
2.012000
1.998000
1.973000
1.952000
1.923000
2.022000
2.005000
1.989000
1.944000
2.043000
1.981000
2.011000
1.949000
1.983000
1.970000
1.891000
1.926000
1.989000
1.956000
2.010000
2.015000
2.033000
1.999000
2.023000
1.979000
2.010000
2.040000
1.985000
1.998000
1.983000
1.950000
1.977000
2.096000
1.995000
1.955000
2.006000
2.076000
1.993000
1.949000
2.044000
1.997000
2.020000
2.048000
2.016000
2.007000
1.973000
2.019000
1.904000
2.040000
1.938000
2.006000
2.041000
1.951000
2.040000
2.013000
1.969000
1.990000
2.040000
2.034000
2.018000
1.970000
2.129000
1.988000
2.004000
2.003000
1.977000
1.972000
2.007000
1.952000
1.992000
1.970000
1.945000
1.997000
2.030000
1.998000
2.069000
1.990000
1.961000
1.992000
1.993000
2.082000
1.950000
1.974000
1.977000
1.983000
1.914000
1.945000
2.052000
1.955000
1.949000
1.984000
1.927000
1.985000
1.988000
1.983000
1.923000
2.030000
2.000000
1.971000
2.051000
1.983000
1.919000
1.967000
2.072000
2.024000
2.030000
1.974000
2.025000
1.936000
2.050000
1.988000
1.992000
1.964000
1.968000
1.922000
1.959000
1.999000
1.981000
2.047000
1.997000
2.053000
1.979000
1.976000
1.984000
1.912000
1.929000
1.981000
1.968000
2.002000
1.982000
1.968000
2.011000
1.950000
2.061000
2.006000
2.046000
2.045000
1.969000
1.966000
1.960000
2.000000
2.049000
1.976000
1.999000
1.902000
2.041000
2.015000
1.980000
1.947000
2.024000
2.029000
1.955000
1.964000
2.105000
1.979000
2.006000
2.010000
2.037000
2.045000
2.001000
1.970000
2.057000
2.050000
2.010000
2.073000
2.036000
1.975000
1.931000
2.097000
1.985000
2.018000
2.066000
2.059000
2.023000
2.030000
2.038000
1.982000
1.933000
1.951000
1.947000
2.050000
1.982000
2.023000
1.992000
1.984000
2.008000
1.953000
2.031000
1.927000
2.074000
1.948000
2.018000
1.941000
1.962000
2.067000
1.954000
1.957000
1.935000
2.051000
2.083000
1.997000
2.034000
2.072000
2.000000
2.070000
2.066000
2.014000
1.937000
1.950000
1.975000
2.016000
1.950000
1.992000
1.891000
1.995000
2.018000
1.909000
1.938000
2.041000
2.012000
1.964000
1.964000
2.125000
1.979000
2.006000
1.929000
1.982000
2.051000
1.992000
2.101000
2.025000
1.988000
2.008000
1.935000
1.967000
1.994000
2.009000
1.962000
2.005000
2.026000
2.024000
1.983000
1.984000
1.959000
1.936000
1.971000
2.031000
2.004000
1.951000
1.992000
2.085000
2.020000
1.977000
2.098000
1.957000
2.041000
1.984000
1.942000
1.977000
1.952000
1.957000
1.969000
2.056000
1.933000
1.886000
1.986000
2.034000
2.045000
1.931000
2.114000
2.038000
2.055000
2.017000
2.026000
1.989000
1.982000
2.034000
2.127000
2.076000
2.028000
1.992000
1.969000
1.997000
1.999000
1.952000
1.950000
2.013000
1.962000
1.970000
1.933000
2.033000
2.001000
1.982000
2.011000
2.010000
1.957000
1.933000
2.044000
2.047000
1.968000
1.912000
2.016000
1.996000
1.974000
1.972000
1.986000
2.012000
2.022000
2.033000
1.996000
2.062000
2.050000
1.965000
1.969000
1.984000
2.121000
2.042000
1.997000
2.040000
2.000000
2.040000
2.042000
2.035000
2.106000
2.059000
1.959000
1.989000
2.001000
2.004000
1.880000
2.010000
2.004000
1.954000
2.025000
1.973000
1.905000
2.005000
1.975000
2.046000
1.935000
1.995000
1.944000
2.056000
2.032000
2.042000
2.017000
1.977000
1.967000
2.022000
2.021000
1.963000
2.071000
2.064000
1.983000
2.014000
2.040000
2.118000
1.960000
1.940000
1.957000
2.003000
1.961000
1.986000
1.986000
1.991000
1.935000
2.016000
2.003000
2.018000
2.039000
1.957000
2.029000
1.953000
1.951000
2.052000
1.953000
1.950000
2.047000
2.012000
1.968000
1.978000
1.897000
2.079000
1.992000
2.035000
1.984000
1.993000
2.010000
2.073000
1.977000
2.000000
2.057000
2.017000
2.022000
2.099000
1.967000
2.040000
1.999000
2.030000
1.975000
1.966000
2.097000
1.993000
2.026000
1.992000
1.974000
2.036000
2.031000
1.920000
2.035000
1.948000
1.994000
2.045000
1.963000
1.994000
1.964000
2.008000
2.035000
1.997000
1.943000
2.002000
1.956000
1.984000
2.031000
1.947000
1.950000
2.016000
1.971000
1.931000
2.013000
1.981000
1.965000
2.055000
1.992000
1.921000
2.047000
2.019000
2.067000
2.075000
2.004000
1.977000
2.031000
1.980000
2.012000
1.963000
1.984000
2.101000
2.020000
2.033000
2.007000
1.966000
2.065000
2.007000
2.019000
1.996000
2.025000
1.974000
2.067000
1.950000
1.995000
2.008000
2.008000
1.990000
2.056000
2.008000
2.044000
1.990000
1.954000
1.950000
2.011000
2.024000
2.008000
1.923000
1.957000
1.995000
1.989000
2.092000
2.008000
2.078000
1.906000
2.047000
2.045000
1.956000
2.002000
1.985000
2.028000
2.036000
2.014000
2.071000
2.011000
1.952000
1.931000
2.038000
2.093000
2.008000
1.880000
2.011000
1.938000
2.016000
2.036000
2.014000
1.999000
1.919000
1.965000
2.006000
1.968000
2.087000
1.981000
2.030000
1.984000
1.923000
2.007000
1.969000
2.076000
1.963000
1.959000
1.984000
2.039000
1.955000
2.022000
2.031000
1.947000
1.921000
1.982000
1.973000
1.985000
2.014000
2.050000
2.003000
1.954000
2.016000
2.003000
1.991000
1.970000
1.930000
2.008000
1.965000
2.015000
2.057000
1.926000
1.937000
2.029000
1.992000
1.963000
2.014000
2.033000
2.038000
2.032000
1.977000
1.995000
1.998000
1.999000
2.039000
1.994000
2.013000
1.932000
2.033000
2.009000
2.048000
1.999000
1.965000
1.975000
1.963000
2.000000
1.905000
1.972000
1.996000
1.933000
2.091000
1.970000
1.901000
1.987000
2.046000
2.022000
2.083000
2.031000
2.021000
2.007000
1.947000
2.011000
1.984000
2.106000
1.986000
1.975000
1.985000
1.948000
2.026000
2.038000
1.982000
1.920000
2.030000
1.934000
1.948000
1.981000
2.015000
1.959000
1.986000
1.986000
1.913000
2.046000
1.996000
2.012000
2.076000
2.071000
2.040000
2.020000
1.960000
2.058000
1.971000
1.982000
1.907000
2.017000
2.033000
2.042000
2.031000
1.988000
2.046000
2.007000
1.933000
1.963000
1.975000
1.990000
1.973000
1.961000
1.984000
1.992000
2.040000
1.955000
2.036000
1.938000
2.023000
2.066000
2.026000
2.006000
1.960000
2.011000
2.005000
1.992000
2.013000
2.023000
1.990000
1.974000
2.021000
1.996000
2.065000
2.072000
1.993000
1.995000
1.932000
2.020000
2.022000
1.944000
2.018000
2.010000
1.925000
2.009000
2.035000
1.970000
2.073000
1.982000
1.936000
2.099000
2.026000
1.949000
1.991000
1.989000
2.010000
1.869000
1.978000
2.031000
1.979000
1.943000
2.012000
2.032000
1.982000
1.988000
1.896000
1.959000
2.009000
2.010000
1.986000
2.041000
1.913000
1.966000
1.902000
2.036000
1.932000
1.941000
2.020000
2.002000
2.040000
1.998000
1.988000
1.991000
2.033000
2.010000
1.956000
2.069000
1.967000
2.051000
2.074000
1.974000
2.029000
2.079000
1.995000
2.021000
2.008000
2.054000
1.981000
2.032000
1.966000
2.046000
2.057000
2.027000
2.028000
1.893000
2.035000
2.104000
2.037000
2.027000
2.046000
2.080000
1.946000
2.017000
2.009000
2.022000
1.984000
1.954000
2.016000
2.049000
2.021000
2.047000
2.032000
1.967000
2.060000
1.955000
1.941000
2.079000
1.960000
2.069000
2.060000
1.972000
2.001000
2.084000
1.983000
2.021000
2.053000
1.953000
1.997000
2.055000
2.060000
1.993000
2.021000
2.017000
1.926000
1.979000
2.013000
1.993000
2.015000
2.012000
1.988000
2.009000
1.937000
2.044000
1.994000
2.042000
1.977000
1.982000
2.043000
2.008000
1.944000
1.905000
1.961000
2.012000
1.938000
1.968000
2.039000
2.047000
2.035000
2.010000
1.915000
1.951000
2.013000
2.018000
1.920000
1.961000
2.026000
1.969000
1.976000
1.994000
2.045000
2.011000
1.951000
1.981000
1.987000
2.119000
1.932000
1.991000
2.044000
1.981000
1.957000
1.972000
1.958000
2.018000
2.002000
2.105000
2.020000
1.978000
1.885000
2.004000
2.031000
2.014000
2.048000
2.015000
2.011000
2.022000
2.066000
1.910000
2.016000
1.948000
2.029000
1.957000
2.020000
1.981000
2.015000
1.946000
2.028000
2.110000
1.988000
2.023000
2.041000
1.882000
1.951000
2.002000
1.999000
1.896000
2.018000
2.046000
2.004000
1.969000
2.003000
2.070000
1.997000
2.016000
2.072000
1.987000
1.998000
1.930000
1.963000
1.994000
2.011000
2.053000
1.952000
2.000000
2.022000
2.068000
2.008000
2.043000
1.944000
2.082000
1.998000
1.999000
1.976000
2.033000
2.065000
1.985000
2.061000
1.958000
1.978000
1.996000
2.030000
1.989000
1.989000
2.032000
2.032000
2.013000
2.032000
2.021000
1.999000
2.077000
2.022000
2.083000
2.019000
2.013000
2.018000
1.943000
2.040000
2.026000
2.035000
2.039000
2.047000
1.990000
1.990000
2.009000
2.029000
1.976000
1.986000
2.010000
2.058000
2.015000
1.983000
2.030000
2.100000
2.073000
1.980000
1.995000
2.016000
2.014000
2.021000
2.011000
2.004000
1.988000
2.003000
2.017000
1.972000
2.023000
2.102000
2.008000
1.993000
2.005000
2.082000
1.974000
2.020000
2.051000
1.980000
2.044000
2.047000
2.045000
1.960000
2.068000
1.992000
2.122000
2.035000
1.947000
1.982000
2.033000
1.945000
1.985000
2.060000
2.057000
2.016000
1.928000
2.067000
2.002000
2.008000
1.986000
1.965000
1.918000
1.961000
2.032000
1.998000
1.956000
1.985000
2.077000
1.980000
2.057000
1.896000
1.979000
2.039000
1.947000
2.064000
2.019000
1.966000
1.987000
2.010000
1.991000
1.989000
2.008000
2.028000
1.997000
1.981000
2.026000
1.974000
1.974000
1.951000
2.032000
2.011000
2.058000
1.925000
2.082000
1.957000
2.021000
2.044000
1.968000
1.927000
2.014000
2.046000
2.025000
1.989000
2.107000
2.056000
2.115000
2.086000
2.012000
1.959000
1.939000
2.022000
2.005000
1.985000
2.007000
1.950000
2.000000
2.038000
2.002000
1.995000
1.955000
1.991000
1.964000
1.924000
1.980000
2.046000
1.973000
2.044000
1.985000
2.032000
2.031000
1.945000
2.013000
1.985000
2.052000
2.093000
1.980000
1.953000
2.091000
2.002000
1.964000
2.058000
1.992000
1.911000
2.028000
1.988000
1.851000
2.042000
2.017000
2.016000
1.970000
1.998000
1.942000
2.070000
1.983000
2.022000
2.016000
1.986000
1.982000
2.001000
1.982000
2.105000
2.022000
1.955000
2.030000
2.074000
1.999000
2.024000
2.006000
1.972000
1.902000
1.963000
1.920000
2.046000
2.100000
1.990000
2.057000
2.052000
2.045000
2.016000
2.036000
1.945000
1.972000
2.028000
1.957000
1.898000
1.973000
1.998000
1.996000
1.963000
1.974000
1.971000
2.025000
2.028000
2.122000
1.959000
2.016000
2.026000
2.060000
1.925000
2.025000
1.965000
1.955000
1.980000
1.981000
2.052000
1.962000
2.023000
2.076000
2.032000
2.047000
2.036000
1.998000
2.005000
2.021000
2.038000
1.966000
2.047000
1.995000
1.888000
2.039000
1.989000
2.003000
2.084000
2.022000
1.986000
2.015000
1.987000
1.987000
2.061000
2.045000
2.130000
1.890000
1.984000
1.976000
1.921000
2.035000
2.044000
2.035000
1.985000
2.030000
1.946000
1.951000
2.002000
1.972000
1.992000
1.993000
2.035000
2.011000
1.990000
2.096000
1.918000
2.003000
1.951000
1.969000
1.956000
2.022000
2.000000
1.982000
1.988000
1.978000
1.966000
2.059000
2.047000
1.936000
2.014000
1.978000
2.064000
2.069000
1.995000
2.032000
1.991000
2.020000
2.070000
1.941000
1.927000
2.064000
2.003000
2.044000
1.959000
2.022000
2.016000
1.946000
1.963000
2.028000
2.018000
2.019000
1.959000
2.009000
2.108000
1.947000
1.976000
2.057000
1.942000
2.025000
2.038000
2.006000
2.020000
2.046000
1.983000
2.007000
2.025000
2.030000
1.984000
2.090000
2.001000
1.994000
2.011000
1.921000
2.157000
2.032000
1.994000
1.982000
1.955000
2.059000
2.044000
2.095000
1.978000
1.929000
1.968000
1.995000
2.113000
2.049000
2.040000
1.955000
2.001000
2.052000
2.061000
2.018000
2.011000
2.011000
2.053000
1.923000
2.057000
2.002000
1.924000
2.070000
2.011000
2.007000
2.007000
1.902000
1.962000
2.084000
1.964000
2.000000
2.039000
2.018000
2.004000
1.952000
2.007000
2.028000
2.032000
1.978000
1.946000
2.019000
2.014000
2.006000
2.114000
1.992000
2.044000
1.950000
1.996000
1.982000
2.002000
2.000000
2.013000
2.003000
1.974000
2.055000
2.025000
2.087000
2.043000
1.976000
2.012000
1.954000
2.026000
2.059000
1.989000
1.942000
1.991000
2.079000
1.997000
2.034000
2.039000
1.963000
1.892000
1.996000
2.047000
2.015000
2.019000
2.045000
2.003000
1.960000
2.025000
1.958000
2.083000
1.969000
2.088000
1.933000
2.061000
1.959000
2.072000
2.084000
2.011000
1.980000
1.943000
2.057000
1.949000
1.987000
2.056000
1.958000
2.015000
2.005000
1.990000
2.045000
2.012000
2.074000
1.944000
1.945000
1.949000
2.003000
1.985000
1.985000
2.017000
2.026000
1.960000
2.055000
1.980000
1.937000
1.950000
2.022000
2.006000
1.995000
2.034000
2.039000
2.053000
1.973000
1.954000
1.956000
1.911000
2.029000
1.984000
2.030000
2.041000
1.975000
1.949000
1.986000
2.016000
1.981000
2.073000
1.988000
2.017000
2.050000
1.961000
1.942000
2.030000
2.031000
1.945000
2.054000
1.915000
1.948000
2.016000
1.905000
2.034000
2.065000
1.986000
1.969000
2.023000
1.987000
1.959000
2.013000
2.032000
2.032000
1.991000
1.919000
2.024000
1.947000
2.017000
1.994000
1.980000
2.134000
2.022000
2.080000
2.025000
2.020000
2.145000
1.999000
2.053000
1.969000
2.026000
1.931000
1.991000
1.996000
2.071000
2.084000
2.019000
1.999000
2.011000
1.978000
1.946000
2.029000
2.058000
2.000000
2.004000
1.996000
2.006000
2.005000
2.004000
2.016000
1.998000
1.989000
1.928000
2.086000
2.010000
2.096000
1.963000
1.965000
2.059000
2.049000
2.031000
2.016000
2.076000
2.070000
1.920000
1.976000
1.974000
1.974000
1.977000
1.992000
1.917000
1.956000
2.045000
2.042000
1.972000
2.015000
2.004000
2.005000
1.997000
2.018000
2.081000
1.904000
2.111000
1.828000
2.041000
1.968000
1.925000
2.000000
1.994000
1.909000
2.084000
1.975000
2.005000
1.895000
2.038000
1.923000
2.031000
1.942000
1.990000
1.955000
2.051000
2.056000
2.012000
1.951000
2.062000
2.106000
1.917000
2.092000
2.010000
2.017000
2.015000
1.944000
1.966000
2.062000
2.016000
2.041000
2.018000
1.942000
2.066000
2.029000
2.080000
2.009000
2.049000
2.016000
2.004000
1.943000
2.012000
1.938000
2.000000
2.030000
2.021000
2.001000
1.923000
1.946000
1.987000
2.002000
1.961000
2.014000
2.010000
1.974000
2.026000
2.024000
2.020000
2.057000
2.063000
1.988000
1.893000
1.923000
1.994000
1.985000
1.969000
2.038000
1.972000
1.918000
2.020000
2.007000
2.026000
1.983000
2.035000
2.024000
1.948000
1.977000
2.076000
2.008000
2.047000
2.023000
1.975000
1.997000
2.026000
2.006000
2.021000
2.038000
2.074000
2.004000
2.028000
2.012000
2.023000
1.936000
1.989000
2.079000
2.041000
2.016000
1.960000
1.964000
2.028000
1.965000
1.984000
2.079000
2.017000
1.912000
2.057000
2.039000
2.045000
2.011000
2.058000
1.990000
2.026000
2.050000
2.020000
1.951000
2.003000
2.020000
1.935000
2.035000
1.984000
1.954000
2.041000
2.095000
2.016000
1.949000
1.959000
2.017000
2.011000
1.959000
1.961000
2.047000
2.103000
2.029000
2.003000
2.078000
1.976000
1.981000
2.022000
1.987000
1.929000
2.048000
1.917000
2.056000
2.005000
2.031000
1.934000
1.977000
2.017000
1.951000
2.003000
2.032000
1.999000
2.072000
1.925000
2.078000
2.021000
2.009000
1.973000
1.991000
1.976000
1.996000
1.995000
2.011000
2.082000
2.085000
1.970000
1.972000
2.020000
1.997000
1.977000
2.035000
1.971000
2.020000
2.024000
1.974000
2.013000
2.029000
1.979000
2.143000
2.102000
1.997000
2.037000
1.939000
1.984000
1.925000
1.964000
2.028000
2.054000
1.953000
2.031000
1.911000
1.964000
1.934000
1.955000
1.943000
2.058000
2.043000
1.960000
2.040000
2.022000
2.004000
2.089000
1.948000
2.042000
1.929000
1.965000
1.988000
1.953000
1.981000
1.934000
1.941000
1.979000
2.063000
1.924000
2.018000
1.956000
1.977000
1.946000
2.042000
2.004000
2.044000
2.004000
2.026000
1.907000
1.935000
2.018000
2.025000
1.981000
1.980000
2.045000
1.984000
2.073000
1.941000
2.038000
2.004000
2.024000
2.020000
2.080000
2.019000
1.976000
1.994000
2.002000
2.065000
1.961000
2.045000
2.050000
1.981000
2.058000
2.023000
1.985000
2.050000
1.919000
1.988000
1.918000
1.930000
1.934000
2.008000
1.989000
2.021000
1.951000
1.971000
1.999000
1.966000
1.925000
2.022000
1.958000
1.978000
1.989000
1.975000
1.897000
2.018000
1.982000
2.052000
1.948000
2.011000
1.992000
2.038000
2.041000
1.959000
2.030000
1.975000
1.949000
1.995000
1.968000
1.992000
1.974000
1.991000
1.951000
2.024000
1.982000
1.971000
1.998000
2.109000
2.007000
2.002000
2.035000
1.975000
1.965000
1.999000
2.037000
2.014000
1.979000
1.993000
1.925000
1.998000
1.941000
2.063000
2.032000
1.929000
2.053000
2.008000
2.063000
2.063000
1.972000
2.015000
1.969000
1.938000
1.964000
2.039000
2.036000
1.999000
2.043000
1.998000
1.982000
2.013000
2.046000
1.927000
1.999000
2.046000
2.009000
1.980000
1.959000
1.948000
2.016000
1.990000
1.986000
1.987000
1.940000
2.047000
2.005000
2.035000
2.007000
2.081000
1.945000
1.963000
1.998000
2.016000
1.991000
2.000000
1.946000
1.971000
2.005000
1.958000
2.061000
1.999000
2.010000
2.029000
2.002000
1.941000
2.026000
1.988000
1.998000
1.981000
2.058000
1.943000
2.008000
1.975000
2.059000
1.968000
2.031000
1.967000
1.979000
2.038000
2.025000
1.983000
2.015000
2.030000
2.016000
2.083000
1.960000
1.938000
1.965000
2.038000
1.971000
2.056000
1.977000
2.025000
1.982000
2.003000
1.926000
1.978000
2.047000
1.934000
2.081000
1.944000
2.043000
1.989000
2.002000
1.952000
1.978000
1.981000
1.962000
2.074000
2.027000
2.019000
1.931000
2.087000
2.038000
1.993000
2.009000
2.030000
1.875000
2.008000
1.898000
1.990000
2.072000
2.028000
2.007000
1.935000
1.965000
2.065000
1.997000
1.966000
2.065000
1.920000
2.019000
1.984000
1.922000
1.966000
1.970000
1.938000
1.944000
2.008000
2.065000
1.992000
1.916000
1.948000
1.948000
1.968000
2.030000
2.017000
2.028000
1.976000
1.971000
2.050000
1.946000
2.009000
1.960000
2.014000
1.963000
1.979000
2.031000
2.046000
1.971000
1.973000
1.979000
2.046000
1.972000
2.094000
1.990000
1.954000
1.944000
2.119000
2.025000
1.946000
1.947000
1.976000
1.964000
1.986000
2.035000
1.972000
2.012000
1.987000
1.991000
1.905000
1.948000
1.914000
2.029000
2.044000
2.024000
1.993000
2.018000
1.953000
1.991000
1.935000
2.067000
2.006000
2.038000
2.015000
2.045000
2.006000
2.079000
1.967000
1.961000
1.955000
1.959000
2.028000
1.972000
1.956000
1.997000
2.005000
2.060000
2.059000
1.984000
1.991000
2.017000
2.014000
1.909000
2.098000
2.018000
2.035000
2.007000
1.988000
2.012000
1.952000
2.072000
2.068000
2.075000
2.028000
1.912000
2.020000
1.990000
2.051000
1.920000
2.006000
1.971000
2.017000
1.985000
1.989000
1.934000
2.093000
1.980000
2.052000
2.002000
2.027000
2.050000
1.958000
1.993000
2.034000
1.997000
1.976000
1.927000
1.958000
1.956000
1.953000
2.015000
1.998000
2.018000
2.042000
1.964000
2.016000
1.930000
2.007000
1.999000
2.060000
2.006000
1.986000
1.983000
2.040000
1.960000
2.009000
1.995000
1.950000
1.955000
1.945000
2.008000
2.071000
1.995000
2.031000
1.980000
1.942000
1.962000
2.070000
1.973000
1.922000
2.086000
1.977000
1.950000
2.002000
1.995000
1.976000
1.909000
1.984000
2.047000
2.011000
1.947000
2.052000
1.945000
2.025000
2.011000
1.980000
2.047000
2.026000
2.046000
2.025000
2.056000
1.885000
1.950000
1.974000
2.061000
2.009000
2.009000
1.983000
2.057000
2.025000
2.018000
1.983000
1.982000
1.886000
1.974000
2.041000
1.994000
1.970000
2.004000
2.047000
2.023000
1.971000
1.983000
1.970000
2.032000
2.015000
2.017000
1.998000
1.944000
2.084000
