2.008000
1.998500
2.009600
2.010500
1.995700
2.006700
2.015100
2.005200
1.991300
1.992900
2.009600
2.003200
1.998000
1.980200
2.007200
2.003600
1.998200
1.996600
2.007500
2.003900
2.005200
2.007600
1.997400
2.011100
2.000200
1.991900
2.007300
1.997900
2.011400
1.995200
1.993900
2.007500
2.023100
2.027000
1.985300
1.989800
1.998100
2.002300
1.977000
2.017300
2.004400
1.990900
2.034900
2.012900
2.000200
2.021700
1.989900
2.019100
2.015400
1.987900
2.002700
2.026300
1.997200
1.974000
1.985000
2.013900
2.025600
1.998600
1.993300
1.996900
2.009400
2.015300
2.024000
1.998600
1.994700
1.992300
2.007500
1.991100
2.001000
1.986600
1.993200
1.993600
2.010200
1.987900
1.999100
1.986300
2.024300
1.997600
2.003600
1.986800
1.998700
1.991300
1.993700
1.982600
2.000100
2.005900
2.015200
1.999800
2.007300
2.018200
2.013200
1.994000
1.986200
2.004800
1.989300
1.996300
1.958500
1.998100
1.974800
1.985000
2.000700
2.023700
1.990300
1.997500
1.993800
2.016200
2.010100
1.997300
1.991300
1.998700
1.996200
1.991000
2.001100
2.022500
2.003100
2.005100
2.008700
2.009100
1.978900
1.998200
2.014000
2.009900
1.987800
1.998200
2.000200
1.991800
1.982700
1.996500
1.991500
1.996700
2.003900
1.993900
2.008600
1.990700
2.005800
1.988500
1.985000
2.009400
2.000000
1.995400
2.017700
2.003300
1.989700
1.995300
1.995300
2.015100
2.003000
2.004500
2.000800
1.985600
1.993400
1.993100
2.009600
2.015600
1.991000
1.999200
1.967800
1.995700
2.000200
2.008600
1.993500
2.023000
2.007100
2.004600
2.042100
2.015800
2.007300
2.023300
2.009100
2.009000
2.006900
2.006800
1.996000
1.984100
1.992300
2.021100
1.996300
2.020700
2.017200
2.015600
1.983200
2.031100
2.020700
1.975600
1.990800
1.981600
1.983000
1.963100
1.993000
1.997600
2.031600
1.987200
1.992500
2.019200
1.999200
1.979600
1.995300
1.995500
1.999600
2.001900
2.012100
2.001200
2.001100
2.008100
1.990300
2.006900
1.980900
1.988400
2.016000
2.000500
1.994300
2.017700
1.972000
2.016500
1.981400
2.005300
2.028600
1.993900
1.996500
1.995700
2.003800
1.968700
1.983800
1.980200
2.019800
2.005200
1.992100
2.015100
1.994800
1.985100
1.992900
2.010200
2.005000
1.995900
2.006600
2.019100
2.018900
1.990500
1.997000
2.002200
1.989500
1.986700
1.985400
1.990500
1.986900
2.019200
1.983900
1.984500
1.981200
2.007300
1.996700
2.025900
2.000400
2.017500
1.991300
2.004900
1.983600
1.981400
2.013800
2.019000
2.015500
2.001200
1.977100
1.987100
2.017600
1.992600
2.005300
2.015500
2.009300
2.001800
2.006100
2.016800
1.973700
1.988500
1.983700
1.991000
2.013200
1.987500
1.996000
1.988300
1.983600
1.982500
2.004700
2.015300
1.994800
2.001600
2.017800
2.002800
1.987700
2.003700
2.001600
1.967400
1.998300
1.989400
2.004400
2.010900
1.989400
2.000500
1.981800
1.991100
1.996500
2.003400
1.977400
2.003900
1.999200
2.018100
2.010100
2.010000
1.965300
1.995700
2.007800
2.011000
1.977500
1.986600
1.997800
1.993400
1.994400
2.033100
1.996700
1.986300
1.978900
2.003000
1.984700
2.016700
1.989800
1.992200
2.008400
2.000100
1.998600
1.973700
2.006600
1.976900
1.994900
1.991000
2.012300
2.013900
1.970800
2.007100
1.994300
1.990400
1.985900
1.987000
2.004200
1.998400
1.994200
1.989300
2.006100
2.020900
2.004100
1.982600
2.023200
1.981400
2.014000
1.990200
1.980200
2.008200
2.011200
2.022300
2.001600
2.009400
1.962800
1.978700
1.989500
1.980900
2.000000
2.003800
2.006200
2.001800
2.005800
1.995600
1.995400
1.970100
2.014300
2.003800
2.018800
1.989000
1.977900
1.985200
1.979500
2.013200
2.014400
1.996800
1.996200
2.003800
1.991800
1.988800
1.990900
2.000700
2.015100
2.024200
2.007100
2.007800
2.009000
2.003500
1.985500
2.000000
2.008300
1.987400
2.000500
1.990600
1.976900
2.018800
1.982700
1.983500
1.997100
1.998200
2.002300
1.982200
2.016300
1.993800
1.999800
1.999700
2.015600
1.996600
1.970200
1.998600
1.975000
2.000000
2.017800
1.975500
2.002900
2.020600
1.998000
2.028400
1.990100
1.998800
1.992800
1.982000
2.028600
2.018900
1.982600
2.013500
1.987000
1.979200
2.002000
1.997900
1.986300
2.000700
2.001500
1.989500
2.006500
2.003000
1.989800
1.988300
1.996600
1.991200
2.007100
2.003500
1.968100
2.005200
2.012200
1.995200
2.002100
1.985100
1.993500
2.005300
2.005200
2.027000
1.987700
1.993100
1.983200
2.019200
1.984600
1.991800
1.986800
2.012200
2.011000
1.978100
1.987600
1.993600
2.017200
2.023000
2.025200
2.003400
2.009300
2.011500
1.979500
2.009500
1.997600
1.981000
1.984600
1.989600
1.996400
1.994300
1.994800
1.998700
1.988100
1.986300
1.986400
1.983300
2.012500
1.994100
2.004100
2.023800
2.006500
1.993000
1.996800
2.018100
1.986700
2.009300
2.031100
1.988400
2.010500
2.001600
2.008000
1.987100
2.018000
2.008500
2.006200
2.012700
2.028400
1.997600
2.011500
1.988400
2.004000
2.011800
2.005900
1.980400
1.985200
2.013800
2.030300
2.010100
1.982100
2.001500
1.997100
1.999500
1.992800
1.979000
1.996300
1.967500
2.009100
1.988100
2.016900
2.006000
2.012500
2.004400
2.010800
1.983200
1.981900
2.007600
2.011100
2.003500
2.001400
1.966200
1.998200
2.014500
2.007600
1.996000
2.004800
2.008500
2.011000
2.010400
2.024600
2.003200
1.977200
2.010400
1.985000
2.000000
1.985600
1.988500
1.989600
1.984200
2.004800
1.967800
1.991100
2.019500
2.007000
2.021800
2.003900
2.011800
1.989400
1.994500
1.980200
1.983500
2.017900
1.988300
2.016600
2.006400
1.982700
1.980000
2.003900
2.027500
1.999000
2.006800
1.984200
2.023800
2.002200
2.015000
2.007000
1.999600
2.002900
2.000200
1.989400
1.979200
2.007900
2.003400
1.988100
2.034400
2.019500
2.003800
1.997200
1.981200
1.999900
1.985100
2.009200
1.985000
1.988000
1.989200
1.996200
1.995500
1.991700
2.010100
1.997100
1.987400
2.016500
1.984900
2.016000
2.013000
2.004600
2.015900
1.991400
1.981300
1.984300
1.986900
2.007300
2.017800
2.030900
2.004500
1.973700
1.977900
2.009300
1.974900
2.028800
2.005800
1.990900
2.016300
1.988900
2.003500
2.017700
2.004700
1.974100
2.001800
2.001100
1.973000
1.985700
1.997500
2.017900
1.973900
1.978200
1.980300
2.004000
2.021400
1.986500
2.019200
2.008100
2.007900
2.004700
1.992600
2.006500
1.998300
2.007400
2.011700
1.994900
1.994100
1.993900
2.012000
1.982400
1.984900
1.983500
1.988900
2.012900
2.004200
2.007100
1.999000
2.007000
1.987700
1.997100
1.986800
1.986300
2.001900
2.028100
1.993400
1.984200
2.001100
2.001600
1.989600
2.007400
2.016500
1.996400
2.009000
2.015800
2.001400
2.015300
1.963300
2.013100
2.007800
1.991200
2.010500
2.020600
1.992400
2.013800
2.009800
2.010000
1.982900
1.997600
1.980400
1.985000
1.975000
1.987300
1.989100
1.996800
2.023600
2.011700
1.989500
1.995900
2.001600
2.021300
1.978400
2.028900
1.999700
2.004000
1.992200
1.999400
1.993500
2.035100
2.014700
2.004200
2.001500
2.007800
2.000900
2.012700
2.017600
1.998700
2.011300
2.011300
2.009300
1.997600
2.009700
1.975600
2.009000
2.026300
2.004800
1.991600
1.977100
2.000600
1.977100
2.017000
1.985900
1.982000
1.994200
1.990900
1.989900
2.019500
1.988900
1.979000
2.027500
1.985300
2.003400
2.002800
1.995200
2.006300
2.004600
1.982400
1.987700
1.983900
2.016400
2.010900
1.983300
2.031400
1.994700
1.985000
1.984900
2.002500
1.983700
1.993800
2.025000
1.985700
1.974200
2.001700
2.001300
2.023200
2.009500
1.999900
1.998000
2.007100
2.019300
2.012500
1.990000
2.004700
2.005800
1.991400
1.978900
1.980400
1.969800
2.021100
1.995000
1.988000
1.993500
2.026000
2.021000
1.972300
1.984800
2.000700
2.007500
1.985800
2.024500
2.001100
1.999700
2.013700
2.024200
2.012700
1.993300
2.004800
2.003200
2.006700
2.000000
2.007800
1.993600
2.015300
1.987400
1.984700
2.003500
1.995600
1.995900
1.990900
2.006400
1.983900
2.030700
2.022500
2.006400
2.003400
2.010100
2.007200
2.007200
2.017300
2.023200
1.969500
2.004300
2.020800
2.016900
1.982900
2.017000
2.008800
1.994300
2.009800
2.006200
2.007700
2.032000
2.011500
2.005100
2.007000
2.007800
2.002400
2.016800
1.994000
1.988700
2.016400
1.993700
1.981100
2.013300
1.996200
2.013000
2.017300
2.012400
2.000300
1.974800
2.008800
1.987500
2.022400
1.996300
1.991700
2.015300
2.013200
2.009500
1.997200
1.997000
2.014300
2.002000
1.996500
1.979000
2.006300
1.988600
2.001000
2.004300
2.007000
2.011100
1.970300
1.992200
1.980700
2.003900
2.005200
1.998200
1.997200
2.002900
1.987400
1.957600
1.994300
2.010200
2.002900
1.999300
2.004200
2.012000
2.012600
2.022200
2.005300
1.976800
1.976200
2.039500
2.013700
1.996800
1.993800
1.965800
1.988800
2.012700
1.996600
2.000700
2.003200
1.991200
1.978500
2.003900
1.989900
1.991400
1.986500
2.015700
2.013100
2.013400
2.002100
1.998000
2.023800
1.989900
1.996900
1.996300
2.002200
1.998000
2.026100
1.996600
1.987200
1.973200
2.013200
2.006100
2.006400
1.994400
1.993300
1.999300
2.020200
2.021600
2.034500
1.987300
1.984400
1.992100
2.024500
1.978900
2.002700
1.991800
1.988100
1.994900
1.993200
1.994100
1.995300
2.018500
1.989200
2.008300
1.989400
1.982900
2.003800
1.994200
2.008900
1.988900
1.995700
1.972300
2.035100
2.006000
2.003300
2.009300
2.004700
2.005200
1.996700
1.995600
1.980800
2.011200
1.980900
1.990100
1.994900
1.994400
2.026600
1.984200
2.018800
2.019100
1.990400
2.004300
1.994000
2.021400
1.994800
1.988100
2.011000
2.011600
2.015900
2.000800
2.007700
2.000900
2.015400
2.004800
1.976500
2.013300
2.005700
2.011800
1.984800
2.004600
2.001800
1.983500
1.982100
1.983200
2.015600
1.974500
1.998900
2.017200
2.007900
1.973400
1.989500
2.007100
2.015000
1.991300
1.977600
2.003100
2.018000
2.001100
2.036900
2.011400
2.014000
1.984600
2.011300
1.984800
1.997500
1.987900
2.012800
2.017200
1.997400
2.002200
1.987400
2.009100
1.992100
2.006000
2.009400
2.009700
2.001200
1.990300
2.035200
1.994000
1.998800
2.004200
2.011200
1.999400
2.021000
1.998800
1.985800
2.054800
1.999800
2.011800
2.000900
2.008900
2.003000
1.977800
2.014700
1.966800
2.006000
2.007100
2.029900
1.994000
1.993600
1.972700
2.018700
1.985100
1.988700
2.015900
2.006200
1.985400
1.993600
1.998700
1.986500
1.999700
1.991200
2.005000
1.997900
1.992000
2.011000
2.005500
2.024600
2.007000
1.996200
1.989300
2.002200
1.987100
2.012400
2.006700
1.993300
2.012700
1.989100
1.998800
2.008200
2.009000
1.998600
1.997900
1.983200
1.992100
2.026900
1.977700
1.973300
2.012500
1.989400
1.995500
1.984100
1.990900
1.980500
2.002500
2.009700
2.023500
1.988800
1.999300
1.991500
1.992200
2.010200
2.000500
1.988600
1.985000
2.018400
2.026700
2.003900
2.011500
1.997600
1.995300
2.009100
1.990000
1.998700
1.995300
2.006900
2.013200
1.996900
1.997000
1.998600
2.004500
1.986900
1.995400
1.997400
1.995300
1.995900
1.999400
2.009700
2.003900
2.017800
2.001700
1.995500
1.989300
2.021800
1.981900
1.996200
2.016100
2.002500
1.978400
1.985400
2.002800
1.969500
2.000100
1.986800
1.996000
1.992500
1.982600
1.989000
2.014800
2.001700
2.015400
1.990500
2.010800
2.015000
2.018900
1.970100
1.980800
2.003500
1.995200
1.997000
1.976800
1.998600
1.986400
2.015100
1.980600
1.978100
1.987100
1.985800
2.004900
1.987800
1.997100
2.032000
2.007400
2.004600
1.979200
2.000000
2.016500
1.989600
2.005600
2.007400
2.031100
2.025700
2.017600
2.008000
2.030700
2.016100
1.992100
1.988400
1.998200
1.989000
2.001500
1.986400
1.968300
2.014200
1.998300
2.010800
1.993300
1.989200
1.996200
1.967500
1.985400
1.995600
2.017300
1.997900
1.982600
2.018100
1.999200
2.006400
1.986700
2.000500
1.987400
1.984800
2.008800
1.997500
1.992300
1.981300
2.005200
1.977500
1.993700
2.026000
2.017100
2.012900
1.981200
1.975200
2.013900
2.015300
1.973500
2.014000
2.001400
1.964200
1.995000
1.975300
2.009200
1.983000
2.003400
1.993400
2.002500
2.001400
1.991800
2.013300
1.989900
2.003900
2.030400
1.981500
2.000900
2.015100
1.998000
1.999100
2.005700
2.018100
2.000600
1.985000
1.985200
2.011000
2.003600
2.007500
2.006500
1.995300
1.989500
2.033300
2.013900
2.016900
1.990800
1.984800
1.971100
1.997000
1.988900
2.002000
1.998900
2.005600
2.001000
1.990800
1.988600
2.007600
1.994100
2.021000
2.018900
1.992500
1.997400
2.001400
2.002800
1.988100
2.009700
1.993700
2.008700
1.998800
1.976600
2.006400
2.000200
1.994300
1.988400
1.992400
1.987800
1.992900
1.994400
2.009700
1.992700
2.014000
1.995100
2.027300
2.016900
1.993300
1.990200
2.012000
2.011900
1.994300
2.010000
1.980100
1.996900
2.039600
2.010000
2.012100
1.988000
2.008800
2.025400
1.986700
1.988800
2.001300
1.996500
2.000600
1.992800
1.997600
2.016300
1.985200
1.985000
2.000600
2.001800
2.000900
1.978100
2.000800
1.989500
1.990100
1.998300
2.011500
1.992400
1.987400
1.997700
2.007000
2.010300
1.987500
1.975600
1.995600
1.997400
1.972300
2.009900
2.000200
1.986300
1.992500
1.999500
1.981700
2.002300
2.008700
2.020800
2.022200
2.000000
1.995600
2.009200
1.988400
1.988200
2.019400
2.006100
2.027300
1.994700
2.002300
2.002700
2.002500
2.029900
1.988800
2.007500
2.000600
2.004000
1.998200
2.009600
2.005200
1.982100
2.004100
2.013600
2.029600
2.001300
1.991600
1.998700
2.000800
1.985800
2.014300
1.994400
2.010600
1.995600
1.992700
1.978300
2.021600
1.991300
2.004600
1.988200
2.034100
1.997000
1.997200
1.990900
1.990100
2.002600
2.009300
2.010500
1.974600
1.977400
1.983700
2.006900
2.000500
1.991300
1.991300
2.030700
1.999400
2.013500
2.009300
1.987900
1.988100
2.001300
1.976300
1.997200
2.018400
1.983700
2.010800
2.003900
2.014400
2.011200
2.012100
1.999300
1.977800
1.999200
2.000000
1.975000
1.974400
2.013600
2.013300
1.980600
1.999200
1.993200
2.003000
1.999100
1.979500
2.001200
1.995600
1.986100
1.989400
2.018100
2.006700
2.020700
1.982600
1.980700
2.021900
2.036000
1.976000
1.991800
2.001900
2.017100
2.005200
2.006100
2.012600
2.005000
2.020200
2.026900
2.008200
2.013500
1.992200
1.985100
2.000700
1.988900
2.007900
2.001000
2.008200
2.009300
2.005400
2.015700
2.013900
1.979500
2.011100
2.025600
2.003900
2.003600
1.985000
1.999000
1.993500
1.996200
1.972300
1.976700
1.988400
2.012600
2.012300
2.021600
2.022600
2.010100
1.992800
1.994500
1.991400
2.002500
2.033700
2.012900
1.997600
1.989600
2.005400
2.007300
1.996600
1.968500
1.995000
2.017100
1.984600
2.004100
2.007500
2.008700
2.015600
1.987800
1.994800
2.022400
1.975900
1.980100
2.011100
2.002900
1.988600
1.987100
1.989600
1.990300
1.994300
1.998700
2.012300
2.021500
1.998200
1.980900
1.982200
2.012000
2.006300
2.013500
2.031000
1.999000
1.975300
2.015100
2.033000
2.003600
1.999100
1.997600
1.995600
1.999300
2.007200
2.007600
1.994800
1.997100
2.000400
1.994600
1.994700
2.013300
2.027700
1.990600
2.007200
2.019400
2.005700
1.992700
1.982000
1.997500
2.020000
1.999600
1.980600
2.019800
2.005200
1.995800
1.987100
1.986800
1.977800
2.018300
1.996800
2.001500
1.978100
1.996100
2.016200
2.014500
1.997400
2.026500
1.996100
1.985200
1.985300
1.994700
1.993600
1.990800
2.002200
1.980100
1.990500
2.016700
2.008500
1.992700
1.992600
2.013800
1.997600
2.043000
2.030300
2.013900
1.989100
2.014100
1.998600
1.989900
1.979400
2.004400
1.996100
1.990600
2.011800
1.999200
2.002200
2.011600
1.999800
1.992200
1.996300
2.007700
1.994300
2.010900
1.997300
2.023600
2.029900
2.034200
2.008100
1.994500
1.997500
1.995500
2.034000
2.004700
2.002100
2.003900
2.004900
1.996900
1.979500
1.990900
2.015000
1.996000
2.009700
2.021200
2.026200
2.005600
1.986800
2.015900
2.021100
2.004600
1.988300
2.018300
1.994700
1.981200
1.983600
2.008000
2.002300
1.973100
1.992700
2.008300
1.993200
1.996200
2.010500
1.996700
1.986900
2.001400
2.012700
2.003800
2.006600
1.978200
1.992300
1.993600
2.003600
2.008000
1.996900
1.998600
1.994800
2.026900
2.009000
2.029900
2.030000
2.002500
1.989600
2.018000
2.004200
1.998900
2.023100
2.008900
2.006800
2.025900
1.983800
2.022200
2.005100
2.031800
2.020900
2.019700
2.001800
1.989600
1.971400
2.006000
1.984600
1.988800
1.999600
2.023700
2.004200
2.013300
2.013600
2.002100
2.007500
2.010500
2.013600
1.987600
1.990900
1.991900
2.010300
1.999000
2.014100
2.008400
2.002100
2.015100
2.000200
1.992700
2.001600
1.991000
1.990700
1.981200
2.007400
2.018800
2.013500
2.019700
1.998900
2.025100
1.990200
2.017800
2.015900
2.016000
2.001400
1.994700
2.012600
2.001600
1.982200
1.999800
1.982200
1.992500
1.980400
1.976700
1.990800
1.992700
1.996900
2.016600
2.004500
1.989400
1.998300
1.987600
2.005500
1.975100
1.995600
2.012800
2.028000
2.008100
1.995500
2.000300
2.027600
2.003200
1.986500
2.024800
2.004600
1.991100
1.986400
2.019100
2.027200
1.998800
2.006100
1.997200
1.983300
1.993000
1.992300
2.011600
1.975200
2.001500
2.016400
1.991000
1.983000
2.007700
2.012100
1.993700
2.001200
1.993500
1.999900
2.017000
2.010200
2.007500
1.982600
1.997900
2.006500
1.988600
1.999500
2.020100
2.010500
2.007800
2.001600
1.995200
1.994600
2.041000
2.011500
1.973600
1.992100
1.988600
1.978900
2.007500
2.000300
2.010000
1.990500
1.997800
2.003900
1.983100
1.999300
2.005900
1.992300
1.980500
1.990000
2.007600
2.001700
2.039000
1.990500
1.994600
1.980200
1.984800
2.005400
2.007700
2.003100
1.997500
2.001500
1.988700
2.015300
1.990900
1.995900
1.998600
2.018300
1.995000
2.005400
2.018000
2.030900
1.998900
1.995600
1.973500
1.999500
1.997800
2.005000
2.003400
2.010300
1.989000
2.016600
1.997600
2.008300
1.985900
1.989000
2.008600
1.996200
2.024000
2.011700
1.999300
1.997200
2.001100
1.988300
1.999800
1.990500
1.995700
2.002500
1.993900
2.014200
2.007700
2.005600
2.015600
2.015300
2.012800
2.018200
2.006800
2.007900
2.011100
1.986900
2.003000
1.997200
2.012800
1.992400
1.980500
2.003200
2.006600
2.012900
2.017500
1.986600
2.020400
1.979800
2.004700
2.009900
1.998000
1.990300
1.994700
2.012000
2.000600
1.985900
2.009300
2.018200
1.985200
1.981000
1.983100
1.983500
2.004400
1.997700
2.020900
2.002900
1.995000
2.012200
1.996600
1.996300
2.018800
2.030400
2.015400
2.001700
2.016900
1.992400
2.014300
1.991300
2.027600
2.008300
1.987300
2.004500
2.004500
1.988100
1.985100
1.997300
2.002200
1.983300
2.000700
2.002200
2.033000
2.003500
1.996500
2.020500
1.998400
1.999000
2.008400
2.000900
1.995000
1.987600
2.009800
2.000700
2.000600
2.013900
1.992900
2.001800
2.003500
2.022100
1.984700
1.978700
2.006500
1.998900
1.997700
2.011600
1.988000
2.026900
2.009300
1.991100
2.003700
2.019000
1.995200
2.000100
2.013400
2.017400
1.976700
1.996400
2.014000
2.004000
2.004000
1.993400
2.005300
2.003400
1.989100
2.015900
1.999400
1.997900
1.994600
2.022800
1.987800
2.019300
2.003100
2.006800
1.983900
2.006100
1.962000
1.991700
1.994900
1.985000
2.003800
1.979500
1.977900
2.010700
2.007000
1.984100
2.010900
1.992200
1.998100
1.986200
2.017300
1.952700
2.023800
1.981100
2.006600
1.987300
2.003100
2.006500
2.004900
1.991200
2.009600
2.021900
1.989700
2.004000
2.022700
1.998800
2.017700
1.990500
2.006700
2.004400
1.977000
2.005500
1.987400
2.010600
1.999100
1.976800
2.014800
2.009500
2.021100
1.999200
2.001400
2.009800
1.998800
2.011000
2.014500
2.015200
2.002100
1.989900
1.996600
2.003800
1.960600
2.001200
1.979000
1.982700
1.998600
1.991700
1.974200
1.990800
1.971700
1.984500
2.008200
1.998100
1.968800
1.987700
1.994800
2.009100
2.026200
1.996500
2.006000
2.000200
2.010600
2.017000
1.971100
2.012000
2.022300
2.015400
2.017500
2.004100
2.030400
1.990900
1.965100
2.002800
2.003300
1.976200
1.979800
2.034700
2.012400
2.017300
1.983300
2.018200
1.980500
1.987300
1.996200
1.998900
2.021300
1.999200
1.978000
1.995100
1.989900
2.013000
1.985600
1.974900
1.990500
1.995100
1.989800
1.987900
2.005700
2.013500
1.991000
2.011900
1.993500
2.004800
2.019900
1.998400
1.980200
2.002600
2.007400
1.990300
1.982100
2.006900
1.987600
2.015500
1.999400
1.991800
1.995700
2.006800
1.981100
1.992300
1.991600
2.008700
1.983900
2.003800
1.996800
2.012100
2.009400
2.000800
1.989200
1.994200
1.982000
1.978600
1.998800
2.002600
2.020000
2.005600
1.982300
2.005300
2.010700
1.982600
1.979400
2.007900
2.000200
1.979600
2.018000
2.004200
1.998300
2.018800
2.012300
2.018500
1.991700
2.034800
2.014900
2.003400
2.007200
2.011400
1.992300
1.998300
2.023300
2.015400
1.971400
1.998600
1.996800
2.001000
2.021100
1.992500
1.988100
2.001300
2.014800
2.010900
1.968000
1.996800
1.997900
2.014900
2.009500
1.985800
1.987400
1.982200
2.000300
1.997500
1.996600
2.018500
2.003200
2.004300
1.981300
1.992600
1.996400
2.016800
1.984100
1.995100
1.991500
2.023100
1.983100
2.009200
2.002700
1.981900
1.984900
2.009800
2.001400
2.032400
2.013600
1.987100
2.013400
1.994800
1.997500
1.976000
1.985200
2.009300
2.007900
2.007800
2.004600
1.981700
1.998500
1.987800
2.003400
2.023000
1.981100
2.004700
2.019200
2.030000
1.993300
1.993000
2.011300
1.993500
2.026200
2.002600
2.008000
1.998100
1.986500
1.997100
1.977900
1.983800
2.003000
1.988100
1.998100
1.999500
2.005100
2.005200
2.012000
1.984900
1.977400
1.988500
1.999000
2.015000
2.005300
1.995400
2.003600
2.015000
2.020600
2.030800
1.994500
1.996000
2.014600
2.005500
2.002200
2.003200
1.974500
1.985300
2.005600
2.005500
1.992900
2.005300
2.025600
2.017700
1.980000
2.020400
1.964500
1.996600
2.002800
2.003300
2.019000
2.005100
1.998200
1.986200
2.013100
1.977900
2.005100
1.974300
1.994700
2.004300
1.986900
2.023500
2.030200
2.014900
1.993200
2.011600
2.013900
2.001700
2.025300
1.979900
2.012900
1.976800
2.004900
2.019500
1.949900
2.025500
1.998400
1.985900
1.998900
2.010200
2.011200
1.976100
2.030000
1.987200
2.018400
1.999000
2.004000
1.980100
1.980200
1.992200
1.972400
1.990800
1.992400
1.983600
2.007800
2.012000
2.018100
2.020800
2.004700
2.001000
2.027600
2.002800
1.991400
2.009700
1.989000
1.994600
2.001300
1.992600
2.013700
1.987000
1.996700
1.999800
1.998700
2.003700
2.000200
2.015500
2.010600
1.996000
2.005200
2.004000
1.995600
2.013700
1.992300
1.987900
2.028400
1.987100
1.992700
1.993400
2.013000
1.986200
2.034900
2.027800
1.992100
1.999400
1.994400
1.975600
2.007100
2.001500
1.980400
2.010100
1.984100
2.002500
1.988400
1.986600
1.961400
2.003400
2.012100
1.997300
2.012700
1.985200
1.983600
2.017700
2.003900
2.006300
2.008300
2.007000
1.981300
1.989600
1.987500
2.014800
1.995000
2.015300
2.003600
2.001800
1.990600
1.990200
1.985100
1.999600
1.994500
1.993400
2.017000
2.002300
2.026200
2.000700
2.005700
2.020800
1.995100
1.985800
2.006500
1.987400
1.991900
1.980500
2.000800
2.005900
2.020700
1.980900
2.003600
1.977200
2.005900
2.016700
1.995900
1.993900
1.983700
2.024400
2.014900
2.020700
2.005200
1.991900
2.021000
1.979300
2.006300
2.002000
2.003400
1.993000
2.005400
1.999500
2.006000
2.005900
1.995800
2.008000
1.990600
2.005100
2.001400
2.011000
1.991200
1.999200
1.988100
1.997600
1.998600
2.006400
1.968900
2.005400
1.991100
2.003600
2.003100
1.975500
2.016700
2.004600
2.007900
1.989600
1.991000
2.025100
1.978000
1.993200
1.982100
2.015400
2.001000
2.007100
2.006000
2.007000
1.999800
1.996900
2.008600
2.009300
2.016600
1.975500
1.966700
1.991000
2.005800
1.987000
1.994300
2.003800
2.004600
1.989200
2.021700
1.987000
1.985900
1.994100
2.001700
1.988900
1.978800
1.977300
2.011700
2.000900
1.982000
2.009800
2.004700
1.991200
2.010300
1.997200
1.972400
2.014100
1.995300
1.979300
2.012700
1.998700
2.006800
2.013200
1.980500
1.982600
2.001700
2.007300
2.000500
2.001000
1.993300
2.002500
2.006100
2.000400
2.003900
1.992900
1.997300
1.985600
2.009600
2.006500
1.989600
2.002400
1.993600
2.009800
2.004200
1.991600
1.986200
2.030600
2.004500
2.006700
2.005800
2.000200
2.006700
1.990300
1.982900
1.980800
1.991200
2.002900
1.988200
2.020900
1.999400
2.000200
1.995300
1.990600
2.022100
1.979900
2.000400
1.988400
1.988800
2.007500
2.005100
1.996400
1.993100
1.985400
2.034000
1.981100
2.007900
2.009800
1.979400
2.006300
1.975700
2.007500
1.966200
1.997500
2.010700
2.028000
2.003200
2.013500
2.010400
2.005000
2.014000
2.031400
2.004300
1.987300
1.999900
2.002900
2.011300
2.007100
1.998400
1.987900
1.996200
2.027800
2.010400
1.997900
1.999300
1.987800
2.007500
1.987800
2.008800
2.004100
1.988000
2.014400
1.995400
1.976400
1.988800
1.992400
1.975400
2.015500
1.997000
2.012800
2.012100
2.021000
2.003200
2.000800
1.986100
1.984600
1.995400
1.992500
2.012100
2.017900
2.004700
2.000300
2.030200
2.001100
2.002500
1.975500
1.994000
2.020100
1.992400
1.993900
2.003900
1.998700
1.995300
2.012400
1.980600
1.997700
1.978400
2.001400
2.008000
1.998400
1.981000
2.009100
1.995500
1.997400
2.009400
2.004100
1.997800
2.012700
1.991600
1.990000
2.013300
1.990800
2.033800
1.991100
2.010800
1.995600
1.998400
1.996400
2.003700
1.991800
2.009300
2.012800
2.003400
1.987900
2.007000
2.001400
1.996700
1.990100
2.037300
1.983600
1.994800
2.005700
1.995900
2.001800
2.012600
2.014400
2.003700
1.999900
1.997100
1.983400
2.004300
2.017600
1.974600
2.014600
1.995700
1.995500
2.003600
2.003900
1.989600
1.998400
2.012000
2.006800
2.004700
1.996500
2.011400
1.979200
2.014300
1.988700
2.003300
2.015500
2.014800
1.998400
2.011400
2.011900
2.015100
1.992600
2.023600
1.997900
1.977400
2.012000
1.990100
1.987700
2.023700
2.032000
2.024600
2.007600
2.017900
2.010300
1.999200
2.022700
2.011000
2.010100
1.986000
2.014900
1.983100
1.998200
2.015000
2.014700
2.013300
1.975100
1.989800
1.990800
2.020200
1.990100
1.997600
2.002000
1.996700
1.978700
1.994000
1.987300
1.974100
1.996700
1.996900
1.983000
1.995000
1.974000
1.996400
2.000200
2.010100
2.003000
1.997500
2.030800
2.015300
1.969200
2.007000
2.003900
1.981300
2.020000
2.017000
1.996800
1.996100
1.986600
2.040900
1.978700
1.985000
2.031900
2.001800
2.024900
2.008600
1.994600
2.005700
1.994800
2.010100
1.992800
2.003900
1.995600
1.994100
1.989000
2.015200
1.992400
2.033300
1.983800
1.982500
1.988600
1.983300
1.983400
2.004300
2.005600
2.000800
2.018400
1.967500
1.987800
2.004900
1.994300
1.995400
2.017400
2.007900
2.019200
2.009400
1.990000
1.996000
1.972100
2.013700
2.000400
1.982800
1.991000
2.000000
1.963000
2.004900
1.955700
1.996300
1.991200
1.984800
1.976700
2.006900
2.004900
2.002700
2.006000
2.006300
1.967800
2.011900
2.006600
1.996700
2.012500
1.997800
1.999500
2.025100
1.979500
1.983700
1.985400
1.986900
2.006000
1.998500
1.996900
1.999300
2.004200
2.013000
1.993200
1.992800
2.035400
2.020500
2.012100
1.976900
1.995400
1.988500
1.992100
2.001800
2.031200
2.002200
1.981400
1.979400
2.008900
1.977800
1.985800
2.015200
1.996800
2.027100
1.980600
1.966500
1.991200
1.987700
2.019200
2.008400
1.983200
2.001200
1.994300
1.995500
2.008100
1.983700
1.996200
1.972100
1.986200
2.010800
2.007300
2.000700
2.002400
1.990100
2.007900
2.025400
1.994300
2.011000
2.001800
1.990200
2.008400
2.008700
2.008200
1.984900
2.005600
2.000300
1.991500
2.024500
1.978100
1.969600
1.989300
1.994900
1.989500
1.993600
1.988300
2.005100
1.983800
1.998000
1.991800
2.016700
1.989700
1.990300
1.996700
1.998500
2.009300
1.984400
1.979600
2.022600
1.997800
2.024000
1.998600
2.007000
2.010100
2.023300
1.998100
1.983900
2.007200
2.011100
2.018200
1.995000
2.002300
2.049200
1.982500
1.982800
1.996100
2.011400
2.017600
1.973100
2.010100
2.005900
2.011900
1.998700
1.990600
2.010400
1.994000
2.014700
1.979800
2.000900
1.980200
1.979300
2.007500
2.002500
1.992100
2.016000
2.007900
2.016800
2.016400
1.994800
2.027700
1.996100
1.996000
2.013500
2.015300
1.996100
2.013900
1.989500
1.998700
2.021200
2.008500
1.985700
1.970000
2.018000
1.992800
1.992800
1.982600
2.041100
1.998400
1.984900
2.012700
1.980600
2.014700
2.012200
2.002900
2.007200
1.997500
1.990100
2.019900
2.016500
1.990100
1.990700
2.018500
1.993200
2.010600
1.999500
1.990300
2.022100
1.973900
1.975400
1.995900
2.004800
2.004200
1.978400
2.006100
2.004100
2.001800
2.003300
2.001300
2.029600
2.020000
1.980300
2.015000
2.013600
1.983600
2.003300
1.974400
1.991500
2.004600
2.006400
1.997000
2.006400
1.992600
2.012600
1.998800
2.035500
1.989800
1.995100
2.005700
1.995500
1.993700
1.987200
2.007300
2.005100
2.024700
2.010400
1.988400
1.984200
1.998500
1.990400
2.002600
1.999600
2.016800
2.002000
1.993100
1.992900
1.999200
1.992300
1.997200
2.014000
2.015300
1.985900
1.991200
1.997000
2.013700
1.979100
2.004500
1.990200
1.994300
2.011900
1.979400
1.982200
2.012300
1.978700
2.008700
1.996300
1.986100
2.000700
2.027500
2.002000
2.008600
2.008000
2.010400
2.002500
1.991200
1.989200
2.021500
1.994900
1.991200
2.006100
2.002100
2.020100
2.001000
1.973900
2.007000
1.995600
2.012500
2.023300
2.006000
2.000300
1.980900
2.000900
2.016800
2.013800
2.007600
1.982000
1.999200
2.000700
1.990600
2.010800
1.985300
1.995300
2.026500
2.000500
2.005600
2.005900
1.989800
2.017500
2.011800
2.010300
2.001300
2.012600
1.990300
1.979200
1.987500
2.006600
1.995300
2.020200
1.997500
2.019100
2.011500
2.020100
1.991800
1.994000
1.985100
1.966900
2.023500
2.019700
2.030000
1.972000
2.034100
1.989400
1.987400
2.013000
2.004800
1.988200
1.999500
1.985000
2.000200
1.993800
2.020900
1.997600
1.995300
2.007800
1.988600
1.995700
1.989800
1.987900
2.005600
2.006600
2.015000
1.980300
2.019700
1.986700
2.015800
1.995600
2.015800
1.982900
2.028700
1.991400
2.010600
1.999400
2.005300
2.012700
2.026700
1.993900
1.998500
1.988000
2.000100
2.004600
1.999600
1.993700
1.984200
2.006100
2.003200
1.999900
1.986800
2.021100
1.991500
1.990100
2.004600
1.986100
2.006300
2.017700
2.005300
1.992500
2.026200
2.023300
1.993900
2.006600
2.000500
2.009100
2.039900
1.985700
1.990800
2.013900
1.987700
1.995400
2.020900
2.025500
1.994200
1.997900
1.994400
1.988900
2.001800
1.991200
2.015800
1.990900
1.992500
2.011000
2.014300
2.012600
2.008200
2.000400
1.999900
2.011600
2.006400
2.037800
1.998300
2.019400
2.012800
1.987300
2.010500
2.000800
1.999700
1.993000
2.004900
1.995600
1.983900
1.995700
1.987200
1.972400
1.977800
1.994500
1.981200
2.011500
2.003600
2.003400
1.986000
1.970500
1.995600
2.001000
2.007500
2.012800
2.004000
1.994800
1.997000
1.974400
2.008700
1.986500
1.989900
1.997000
1.985600
2.005800
2.005000
2.005100
1.979700
1.985100
2.009700
1.982900
1.998800
1.994000
2.006900
2.001900
1.984500
1.984900
2.015000
1.988600
1.972500
1.995800
1.982000
2.008000
2.005600
1.984400
2.010800
1.996300
1.964300
2.017800
1.983400
2.015500
1.983500
2.013100
1.991700
2.008100
1.999300
2.011900
2.016000
2.003400
2.003800
2.010900
1.985800
2.000900
1.982200
2.007100
1.989000
1.999100
2.004300
1.999900
2.003000
1.974400
2.023200
1.992500
1.989600
2.013800
2.021000
2.011300
1.989000
2.014800
1.973400
2.001500
2.026300
2.014800
2.003800
2.012000
2.014300
2.001000
1.997400
2.002100
1.988200
2.004800
1.981900
1.998700
2.009500
1.999100
2.007900
1.978600
2.011300
2.015800
1.988900
2.005000
1.998300
2.013700
1.990600
1.993400
2.010100
1.987600
2.012200
1.987600
1.995900
1.992800
1.993100
1.989100
1.991500
1.979800
1.989200
2.018500
1.981900
2.006800
1.993600
1.990200
1.965400
2.002700
1.998100
2.014900
2.005300
1.967700
1.995000
1.996700
1.995900
2.004600
1.987700
2.000100
1.978100
1.985300
1.996700
1.994300
1.992100
2.006900
1.990400
1.990300
1.999000
2.024300
1.996400
1.982900
1.982000
2.012700
1.984300
1.984700
2.003100
2.025600
1.982800
2.025700
1.996100
1.992600
2.001100
2.006100
1.992800
2.009800
2.005900
1.989900
1.979300
1.977200
2.008700
2.012100
1.986100
2.018500
1.982800
1.989300
1.989900
2.004400
1.992200
2.003600
2.003900
2.006800
1.993600
1.995200
2.017700
2.022600
2.005300
2.002100
1.995700
2.021500
2.008600
1.979500
1.984400
1.976400
2.000900
1.987400
2.004600
1.987400
1.985000
1.994500
1.996200
2.010000
2.024600
2.014900
1.993100
1.993400
1.995200
1.988400
2.015700
2.006900
1.993500
2.012100
2.012900
2.011700
1.991800
1.966600
2.000200
1.993100
2.014100
2.013100
1.984800
1.998600
1.992900
2.015000
2.017700
1.987800
2.018300
2.010800
1.977400
1.977100
1.999000
2.011300
2.016900
2.006400
2.006200
2.006600
1.987900
1.990900
1.992900
2.004100
2.001000
1.991500
1.981200
2.011900
1.996600
1.990500
2.007400
2.018500
1.991700
1.974200
1.998100
1.962700
1.990600
1.997000
2.018600
1.986900
1.994100
1.989200
2.004400
2.006300
1.996100
1.998400
2.001000
2.002000
1.984500
1.989300
1.996800
1.992300
2.006800
1.998600
2.011200
1.986800
1.979700
2.017000
2.010200
2.011600
2.004400
2.011600
1.979200
2.009300
1.988000
1.999700
2.002300
2.002600
1.979500
1.984100
1.997200
2.008000
1.995600
2.008300
2.003700
2.001000
2.005200
2.003100
1.998900
1.988200
2.000900
2.009000
1.993700
1.982500
1.992700
2.024100
1.973100
2.023600
1.998000
2.009800
1.982400
2.009700
1.999500
2.003100
2.007800
2.004000
2.016900
2.016300
2.011300
1.992100
2.009600
2.002600
2.011900
1.984100
2.012200
2.002600
1.987000
2.037000
1.986300
2.012600
2.000900
2.031600
1.998000
2.006500
2.014600
2.001700
1.970400
2.000400
2.003000
1.980100
1.979000
2.016600
2.002900
1.988200
2.021900
2.022300
1.979700
2.002600
1.984400
1.998900
1.976100
2.003900
1.993300
2.006700
2.012500
2.012600
1.993500
2.001300
2.001900
2.013000
1.974000
1.979200
1.995300
1.997800
1.980100
2.000100
1.976600
1.998000
2.013500
2.005500
2.015900
2.003500
1.995000
2.008500
1.971900
2.001200
1.982200
1.982200
1.984000
1.992600
2.012700
1.991100
1.986900
2.032600
2.010200
2.000600
2.003100
1.992400
1.974800
2.016700
1.993700
1.992700
1.999900
2.013500
1.996500
1.989100
1.981600
2.001000
1.987200
2.003600
1.965800
2.010500
1.990800
1.981500
1.993300
1.991300
1.984300
2.019500
1.992000
1.985600
2.010900
1.989500
2.020600
2.005800
1.967600
2.001600
1.990900
1.976000
2.042100
2.002200
2.003900
2.014700
1.969700
2.000600
2.010300
1.987600
2.002100
1.999200
1.996900
1.982800
2.005200
1.987500
1.999300
1.998900
1.985500
2.010000
2.006900
2.003800
1.999300
2.027000
1.978200
1.999900
1.981000
1.974700
1.984400
2.009900
1.983400
2.002400
2.010500
1.997000
2.002000
1.999600
2.001900
1.988700
2.012800
2.006900
2.011400
1.991600
2.003100
1.989700
1.996600
1.991700
1.986700
1.999900
2.017600
1.990400
1.990500
1.989400
2.012800
1.985000
1.993200
2.001200
2.001600
1.984400
1.982600
1.991300
2.004500
1.991300
2.014600
1.987200
2.007800
2.006800
2.003900
2.004600
1.997900
1.975100
2.009900
2.012500
2.000700
2.013000
1.988000
1.996100
2.004600
2.000600
2.020200
1.983000
2.003900
1.985700
2.001000
2.001200
1.999100
2.007400
1.974600
2.015500
2.003000
1.985800
1.997300
2.000200
2.008500
1.987400
1.997700
2.001100
2.004000
2.005600
1.990500
2.007400
1.975100
1.998200
2.007100
2.023400
1.987700
2.029000
2.009200
1.986800
1.970500
1.995300
1.990100
1.993800
1.983900
2.004500
2.011700
1.990900
2.018100
2.023600
2.010900
1.970300
2.027100
1.994300
2.012000
1.993500
1.996200
1.986400
1.992300
1.977500
2.023800
2.011100
2.005400
2.004100
2.015900
1.983800
2.004000
1.980200
2.013700
2.012800
2.010900
2.008200
1.981200
2.014800
1.985300
2.000100
2.007500
1.988100
2.014700
1.976800
1.989300
1.990500
2.000100
2.000600
2.009500
1.999500
2.019900
2.010600
2.002800
2.008100
2.025200
1.990200
2.000100
1.982900
2.000000
1.987600
2.021600
1.983100
2.023000
1.974600
1.986300
2.029700
2.009100
2.019600
2.021900
2.004300
1.978500
1.992000
2.006200
2.003900
2.002900
2.005200
2.008400
2.015100
2.000700
2.045700
1.995200
2.003200
1.983700
2.001900
2.005900
2.015100
1.971000
2.008500
1.992000
2.022100
2.015000
1.996900
1.988000
2.003800
1.988500
1.996900
2.006200
1.979300
1.995600
1.995500
1.982600
2.012900
1.995500
2.001900
1.987200
1.990600
2.010500
2.003800
1.997600
2.012400
2.009000
2.002900
1.990700
2.000300
1.994400
1.994800
2.015100
1.972500
1.979900
2.011000
2.015900
2.019500
2.000900
2.010700
2.022700
1.990000
1.999600
2.002900
2.014000
1.986100
2.003400
2.008800
1.990600
1.992000
1.990000
2.000500
2.014000
1.979100
2.000800
2.011300
2.017800
2.015300
1.978500
1.999800
2.004100
2.008200
2.009600
2.009000
1.998400
1.999500
2.003900
1.996500
1.985400
2.005200
2.008300
2.010700
1.979200
2.011000
1.985000
1.999300
1.979200
1.998100
1.999100
2.020800
2.000900
1.992300
2.011900
1.998600
1.990100
1.996800
1.999000
1.991500
1.989100
1.983400
2.008200
2.014300
2.004800
2.007200
2.002700
2.010500
2.025600
1.986200
1.992200
1.990100
1.970300
2.001000
2.003600
2.003600
2.015000
1.999000
1.986500
2.004900
2.008200
2.011800
2.018000
1.975100
2.018400
2.015800
2.008900
2.025500
1.994100
2.012000
2.003500
2.025600
2.020500
1.986200
2.014700
1.984200
1.982300
2.016900
1.990700
1.988000
2.006500
1.987000
1.981700
1.995200
1.986800
1.988300
1.999400
1.997200
1.971600
1.990000
1.988400
1.992700
1.996600
2.010800
2.003800
2.003900
1.990700
2.013200
2.011300
1.993200
2.004400
1.969500
1.995400
1.982700
2.009300
1.989500
2.007300
2.002900
2.008900
1.968900
1.997200
1.992700
2.023600
1.983100
2.003100
1.998400
2.008600
1.985900
1.989600
1.995500
2.001100
1.997600
2.019300
1.981200
1.994700
2.007700
2.012100
2.015000
2.018100
2.020200
1.993100
1.996200
1.997600
1.962300
1.987600
2.012400
2.006700
2.009700
2.028900
1.977600
2.009400
1.991200
2.003300
2.012500
1.988200
1.986900
2.007700
1.991700
1.998700
2.010300
1.978500
2.013400
1.981200
2.002100
1.999100
2.008300
1.981400
2.007700
2.012500
1.991900
1.997700
2.014000
2.023300
2.011900
2.010200
2.002800
1.978100
2.017400
1.992200
1.995400
2.015900
2.016000
2.010900
1.990600
2.010300
1.984000
2.021400
2.014500
1.997400
1.984700
2.016100
1.989000
1.997200
2.015600
2.020400
1.998100
1.991100
2.015000
1.991200
1.995700
2.007200
1.990800
1.990500
1.987500
1.980300
1.999300
2.003100
2.009900
1.968600
1.968000
1.995100
1.985200
1.995000
1.972600
2.017400
1.992700
2.033100
2.007500
2.010800
2.025900
1.992000
2.001200
1.991300
2.003900
1.977700
1.998500
2.015200
1.984900
1.996200
2.005900
1.995400
1.993500
2.007000
2.022500
2.000100
2.001100
1.997300
1.999000
2.014000
1.978100
2.013100
1.992000
2.028000
1.973900
2.011500
2.006700
1.996400
1.990100
1.992700
1.990700
1.984500
1.995500
1.990100
2.022800
2.002200
2.014500
1.990500
1.998800
1.977000
1.999800
1.975700
2.017900
2.005100
1.998000
1.984800
2.009400
2.002000
2.011700
2.019100
1.995300
1.995700
1.991000
1.985800
2.004700
1.987700
2.010600
1.991700
2.002400
1.983800
1.982300
2.003100
1.999700
2.001300
1.995200
1.995400
1.999700
1.998600
2.007400
1.972400
1.981900
1.983500
1.995400
2.002200
2.022300
1.999800
1.991000
1.997700
1.992400
2.020200
2.003300
2.003400
1.996500
2.024100
1.996000
1.982700
2.001300
1.980600
2.005000
2.007500
2.008000
2.020700
1.985600
1.994900
2.005100
2.005400
1.994300
2.021400
1.993100
1.992200
2.007800
1.985600
1.992400
2.002400
1.988600
2.004000
2.000100
2.000900
1.990100
2.001200
1.999100
1.995800
2.001800
2.016200
2.031000
2.007500
2.010500
1.999100
2.014600
2.009500
1.984600
1.972200
2.020200
2.018200
2.003000
2.007500
2.006900
2.014700
1.991100
1.992200
1.981000
2.022500
1.988200
1.989500
2.018000
1.993100
1.993800
1.982900
2.007900
2.002900
2.019800
1.991100
2.010300
1.979100
1.998800
1.995200
1.999200
2.006000
2.015000
2.003600
1.996000
2.017200
1.992300
1.995100
2.017700
2.026100
1.981600
1.996500
2.005900
1.996700
1.993900
1.989600
1.972500
2.007700
2.013600
1.992900
2.013200
1.992600
2.016800
2.029700
2.011600
1.991200
1.973200
2.000600
2.007100
2.035300
2.011500
1.990200
2.024700
2.017700
2.022100
1.998000
1.995500
1.979800
1.989500
1.992900
2.009600
2.021200
1.997900
1.976400
1.971500
1.982600
2.000800
2.007400
2.003400
2.018700
1.995800
2.001300
2.009000
2.027300
1.977200
2.002100
2.010100
2.011100
1.998800
1.993700
1.991400
1.992700
2.014300
1.996000
2.019800
1.998100
2.004700
1.985500
2.024500
2.005000
1.988000
1.990500
2.003200
2.003700
2.006000
2.001300
2.004600
1.985100
1.985800
2.016400
2.014000
1.994700
1.987600
1.973600
2.002500
1.978100
2.012600
2.028500
2.006600
2.025000
2.037400
2.002300
2.017400
1.972300
2.009700
1.996400
2.016800
2.006700
1.998900
1.999200
2.011700
2.013100
2.002000
2.006700
2.008900
2.023400
2.012800
1.995400
1.991200
2.008900
2.037300
1.997600
2.009500
1.972300
1.993200
1.988200
1.983900
1.982100
1.997300
1.987600
1.979800
1.994300
1.991000
2.021000
1.995600
1.987500
1.990800
1.997600
1.990000
1.997600
2.008300
2.016300
1.998500
2.002100
2.018000
2.004900
2.036400
1.983300
1.997600
2.013600
2.009500
1.989200
1.975300
2.004200
2.026600
1.993700
1.995400
2.005000
1.989100
1.991100
1.988300
1.993000
2.011000
1.990200
2.023900
1.985700
2.019900
1.989200
2.025300
1.996300
2.008100
2.000200
1.977800
1.996300
2.011100
1.998700
2.010900
2.002600
1.959700
1.987400
1.995900
1.984400
2.011600
2.002200
1.989500
1.973000
2.010300
1.994700
2.003100
2.000300
1.996600
1.994900
2.005000
2.002700
1.983100
1.975600
2.000600
1.990700
2.005100
2.003700
1.987000
2.011900
1.993400
1.981700
2.002400
1.983700
2.006000
2.009400
1.996200
2.006900
1.991900
1.996700
1.999400
2.012800
1.979500
1.999200
1.996800
2.001000
2.005000
1.993800
1.998700
2.008300
1.997900
2.009700
2.003600
1.994400
2.013000
1.999000
1.990400
2.006400
1.976300
2.009900
2.014800
1.988600
1.999100
1.985500
1.991400
2.019500
1.984200
2.011400
2.018500
1.985300
2.034600
2.009000
1.987700
2.010900
1.986500
1.995600
2.027300
2.005700
2.007200
1.991400
2.002200
1.983100
2.018800
2.010500
1.994500
1.993800
2.015400
2.007000
1.995600
1.999000
2.002900
2.000100
2.000800
1.995800
2.005500
2.031900
1.992600
2.014300
1.992600
1.984900
1.993900
2.024500
1.984400
2.025000
2.008000
1.977700
2.002600
2.008900
2.008000
1.983300
2.012200
2.013000
1.987500
2.027200
2.000300
1.994900
1.988700
1.992500
1.967000
2.003300
2.003900
2.004400
1.996000
1.992300
2.008300
2.017400
2.011700
1.994200
1.999000
2.010300
1.988800
1.991300
2.011800
1.970100
2.004000
1.988100
2.020700
2.005500
1.989500
2.019300
1.982500
2.000900
1.988100
1.977100
1.974200
1.995400
1.960300
1.997800
1.983400
1.977800
2.003700
1.992800
2.002700
1.979900
1.999600
2.009700
2.011800
1.986300
2.013300
1.988800
1.989000
2.005600
1.972900
2.029800
2.023800
2.014800
1.981700
2.033600
1.999600
2.025100
2.015200
2.010900
1.984900
1.991400
2.015600
2.027400
2.015500
2.017400
2.008700
1.997200
1.998600
1.981800
2.009300
1.992400
2.001600
1.979000
1.991500
1.991400
2.007800
2.004100
2.001100
2.021900
1.986600
1.989400
2.009900
1.989500
1.987100
2.013000
1.987600
1.995800
1.995000
1.985200
1.974800
2.002800
2.008700
1.989100
1.991700
1.989200
1.982000
1.999100
1.991200
2.032100
1.999900
1.976800
2.015100
2.008600
2.007700
2.011100
2.019900
1.977800
1.987100
1.999200
2.008600
1.985600
1.995300
1.968700
2.020500
2.026400
2.006200
2.033500
2.006200
2.008900
1.986800
1.993300
2.026400
2.007100
2.008400
2.010900
2.025600
1.990000
1.994400
2.012700
1.991200
2.006500
1.986700
2.027600
1.978700
2.007700
2.012100
1.994400
1.982700
1.999400
2.004400
2.010700
2.021100
2.005200
2.028900
1.979300
1.994300
1.986100
1.993300
2.004400
2.034000
2.003300
2.006800
1.994900
1.996100
1.974800
1.979000
1.961600
1.994900
1.984200
2.006400
1.995600
1.993500
2.022700
2.000500
1.977600
1.983900
2.006300
2.019700
2.011000
1.957500
2.002800
2.006700
1.985400
1.977800
1.998500
2.009800
1.983600
1.979600
2.009700
1.998800
1.980600
1.990500
1.986300
2.012200
1.997800
1.992400
1.996200
2.014000
1.993800
1.964700
2.008600
1.996700
2.005500
1.992000
1.988400
1.988000
2.019700
2.009600
2.000700
1.995100
1.982100
1.995400
2.006800
2.006800
1.986700
2.002100
1.973400
2.009900
2.018600
1.988100
1.998900
1.988400
1.992200
2.009100
1.983100
1.986800
1.987800
2.013000
2.015300
2.010200
2.016400
2.008400
1.988200
1.960000
1.982000
2.021000
2.011200
1.997900
2.008200
2.000100
1.998700
2.026600
2.028000
1.993400
1.996700
2.019500
1.986500
2.010500
2.012800
2.010100
1.997800
1.989900
2.001800
2.004800
2.011100
2.009300
1.986200
1.993500
1.998600
1.973200
1.995100
2.017500
2.013800
2.015800
1.963300
2.004600
1.995700
1.973900
1.995900
2.016600
2.008800
2.004400
2.025600
2.031800
1.986700
1.985800
2.002500
2.005400
1.998800
1.996500
1.987200
1.998800
1.995800
1.991000
1.999600
2.000000
2.021200
1.981000
2.014700
2.008700
2.021800
2.044500
1.980700
1.988700
2.026300
2.004400
1.984200
1.994500
2.011600
1.993100
1.992100
1.998800
1.986300
1.976700
2.010400
2.014600
1.993900
1.999100
1.998100
2.006600
1.995200
2.008200
2.000700
1.986800
1.994100
2.000000
2.016100
2.000700
2.000700
1.984600
1.998700
2.002900
2.012900
1.988900
1.998900
1.980900
2.001400
1.989100
2.001000
2.015400
2.001600
2.007400
1.994300
1.991300
2.002500
1.982600
2.006500
2.008000
2.002000
2.019600
1.999800
2.019100
1.998100
1.996100
2.014400
1.980000
1.995700
1.977400
2.019600
1.987400
1.994300
1.995800
1.972000
2.019100
2.002100
2.019600
1.983700
2.018400
2.019200
2.008200
2.026200
2.009100
2.021900
1.979800
1.975900
1.982900
2.005400
2.012400
2.012200
2.024700
1.967900
1.990100
1.999300
1.980000
1.990000
1.986100
2.022400
2.008700
1.970900
2.015600
1.977100
2.007900
1.986800
2.003500
2.001200
2.009000
2.017500
2.011900
2.011600
1.996900
2.005800
1.999700
2.000800
2.033300
2.006700
2.024400
2.004500
2.030900
2.008400
1.990100
1.998300
1.991900
1.994100
1.992300
2.005800
1.995000
2.028000
1.966100
1.983300
1.998600
2.022900
1.996200
2.019600
2.002000
2.014600
1.985200
2.002500
1.995000
2.004300
2.004300
2.006600
1.973100
2.030800
1.997800
2.013400
1.991700
1.987300
2.000000
1.989700
1.973100
2.008100
2.012600
2.001800
1.992700
2.001600
1.984600
2.001800
2.006500
1.990100
1.995200
1.992100
2.011100
1.995700
1.986700
1.993400
2.009500
1.987900
1.966200
2.026000
1.990100
1.974200
1.996200
1.981900
2.015400
2.015000
1.996200
2.023500
2.020700
2.014700
1.996400
2.002500
1.980100
1.979900
1.996900
2.002700
1.982400
2.000500
1.965800
1.994400
2.002900
1.997600
1.980200
2.001400
2.004200
1.974400
1.995600
2.014000
1.997800
2.017900
1.996700
1.989800
2.011700
1.982600
1.975000
1.989300
1.978500
2.033300
1.998700
1.998000
1.996000
1.984000
2.034700
1.995500
2.017000
1.995200
1.992300
2.020500
2.020600
1.979100
2.006100
1.997800
1.994400
1.989600
2.004800
1.978700
1.998500
1.998400
2.014000
1.997500
1.966800
2.002400
1.989900
2.008000
1.996100
1.973900
2.013800
1.993800
2.021200
1.994400
1.999800
1.982400
1.978300
2.023300
2.015900
2.023700
1.976800
2.007000
1.990100
1.987900
1.994900
2.009400
2.009700
1.993900
2.007800
2.006200
2.026600
1.994800
2.002600
2.015600
2.017600
1.994600
2.016100
2.009800
1.981800
2.001700
1.978800
2.011200
1.979600
1.958500
1.996800
1.993600
2.016900
2.019500
2.003600
1.961900
1.980500
1.993200
1.983500
1.982800
1.980200
2.000800
2.009300
1.972800
1.992400
2.007400
2.018500
2.005400
1.987400
2.008000
2.005000
1.981600
1.971000
1.979000
1.987700
1.997800
2.012900
2.004500
1.989000
1.991800
2.008700
2.001500
2.005300
2.014800
2.005700
1.992300
2.010000
1.977600
1.991800
1.987300
2.016900
2.017600
2.004400
2.019200
2.005500
1.984300
2.017400
2.013400
1.997300
2.001700
1.983100
1.998700
1.990500
1.989400
2.006300
2.009200
2.009400
1.985300
2.000200
2.015100
2.009600
2.019300
2.003400
2.012000
2.011800
1.987100
2.003600
2.008100
1.987700
2.007000
1.983600
1.998400
1.999300
2.018700
1.982200
1.991600
2.011900
1.982800
1.994100
1.981300
2.000300
1.994400
2.023100
2.025000
1.982500
1.990600
2.009700
1.987200
1.985400
1.978300
1.996700
1.980200
1.993600
1.994800
1.975500
1.979100
1.968100
2.007700
1.994700
2.006800
2.001600
1.990500
1.978800
2.014000
2.046200
2.005400
1.978700
1.972200
2.012700
1.975600
1.973400
1.994300
2.026200
2.013900
2.006400
2.000700
2.008500
1.995900
1.996000
1.990500
2.003000
1.983300
1.978500
1.999100
2.008500
2.001400
2.010400
1.993700
2.011300
2.014500
1.995400
2.020600
2.019000
1.996300
1.984000
1.987600
2.036700
2.005900
2.004300
2.046000
1.995400
1.967600
1.978400
1.973200
2.008900
1.984500
1.989000
1.957100
1.991300
2.015500
1.989100
1.993800
2.006000
2.010300
1.995300
2.023700
2.003200
1.978400
2.006300
1.999200
1.977700
2.011700
1.992700
2.004300
1.973500
2.035500
2.005300
1.979200
1.998300
1.995800
1.991200
1.998000
2.010000
1.982900
2.023500
1.972800
2.017000
2.011000
2.011100
2.011900
2.008600
1.997300
1.993800
1.990700
1.989400
1.991300
2.011900
1.992200
2.012100
1.992200
1.992400
1.983900
1.965800
2.014200
2.012000
2.020100
1.995300
1.998600
1.999500
2.033300
1.993100
1.991800
1.969100
1.979600
1.993100
2.006800
2.006300
2.002000
1.999000
1.994100
2.004200
2.028000
2.020500
1.999300
1.985000
2.014300
2.018100
1.998000
2.022500
1.982600
1.963700
1.983200
1.977400
2.014600
1.996600
1.979900
2.007400
2.008500
2.001300
1.988800
2.014800
2.010100
1.997200
2.017100
1.976600
2.012200
1.990400
2.004900
1.997000
1.983900
2.036200
2.000100
1.994300
1.970800
1.992500
1.986100
2.013500
1.985200
1.992500
1.990200
2.005600
2.005400
1.985400
1.991700
1.995900
1.976100
1.980000
2.015300
2.003700
1.999900
1.996100
2.008800
1.989300
2.008500
1.988300
2.011600
1.999300
1.986200
2.022500
1.979800
1.997500
1.982800
1.988400
2.016100
2.010200
1.999700
2.009800
2.019200
2.008600
1.976000
1.994000
2.017800
2.000400
1.991700
1.994600
1.991400
2.010900
1.966400
1.987200
2.024600
2.027900
2.028600
1.998100
2.004400
1.987200
2.015700
1.982900
2.009300
1.989200
1.997800
1.995600
1.992400
1.998000
1.979300
1.989000
2.007800
2.013900
1.984700
1.998100
1.992100
2.017200
2.005300
2.005500
2.020200
2.024100
1.997600
2.021100
2.006900
2.014600
2.016000
2.016800
2.028800
1.993200
2.003200
2.004800
1.997700
1.987400
2.002000
2.015800
2.001600
1.991400
1.994000
1.996400
1.991900
2.018100
1.996300
2.008500
2.002100
2.014600
2.021800
2.005500
1.992200
1.986100
2.006400
1.996900
1.988000
2.003400
2.010300
1.986800
1.989000
1.992500
2.018100
2.009700
2.007300
2.014500
2.015700
2.013700
1.998100
2.010300
1.975700
2.001600
2.012800
2.003500
1.985100
2.002000
1.992500
2.042800
2.029800
1.998800
2.021800
1.986800
2.006900
1.999400
1.998300
2.008100
1.988700
1.990100
1.994800
1.988800
1.990300
2.003000
2.014300
2.003600
2.023800
1.981000
2.002300
1.992500
2.012300
1.994300
1.996200
1.961100
2.016800
1.997100
2.020700
2.007200
2.011100
2.025200
2.007800
1.991600
2.003700
1.990900
2.000100
1.987400
2.007500
2.008600
2.009300
2.008700
1.975000
2.004800
1.993600
1.990900
1.994600
1.992600
1.996500
2.021000
1.982600
2.004700
1.990300
1.994900
2.015200
1.999900
2.004600
2.007900
1.997000
1.999900
1.980100
2.005900
1.994200
2.007500
2.028100
1.981200
2.016900
1.982200
2.000200
1.993600
2.005100
1.974200
2.015200
1.995800
2.020600
1.978700
1.982800
2.003200
2.006200
2.016100
1.996400
2.006500
1.987100
2.013000
1.990900
1.990200
2.012300
2.013400
2.006600
2.008300
1.995100
2.011900
1.988200
1.973600
2.030500
2.002700
2.012700
1.995900
1.987800
2.012200
2.005700
2.006000
1.978800
2.014200
1.991700
1.995200
1.990100
2.002000
2.007700
1.995000
2.014000
1.995500
1.961000
2.004200
2.000200
1.978200
2.004000
1.996800
2.005400
1.992500
2.001200
1.967800
2.003800
1.979200
2.015700
1.983200
1.992800
2.000900
1.974000
2.002600
1.992300
1.995000
2.012600
1.982600
2.007100
1.997600
2.003700
1.977200
2.023600
1.997300
1.978400
1.985900
2.004900
2.010500
2.018200
2.012300
2.016400
2.008300
2.011600
2.002300
1.997400
1.960600
2.002700
2.014100
1.994600
1.993700
2.012400
2.020800
2.005200
1.985300
1.987600
2.008300
1.999400
1.991200
1.989700
1.980500
1.996000
1.998000
2.003000
1.998200
2.000200
2.010200
1.999300
2.001700
1.981900
1.990900
2.026100
2.021600
2.003400
2.014100
2.017100
1.979000
1.997000
2.003900
2.016900
1.991400
2.012300
2.005700
1.996200
1.967500
2.009700
1.991600
1.994500
1.996700
2.001000
2.015800
2.002700
1.997100
1.978500
2.001800
2.017000
1.994000
2.021900
1.991900
1.997900
1.993700
1.979100
1.994000
2.000200
1.982700
1.976100
1.998500
2.003100
2.005100
2.002200
1.989500
1.992100
1.969600
1.984300
2.004600
2.015000
2.019100
1.995200
1.996500
1.990900
1.999400
1.989800
2.012200
1.986300
1.988700
2.009400
2.001300
1.999500
2.025300
1.989400
1.989700
2.008000
2.019900
1.988100
2.002100
2.006200
1.983500
2.015900
2.002300
1.982100
1.998500
2.005300
2.014300
2.014200
1.995000
1.987400
2.006400
1.988600
1.998300
1.991300
2.024300
1.986800
1.996000
2.006800
1.990100
2.027300
1.998000
1.997900
2.003300
1.990800
1.971800
2.007700
1.991200
1.998800
1.996200
2.008100
2.036600
2.000900
2.000400
2.000400
2.004200
2.022700
1.995900
1.986300
1.993300
1.987700
1.982100
2.001000
1.973900
1.979600
2.017800
2.009100
2.010500
1.997500
2.003400
1.987700
1.973700
1.990600
1.982100
2.002100
1.997700
2.003600
1.982300
2.001700
2.003800
1.998200
1.991500
1.996800
1.966800
1.989600
2.020100
2.002200
1.983900
2.004700
2.019300
1.990300
1.965300
2.000900
2.007800
1.992000
1.997600
1.981200
1.972900
1.987800
1.994900
1.974400
1.989700
1.988100
1.977800
2.000500
1.996800
2.003400
2.001900
1.982300
1.991600
2.003600
1.998300
2.001700
1.990900
2.011000
1.992100
1.998100
1.995700
1.984500
2.002000
1.954500
1.996900
1.977200
1.988700
2.006800
2.009300
2.025100
2.025700
2.008500
1.995300
1.992400
1.972800
2.000900
1.989300
1.995300
1.985600
1.986800
2.013400
1.979800
2.010900
1.971900
1.982500
1.985000
1.986600
2.011200
1.996200
2.008100
2.003100
2.015700
1.987400
1.990900
2.009800
1.990100
1.977200
1.962500
1.997100
1.984100
2.004900
2.002600
1.990300
2.006900
2.003300
2.011300
1.998500
1.973900
2.006800
1.998700
2.016200
2.020800
2.003400
2.008500
2.009100
1.998000
1.976200
2.002800
2.023500
2.013200
2.009000
2.013700
1.998800
1.986300
2.003300
1.997200
1.985300
1.982000
1.993900
1.995500
2.005900
2.011700
2.012300
1.976800
2.009800
1.995200
2.000000
1.988700
1.979200
1.983300
2.003800
2.009400
2.000700
2.002000
1.996000
1.984700
1.984700
2.004300
2.011100
2.016400
1.993500
2.005800
1.992900
2.008200
2.009100
1.990500
1.988800
2.022600
1.992200
1.975900
1.982300
1.993100
1.984600
1.979200
2.007400
1.989600
2.005200
2.005000
2.000500
1.996800
2.001300
2.016400
1.996000
2.000600
2.020200
1.987300
1.994900
2.014000
2.013700
2.003000
2.012500
1.988900
1.996600
1.981900
2.004800
1.994700
2.002300
2.029900
2.006000
1.997200
2.006700
1.995000
1.980700
1.992400
1.981900
2.018300
1.986800
2.000400
1.983500
2.000000
1.965300
2.002400
1.978300
1.974600
2.003100
2.015300
2.012000
1.996700
1.985900
2.011600
2.007700
2.024100
2.024500
1.970900
2.004200
1.978900
2.000500
1.999800
1.993700
1.993900
2.004300
2.018000
1.985600
1.991500
2.004700
1.980100
2.001300
2.023100
1.986000
1.979100
2.006900
1.985700
1.983600
2.016100
1.995700
1.976200
2.010900
1.991000
2.011500
2.012700
1.994200
1.995300
2.013500
1.963400
2.011600
1.977900
1.994700
1.991700
2.022900
1.991200
1.995500
1.984800
1.983100
2.011700
2.031200
2.003700
1.989300
2.000400
1.991400
2.009900
1.999200
2.018500
2.013700
1.984300
2.005800
1.993000
2.024900
2.013000
1.973300
1.980300
1.987000
2.028700
1.990700
1.996600
2.003800
2.027200
1.968200
2.003700
2.009900
2.004100
1.986300
1.981700
1.998000
1.977500
1.998900
2.018600
2.003000
2.000800
2.036000
2.014500
1.963300
2.008400
2.001800
2.004600
2.032000
1.988200
2.003100
1.998800
1.977400
2.011400
2.008000
2.005000
2.020400
2.013800
2.007900
2.000000
2.000800
2.020100
1.995500
2.021000
1.984200
1.998500
2.001900
1.976000
1.984700
1.981500
2.001300
1.999600
2.000400
1.987000
2.018000
1.994900
1.958200
1.997700
2.011600
1.957700
1.993200
2.016700
2.016200
1.993100
1.980700
2.007400
1.996100
1.995000
1.990900
1.992100
2.004000
1.986800
2.010500
2.007800
2.010700
1.970600
2.016700
2.006800
2.003000
1.992600
2.018200
1.981100
1.988000
2.000500
2.001500
1.997600
2.003100
1.973400
2.011400
2.000200
2.002000
2.014300
2.003600
1.989700
1.992400
1.988200
1.999700
2.011500
2.016800
1.985900
2.026900
1.992700
1.999400
2.020800
1.992000
1.977900
2.026200
1.999700
1.994200
2.002300
2.011000
2.017400
2.010900
1.984300
1.986500
2.003700
2.018700
2.028400
1.989800
1.994600
1.998600
1.991000
1.986200
1.987000
2.000500
2.012600
1.986300
2.001300
2.050100
1.987100
2.013900
1.998500
2.003300
2.003000
2.008500
2.011000
1.999500
2.007100
2.007100
1.979900
1.989500
2.012000
1.998700
2.002500
1.989800
1.989700
1.978100
2.007500
2.014700
2.005000
1.984100
1.984900
2.012800
2.034900
2.000600
1.979900
2.004600
1.994500
2.002000
1.999500
1.999700
2.011200
1.994300
1.972500
1.993800
2.008100
2.006300
2.003800
2.002200
1.995800
1.982900
1.973600
2.010700
2.019400
1.993900
2.009900
1.986800
1.985500
1.996900
1.971500
2.014000
1.978900
1.995000
1.991700
1.996900
2.027300
2.010600
2.024100
1.994800
1.992500
1.985900
1.995100
2.001400
1.973900
1.979300
2.026600
2.007600
2.023100
1.987800
2.007000
1.983700
2.010400
1.994700
1.985300
1.993400
1.997300
2.003000
2.010100
1.984400
1.997500
2.009400
2.021300
2.004500
1.996100
1.983600
2.001200
2.005500
2.009400
2.001000
2.002900
1.973300
1.968600
2.011500
2.016800
2.013900
1.999600
1.995500
2.008300
2.009900
1.991800
2.017800
2.021700
2.015200
1.978300
2.030600
2.003400
2.007600
1.998800
2.013700
1.988700
2.026000
1.987700
2.009400
1.999700
2.006900
2.000600
2.005300
2.009500
1.969000
1.979400
2.008400
2.001300
1.986900
1.992700
1.990100
1.991500
2.000800
2.006500
1.976800
1.987400
1.997300
2.009200
1.995000
1.996600
2.021500
2.020700
2.008800
1.991200
1.974500
2.019600
1.989100
1.986700
2.002600
1.992800
2.012500
2.010200
2.028600
2.017500
1.980600
1.980600
2.027200
1.993200
1.997500
1.988600
2.025700
1.989400
2.004400
2.010900
1.997100
1.995400
1.992500
1.988700
2.006700
1.996700
1.992500
1.998700
1.987200
1.993000
2.002500
2.005400
1.982500
2.039600
1.977000
2.003500
2.009200
2.015600
2.019300
2.000300
1.999900
1.991300
1.986700
2.015200
2.000500
1.980300
1.995600
1.996700
1.978800
1.993700
1.989300
1.982100
1.982400
1.997800
1.996600
2.007500
1.980100
1.984600
2.008900
2.007900
1.998700
1.989900
1.982100
1.993000
2.000100
2.009200
1.990700
2.002500
2.005800
2.004100
2.027500
2.007500
2.000100
1.971200
1.974700
2.007100
1.996400
2.022900
1.975900
2.008700
2.011700
2.013700
2.009500
2.002100
1.984500
2.008600
2.001700
2.016000
1.995600
1.998200
2.002200
2.017900
1.982400
1.996100
2.018000
2.004100
2.012300
2.033100
2.003200
2.004800
2.003600
1.978600
2.023200
1.989800
1.992700
2.003500
2.026000
1.974600
1.981300
1.974500
1.983900
1.997300
1.993600
1.981600
2.003300
1.986900
2.020800
1.982800
1.990500
2.002300
1.988500
1.999500
1.986200
2.019900
1.988400
2.012400
1.981500
2.015300
2.004300
1.993700
1.978300
1.995000
2.005400
1.985900
1.992000
2.010600
1.994500
2.001800
1.996900
2.006900
1.979900
1.956600
2.018900
1.995800
2.019000
1.978200
1.998800
2.028300
2.007200
2.023200
1.998600
1.998200
1.989900
2.000400
1.990900
1.988900
1.992800
2.007900
1.993200
2.002200
1.996200
1.991100
2.020100
1.992900
1.992900
1.984700
2.010000
1.993200
1.996000
2.021700
2.022500
2.017600
2.015600
1.967200
2.011000
1.994700
1.984600
1.990500
2.031200
1.997600
2.012500
1.997800
1.995200
1.983400
1.986800
1.997700
2.006200
1.995900
1.992000
1.981600
1.997900
1.974200
1.994900
1.981500
2.021900
2.018800
1.988500
2.006300
1.997600
2.000900
1.992200
2.024300
2.007200
2.001900
2.017100
1.993000
2.005500
2.020900
1.999100
2.004700
1.983200
2.005500
1.983200
2.009200
1.988100
2.010900
1.992300
2.012900
1.979200
2.011800
1.992200
1.993100
1.981900
2.015500
2.021800
1.998100
2.009700
2.006200
1.974500
2.002500
2.007600
1.997300
1.965600
2.011100
1.992600
2.012700
1.980400
1.972700
1.989600
1.999000
2.011000
1.997800
2.021700
2.004900
1.997000
1.990800
2.022700
2.022800
2.030200
2.006500
1.986700
2.013000
1.993800
2.016400
1.993700
1.992000
2.002800
1.993800
1.980900
2.000300
2.002600
2.011000
2.010900
1.975300
1.966600
1.993900
2.011800
1.996000
2.018400
1.982000
1.984100
2.000800
2.000500
2.000900
1.966100
2.004500
2.041000
2.007600
1.982100
2.013600
2.004700
1.981200
2.002500
1.987900
1.998700
1.999200
2.014100
2.001800
1.995300
2.017200
1.996900
2.023600
1.984000
1.975700
2.000100
2.018700
2.012300
1.954200
2.016700
1.998300
2.013200
1.988900
1.991700
2.001600
2.011800
2.003000
2.016900
2.000400
2.022300
2.013000
1.996400
1.994700
2.021600
2.016400
1.999900
1.979800
2.015900
1.982500
2.000500
2.032300
1.991600
1.976300
1.989800
1.986400
1.998100
2.017900
1.989800
2.003500
1.989200
1.976700
2.015300
1.983800
2.008000
1.995100
2.001800
2.008500
1.992700
1.998000
1.985400
2.013900
1.991000
1.998400
1.987800
2.006400
2.006300
1.987300
1.993400
2.002000
2.013900
2.010900
2.019300
2.003900
1.987300
2.014600
1.986400
2.011300
2.001600
1.976400
2.008700
1.993000
2.020000
1.991900
2.015800
1.975500
2.007600
2.013400
1.999700
2.002500
1.988800
2.018800
2.017800
1.985300
2.017000
2.024800
1.980500
2.004300
2.006500
1.975700
1.996600
1.979700
2.023100
1.994900
2.015200
2.012000
2.000400
1.978300
1.980300
1.986900
2.000900
2.002800
2.005800
1.984500
2.015700
1.989800
1.999000
1.981500
2.004700
2.032900
2.012700
2.012100
1.998500
2.006100
1.984400
2.005000
2.011200
2.000600
1.997300
2.004800
2.005800
2.016000
1.999200
2.022400
2.007100
1.974300
1.987000
1.992400
1.997300
2.000000
1.992600
1.994600
1.975300
2.009100
1.983800
1.978300
1.988500
2.004400
2.001700
2.002800
2.004100
2.004200
1.989900
2.017400
2.007100
1.997800
2.003400
2.009600
2.025600
1.998200
2.017900
2.010200
1.998300
1.998600
1.996900
1.996900
2.014300
2.000900
1.967600
2.002500
2.014600
2.014300
2.007400
2.007500
2.003300
2.014100
1.993900
1.986000
2.001400
2.019500
1.987700
2.015000
2.011200
1.984600
2.003700
2.021200
1.984800
2.003500
2.008200
1.981900
1.998000
1.975900
2.009800
1.982500
1.982000
1.996000
2.003600
1.954600
2.012800
1.969800
1.991700
2.010800
1.990100
2.002200
2.013600
1.998900
1.977100
1.990100
1.998300
1.998200
1.993500
1.970400
1.978100
2.008800
2.010900
2.010500
2.006800
1.991400
1.990600
2.003200
1.977000
2.009700
1.982400
1.999300
2.000200
1.992400
2.009700
2.001700
2.025600
2.021400
2.004100
1.969200
2.009300
1.980100
1.984900
1.987500
2.018000
1.993700
1.999800
1.993100
1.989300
1.982900
1.975700
2.009800
1.999400
1.992500
2.012800
1.998100
1.982800
1.998400
2.000800
1.986000
2.017100
1.999000
2.009300
2.006100
1.981700
1.991300
1.998300
1.994000
2.006200
2.021000
2.002000
2.002500
1.994500
2.026500
2.018000
2.021400
2.018100
2.007600
1.989500
1.994800
2.013000
1.998600
2.007500
1.997800
1.989500
2.003800
1.999900
2.013000
1.981700
2.024200
1.981600
2.014100
2.002200
1.994700
2.014600
2.013600
2.027500
2.014300
2.002100
2.007500
1.994300
2.010500
1.991400
1.997600
2.021300
2.000300
2.008400
1.982900
2.009900
1.997400
1.997200
2.009300
2.027400
1.985500
2.014800
1.995000
2.021400
1.990500
2.010000
2.017900
2.003600
2.000600
1.978000
2.017300
1.968200
1.984000
1.992200
1.994200
2.026200
2.024800
1.997800
1.992600
1.989900
2.011100
2.002900
2.004500
2.010500
2.001900
1.980900
1.985500
1.985900
1.996800
2.014200
2.003700
1.998800
1.997400
2.007800
2.003800
2.013800
2.000300
2.030500
1.982400
1.984100
1.979000
1.989900
2.017300
2.000000
1.982900
1.968700
1.984000
2.001200
1.976500
2.014600
1.986300
2.031300
1.991400
1.998700
1.983800
1.994100
2.004600
1.982200
1.991500
1.974400
2.011700
2.001200
2.015200
1.999800
2.010000
2.015100
2.016500
2.001600
2.004600
1.988100
1.995400
1.983900
2.004300
2.015200
1.987300
2.001900
2.009200
1.996000
1.994500
2.016300
1.998300
2.021400
1.992300
1.996700
2.004900
1.989100
2.007300
2.011400
2.016400
2.005600
1.986900
2.019100
2.001900
2.006900
1.991100
1.977100
2.013100
2.022800
2.005000
2.006500
1.993300
2.020000
1.984200
2.007600
1.999400
1.993200
2.013300
1.986200
2.017400
2.012700
2.021800
1.999800
2.005400
1.996100
1.988100
1.987600
1.962800
2.013800
1.988200
1.988500
2.000400
1.994200
1.988200
1.994300
1.999600
1.995900
2.001500
2.019200
1.997600
2.028100
1.998900
1.997500
2.002500
2.006400
1.994200
1.998600
1.992600
1.997100
1.986200
2.016200
2.012700
2.001900
1.992400
1.978200
2.008600
2.013000
1.979600
1.990400
1.999300
2.015900
2.015500
2.011000
2.013000
2.006300
1.974600
1.989700
2.005500
2.018500
2.005700
1.974600
1.982100
1.976300
2.022900
2.020800
1.998800
2.000200
2.001600
2.024800
1.989200
2.009800
2.002600
1.996700
1.987600
1.998400
2.010100
1.997300
1.988800
2.025000
1.999500
2.026800
1.991600
1.984800
1.994600
1.997800
1.999000
2.007600
2.021100
1.996500
1.974500
2.025200
1.991700
2.008900
1.982600
2.001200
1.995500
1.975500
2.002000
2.012900
2.008300
2.022500
2.003400
2.006000
1.995800
2.035300
1.986000
2.016200
2.023400
1.963300
1.979400
1.974400
2.014900
2.020900
1.990300
2.016700
1.993100
2.001700
2.005000
1.986200
2.036100
1.985600
1.989800
1.998200
2.035500
2.010900
1.975600
2.012500
2.000900
1.978400
1.992300
2.014100
2.006300
2.017100
2.010100
1.985900
2.007000
1.983400
2.006500
1.969400
2.005800
1.993900
1.988100
2.015600
2.010900
1.998500
1.999000
1.988600
2.003200
2.006800
1.987300
1.995300
1.968200
2.001200
1.994800
1.999500
2.005900
1.987600
1.999700
2.000000
1.996400
2.000800
1.975600
1.980700
1.986900
1.998700
2.027400
1.979800
1.983600
1.995600
1.972900
1.985000
1.994800
2.006600
1.994300
2.011300
1.987200
2.008900
2.002200
2.015800
2.010000
1.987900
2.004700
1.984400
2.015600
1.980300
1.994500
1.996600
1.997300
1.996100
1.995500
1.985300
2.005000
2.007400
2.010500
1.992600
1.983800
2.006500
2.002200
2.016100
1.974300
1.995000
1.971000
1.985800
1.984800
1.983200
2.003300
1.994300
2.005500
2.001100
2.000200
1.986600
1.979400
2.009000
2.015000
1.999200
1.997800
2.005700
1.996600
1.992400
1.984000
1.988400
2.006700
2.018900
2.011200
2.002200
2.022200
2.007200
1.983100
2.015300
1.999800
2.007800
2.028300
2.001300
1.997500
1.985400
2.002800
1.981700
1.996700
1.972200
2.006600
1.996600
1.989500
2.016600
1.996800
1.995500
1.996100
1.985900
2.005700
2.009500
1.995400
1.996200
1.998300
1.984800
2.019800
2.009800
2.009700
2.007000
2.013400
2.006100
1.993600
1.986800
2.044000
2.022100
1.987900
1.988000
1.988700
2.001300
2.011000
2.000200
1.999800
1.994700
1.978200
1.997900
2.003500
1.988100
1.998500
2.030300
1.989400
2.007600
1.982000
2.001000
1.986200
1.989300
1.991500
1.990500
2.013100
1.993100
2.006200
1.988100
1.979600
2.025400
2.003500
2.012200
2.005200
1.990900
2.011700
1.978900
1.991800
2.010400
1.978000
2.021700
1.993800
2.000200
2.010200
2.012700
1.987600
2.019200
2.008300
1.976300
2.005500
2.022400
1.985800
1.998400
2.013600
1.985700
1.996700
2.009100
2.002100
2.003600
2.008800
2.007100
1.993700
1.995300
2.017500
2.008500
2.009700
1.977400
2.015100
1.992900
2.011600
1.994100
1.998100
2.021400
1.992800
2.013900
1.996200
1.986000
2.014200
2.006700
1.988900
1.999200
2.012600
2.005600
1.993900
2.003900
1.972100
1.986900
2.003900
2.009900
2.005300
1.981400
2.003200
2.010600
2.015900
1.999200
1.981400
2.013200
2.010800
1.994500
2.003400
2.008600
2.003300
1.982500
2.005300
1.980000
2.013000
1.980600
2.012900
1.992200
2.007500
2.009400
2.000300
1.972100
1.998600
1.985700
2.007800
1.978900
2.022100
1.999500
2.021400
2.012900
1.980400
2.007500
2.008900
2.024400
2.013900
2.005000
1.980400
2.008100
1.996500
2.012000
1.995600
1.994600
1.988700
1.986600
1.981900
2.015700
2.008800
2.006800
2.010200
1.999000
2.009000
2.006000
2.001200
1.992300
2.035000
1.975300
2.010000
1.977400
2.015200
2.013600
1.978700
1.992900
2.001000
1.992300
2.007300
1.988600
1.988100
1.990900
1.988000
2.004100
1.992400
1.995800
2.030200
2.002000
1.998300
2.004700
1.995700
2.007900
1.984800
1.990900
1.980500
1.994500
2.013900
2.019000
1.986200
2.003800
2.003100
2.007600
1.994800
2.001800
2.016400
2.017100
1.993000
1.998200
2.014400
1.992100
1.993200
2.000400
2.002000
1.992000
1.996200
2.014600
2.025300
1.977700
2.007600
1.993000
1.997300
2.007500
2.021600
1.975700
1.999600
1.990300
2.003800
1.985500
2.008400
2.018000
2.003200
1.990500
2.021200
1.997900
2.007300
2.006500
1.987100
1.997900
2.012300
1.992300
2.017400
1.973000
2.015300
2.016300
2.009700
2.003300
2.000300
1.992000
1.988600
2.013800
2.010500
1.980100
1.998400
2.010700
1.997600
2.006100
2.012700
1.998400
2.018700
1.994100
1.988600
2.010100
2.028700
2.000500
2.026800
1.993000
1.984800
1.999700
2.028700
1.981700
2.029500
1.983700
1.989100
2.017800
2.001600
1.987300
2.024600
2.022200
2.003500
1.997600
1.997800
2.013200
1.982600
2.012200
2.001900
1.979600
2.015900
1.978800
1.998700
2.003100
1.978300
1.992300
1.999400
2.017500
1.975700
2.004600
2.002500
1.999000
2.020000
1.997200
1.983100
2.012800
1.999900
1.989100
2.000500
1.990300
1.997400
2.000800
2.002400
2.002300
1.992300
1.982600
1.973700
2.008100
1.996200
2.006400
1.996000
2.015000
1.996800
2.028400
1.996700
2.009900
2.014600
2.005700
1.997100
2.013200
2.005900
1.991200
1.994900
2.003300
2.007900
2.009900
2.015100
1.990500
2.006000
1.993300
1.996500
1.996600
2.008200
2.021600
1.983000
2.009200
1.981100
1.989300
1.982400
1.997800
2.006100
2.026200
1.996500
1.987000
2.002200
2.012000
2.007700
2.020900
1.973200
2.008700
2.020700
1.982500
1.985300
1.990100
1.978900
2.012400
2.019600
1.996500
1.986700
2.005700
2.021000
1.987500
1.976700
2.005900
1.991100
1.969600
2.004300
1.985500
1.996100
2.001600
1.985300
1.983400
2.000300
1.994600
1.999100
1.995100
1.998800
1.997700
2.007800
1.993800
2.009700
1.988400
1.975400
1.990700
2.005500
2.011600
1.997100
1.995900
2.003100
2.003100
2.009300
1.996100
1.976500
2.000000
2.039500
2.006000
2.005500
1.981400
1.984600
1.994400
1.993100
1.992700
1.987200
2.000500
1.992400
2.024400
1.983400
2.011400
1.999200
1.997400
1.990800
2.008800
1.999800
1.994900
2.011900
2.005900
1.999600
2.008300
1.999600
2.015600
1.986700
2.011700
2.024900
1.977800
1.991600
1.989400
2.015700
1.997000
2.001000
1.993500
1.982500
1.993100
2.014100
1.970200
2.002300
2.004200
1.994900
1.966700
2.009400
2.013400
2.008200
1.981500
2.013700
2.003900
2.004700
2.000800
2.004400
2.005900
2.008100
2.023200
2.025800
1.993600
2.002900
1.993500
1.989800
2.009800
1.998000
1.999500
1.987800
1.993600
2.003500
2.000100
2.002700
1.974100
1.985900
1.978100
1.991800
1.981800
1.996300
1.996600
1.987600
2.005700
2.005800
2.001300
1.990900
1.978000
1.989800
2.009700
1.998500
2.008300
1.999100
1.990800
2.011000
2.001600
1.986300
1.995200
1.992000
1.992000
2.002700
2.006000
1.987200
1.980400
1.997200
2.006800
1.977500
2.009900
2.020600
2.009900
2.003000
1.993300
2.005000
2.009200
2.011800
1.997400
2.006500
2.012200
1.998400
1.988200
2.026100
1.989800
1.997500
2.013700
2.016100
1.995100
2.003900
1.997500
2.016400
1.984700
1.992200
2.008700
2.004200
2.007200
2.003000
1.977500
1.972000
1.997600
2.016100
2.011200
1.978600
1.999700
1.985700
2.019300
1.982000
1.996100
1.997800
1.982800
2.013600
2.020700
2.005100
1.995600
2.010300
2.012500
2.008300
2.011800
1.986300
2.002800
2.018100
2.002500
2.011100
2.003300
2.007600
2.003700
2.025600
2.034900
1.974100
2.017700
1.982500
1.988600
2.012300
2.002000
1.976600
1.997600
2.003500
1.970500
1.970200
2.007200
2.002400
2.005100
1.993500
1.993900
2.007100
1.989500
2.031900
1.996400
1.989500
1.999800
2.011900
2.005700
2.004400
1.991700
2.001200
1.997200
1.985000
2.000700
2.019600
1.990700
2.009200
1.999800
1.979400
1.963700
2.001300
1.990400
1.977600
1.978900
1.997200
2.000800
1.980100
2.001800
1.995800
2.027300
2.022000
2.018000
2.009700
2.000500
2.006400
1.986900
1.978100
2.003000
1.989400
1.981100
2.000100
1.979100
1.967200
1.992600
1.987600
2.029500
2.013000
2.008600
2.009700
2.011300
2.002400
1.995800
2.024300
1.997500
2.004100
2.012100
2.018300
2.007000
2.001600
1.988200
1.982300
2.000400
1.994800
2.010800
1.988700
1.995500
2.003400
2.008400
1.999200
2.017600
1.999900
2.012500
2.018400
1.983300
2.016700
1.988900
1.985800
2.004300
2.000200
2.001100
2.000700
1.978300
2.010500
2.018000
1.978100
1.990700
2.025800
1.990500
2.006100
1.999100
1.991200
2.018600
1.993800
1.995200
1.999400
2.014500
2.009200
2.005200
2.008200
2.011400
1.993300
2.004200
1.976100
1.981200
2.014900
2.016100
2.022200
2.008500
2.002400
2.005600
2.032900
1.987800
2.006300
2.008700
2.008800
2.009300
2.007700
2.021100
1.991700
1.986600
1.995600
1.996300
2.024200
2.021400
1.982400
2.015300
2.000500
1.995600
1.992400
1.997700
2.000400
1.993500
1.997100
1.989700
2.010200
2.004400
2.012000
1.998000
1.992700
1.992200
2.009000
2.000600
2.013200
2.019800
1.979800
2.004300
2.009600
1.985800
2.012700
2.027900
1.995300
2.012000
1.977000
1.982700
2.004700
1.994900
1.999700
1.999500
2.015400
2.010800
2.012300
1.987200
2.005600
1.990700
1.993700
1.999600
2.002200
2.005200
1.990100
2.009800
1.992000
2.025000
2.010600
1.983600
1.988900
2.007100
2.011300
2.006300
2.011000
2.027300
1.983800
2.017400
2.001700
2.022900
1.991000
1.998800
1.986900
2.014600
1.987000
1.997600
1.991400
2.005500
2.000800
1.995100
1.996800
2.025700
2.029100
2.009100
1.986100
1.971100
2.010400
1.989400
1.986800
1.997300
1.992400
2.010400
2.024800
1.984700
2.014100
1.979400
1.992800
1.997100
2.007200
2.007900
1.983000
2.002400
1.987900
1.979500
2.030200
2.014500
2.006100
2.016100
2.000200
1.997200
1.996100
1.981900
1.994900
2.005500
1.985000
2.017700
2.024900
2.006100
2.023000
2.004500
1.972000
1.998900
2.020800
2.015800
1.992900
2.012000
1.996200
2.007000
2.028400
2.016000
2.003300
2.011000
1.990000
2.027500
2.001600
1.996100
2.007200
1.967900
1.986300
2.003700
1.993000
2.001300
2.018500
2.019700
2.032900
1.996800
1.988700
2.005700
1.993400
1.994600
2.018100
1.969700
2.000600
2.001300
1.992300
1.984200
1.995000
1.991400
1.999900
2.021100
2.001600
2.010700
2.003700
2.005800
1.972100
2.013000
1.989500
1.992400
1.997200
1.994700
2.006100
2.015000
2.013800
1.987100
2.016700
1.989400
1.974600
2.008400
1.974300
1.987600
1.981700
2.006600
1.980800
2.014100
1.993700
1.985400
2.032500
2.017700
1.994400
1.990700
1.995200
2.008600
1.991900
2.023900
1.999100
1.992100
1.987900
1.982300
2.010200
1.997300
2.016500
2.002700
2.014700
2.001800
2.013800
2.021100
1.995200
1.985200
1.999600
1.955500
1.985700
2.018100
2.012400
1.991600
2.014600
2.002200
1.995900
2.010600
2.001700
2.014700
1.997300
2.002900
1.996500
1.995300
2.004200
1.986300
2.014200
1.981200
2.012200
2.004000
2.007500
2.011900
2.014500
1.995800
2.004000
2.029000
2.005200
1.995600
2.030400
2.031300
2.012300
1.998100
1.997100
2.009200
1.998100
2.007400
1.993500
2.016400
2.005400
2.010300
2.018300
1.965900
1.982200
2.019700
1.997000
1.995500
2.030400
2.005300
1.980400
2.005500
1.983700
1.987300
2.009700
2.006300
1.989000
2.000900
1.995100
2.000400
1.997500
1.993400
2.014300
1.996600
1.995100
1.989600
2.003600
2.006100
2.019500
1.995700
1.992900
2.010500
1.983400
1.997300
1.985800
2.007400
1.987900
2.015700
2.014900
2.007100
1.987100
2.001000
2.017300
1.977000
2.031900
1.997700
1.999900
1.993100
1.997900
2.002200
1.980600
1.992400
2.002900
2.004500
1.978300
2.013200
1.988000
1.999100
2.006800
1.997300
1.995300
2.020000
1.989600
2.014500
2.008400
1.978200
1.988300
1.993600
2.005600
1.974700
2.010000
2.020800
2.004800
1.961200
2.002800
2.009400
1.973700
1.966700
2.033800
1.992200
2.005900
2.009300
1.984200
1.993800
1.997500
2.015500
1.996600
1.988400
2.006400
1.989100
2.016600
2.007700
2.000000
1.987200
1.982400
1.983700
2.008200
1.977500
1.972900
1.999200
1.978800
2.003300
1.995500
2.001500
1.989000
2.016100
2.018500
1.991800
1.998200
1.978100
2.016400
2.024100
2.009200
1.980800
1.997900
2.007400
2.014700
1.988900
2.005700
2.010700
2.031800
2.007700
2.007700
1.995300
2.002000
2.011800
2.002700
2.005200
2.030600
2.019800
1.990000
1.992000
2.015200
2.000800
1.984400
1.997200
1.992200
1.993100
1.970900
1.992300
2.002600
1.994700
1.979300
1.990900
1.994800
1.989000
2.012400
2.007700
2.002700
2.001500
1.990700
2.003900
1.988600
2.009700
1.971400
2.000500
2.003400
2.017800
2.022000
1.977800
2.013100
2.008200
1.979700
1.998700
1.990900
2.015600
1.987800
2.007800
2.006400
1.992700
1.987900
1.985800
1.996800
1.998800
2.005700
2.012600
2.002200
1.999200
2.006700
1.998000
1.959300
1.993700
2.019500
2.002900
1.999200
1.994000
2.017700
1.994700
1.981000
1.993300
2.013300
2.015600
1.995800
2.031800
2.002000
1.978100
2.002300
1.997000
1.999900
1.957600
2.001100
1.997100
1.983400
2.006700
2.013800
1.991500
1.990400
2.001500
2.009900
1.990400
1.987100
2.029600
1.990400
1.996100
1.980700
2.001600
2.004100
1.969700
1.992700
1.986700
1.997100
2.006100
1.992400
1.971100
2.008800
1.978300
1.996600
2.011100
2.012600
2.033000
2.035400
2.026800
1.979300
1.971800
1.994500
1.981800
1.999300
2.015300
2.012400
2.006100
1.990500
1.996900
1.998800
1.996500
1.997900
2.003600
1.993700
1.999300
1.990800
2.012200
1.977100
2.023900
1.979700
2.024800
1.997600
1.994300
1.966500
2.035500
1.999000
1.951400
1.996900
2.003200
1.989900
1.983300
2.016500
1.987400
2.019000
2.007600
1.992600
1.979500
2.011200
2.001300
1.989800
1.997000
2.007800
2.003000
1.996400
1.993100
1.998600
2.027500
2.002700
1.996100
1.993400
1.994500
2.008700
1.977600
1.980100
1.989700
2.006200
1.997500
2.019700
1.996000
1.996100
2.007300
2.029600
2.003100
1.960900
1.994300
2.014300
1.999800
2.023200
1.986400
2.003900
1.981000
2.007600
2.000900
1.983600
2.017700
1.998800
2.002000
2.002900
2.005300
1.999900
2.014100
1.990400
2.012100
2.003800
1.994700
2.005000
1.986600
1.975400
1.986200
2.004000
2.000400
1.975900
2.010300
1.997700
1.999300
2.011600
1.974400
1.997400
2.007600
1.995200
2.007400
2.036100
1.996000
2.021200
2.005900
1.993100
2.009100
2.004100
2.013900
1.979900
2.027800
1.993600
2.023600
1.982100
1.991000
1.998100
2.001800
1.996000
2.019000
1.977400
1.998200
1.994800
1.996800
2.011000
2.008100
1.973000
1.981200
2.001800
1.984100
1.986900
1.989200
1.977100
2.000600
2.028400
1.999100
2.024400
1.987300
2.007900
2.013200
2.021100
2.018000
1.972200
1.990500
2.012700
2.022100
1.996200
2.026000
1.992100
2.003800
2.000800
2.018700
2.018100
2.013200
2.011800
1.978400
2.006200
2.001400
2.007300
1.997500
1.987900
2.002400
2.000200
2.016100
1.984100
2.003500
1.979300
1.991000
1.985200
1.990500
2.001600
2.007900
2.012000
2.037800
1.981000
2.027200
2.014400
2.001200
2.003400
1.991900
2.011300
1.985900
1.997200
2.014800
1.983200
1.980500
2.025400
2.021100
2.015200
1.985600
1.982200
2.001200
1.989500
1.962100
2.004600
1.984500
1.993000
1.995800
2.015300
1.994300
1.983700
2.019400
2.013100
2.006600
1.988500
1.995300
2.004700
1.975900
2.001600
2.007300
2.006200
2.015600
1.991200
2.027100
2.012700
1.996100
1.991300
2.022900
1.997600
2.008600
2.010500
2.002300
2.018800
2.018200
2.020300
2.021500
1.999700
1.982700
2.002800
1.996000
1.973900
1.987700
2.015500
1.998200
1.996500
1.985600
2.001400
2.018900
2.006000
2.012600
2.006300
2.008100
1.987300
2.005700
1.995000
2.026800
1.996200
2.023600
1.997500
1.989100
2.008800
1.978400
2.010100
2.013800
1.983700
1.999600
2.006700
1.997000
2.007300
1.992100
2.008300
2.003600
1.984000
2.026500
1.977900
1.987100
1.987300
1.992600
2.010900
1.999400
2.002400
2.009900
2.020700
1.985800
1.984500
2.014000
1.993900
2.006900
2.002700
1.975200
1.998800
2.011200
1.979700
1.994400
1.967900
1.999300
1.990800
1.997200
2.001900
1.989900
1.984900
1.980700
2.006500
2.001100
2.017500
2.002200
2.000800
2.044300
1.982400
1.994300
2.013400
2.011300
1.999400
2.010700
2.000800
1.977700
1.988700
1.990500
1.992600
1.981900
2.011100
1.999100
1.989000
2.005100
2.021800
1.996000
1.984600
1.996400
1.997800
1.997000
2.019900
1.987900
1.980900
1.996500
2.001400
2.003900
1.994000
2.015400
2.003200
1.996500
2.003800
1.987800
2.015100
1.993100
2.024900
2.008600
1.999800
2.009800
1.998200
2.010300
2.018400
1.981600
1.983600
2.015000
1.996900
2.002500
2.001000
1.993000
2.012000
1.979500
2.007900
1.996000
1.989400
2.005700
2.003200
2.015200
2.001700
2.001100
2.002200
1.995300
1.989600
2.009700
2.010400
1.999300
2.017600
2.006800
2.007300
1.985300
1.997500
1.988800
2.028100
1.978400
1.995400
2.002100
1.996800
2.029300
1.992400
2.015200
1.981500
1.993000
2.007900
2.005300
1.987000
2.000500
1.996000
2.005000
1.980100
2.005300
1.999400
2.019600
2.005700
2.007300
2.000300
2.006800
1.983900
2.041200
1.999900
1.993900
2.017800
1.987200
2.033400
2.012100
1.980100
2.007500
1.995200
1.982400
1.993300
1.991300
1.966500
2.004200
2.007100
1.997500
2.000800
1.990500
1.997600
2.007600
1.986500
2.000200
2.008700
2.000900
1.996200
1.998300
1.977600
2.027400
1.990300
2.010900
1.988000
2.005300
1.990100
2.015600
2.015300
1.966700
1.998600
2.009200
2.024500
1.967500
1.982800
1.985800
2.011100
1.986700
2.016500
1.983900
1.991900
1.994400
1.997600
1.974900
1.977100
2.010100
2.002700
2.012200
1.991100
1.987900
2.014400
1.991300
2.009300
1.982600
1.983000
1.988500
1.984800
2.006500
2.009300
1.996500
2.013300
2.009600
2.011900
2.020400
2.010900
1.973600
2.004100
1.986900
1.990500
2.010800
2.006300
2.004200
2.023000
1.987200
1.979100
2.029200
1.990900
2.021400
1.992700
1.993000
1.997400
2.025900
1.989300
2.008700
1.983200
1.976800
1.985500
1.994700
2.001700
2.012200
1.988400
1.999700
1.982200
1.999900
1.978400
2.004000
1.998000
1.998400
1.986300
2.017000
2.001300
2.013200
1.986200
2.010700
1.981200
2.006100
2.017200
1.982900
1.985700
2.015400
1.999600
2.010600
1.992000
2.001200
1.991700
1.994100
1.998300
2.014500
1.979600
2.037300
1.997200
1.971300
2.000300
1.995000
2.025700
2.009600
1.999700
1.988700
2.006600
2.000000
2.005200
2.008900
1.991400
1.993900
1.995900
1.981800
1.991400
1.983600
1.993100
2.006200
1.991500
1.986100
1.990900
1.997300
2.007100
1.984600
2.025500
1.993200
1.992600
2.015400
1.984400
1.995000
2.007000
2.027200
1.997700
2.024400
2.023800
1.990400
2.007700
2.009000
2.010900
1.976300
1.985000
1.989200
1.988300
2.021300
1.996900
2.006700
2.003600
1.983300
2.002600
1.979400
1.989400
2.000500
1.994100
1.991600
1.975900
1.998700
2.030000
2.004900
2.010100
1.963700
2.005500
1.982800
1.987200
2.025600
2.027300
2.049300
2.009700
2.001200
2.026600
1.975900
2.018300
1.992600
2.002800
1.991600
1.996300
2.001300
1.978700
1.991600
1.998200
2.020900
1.970000
1.988800
1.991800
2.000400
2.007900
1.988200
2.008300
2.007500
1.979500
2.027300
2.013700
1.979200
2.007100
2.031000
2.016400
2.005400
2.020700
2.015600
1.999600
1.991700
2.013800
2.002000
2.020300
1.981800
2.010600
2.015500
1.992900
2.007000
1.989700
2.026900
1.971000
2.018000
1.993700
2.006800
2.009200
2.018400
2.012700
2.011300
2.017300
2.007700
2.036400
1.991800
2.002500
1.990300
1.992700
1.990300
2.014100
1.980500
1.993300
2.003000
2.007600
2.008000
1.986100
1.984300
1.999900
2.023100
2.000700
1.994300
2.015300
1.989300
1.991400
1.991100
2.003600
2.003600
1.996800
2.038000
2.012000
1.996600
2.017800
2.023200
2.008700
1.996400
1.973100
1.984300
2.002000
1.979000
1.991000
2.027300
2.005500
2.024600
2.000300
2.000700
1.995700
2.005700
2.005100
1.979800
1.991800
1.986200
2.007400
2.002800
2.006600
2.000700
1.983400
1.995000
2.016000
2.013400
2.004900
1.988500
2.014500
2.025400
1.993800
2.011900
2.023000
2.006100
1.991500
2.024700
1.973000
2.004800
1.981000
2.001500
1.993900
1.995500
2.013100
2.033100
1.984900
1.995100
1.977900
1.995600
1.988800
1.995900
1.970700
2.005400
1.948800
1.983700
1.999000
1.983400
2.019200
1.987400
2.006500
1.980800
2.021700
2.002200
2.003400
1.996600
2.027300
2.027100
1.971000
1.994800
1.994600
2.001900
1.987900
2.014100
1.974500
1.990800
2.032800
1.970400
1.989600
1.999100
1.973100
2.000900
2.028200
2.011200
2.012900
1.995800
1.980200
2.005600
2.025700
1.989000
2.006000
1.999700
1.991600
2.014600
2.027100
1.998200
1.997000
2.002700
1.972300
2.001100
2.002600
1.996700
2.007700
1.998000
1.977900
2.013900
2.011700
2.001400
2.007000
2.010400
1.972900
2.027000
2.002500
1.986700
2.010700
1.997500
2.020600
1.990900
1.987400
1.988000
1.996800
2.000700
2.003700
1.978200
1.997500
1.996600
2.001900
2.004700
2.001700
1.980900
1.975600
1.997500
1.998700
2.000000
1.990400
1.978700
1.982300
1.984300
2.009200
2.020600
1.999500
1.992800
2.028100
2.021000
2.006900
2.016900
2.007800
1.997900
1.972100
1.971200
1.987800
1.992000
1.981800
2.009700
1.993800
1.968600
2.011700
1.985600
1.990200
1.988600
1.985000
1.986100
2.015400
1.964600
2.007200
2.007300
2.009700
1.980700
2.014200
2.005500
2.000300
2.015000
1.976600
1.990800
2.021600
1.997800
2.001100
2.016900
1.998000
2.020600
2.019400
2.005900
2.013100
1.996800
1.987800
1.992200
1.985500
1.982000
2.009400
2.010300
1.978000
2.019000
2.013000
2.035700
2.017100
1.985900
1.974200
1.988300
2.015500
1.999600
2.022300
1.983100
2.014300
2.004000
2.015100
2.027000
2.016300
2.013300
2.013300
2.011700
1.978400
1.982000
2.015000
2.005500
2.012100
2.003000
2.037700
1.983900
1.991200
2.004300
2.004900
2.035000
2.007100
1.993000
1.990900
1.973000
2.008000
2.017000
2.033300
1.995300
2.011400
2.015100
2.000200
1.970800
2.006400
2.004100
1.987900
1.988500
1.962000
2.011100
2.011500
2.004800
2.012100
2.005600
2.002400
2.003900
1.990000
2.010000
1.985800
1.992800
1.993200
1.982900
2.001700
1.997300
2.008800
2.016400
1.987200
2.001600
2.000200
1.986300
2.012900
1.993000
2.003100
1.992600
2.018800
2.016900
2.000000
2.004600
1.993600
1.989500
1.992600
1.997300
1.991000
1.996500
1.981500
1.994500
1.997200
2.009300
2.003900
2.014800
1.980000
1.986300
2.007000
2.006000
2.001000
1.988000
2.010300
2.004900
1.969400
2.016400
2.016100
2.024500
1.990400
1.995300
1.994800
1.988100
2.021100
1.987100
2.017600
2.003800
1.998700
2.002500
1.977400
2.003900
2.002500
1.994600
2.007700
2.010600
2.002400
1.984300
2.014000
2.015100
1.997800
1.993500
1.991800
2.022700
1.998900
1.981000
1.992400
1.983800
2.032800
1.975300
2.003000
1.990600
2.022100
2.027700
1.991500
1.990600
1.987100
1.995500
1.991100
1.992900
1.999900
1.992900
2.008000
2.012200
2.007900
2.012200
2.002000
2.014200
1.992000
1.995900
1.992800
2.015900
2.031200
2.014600
1.997800
1.994700
1.997700
1.988500
2.011500
1.977200
2.007400
1.989900
1.991500
2.000500
1.999600
2.009300
2.015900
2.001700
1.970300
2.007200
1.971500
1.999600
2.016400
2.006800
2.004700
2.002000
2.003700
2.006000
1.998100
2.045100
2.025600
2.008400
2.005800
2.007700
1.999500
2.005300
2.014600
1.991400
2.000500
1.989900
1.992300
2.004300
2.013000
2.013000
1.988200
2.011800
2.012900
2.005300
1.984800
2.009800
2.014900
1.988800
1.996000
1.996700
1.997700
2.001500
1.990500
1.988500
2.004100
1.993700
2.002100
2.005100
2.000500
2.010100
1.997600
1.982400
1.968900
2.008500
1.978200
2.005500
1.996600
2.011300
2.001100
1.992500
2.007000
2.006400
1.976500
1.997100
2.021400
2.005900
1.996700
2.000700
1.996000
1.995700
2.003800
2.005600
2.013100
1.985600
2.014500
1.990600
1.987300
2.019300
2.027300
1.992900
2.016400
2.001900
1.976400
2.003200
1.993500
1.998800
2.009300
2.009200
2.012800
2.005300
1.991300
2.035400
1.992800
1.982500
2.022700
1.993600
1.992300
1.975200
1.993300
2.002900
1.993400
2.005100
1.970400
1.987700
2.013100
1.983300
1.993800
2.002100
2.023900
2.006900
1.980500
2.001600
1.978200
2.002900
1.997200
2.002100
2.001400
1.997100
1.982300
1.993300
2.017100
1.998800
1.985500
1.992700
2.009600
2.006500
1.996500
1.991200
1.978800
2.005600
2.016600
2.007000
2.011400
1.991800
2.007600
2.008100
2.005700
2.001600
1.999700
2.000200
2.002300
1.996500
1.994800
1.987400
2.019400
1.990600
2.016500
1.971900
1.990500
1.993400
1.970500
1.988900
2.018300
2.011300
1.996300
1.997100
1.991400
1.999300
2.020800
2.001600
2.012900
1.972300
2.010700
1.991300
1.991700
2.013100
1.984100
2.012000
2.013500
1.996700
1.999400
1.998900
2.028100
1.992100
1.994900
1.996500
1.999300
1.996100
2.013600
1.982400
1.999000
1.999400
1.985600
1.988700
1.979100
1.993400
1.991300
1.981500
1.979000
1.982700
1.992500
2.007400
1.997700
1.980800
1.990400
2.018700
2.002200
1.990800
1.984700
2.003900
1.996500
2.011300
1.988600
1.990900
2.041100
2.024800
2.008800
1.987300
2.032500
1.991200
2.022500
2.004400
2.001400
1.987000
1.996800
2.000500
2.003500
1.971900
1.975900
1.972600
2.005900
1.986300
1.988000
1.982900
2.012500
1.987700
2.001100
2.013600
2.018900
2.023900
1.990500
1.975700
2.019500
1.975700
1.975100
2.014400
1.988100
2.016400
1.995900
1.992500
2.007300
2.011800
1.991100
2.008000
1.996400
1.986900
1.983300
1.990100
1.995300
2.005700
1.963500
2.032900
1.975500
2.006700
2.016700
1.991700
2.019300
1.984000
1.997200
1.999600
2.011200
2.022000
1.983400
2.002100
2.005900
1.987900
1.997000
2.000500
1.992700
2.020100
1.997300
1.991500
1.994800
2.001600
2.004500
1.997700
1.989700
2.022200
1.997100
2.013200
1.994900
2.013600
1.987900
1.986000
2.023000
1.973500
1.982700
2.019700
2.002200
2.002700
2.018700
2.010900
1.984500
2.008500
2.008200
2.017400
1.989100
2.003200
2.029000
1.988200
1.998300
2.001800
1.986600
2.023300
1.989000
1.990200
2.021500
2.002200
2.008600
1.972900
1.981200
1.984100
1.994500
2.004500
2.007300
2.003900
1.990000
1.997100
2.016600
1.988500
2.019100
1.994600
2.001900
1.979300
2.005400
1.988700
1.995000
2.017400
1.988100
2.001400
2.008000
1.983000
1.995000
1.990600
1.997000
1.988100
2.003800
2.008300
2.006700
1.983400
2.011700
2.004200
2.017200
2.026900
1.992100
1.980900
2.004600
2.001000
2.007800
1.981100
1.996800
1.974400
1.996800
2.002400
2.011400
2.013200
2.008500
1.988500
1.979400
2.022000
2.006700
2.014400
1.985800
2.000700
2.016300
1.995500
1.980500
1.989800
1.999200
1.990200
2.017800
2.004100
2.009500
2.017500
2.014100
1.995100
2.017800
2.015200
1.986900
2.019900
2.004200
2.001700
2.009100
1.988400
1.978000
1.999500
2.010500
1.982500
2.009200
2.009200
2.013200
2.013900
1.978100
2.001700
1.974800
1.983800
2.002700
1.997700
1.976000
2.025900
2.001000
2.016300
1.989800
2.016800
1.982300
2.019800
1.996500
2.003500
1.987300
2.009100
1.982400
1.976100
1.973400
1.987600
2.001000
1.997600
2.005600
1.999600
2.019200
1.976300
1.996200
1.998000
2.016600
2.004700
2.001100
1.991600
1.994400
1.979600
2.002800
1.985200
1.988100
1.971500
1.997900
2.007100
1.983900
1.993400
2.013900
2.031700
2.012700
1.980500
1.991000
1.996500
1.989200
1.996100
2.007800
1.987200
2.011200
2.012700
2.014100
1.992900
1.980200
1.994000
2.008900
2.000600
2.017100
1.991100
1.984700
1.998600
2.008500
1.977200
2.004000
2.016300
2.006800
2.004800
2.012300
2.008400
1.986400
1.987500
1.987600
1.995500
1.986700
1.979300
1.993600
1.979000
1.987100
2.012800
1.995700
2.022500
1.984900
1.999700
1.993400
2.021700
2.013400
1.965600
2.009700
1.973400
2.016700
2.005600
2.002300
1.988200
2.014900
2.009300
2.001900
1.980400
1.999300
1.994700
1.993500
2.006600
1.991000
1.994100
1.993800
1.994300
2.014000
1.990800
2.017800
1.977500
1.982600
2.019300
2.010400
1.993300
2.005300
1.980000
1.967600
1.998400
1.983100
1.992100
1.992500
2.004900
2.001200
1.996600
2.020600
2.014000
2.004700
2.001000
1.993900
1.998600
1.976400
1.988900
2.009500
1.992100
2.012200
2.023300
2.002200
1.990700
2.014300
1.988200
2.018200
1.992600
1.995700
1.976700
1.990900
2.017000
2.006300
1.976600
2.002200
1.988200
1.984900
1.984200
2.003200
2.003300
1.990000
2.003500
2.010300
2.030800
2.025100
2.037100
1.997200
2.020000
2.005600
1.993800
2.017900
2.010000
1.998000
1.990600
1.995500
2.033400
2.037800
1.995300
2.007200
1.995600
1.999200
2.006800
2.024600
2.001000
1.981500
1.994000
2.009100
1.986700
2.015200
1.983200
2.013200
1.987900
2.009800
2.004900
2.010400
1.989000
1.988800
1.986900
1.998100
2.013500
1.983300
1.990700
2.013000
1.993400
1.975600
1.995300
1.989200
2.015200
2.004700
1.977900
1.971700
1.984400
1.997000
1.997600
2.020700
1.993000
2.004900
1.994700
1.996900
2.016600
1.978900
1.961600
1.988400
1.995900
1.986300
1.992100
2.018000
1.968600
1.992200
2.025100
2.015700
2.004300
2.003800
2.010000
2.004400
2.009100
1.998100
2.022800
1.988000
2.014400
1.985600
2.002400
2.019800
1.988500
2.001200
1.999100
2.016400
1.985100
2.017800
2.010800
1.995800
2.010200
2.011700
1.995200
2.000200
1.998000
1.981300
2.008100
2.000900
2.002500
1.997700
2.008600
1.981300
1.959700
1.995600
2.033500
2.003700
1.998000
1.998500
1.996100
1.986100
2.028000
2.005900
1.975100
2.010500
1.996300
2.018100
2.004400
1.985500
1.998400
1.999200
2.002600
2.006400
2.011700
1.996100
2.000900
2.017300
1.988700
1.992700
1.994600
2.000800
1.998200
2.003700
2.013800
2.002700
1.992700
1.998500
1.985300
