0.867424,1.420032
-0.475628,1.609024
-0.047104,1.048231
0.261303,1.770048
0.908604,1.403087
0.752693,1.471096
0.192356,1.825013
-0.414764,1.514014
-0.882421,2.416745
0.221092,1.801643
0.402977,1.668327
0.795593,1.451313
-0.915829,2.498845
0.532349,1.587224
0.416088,1.659622
-0.417747,1.518537
-0.281918,1.325669
0.785625,1.455835
-0.335178,1.398190
-0.817368,2.264531
-0.700500,2.014761
-0.792217,2.208287
-0.442459,1.556530
0.606754,1.545117
-0.701021,2.015810
0.736732,1.478675
0.028351,1.972047
-0.940954,2.562425
0.640701,1.526923
0.474087,1.622453
0.421185,1.656269
0.401714,1.669172
-0.467117,1.595389
0.788731,1.454421
-0.925140,2.522222
0.013214,1.986873
0.443630,1.641703
-0.301926,1.352461
0.001659,1.998342
-0.647961,1.911638
-0.144440,1.155392
-0.891026,2.437628
0.673309,1.510018
-0.781937,2.185701
0.238777,1.787590
0.878571,1.415376
0.119980,1.886938
0.261391,1.769980
0.417747,1.658528
-0.755165,2.127963
-0.541740,1.718996
0.588627,1.555089
-0.595572,1.814067
0.792542,1.452693
0.600967,1.548281
-0.484402,1.623204
-0.435108,1.545130
-0.980293,2.665238
-0.872723,2.393418
0.218826,1.803461
-0.638542,1.893718
-0.467007,1.595212
0.492455,1.611125
0.380791,1.683321
-0.326508,1.386119
0.289879,1.748354
-0.837252,2.310010
-0.915127,2.497092
0.109970,1.895861
0.262207,1.769352
0.946548,1.388078
0.073044,1.929560
-0.387672,1.473547
-0.843113,2.323589
0.899498,1.406774
0.401680,1.669195
-0.918795,2.506268
0.065666,1.936443
0.630947,1.532088
0.838234,1.432474
-0.092545,1.096962
-0.711313,2.036664
-0.580521,1.786969
0.625244,1.535131
-0.912558,2.490685
0.382610,1.682079
0.469658,1.625216
0.287083,1.750450
0.103912,1.901304
0.960060,1.382870
-0.239368,1.270447
0.842392,1.430679
-0.430744,1.538402
0.452606,1.635969
-0.708118,2.030168
0.663620,1.514984
0.228634,1.795620
0.547867,1.578182
0.894836,1.408674
0.594139,1.552038
-0.709229,2.032423
0.087458,1.916258
-0.269375,1.309146
0.542858,1.581085
-0.612843,1.845670
-0.376663,1.457413
-0.935207,2.547742
-0.087608,1.091561
-0.527489,1.694671
0.655930,1.518959
-0.855228,2.351912
0.685322,1.503928
0.946968,1.387915
-0.126823,1.135217
-0.495750,1.641730
-0.268471,1.307963
0.408165,1.664869
-0.565422,1.760191
-0.746946,2.110545
0.255642,1.774419
0.171402,1.842483
0.132107,1.876247
-0.848587,2.336343
0.942177,1.389778
-0.889202,2.433187
-0.804558,2.235708
0.505936,1.602941
-0.339569,1.404342
-0.614285,1.848334
-0.989931,2.691049
0.184200,1.831769
0.056122,1.945424
0.838333,1.432431
-0.717743,2.049801
-0.411079,1.508445
-0.935596,2.548733
0.000301,1.999699
0.225246,1.798319
-0.622417,1.863427
-0.558891,1.748733
0.278267,1.757095
-0.949183,2.583597
0.203480,1.815887
0.866783,1.420301
0.480595,1.618416
0.278587,1.756852
0.667679,1.512898
-0.134224,1.143649
0.982582,1.374343
-0.739548,2.094988
0.311924,1.732037
0.091843,1.912249
0.052654,1.948708
-0.956181,2.601740
0.200470,1.818346
-0.042416,1.043328
-0.612179,1.844446
0.029064,1.971354
-0.855568,2.352710
0.674683,1.509318
0.090767,1.913231
-0.705921,2.025712
-0.693436,2.000577
-0.549065,1.731633
-0.209679,1.233282
-0.396389,1.486447
-0.344002,1.410581
0.923500,1.397127
0.007633,1.992396
-0.946629,2.577007
0.298054,1.742261
0.309605,1.733737
-0.325943,1.385336
0.172318,1.841712
-0.903484,2.468188
0.094090,1.910201
-0.913841,2.493884
0.311996,1.731984
-0.752724,2.122774
-0.532799,1.703694
0.130768,1.877421
-0.056641,1.058275
-0.567245,1.763403
-0.912380,2.490243
0.879166,1.415129
0.624367,1.535600
-0.525616,1.691500
0.448277,1.638728
0.218163,1.803995
-0.666721,1.947841
0.635342,1.529754
0.335220,1.715180
0.972359,1.378190
0.194950,1.822876
-0.880924,2.413129
0.509834,1.600595
0.381855,1.682594
-0.340683,1.405907
-0.253418,1.288422
0.502113,1.605250
0.210283,1.810355
0.579433,1.560216
-0.237816,1.268476
0.627262,1.534052
0.158234,1.853650
0.009125,1.990917
0.838596,1.432317
-0.896389,2.450738
-0.862921,2.370073
0.465527,1.627804
0.901260,1.406058
-0.771589,2.163201
0.000940,1.999060
-0.948538,2.581932
0.975174,1.377127
-0.899630,2.458692
-0.708828,2.031609
0.187263,1.829225
0.281452,1.754687
-0.897860,2.454344
-0.981949,2.669654
0.876183,1.416369
0.229420,1.794995
0.656467,1.518680
-0.681389,1.976621
-0.113304,1.119973
0.527180,1.590267
0.054684,1.946785
0.744308,1.475063
0.285561,1.751593
-0.698315,2.010362
-0.712816,2.039728
0.785023,1.456109
0.945251,1.388582
0.012091,1.987982
0.060074,1.941695
-0.158279,1.171493
-0.465466,1.592756
-0.874834,2.398477
-0.587727,1.799892
-0.969315,2.636137
-0.926228,2.524966
0.458836,1.632019
-0.624603,1.867505
0.621391,1.537197
-0.407219,1.502633
-0.707890,2.029703
-0.739552,2.094996
0.293182,1.745886
-0.916504,2.500533
-0.485191,1.624486
0.838779,1.432238
-0.327419,1.387383
-0.470249,1.600393
0.510078,1.600448
0.341709,1.710555
0.426281,1.652933
-0.952784,2.592917
0.701618,1.495782
0.101852,1.903163
-0.489674,1.631784
-0.495682,1.641617
0.976604,1.376588
0.880341,1.414642
-0.793114,2.210268
-0.321716,1.379493
0.836632,1.433167
0.896809,1.407869
0.426277,1.652935
-0.967102,2.630311
-0.538574,1.713562
-0.897594,2.453694
-0.559242,1.749346
0.142933,1.866812
0.448547,1.638555
0.683617,1.504788
-0.881672,2.414934
0.384541,1.680763
-0.923592,2.518319
-0.891665,2.439186
-0.928568,2.530882
-0.910212,2.484848
-0.999939,2.718116
0.634983,1.529944
0.848274,1.428153
0.039574,1.961199
0.494732,1.609734
-0.848602,2.336379
0.487469,1.614179
-0.349674,1.418605
0.382305,1.682287
-0.712685,2.039459
-0.625393,1.868980
-0.229965,1.258556
0.150738,1.860073
0.340744,1.711241
-0.195854,1.216350
-0.496059,1.642237
0.716103,1.488653
0.991394,1.371059
0.715851,1.488776
-0.825447,2.282901
-0.952808,2.592982
0.062923,1.939015
-0.730793,2.076727
-0.551765,1.736316
0.899178,1.406904
-0.100098,1.105279
-0.118408,1.125704
-0.944611,2.571812
0.464733,1.628303
-0.096100,1.100869
0.140087,1.869282
-0.917215,2.502313
-0.351059,1.420571
0.626350,1.534539
0.149849,1.860838
-0.299400,1.349050
0.216530,1.805308
-0.163387,1.177493
-0.666912,1.948212
0.945000,1.388680
0.429676,1.650720
-0.763481,2.145733
-0.788876,2.200920
-0.556419,1.744415
-0.478989,1.614441
-0.522610,1.686423
-0.659065,1.932985
-0.383457,1.467349
-0.739689,2.095284
-0.670864,1.955927
-0.559875,1.750455
-0.967781,2.632098
-0.468273,1.597234
0.241211,1.785676
0.478764,1.619549
0.498577,1.607394
-0.775288,2.171217
-0.538998,1.714288
-0.197502,1.218356
-0.623188,1.864864
-0.893074,2.442627
0.559517,1.571485
0.973454,1.377776
-0.735905,2.087370
0.797333,1.450529
0.397671,1.671883
-0.169785,1.185050
-0.515831,1.675030
-0.339371,1.404064
0.285732,1.751464
0.359768,1.697838
-0.819027,2.268292
-0.428123,1.534376
0.883354,1.413394
0.065987,1.936143
0.906601,1.403895
0.566147,1.567709
-0.727394,2.069680
0.229740,1.794740
0.467056,1.626845
-0.151718,1.163832
0.427643,1.652044
-0.455353,1.576730
-0.019005,1.019187
-0.415318,1.514852
0.775074,1.460670
-0.718773,2.051914
0.471729,1.623922
0.081764,1.921489
0.203854,1.815582
-0.441082,1.554388
0.078724,1.924295
-0.568775,1.766103
0.001556,1.998445
-0.706985,2.027869
-0.364349,1.439577
0.023052,1.977211
0.081818,1.921440
-0.820118,2.270768
0.830990,1.435618
-0.393272,1.481822
0.140038,1.869326
0.149456,1.861176
0.399632,1.670567
0.764465,1.465583
-0.462444,1.587951
-0.689110,1.991942
0.205132,1.814540
0.912495,1.401521
-0.570488,1.769130
-0.432449,1.541027
0.158195,1.853683
-0.770607,2.161078
-0.792385,2.208658
-0.085876,1.089672
0.486198,1.614960
-0.883587,2.419563
-0.077866,1.080977
-0.365631,1.441423
-0.628704,1.875179
-0.404308,1.498266
-0.852123,2.344620
-0.177052,1.193693
0.934540,1.392767
0.509846,1.600588
0.594330,1.551932
0.329914,1.718985
-0.580429,1.786805
0.293110,1.745940
-0.259842,1.296725
-0.844303,2.326356
-0.925066,2.522035
-0.154945,1.167594
0.710072,1.491609
0.785084,1.456081
-0.216316,1.241495
-0.776497,2.173844
-0.845064,2.328127
-0.759346,2.136878
0.077225,1.925682
0.590923,1.553816
-0.758205,2.134442
0.499226,1.607001
-0.397812,1.488564
0.490562,1.612282
-0.254353,1.289626
0.393566,1.674647
-0.977020,2.656529
0.481739,1.617708
0.890102,1.410614
-0.459946,1.583988
-0.875351,2.399717
-0.954618,2.597679
0.973030,1.377936
-0.618778,1.856658
-0.630051,1.877706
0.278645,1.756809
-0.432037,1.540393
0.527935,1.589822
0.113632,1.892586
-0.117596,1.124789
0.183746,1.832147
-0.402161,1.495051
-0.657516,1.929993
-0.391033,1.478508
-0.696253,2.006221
0.973114,1.377904
0.606171,1.545436
0.317020,1.728316
0.535801,1.585200
-0.674927,1.963889
-0.474632,1.607423
0.031330,1.969156
0.010456,1.989598
-0.644920,1.905835
0.073912,1.928754
0.509144,1.601010
-0.729237,2.073497
-0.055244,1.056799
0.277454,1.757710
0.642029,1.526224
0.912178,1.401648
-0.918068,2.504447
0.303501,1.738229
-0.638680,1.893978
-0.957130,2.604213
-0.676880,1.967729
-0.910578,2.485758
-0.225849,1.253387
0.017006,1.983138
-0.041367,1.042234
0.454323,1.634878
-0.574844,1.776854
0.141731,1.867854
-0.104469,1.110121
-0.741531,2.099148
0.632210,1.531416
0.217499,1.804529
-0.647011,1.909823
0.105576,1.899806
0.579372,1.560250
0.886383,1.412144
0.986027,1.373056
0.833126,1.434688
0.462460,1.629733
0.780952,1.457970
-0.624084,1.866536
0.347950,1.706134
-0.701511,2.016799
0.851032,1.426974
-0.586372,1.797456
-0.659662,1.934139
0.122961,1.884298
0.634651,1.530120
-0.339413,1.404123
-0.401970,1.494766
0.227455,1.796558
-0.781805,2.185413
-0.885765,2.424839
-0.957016,2.603915
0.373383,1.688402
0.423798,1.654556
-0.207817,1.230988
0.730133,1.481845
0.071312,1.931171
0.166096,1.846965
-0.080452,1.083777
-0.456226,1.578108
0.138527,1.870640
-0.166672,1.181366
0.553223,1.575093
-0.500999,1.650370
-0.880657,2.412485
-0.997400,2.711224
-0.311127,1.364962
0.562519,1.569772
0.222977,1.800134
0.458710,1.632099
-0.659048,1.932951
0.046562,1.954505
-0.288303,1.334162
-0.515621,1.674678
-0.824221,2.280103
-0.893497,2.443661
0.169315,1.844243
-0.540947,1.717633
0.279728,1.755989
0.736782,1.478652
0.766724,1.464533
0.839516,1.431920
0.293865,1.745377
-0.910561,2.485716
0.231586,1.793274
-0.417328,1.517900
0.175072,1.839397
-0.076065,1.079033
-0.798679,2.222604
0.010279,1.989774
-0.134407,1.143858
0.896561,1.407970
-0.998392,2.713915
0.763283,1.466134
0.229576,1.794870
-0.615917,1.851354
0.655251,1.519312
0.833893,1.434355
-0.615913,1.851347
0.744221,1.475104
-0.986341,2.681407
0.946957,1.387920
-0.378181,1.459628
0.846119,1.429077
-0.907213,2.477409
-0.508003,1.661969
0.739792,1.477213
-0.686504,1.986758
0.188683,1.828049
0.332939,1.716814
-0.469337,1.598934
-0.877571,2.405051
-0.560577,1.751684
0.685913,1.503630
-0.216335,1.241519
-0.928183,2.529907
0.914848,1.400577
0.561874,1.570139
0.059654,1.942090
-0.377224,1.458231
0.826630,1.437521
0.904083,1.404913
-0.919109,2.507056
0.167904,1.845435
-0.663923,1.942398
-0.791447,2.206586
0.680969,1.506126
-0.879211,2.408999
-0.042965,1.043901
-0.361191,1.435037
-0.545830,1.726040
-0.046951,1.048071
-0.176403,1.192919
0.664406,1.514579
0.151695,1.859250
0.199829,1.818871
0.271587,1.762169
-0.897522,2.453516
-0.746502,2.109608
-0.378792,1.460519
-0.185764,1.204138
0.104824,1.900483
0.280704,1.755251
0.003204,1.996801
0.429867,1.650596
0.423737,1.654596
0.861324,1.422602
0.627739,1.533797
-0.584293,1.793723
0.925457,1.396350
-0.651035,1.917525
0.837921,1.432609
-0.681847,1.977526
0.869713,1.419072
0.192127,1.825202
-0.644234,1.904527
-0.807434,2.242147
-0.072792,1.075507
0.649082,1.522525
0.707005,1.493119
0.908348,1.403190
-0.874088,2.396689
-0.643188,1.902537
-0.843708,2.324972
-0.995590,2.706321
0.979065,1.375662
0.879005,1.415196
0.335751,1.714801
0.085754,1.917820
-0.948015,2.580583
0.451714,1.636536
0.676369,1.508460
-0.498672,1.646534
-0.450119,1.568499
0.504711,1.603680
0.075455,1.927322
0.378201,1.685093
-0.000435,1.000435
-0.255516,1.291128
-0.710728,2.035472
-0.643198,1.902556
-0.977539,2.657907
0.691570,1.500789
-0.908890,2.481566
-0.136986,1.146812
-0.791668,2.207075
-0.223270,1.250159
0.370014,1.690725
-0.699047,2.011835
0.618172,1.538929
0.019070,1.981111
-0.978447,2.660321
0.443432,1.641830
0.522072,1.593290
0.454742,1.634611
0.359615,1.697945
0.591366,1.553571
0.187897,1.828700
-0.043457,1.044415
0.520874,1.594001
-0.761147,2.140729
-0.629429,1.876539
0.005119,1.994894
0.800350,1.449172
0.312080,1.731923
0.843292,1.430292
0.534912,1.585721
-0.785299,2.193063
0.369057,1.691386
-0.905087,2.472146
0.409023,1.664299
-0.200790,1.222369
-0.826643,2.285633
-0.446888,1.563439
-0.771584,2.163189
0.130600,1.877569
0.785324,1.455972
-0.752937,2.123227
-0.964314,2.622986
-0.936981,2.552265
0.566029,1.567776
-0.607441,1.835728
-0.640438,1.897312
-0.507580,1.661266
-0.226120,1.253726
0.597427,1.550225
0.591057,1.553742
-0.704700,2.023241
0.167213,1.846019
0.646744,1.523748
-0.983200,2.672996
-0.779583,2.180563
-0.307358,1.359827
0.091728,1.912353
-0.277294,1.319554
0.133785,1.874778
0.732582,1.480666
0.415478,1.660025
-0.597313,1.817229
-0.938820,2.556962
-0.614079,1.847953
0.844646,1.429709
-0.009750,1.009798
-0.144791,1.155798
-0.921555,2.513194
0.569759,1.565662
0.127703,1.880115
0.171768,1.842174
0.946384,1.388142
-0.326027,1.385453
-0.983280,2.673210
-0.884619,2.422061
0.914375,1.400767
-0.096725,1.101558
-0.800919,2.227586
0.038601,1.962135
-0.716473,2.047199
-0.256264,1.292093
-0.449585,1.567661
0.972157,1.378266
-0.678947,1.971801
0.281475,1.754670
-0.544113,1.723080
-0.456139,1.577969
-0.595730,1.814355
-0.112255,1.118798
0.272095,1.761782
0.072121,1.930419
-0.170685,1.186117
0.931389,1.394006
0.466217,1.627371
0.164398,1.848404
0.497158,1.608257
0.329670,1.719161
-0.774025,2.168477
-0.927792,2.528918
0.798992,1.449782
0.541004,1.582163
0.084415,1.919049
-0.797558,2.220112
-0.960266,2.612392
-0.730331,2.075768
-0.835638,2.306285
0.422714,1.655266
-0.222942,1.249749
0.485588,1.615335
-0.786198,2.195034
0.599136,1.549286
-0.896585,2.451219
0.334476,1.715713
0.108795,1.896914
-0.105923,1.111736
-0.879211,2.408999
-0.024689,1.024996
-0.680721,1.975302
-0.885754,2.424811
-0.740795,2.097603
0.116505,1.890026
0.389938,1.677099
0.010841,1.989217
-0.885155,2.423359
-0.224819,1.252096
0.981926,1.374589
0.313343,1.730999
0.705753,1.493736
0.112057,1.893994
-0.041084,1.041940
-0.691227,1.996163
-0.248631,1.282268
0.232468,1.792575
-0.552288,1.737223
-0.356632,1.428510
-0.958961,2.608986
-0.570396,1.768968
-0.821875,2.274760
0.743107,1.475634
0.494755,1.609720
-0.523716,1.688290
0.676449,1.508419
0.830345,1.435899
0.375664,1.686833
-0.899399,2.458125
-0.938046,2.554983
-0.732510,2.080295
-0.270988,1.311260
-0.732040,2.079319
-0.502705,1.653186
0.899788,1.406656
0.489044,1.613212
-0.816561,2.262704
-0.405987,1.500783
-0.080864,1.084223
-0.858036,2.358524
0.296654,1.743301
-0.163460,1.177578
0.531002,1.588015
-0.961039,2.614410
-0.916788,2.501244
0.438507,1.644999
-0.732506,2.080287
-0.242596,1.274553
-0.449181,1.567028
-0.772091,2.164287
-0.911522,2.488106
0.240421,1.786297
0.298229,1.742131
-0.673752,1.961583
0.759407,1.467944
-0.836544,2.308376
-0.635059,1.887134
-0.407379,1.502874
0.944660,1.388812
-0.362415,1.436796
-0.146595,1.157885
0.144218,1.865699
0.481628,1.617777
-0.949377,2.584099
-0.838383,2.312624
0.873089,1.417659
0.239353,1.787137
-0.827183,2.286867
-0.779366,2.180089
0.528553,1.589457
-0.011467,1.011533
0.451359,1.636762
0.875687,1.416576
-0.849140,2.337636
-0.152229,1.164427
0.504288,1.603936
-0.821598,2.274131
-0.942741,2.567009
0.646542,1.523854
-0.121674,1.129385
0.100506,1.904380
-0.157623,1.170725
-0.755863,2.129449
0.591690,1.553391
-0.817539,2.264919
-0.639633,1.895785
0.959938,1.382917
0.170311,1.843402
0.009914,1.990135
0.625126,1.535194
-0.777342,2.175681
0.780632,1.458116
0.746834,1.473865
-0.470043,1.600063
-0.223976,1.251041
-0.598682,1.819720
0.058647,1.943039
0.071144,1.931328
-0.999729,2.717546
0.352955,1.702609
-0.993952,2.701891
-0.689663,1.993044
-0.877369,2.404565
0.408279,1.664793
-0.653549,1.922352
0.397728,1.671845
0.884323,1.412994
-0.265953,1.304674
-0.675453,1.964923
-0.806847,2.240831
-0.890642,2.436694
0.093052,1.911146
-0.847546,2.333912
-0.785088,2.192599
-0.967081,2.630256
0.110241,1.895618
-0.625206,1.868631
-0.706444,2.026771
0.746468,1.474038
0.242085,1.784990
0.119213,1.887619
-0.377739,1.458982
-0.755211,2.128060
0.530037,1.588583
-0.451710,1.570996
-0.609165,1.838896
-0.390182,1.477250
-0.004967,1.004979
0.199249,1.819346
-0.387299,1.472996
0.681370,1.505924
-0.835735,2.306509
0.177504,1.837358
0.810928,1.444445
-0.135811,1.145465
0.741188,1.476547
0.121162,1.885890
0.648186,1.522994
-0.966503,2.628736
-0.691778,1.997264
0.822315,1.439413
0.588943,1.554913
0.428135,1.651723
-0.259438,1.296201
0.421146,1.656294
-0.281391,1.324972
-0.280647,1.323987
-0.438755,1.550775
0.336735,1.714098
-0.977520,2.657857
-0.827972,2.288674
-0.870869,2.388985
0.762817,1.466351
-0.689243,1.992207
-0.534454,1.706517
-0.204910,1.227415
0.538330,1.583722
-0.485016,1.624201
-0.426060,1.531212
0.633137,1.530924
0.487694,1.614041
-0.708961,2.031880
-0.592369,1.808267
-0.971243,2.641225
0.064613,1.937430
0.173145,1.841015
0.391479,1.676056
-0.089973,1.094145
-0.491859,1.635354
-0.280655,1.323997
-0.513485,1.671105
-0.907356,2.477763
0.054939,1.946543
-0.361755,1.435848
-0.667618,1.949587
-0.873915,2.396273
-0.480019,1.616104
0.979965,1.375324
-0.789854,2.203075
-0.067291,1.069607
-0.230415,1.259123
0.444374,1.641226
0.049187,1.952003
-0.836750,2.308851
0.694149,1.499499
-0.112175,1.118709
-0.842144,2.321339
-0.677181,1.968322
-0.843452,2.324378
0.969181,1.379394
0.227737,1.796333
0.385201,1.680314
0.155655,1.855854
0.045094,1.955908
-0.985189,2.678319
-0.136948,1.146768
-0.422596,1.525918
-0.332047,1.393818
-0.902920,2.466795
0.089863,1.914057
0.028084,1.972307
-0.252903,1.287758
-0.875053,2.399003
0.189358,1.827490
0.701710,1.495737
-0.586071,1.796914
0.864952,1.421072
0.342625,1.709905
0.163837,1.848880
0.114487,1.891824
0.084732,1.918758
-0.726234,2.067281
0.336906,1.713976
-0.068504,1.070905
0.773552,1.461371
-0.940556,2.561404
0.921867,1.397776
-0.881153,2.413681
-0.996277,2.708180
0.269764,1.763560
0.881413,1.414197
0.467789,1.626386
-0.274815,1.316287
0.956215,1.384345
0.459534,1.631578
0.984730,1.373540
0.981903,1.374598
0.025711,1.974617
0.807007,1.446192
-0.982449,2.670988
-0.634007,1.885148
-0.432613,1.541280
-0.507568,1.661247
0.012386,1.987690
-0.062355,1.064340
0.628632,1.533321
-0.788673,2.200475
0.031052,1.969426
0.452770,1.635864
0.034454,1.966132
-0.443951,1.558854
-0.757519,2.132977
-0.817169,2.264082
-0.211555,1.235599
0.445656,1.640404
-0.900875,2.461756
0.596542,1.550713
0.819904,1.440474
-0.308975,1.362029
0.018631,1.981542
0.289936,1.748311
0.182858,1.832887
-0.721474,2.057463
0.826218,1.437702
0.915779,1.400205
-0.455292,1.576633
0.965706,1.380714
0.112144,1.893915
-0.482910,1.620784
-0.052841,1.054262
-0.320831,1.378273
-0.941896,2.564841
0.387257,1.678917
0.839638,1.431867
0.070930,1.931527
0.823643,1.438830
-0.311237,1.365113
-0.922001,2.514316
-0.749783,2.116540
0.114136,1.892137
-0.655163,1.925456
-0.822433,2.276032
-0.021553,1.021787
-0.480606,1.617054
-0.722931,2.060463
0.702831,1.495181
0.314770,1.729957
-0.573814,1.775025
0.439995,1.644040
-0.161152,1.174863
-0.251614,1.286099
-0.289619,1.335919
-0.004932,1.004945
0.555035,1.574052
0.173893,1.840387
0.159550,1.852528
0.459320,1.631713
-0.653194,1.921670
-0.836838,2.309054
0.702541,1.495325
-0.021988,1.022231
-0.876034,2.401356
0.572750,1.563972
-0.943134,2.568018
0.536045,1.585058
-0.804243,2.235004
-0.502548,1.652928
-0.639343,1.895236
0.422840,1.655183
-0.047066,1.048191
0.720985,1.486273
-0.182449,1.200153
0.103466,1.901707
0.398083,1.671606
0.783688,1.456719
-0.649624,1.914820
-0.061096,1.063001
0.121815,1.885312
-0.993717,2.701257
-0.288166,1.333979
-0.667755,1.949855
0.441238,1.643239
0.375851,1.686705
0.222305,1.800671
0.354004,1.701872
0.960030,1.382882
-0.659878,1.934556
-0.114487,1.121298
-0.816282,2.262074
0.019955,1.980243
0.563362,1.569292
-0.583496,1.792294
-0.805946,2.238814
-0.724136,2.062949
-0.280121,1.323290
0.666332,1.513589
-0.635912,1.888744
-0.527523,1.694729
0.082758,1.920574
-0.729839,2.074747
-0.653450,1.922161
0.261406,1.769968
0.652046,1.520979
0.001190,1.998811
0.041420,1.959426
0.853291,1.426011
-0.212811,1.237150
0.934425,1.392812
0.919476,1.398728
-0.523766,1.688373
-0.184219,1.202280
0.753632,1.470654
0.045856,1.955179
-0.103218,1.108733
-0.771580,2.163181
0.155590,1.855910
0.798523,1.449993
-0.321999,1.379883
0.920120,1.398471
0.634514,1.530193
-0.458576,1.581820
0.893299,1.409303
0.868610,1.419534
0.508904,1.601154
-0.621265,1.861282
-0.902168,2.464942
0.682476,1.505364
-0.058739,1.060498
-0.850719,2.341331
0.894489,1.408816
-0.435093,1.545107
-0.817640,2.265148
-0.867712,2.381456
0.267662,1.765166
-0.478249,1.613246
-0.542805,1.720827
0.253162,1.776342
0.025166,1.975148
0.004368,1.995642
-0.370403,1.448319
0.273792,1.760490
0.047218,1.953879
0.611183,1.542708
0.027584,1.972793
-0.106606,1.112495
-0.589218,1.802578
0.040970,1.959858
0.003773,1.996234
-0.277702,1.320093
0.734764,1.479619
0.861004,1.422737
0.067394,1.934827
0.185722,1.830504
0.042656,1.958241
-0.890768,2.437001
-0.977741,2.658445
-0.784542,2.191403
-0.951347,2.589196
0.086586,1.917057
-0.949268,2.583818
0.030605,1.969858
-0.439205,1.551474
-0.731543,2.078284
-0.069489,1.071960
0.235336,1.790305
-0.907597,2.478359
0.063168,1.938786
0.073368,1.929259
0.006237,1.993782
-0.862650,2.369431
0.950226,1.386654
-0.837627,2.310878
0.356373,1.700212
-0.755013,2.127638
0.781662,1.457645
-0.233463,1.262966
-0.157948,1.171105
-0.572090,1.771967
-0.837311,2.310146
-0.356522,1.428352
0.577419,1.561345
0.267685,1.765149
0.040493,1.960316
0.573971,1.563284
0.220848,1.801838
0.029816,1.970624
0.054672,1.946795
0.448776,1.638409
0.461506,1.630334
-0.842609,2.322419
0.597000,1.550460
-0.095814,1.100554
-0.730415,2.075943
-0.650570,1.916633
-0.281937,1.325695
0.489670,1.612829
-0.700039,2.013831
0.562374,1.569855
-0.081230,1.084621
-0.823963,2.279516
-0.941938,2.564948
-0.747528,2.111773
-0.040413,1.041241
0.383190,1.681683
0.233261,1.791947
-0.240700,1.272139
-0.199722,1.221064
0.284462,1.752419
0.050323,1.950922
-0.657627,1.930207
-0.549980,1.733219
-0.114494,1.121306
-0.896122,2.450083
-0.323708,1.382243
-0.840809,2.318241
0.449196,1.638141
-0.713661,2.041452
-0.616859,1.853099
-0.859329,2.361576
-0.328232,1.388511
0.324387,1.722971
0.076092,1.926731
0.654076,1.519922
0.943344,1.389324
-0.690296,1.994306
0.495773,1.609100
0.029819,1.970621
0.086102,1.917501
-0.329800,1.390689
0.424629,1.654012
-0.431396,1.539406
0.367115,1.692730
0.137642,1.871411
-0.800026,2.225599
-0.073936,1.076738
0.273903,1.760406
0.017597,1.982557
-0.318115,1.374535
0.495583,1.609216
-0.995871,2.707080
-0.717014,2.048308
0.679626,1.506806
0.919273,1.398809
0.723549,1.485028
0.065334,1.936754
0.215843,1.805862
-0.652344,1.920036
-0.447517,1.564424
-0.654079,1.923371
0.173950,1.840339
-0.831024,2.295669
-0.979414,2.662895
0.637215,1.528763
-0.908775,2.481282
0.706818,1.493211
0.104935,1.900383
0.363571,1.695189
-0.025799,1.026134
-0.013199,1.013286
0.873886,1.417327
-0.488800,1.630359
-0.168701,1.183766
0.434856,1.647358
-0.946465,2.576584
0.593014,1.552659
-0.166824,1.181547
0.767506,1.464169
0.286236,1.751085
-0.796116,2.216913
-0.899281,2.457834
0.003557,1.996449
-0.597424,1.817430
-0.930269,2.535192
-0.167797,1.182697
-0.827188,2.286880
-0.887625,2.429352
-0.332951,1.395078
0.389145,1.677636
0.602661,1.547353
-0.154465,1.167033
0.315113,1.729706
-0.617893,1.855016
-0.062561,1.064559
0.420715,1.656577
0.660942,1.516365
-0.581963,1.789547
0.768288,1.463807
-0.284035,1.328479
0.584492,1.557389
0.925922,1.396166
-0.065285,1.067463
-0.734360,2.084147
-0.914436,2.495368
-0.659082,1.933018
-0.703587,2.020988
0.756592,1.469263
-0.375664,1.455957
-0.435474,1.545696
-0.751884,2.120993
-0.666058,1.946548
-0.438046,1.549675
-0.684246,1.982277
-0.847811,2.334530
-0.926521,2.525708
-0.953583,2.594990
-0.072533,1.075228
-0.627346,1.872634
-0.830154,2.293673
-0.976561,2.655308
0.761501,1.466965
0.046356,1.954702
-0.378952,1.460753
-0.554951,1.741855
-0.794636,2.213635
-0.001144,1.001145
0.702610,1.495291
-0.975693,2.653004
-0.121567,1.129265
-0.770182,2.160159
0.499203,1.607014
-0.708920,2.031795
0.352314,1.703059
0.064846,1.937212
0.701366,1.495907
0.299644,1.741082
0.139366,1.869909
-0.475529,1.608865
-0.541824,1.719140
-0.852245,2.344906
-0.995960,2.707323
0.942669,1.389587
-0.015518,1.015639
-0.807884,2.243157
-0.223259,1.250144
0.515354,1.597289
0.985222,1.373356
-0.375027,1.455030
0.981159,1.374876
-0.330967,1.392314
0.141483,1.868070
-0.751766,2.120742
-0.042965,1.043901
-0.360237,1.433669
-0.816347,2.262221
0.521889,1.593399
-0.528347,1.696126
0.080456,1.922696
0.965919,1.380633
-0.905872,2.474089
0.917351,1.399576
-0.314774,1.369949
0.512897,1.598758
-0.503487,1.654480
-0.158543,1.171802
0.509430,1.600838
-0.141640,1.152161
-0.548508,1.730668
-0.557980,1.747139
0.228806,1.795483
-0.451389,1.570493
0.494686,1.609762
0.442692,1.642305
0.297626,1.742579
0.882370,1.413801
0.078964,1.924073
0.158279,1.853611
0.871315,1.418401
-0.971661,2.642329
-0.968628,2.634327
-0.801762,2.229465
-0.836626,2.308565
-0.516563,1.676257
-0.697384,2.008491
0.144962,1.865055
0.425999,1.653117
0.362148,1.696179
-0.336040,1.399396
-0.907410,2.477896
0.737373,1.478369
-0.570839,1.769751
-0.662956,1.940521
0.081585,1.921654
0.733944,1.480012
0.648369,1.522898
-0.218990,1.244819
-0.060036,1.061874
-0.680069,1.974014
0.083092,1.920267
-0.315659,1.371162
0.387703,1.678614
0.326881,1.721169
-0.840870,2.318383
-0.921135,2.512140
-0.888611,2.431749
-0.362873,1.437453
-0.775063,2.170728
0.444080,1.641414
-0.829159,2.291390
-0.186996,1.205623
-0.845251,2.328562
0.986378,1.372925
-0.413082,1.511469
0.710987,1.491159
0.458298,1.632359
0.683121,1.505038
-0.452999,1.573023
-0.874821,2.398445
-0.206413,1.229261
0.062962,1.938980
0.047226,1.953872
0.771954,1.462109
-0.468376,1.597398
0.599274,1.549210
-0.798935,2.223172
0.261312,1.770040
-0.956652,2.602966
-0.154442,1.167006
0.623013,1.536326
0.685513,1.503832
-0.319424,1.376334
0.450359,1.637399
0.471428,1.624110
-0.839993,2.316350
-0.624237,1.866821
-0.592377,1.808281
0.829758,1.436155
-0.062721,1.064730
0.767670,1.464093
0.700027,1.496572
0.208118,1.812111
-0.796461,2.217679
-0.659395,1.933623
-0.755966,2.129668
0.417912,1.658420
0.005623,1.994393
0.844860,1.429617
-0.931921,2.539383
-0.249779,1.283741
-0.625164,1.868552
0.117506,1.889135
-0.697224,2.008170
-0.701723,2.017226
0.517395,1.596071
-0.445747,1.561657
-0.874718,2.398198
0.297581,1.742613
0.080265,1.922872
-0.805313,2.237397
-0.508038,1.662026
0.161034,1.851263
0.028465,1.971936
-0.733341,2.082025
0.392513,1.675357
-0.763329,2.145405
0.487522,1.614146
0.603626,1.546825
0.899799,1.406651
0.645058,1.524632
-0.839270,2.314676
0.243111,1.784185
0.492954,1.610819
0.459919,1.631335
-0.826385,2.285044
-0.553795,1.739843
-0.641575,1.899470
-0.016556,1.016694
0.718121,1.487668
-0.927052,2.527047
-0.525860,1.691913
0.292126,1.746675
0.612259,1.542125
0.663155,1.515223
-0.851299,2.342689
-0.825584,2.283215
-0.081486,1.084898
0.392780,1.675177
-0.314098,1.369024
-0.241013,1.272537
-0.151791,1.163917
-0.463463,1.589569
-0.884005,2.420574
-0.252197,1.286850
0.257309,1.773129
-0.206253,1.229064
0.023447,1.976826
-0.098228,1.103215
0.600723,1.548415
-0.270954,1.311215
-0.241978,1.273766
-0.557152,1.745693
0.785294,1.455986
0.915199,1.400437
-0.579945,1.785940
-0.989403,2.689628
0.429718,1.650693
-0.008392,1.008428
-0.450706,1.569421
-0.779861,2.181170
-0.409893,1.506657
-0.973309,2.646687
-0.793797,2.211778
0.628040,1.533637
0.125134,1.882379
-0.434242,1.543793
0.386395,1.679502
0.264801,1.767359
0.953529,1.385378
-0.856041,2.353823
-0.603706,1.828885
0.098663,1.906048
0.650547,1.521760
-0.920639,2.510894
-0.454514,1.575407
-0.807991,2.243397
-0.665535,1.945531
-0.253014,1.287901
-0.363605,1.438507
0.700439,1.496367
0.412628,1.661908
0.022182,1.978062
0.854782,1.425376
-0.861990,2.367868
0.584469,1.557402
0.569489,1.565815
-0.190895,1.210332
-0.105370,1.111121
-0.766525,2.152275
-0.487606,1.628413
-0.666702,1.947803
-0.948204,2.581070
-0.510670,1.666407
0.199146,1.819430
-0.232582,1.261854
-0.964674,2.623932
-0.542004,1.719449
0.083931,1.919495
-0.060368,1.062227
-0.172417,1.188173
0.265732,1.766645
-0.683170,1.980145
0.550865,1.576451
0.259502,1.771435
0.910446,1.402345
0.713669,1.489844
0.584206,1.557549
0.412678,1.661876
0.865486,1.420847
-0.028275,1.028678
0.419746,1.657213
0.504326,1.603913
-0.209370,1.232901
-0.578251,1.782917
-0.749649,2.116257
-0.984686,2.676971
-0.674137,1.962339
-0.851116,2.342260
-0.594589,1.812286
0.677162,1.508057
-0.505955,1.658568
0.916935,1.399742
-0.141327,1.151801
-0.846933,2.332483
-0.494995,1.640490
0.266277,1.766227
-0.909748,2.483697
0.485516,1.615380
0.087002,1.916675
-0.973736,2.647818
-0.073780,1.076570
-0.020737,1.020953
-0.048824,1.050036
0.173574,1.840655
0.288429,1.749440
-0.296764,1.345498
-0.202271,1.224179
-0.960667,2.613438
0.826664,1.437506
-0.712303,2.038681
-0.786427,2.195537
-0.524895,1.690281
0.722073,1.485744
0.052647,1.948715
0.929123,1.394900
0.788197,1.454664
-0.780952,2.183551
-0.270782,1.310990
0.079882,1.923226
-0.160522,1.174124
-0.825642,2.283345
0.564713,1.568524
0.810905,1.444455
-0.546692,1.727529
-0.981970,2.669710
0.254982,1.774930
0.404858,1.667072
0.261505,1.769892
0.457905,1.632608
0.204735,1.814863
-0.362381,1.436746
0.384666,1.680678
-0.852097,2.344557
0.463745,1.628924
-0.293022,1.340472
0.238552,1.787768
0.801765,1.448536
0.896950,1.407812
0.405014,1.666967
0.889519,1.410853
-0.693882,2.001470
0.627373,1.533993
-0.183548,1.201473
0.875595,1.416614
-0.150703,1.162652
0.328083,1.720303
-0.050999,1.052322
-0.808094,2.243628
-0.900511,2.460860
-0.463284,1.589284
-0.003719,1.003726
0.804386,1.447362
0.985783,1.373147
-0.633373,1.883955
-0.457085,1.579463
0.532112,1.587363
0.689808,1.501672
0.495865,1.609044
-0.590164,1.804285
-0.997997,2.712843
-0.591984,1.807571
-0.050724,1.052033
0.142368,1.867302
-0.162334,1.176254
-0.205250,1.227832
0.365631,1.693759
0.997486,1.368805
0.427845,1.651912
-0.986532,2.681918
-0.300968,1.351166
-0.970308,2.638758
0.823265,1.438996
0.265728,1.766648
-0.686489,1.986728
0.517101,1.596246
-0.998030,2.712931
0.633057,1.530966
-0.790182,2.203798
0.674335,1.509495
0.829628,1.436212
0.061466,1.940385
-0.998890,2.715266
-0.821644,2.274235
0.016357,1.983776
-0.909994,2.484308
0.352779,1.702732
-0.035446,1.036082
0.139683,1.869634
-0.593731,1.810732
0.250446,1.778453
-0.460758,1.585275
0.195984,1.822025
0.044094,1.956864
-0.754341,2.126210
-0.885744,2.424788
-0.572914,1.773428
0.505421,1.603252
-0.587528,1.799535
0.566212,1.567672
0.318592,1.727172
-0.244896,1.277488
0.160812,1.851452
-0.070160,1.072680
-0.979988,2.664425
-0.739258,2.094381
0.411816,1.662446
0.459862,1.631371
0.249409,1.779261
-0.924294,2.520087
-0.651020,1.917496
-0.911858,2.488942
-0.184292,1.202367
-0.174320,1.190437
-0.538204,1.712928
-0.610489,1.841331
-0.786283,2.195223
0.714413,1.489480
-0.368851,1.446072
0.798729,1.449900
0.717239,1.488098
-0.048180,1.049359
-0.986742,2.682481
0.134480,1.874171
-0.270866,1.311100
-0.987556,2.684666
0.177406,1.837439
-0.983997,2.675128
-0.102539,1.107981
0.855404,1.425111
0.052387,1.948961
-0.198128,1.219118
-0.275997,1.317844
-0.747795,2.112337
0.252930,1.776522
-0.115547,1.122487
-0.760578,2.139513
-0.469601,1.599355
-0.999712,2.717499
0.829292,1.436358
-0.787910,2.198797
0.901390,1.406005
-0.915995,2.499260
0.345024,1.708203
-0.777697,2.176453
-0.958416,2.607563
-0.318794,1.375468
-0.873882,2.396196
0.394032,1.674333
0.812378,1.443801
0.893097,1.409386
-0.023525,1.023804
-0.722031,2.058609
-0.732536,2.080350
-0.816898,2.263468
0.024635,1.975666
-0.602295,1.826305
0.041924,1.958943
0.683849,1.504671
0.655647,1.519106
0.963917,1.381396
-0.726093,2.066990
-0.814014,2.256950
-0.648949,1.913528
0.916256,1.400014
0.355339,1.700936
-0.423611,1.527467
0.175274,1.839227
-0.448608,1.566131
0.257744,1.772793
-0.514233,1.672355
0.525459,1.591284
0.563042,1.569474
0.458935,1.631956
-0.919537,2.508128
-0.692856,1.999417
-0.828239,2.289285
-0.965576,2.626300
-0.276272,1.318206
-0.421371,1.524050
0.438553,1.644969
0.087601,1.916127
0.504822,1.603613
-0.243710,1.275974
-0.708172,2.030276
-0.516434,1.676040
-0.494286,1.639327
-0.058975,1.060749
0.694771,1.499189
-0.795359,2.215235
-0.068142,1.070517
0.695984,1.498584
-0.610874,1.842041
0.153107,1.858038
0.513309,1.598512
0.182774,1.832957
-0.261074,1.298324
-0.868475,2.383273
0.039253,1.961507
0.183037,1.832738
0.677593,1.507838
0.139362,1.869913
-0.568188,1.765065
0.393921,1.674407
0.928539,1.395130
0.595303,1.551396
-0.572983,1.773549
-0.767490,2.154353
0.756462,1.469324
-0.215508,1.240491
-0.686764,1.987274
-0.964403,2.623222
0.662460,1.515581
0.605091,1.546025
-0.467022,1.595236
0.240425,1.786294
0.353783,1.702028
-0.902048,2.464646
-0.442913,1.557237
-0.580418,1.786784
0.507145,1.602212
-0.831406,2.296545
0.144230,1.865689
0.720062,1.486722
0.044315,1.956652
-0.423065,1.526634
0.514091,1.598044
0.697609,1.497774
-0.096382,1.101180
-0.914719,2.496073
0.292542,1.746364
-0.119209,1.126606
0.001225,1.998776
0.709175,1.492050
-0.700951,2.015668
0.145090,1.864944
0.849380,1.427680
-0.161724,1.175536
-0.935637,2.548835
-0.982695,2.671646
0.878105,1.415570
-0.574200,1.775709
-0.465607,1.592980
0.928726,1.395057
-0.814970,2.259108
-0.308022,1.360730
-0.967251,2.630702
-0.495975,1.642099
0.087246,1.916452
-0.330307,1.391395
-0.700020,2.013793
-0.988985,2.688504
-0.358276,1.430861
-0.677551,1.969050
-0.144859,1.155877
0.268085,1.764842
-0.881510,2.414542
0.295082,1.744470
0.345299,1.708009
-0.008598,1.008635
-0.563206,1.756294
0.364243,1.694723
-0.710938,2.035899
-0.842005,2.321015
0.652927,1.520520
-0.640022,1.896523
-0.601643,1.825114
-0.041389,1.042258
0.222294,1.800680
0.132896,1.875556
0.064327,1.937698
0.629528,1.532843
-0.949093,2.583365
0.527470,1.590096
0.707077,1.493083
-0.023315,1.023589
-0.559235,1.749333
0.255512,1.774520
-0.164879,1.179250
-0.298382,1.347676
0.018787,1.981388
-0.660877,1.936490
0.517307,1.596124
0.230103,1.794452
-0.967472,2.631284
-0.289879,1.336266
0.450649,1.637214
-0.803993,2.234446
-0.815281,2.259810
0.692078,1.500535
0.737984,1.478077
0.563747,1.569073
-0.496159,1.642400
-0.898846,2.456766
0.690346,1.501403
0.605370,1.545873
-0.067886,1.070244
-0.625191,1.868602
-0.424946,1.529508
-0.379135,1.461020
0.876293,1.416323
-0.262962,1.300778
0.487980,1.613865
0.008924,1.991115
0.874733,1.416973
-0.471786,1.602855
-0.219727,1.245736
0.732517,1.480697
-0.640909,1.898206
0.625469,1.535010
0.539864,1.582828
-0.076283,1.079267
0.925686,1.396260
0.648521,1.522818
0.147179,1.863140
-0.169167,1.184317
0.962761,1.381837
-0.750305,2.117646
-0.932819,2.541665
0.962097,1.382091
0.094994,1.909379
0.385311,1.680239
0.029602,1.970832
-0.265923,1.304634
-0.200378,1.221865
0.262936,1.768791
-0.251091,1.285427
0.531586,1.587672
0.286449,1.750925
-0.972101,2.643493
-0.754513,2.126575
-0.640034,1.896545
-0.787766,2.198478
0.035187,1.965425
0.105999,1.899426
0.696411,1.498371
-0.110577,1.116922
-0.895733,2.449130
-0.761780,2.142085
-0.223961,1.251022
-0.382748,1.466308
-0.286915,1.332311
0.157068,1.854646
0.313396,1.730960
-0.448803,1.566436
-0.815334,2.259931
-0.569530,1.767437
0.612316,1.542094
-0.554394,1.740885
-0.964350,2.623081
0.098957,1.905782
0.235683,1.790031
-0.760406,2.139146
-0.736786,2.089210
0.336197,1.714482
-0.360630,1.434233
-0.501389,1.651012
0.697392,1.497882
0.613953,1.541207
0.823097,1.439070
-0.183113,1.200950
0.108999,1.896731
-0.235535,1.265585
-0.507118,1.660499
-0.564137,1.757929
0.025604,1.974721
0.714855,1.489263
0.331348,1.717955
0.212065,1.808912
0.973797,1.377646
0.092129,1.911988
-0.584972,1.794941
0.657272,1.518263
-0.428989,1.535705
-0.570435,1.769036
0.552780,1.575348
0.597649,1.550104
0.003443,1.996563
-0.836178,2.307530
-0.029099,1.029526
-0.103176,1.108687
-0.330788,1.392064
0.685558,1.503809
0.452751,1.635876
-0.362259,1.436571
0.126259,1.881387
0.985867,1.373116
0.601440,1.548022
-0.988369,2.686849
0.327705,1.720575
-0.662369,1.939381
-0.567471,1.763800
-0.906685,2.476100
0.747490,1.473554
-0.730888,2.076925
-0.514046,1.672042
-0.369186,1.446557
-0.005386,1.005401
0.017918,1.982242
0.129902,1.878182
-0.414940,1.514280
0.454155,1.634984
0.785336,1.455967
-0.576164,1.779201
0.551994,1.575800
0.135956,1.872881
-0.537285,1.711354
-0.765537,2.150149
0.974518,1.377374
0.047455,1.953654
-0.807281,2.241805
-0.726301,2.067419
0.983532,1.373988
0.448727,1.638441
-0.432121,1.540522
-0.849472,2.338412
0.150723,1.860086
0.110643,1.895258
-0.907074,2.477064
-0.941219,2.563105
-0.276779,1.318875
-0.995674,2.706548
0.665794,1.513865
-0.789017,2.201231
0.392544,1.675337
-0.266510,1.305401
0.127388,1.880392
0.233639,1.791648
0.576065,1.562106
-0.941994,2.565090
-0.110462,1.116794
0.386932,1.679137
-0.704857,2.023557
-0.974373,2.649505
-0.979794,2.663906
0.503242,1.604567
0.434792,1.647400
-0.096138,1.100911
-0.326363,1.385918
0.340370,1.711507
-0.628002,1.873863
0.870529,1.418730
-0.208511,1.231843
0.108364,1.897301
-0.312954,1.367459
-0.551846,1.736455
-0.629211,1.876131
0.140285,1.869110
0.846161,1.429059
-0.349827,1.418822
0.201229,1.817725
-0.239300,1.270359
-0.361652,1.435700
0.919189,1.398842
-0.542118,1.719645
0.102085,1.902953
0.047661,1.953457
-0.774639,2.169809
-0.429703,1.536801
0.549694,1.577126
-0.284630,1.329270
0.688313,1.502423
0.011219,1.988844
0.645813,1.524236
0.769169,1.463398
0.761528,1.466952
0.426510,1.652783
0.847237,1.428598
-0.872562,2.393035
0.076817,1.926060
0.659649,1.517033
-0.219589,1.245565
0.427013,1.652455
-0.863823,2.372212
-0.969093,2.635554
-0.986649,2.682230
0.675240,1.509034
0.470509,1.624684
0.190590,1.826471
-0.776661,2.174200
-0.491035,1.634007
-0.788425,2.199930
-0.597370,1.817333
0.051884,1.949439
0.010902,1.989157
0.346245,1.707339
0.190662,1.826412
0.629082,1.533081
0.155485,1.856000
0.885010,1.412710
-0.576653,1.780070
-0.147804,1.159286
0.094158,1.910139
0.403389,1.668052
-0.388771,1.475167
0.913372,1.401169
-0.208153,1.231401
0.532795,1.586962
-0.517212,1.677345
0.507347,1.602091
0.443134,1.642021
-0.470005,1.600002
0.448044,1.638877
0.409920,1.663704
0.849758,1.427518
-0.787418,2.197715
-0.372986,1.452064
0.726318,1.483686
-0.780558,2.182689
0.446384,1.639938
-0.889036,2.432784
-0.760761,2.139905
-0.374985,1.454969
-0.554470,1.741018
-0.382359,1.465738
-0.584084,1.793347
0.627251,1.534058
-0.008129,1.008162
0.275749,1.759003
0.602829,1.547261
0.459023,1.631901
0.520004,1.594518
-0.655090,1.925316
0.668716,1.512366
-0.443645,1.558378
0.054897,1.946582
0.899815,1.406645
0.904640,1.404687
0.996109,1.369314
-0.574318,1.775919
-0.580166,1.786335
-0.958267,2.607175
-0.447136,1.563827
-0.690758,1.995227
-0.821983,2.275007
0.232281,1.792724
0.197113,1.821098
0.686829,1.503169
-0.459194,1.582798
-0.912357,2.490186
-0.668377,1.951068
0.260746,1.770477
0.982170,1.374498
-0.443985,1.558907
0.788624,1.454470
-0.566929,1.762845
0.711704,1.490807
-0.834854,2.304478
0.568947,1.566121
-0.741493,2.099068
-0.672335,1.958805
0.644051,1.525161
-0.259315,1.296043
0.053402,1.947999
-0.435799,1.546197
0.256119,1.774050
0.672287,1.510540
-0.311760,1.365827
-0.087475,1.091415
-0.956005,2.601284
0.788452,1.454548
-0.982382,2.670810
-0.809891,2.247662
0.583984,1.557672
-0.961365,2.615263
0.512390,1.599062
-0.623005,1.864522
0.545448,1.579582
0.531353,1.587809
0.560055,1.571178
-0.677708,1.969358
0.807781,1.445846
0.226177,1.797577
0.208870,1.811501
0.938850,1.391077
0.685143,1.504018
0.150700,1.860106
-0.426304,1.531586
0.891487,1.410046
-0.843550,2.324604
0.654083,1.519918
-0.918888,2.506502
-0.399387,1.490911
0.986168,1.373003
0.780960,1.457966
-0.528530,1.696437
0.975716,1.376923
0.588104,1.555379
-0.714825,2.043828
-0.465527,1.592853
0.191963,1.825337
0.464752,1.628291
0.220898,1.801799
0.970783,1.378786
0.374760,1.687454
-0.272293,1.312972
0.175079,1.839390
0.080177,1.922953
-0.531635,1.701713
0.016945,1.983198
0.780674,1.458097
-0.733234,2.081803
0.593437,1.552425
0.484360,1.616092
-0.694290,2.002287
0.377480,1.685587
-0.232071,1.261209
-0.568584,1.765766
-0.716526,2.047309
0.739155,1.477517
-0.023628,1.023910
0.276562,1.758387
0.937862,1.391464
0.979862,1.375363
-0.238277,1.269061
0.741131,1.476575
-0.813171,2.255048
0.473927,1.622553
-0.211292,1.235273
-0.376728,1.457508
0.092628,1.911532
-0.926926,2.526729
0.801834,1.448506
-0.135925,1.145596
-0.630524,1.878594
-0.699753,2.013255
0.323837,1.723368
0.542061,1.581549
0.884983,1.412721
-0.899517,2.458416
0.120552,1.886431
-0.925697,2.523627
-0.181599,1.199133
0.305481,1.736769
-0.073616,1.076393
-0.321766,1.379562
0.089172,1.914688
0.792328,1.452790
-0.580776,1.787425
0.068775,1.933537
-0.959465,2.610300
0.302139,1.739235
-0.424358,1.528609
0.728825,1.482476
0.567234,1.567092
0.425640,1.653351
0.402054,1.668945
-0.721901,2.058342
0.054359,1.947092
0.384815,1.680576
-0.407837,1.503562
0.065466,1.936631
0.762249,1.466616
-0.954109,2.596357
0.203564,1.815818
0.353848,1.701982
0.200390,1.818412
0.467247,1.626725
-0.965855,2.627032
0.459259,1.631752
0.390305,1.676851
0.111683,1.894328
0.881996,1.413956
0.781212,1.457851
-0.831581,2.296948
0.149229,1.861372
0.190119,1.826861
0.675926,1.508685
0.926907,1.395776
-0.363110,1.437793
-0.170830,1.186289
-0.839937,2.316222
0.764057,1.465773
-0.442402,1.556441
-0.613182,1.846297
-0.658123,1.931164
-0.065258,1.067434
-0.473568,1.605713
-0.861385,2.366437
-0.988735,2.687833
0.415657,1.659907
0.476269,1.621097
-0.022446,1.022699
0.390800,1.676515
0.426720,1.652646
0.286190,1.751120
0.450096,1.637567
0.148884,1.861669
-0.354980,1.426153
0.653664,1.520137
0.628086,1.533612
0.882877,1.413591
-0.777065,2.175080
0.805553,1.446841
-0.104736,1.110418
0.341640,1.710604
-0.805090,2.236898
0.595287,1.551404
-0.801090,2.227969
0.184929,1.831163
-0.619446,1.857898
-0.956814,2.603388
-0.409172,1.505571
-0.146770,1.158088
0.101517,1.903466
-0.863647,2.371796
-0.827595,2.287809
-0.269554,1.309381
0.181160,1.834302
0.133446,1.875075
0.372955,1.688696
-0.805584,2.238003
-0.552284,1.737217
-0.266972,1.306003
0.110685,1.895220
-0.130043,1.138877
0.869621,1.419110
0.950603,1.386508
0.447968,1.638925
-0.868645,2.383678
0.007689,1.992341
0.154804,1.856583
0.158047,1.853810
0.541660,1.581782
0.463749,1.628921
-0.161575,1.175361
0.857979,1.424018
0.911613,1.401875
-0.900005,2.459616
0.095306,1.909094
0.419224,1.657557
-0.180275,1.197547
0.244030,1.783464
0.956642,1.384181
0.357922,1.699128
-0.375374,1.455535
-0.165443,1.179916
-0.887917,2.430061
0.634045,1.530442
0.388199,1.678277
0.671143,1.511124
0.417656,1.658589
-0.336712,1.400336
-0.407887,1.503636
-0.788609,2.200333
-0.633259,1.883739
-0.314358,1.369380
0.249821,1.778940
0.411076,1.662937
0.125843,1.881753
-0.906887,2.476601
-0.380325,1.462760
-0.675152,1.964331
-0.806244,2.239480
0.667450,1.513015
0.409000,1.664314
-0.587101,1.798766
0.272671,1.761343
0.203388,1.815961
-0.842138,2.321325
-0.540356,1.716617
0.436672,1.646183
-0.945736,2.574707
-0.676508,1.966997
0.451290,1.636806
-0.341007,1.406363
-0.838858,2.313722
-0.233528,1.263048
-0.955578,2.600173
-0.125359,1.133555
0.209419,1.811055
0.886242,1.412202
-0.997917,2.712626
-0.351376,1.421021
0.160835,1.851432
0.314850,1.729898
0.960541,1.382686
0.475430,1.621618
0.303997,1.737863
0.084831,1.918667
-0.796219,2.217142
0.851578,1.426741
-0.770916,2.161745
0.590714,1.553932
0.063694,1.938292
0.316151,1.728950
-0.608784,1.838194
0.701305,1.495937
-0.675804,1.965613
0.332001,1.717487
-0.612629,1.845276
-0.452637,1.572453
0.880116,1.414735
0.085171,1.918355
-0.286087,1.331208
-0.812384,2.253273
0.299755,1.741000
0.053261,1.948133
0.907181,1.403661
0.714478,1.489448
0.660698,1.516491
-0.272865,1.313723
0.610176,1.543255
0.361549,1.696596
-0.580276,1.786532
-0.965792,2.626867
0.119045,1.887768
0.537483,1.584217
0.120575,1.886411
-0.599716,1.821602
-0.847687,2.334241
-0.029594,1.030037
0.832630,1.434904
-0.754185,2.125878
0.458000,1.632547
-0.223301,1.250197
0.016891,1.983250
-0.422573,1.525883
0.089516,1.914374
-0.745998,2.108546
0.319042,1.726845
-0.498299,1.645919
-0.294891,1.342980
-0.907448,2.477990
-0.332932,1.395052
0.716591,1.488414
0.240448,1.786276
0.786797,1.455301
0.832035,1.435163
0.770798,1.462644
0.685154,1.504013
0.355087,1.701112
-0.708977,2.031911
-0.820103,2.270733
-0.880993,2.413295
0.855385,1.425120
-0.321659,1.379414
-0.517338,1.677556
0.342392,1.710070
0.146624,1.863619
-0.578320,1.783040
0.083765,1.919647
0.747696,1.473456
0.376888,1.685993
-0.228554,1.256781
-0.062447,1.064438
-0.440201,1.553019
-0.255135,1.290635
0.280319,1.755543
-0.879524,2.409753
0.377090,1.685854
-0.819946,2.270378
0.664368,1.514599
-0.453201,1.573341
-0.003288,1.003294
-0.884668,2.422181
-0.393448,1.482082
-0.589745,1.803528
0.503044,1.604687
-0.821266,2.273377
0.582787,1.558340
0.264107,1.767892
0.595943,1.551042
-0.588211,1.800764
0.248409,1.780041
-0.827602,2.287827
-0.462334,1.587775
-0.896616,2.451294
-0.481468,1.618449
-0.668980,1.952244
0.446449,1.639896
0.157097,1.854621
0.876808,1.416109
-0.909138,2.482181
-0.364792,1.440214
-0.515957,1.675241
-0.460823,1.585378
-0.853287,2.347349
0.420429,1.656765
-0.147728,1.159198
0.999237,1.368160
0.494122,1.610107
-0.706530,2.026945
-0.961826,2.616471
0.411877,1.662406
-0.582676,1.790824
0.003391,1.996614
0.171921,1.842046
-0.312370,1.366661
-0.546268,1.726797
0.339321,1.712254
-0.636093,1.889086
0.135185,1.873554
-0.933937,2.544507
0.362328,1.696054
0.806068,1.446611
-0.700853,2.015472
0.125759,1.881827
-0.611271,1.842772
0.828682,1.436624
0.455574,1.634084
0.029926,1.970517
0.222599,1.800436
-0.447369,1.564191
-0.308086,1.360819
0.154938,1.856468
0.632515,1.531254
0.999432,1.368089
-0.868128,2.382446
0.326080,1.721747
-0.713634,2.041397
0.010338,1.989715
-0.900139,2.459945
0.813541,1.443285
-0.383362,1.467209
0.750816,1.471981
0.522797,1.592860
0.063797,1.938195
0.276180,1.758676
0.175064,1.839403
-0.238380,1.269192
-0.656433,1.927903
0.693600,1.499774
-0.458656,1.581947
-0.479633,1.615482
-0.855324,2.352136
0.403645,1.667881
0.004730,1.995281
-0.998499,2.714205
-0.165833,1.180375
0.487476,1.614174
-0.187721,1.206497
0.400635,1.669895
-0.549889,1.733060
-0.587177,1.798903
0.975273,1.377089
0.460545,1.630940
-0.641125,1.898615
0.511383,1.599666
-0.795887,2.216406
0.169621,1.843985
-0.803429,2.233185
-0.223415,1.250340
0.561382,1.570420
0.322124,1.724608
-0.998756,2.714903
0.847397,1.428529
-0.682926,1.979662
-0.668552,1.951410
0.834015,1.434302
-0.776958,2.174847
-0.885515,2.424233
-0.913837,2.493874
0.368446,1.691808
0.750671,1.472050
0.355850,1.700578
0.367249,1.692637
0.424366,1.654184
-0.796173,2.217040
-0.251591,1.286070
0.091583,1.912485
-0.942835,2.567249
0.243019,1.784257
0.902470,1.405567
0.311668,1.732224
-0.462692,1.588344
-0.647413,1.910592
0.347214,1.706654
0.841621,1.431011
0.563004,1.569496
-0.166187,1.180794
0.283039,1.753490
-0.955627,2.600302
0.601982,1.547725
-0.742451,2.101078
-0.781147,2.183976
-0.556347,1.744289
0.860809,1.422820
-0.772213,2.164551
0.398247,1.671496
-0.547794,1.729434
-0.116673,1.123751
0.585598,1.556773
0.173370,1.840826
0.550896,1.576433
0.768211,1.463842
0.686203,1.503484
0.201408,1.817578
-0.927761,2.528841
-0.510941,1.666858
-0.408035,1.503860
-0.936069,2.549939
-0.110596,1.116943
0.898598,1.407140
-0.395893,1.485710
-0.892965,2.442361
-0.824245,2.280160
0.531437,1.587760
-0.073792,1.076582
-0.254410,1.289700
-0.397591,1.488235
-0.287907,1.333633
0.923721,1.397039
-0.898483,2.455875
-0.471111,1.601773
0.697712,1.497723
-0.644028,1.904135
-0.876892,2.403418
-0.078346,1.081497
0.530418,1.588359
-0.360123,1.433505
0.951450,1.386181
0.226990,1.796929
0.957584,1.383819
-0.609444,1.839408
0.564301,1.568758
0.263996,1.767977
0.615780,1.540219
-0.918201,2.504781
0.991295,1.371096
-0.737720,2.091163
0.704605,1.494304
0.929321,1.394822
-0.554485,1.741045
-0.649246,1.914097
-0.852268,2.344960
0.426403,1.652853
-0.934002,2.544672
0.718090,1.487683
0.639599,1.527504
-0.448708,1.566287
0.720787,1.486369
0.873497,1.417489
0.053146,1.948241
0.638256,1.528213
-0.943405,2.568713
-0.572800,1.773225
0.568649,1.566290
0.668533,1.512460
0.850475,1.427212
-0.548378,1.730444
-0.316151,1.371837
-0.497711,1.644952
-0.575970,1.778855
0.045349,1.955664
0.007700,1.992330
0.365788,1.693650
-0.472622,1.604195
0.401207,1.669511
-0.850143,2.339982
0.381371,1.682925
-0.540581,1.717004
0.585094,1.557053
0.316044,1.729027
-0.467049,1.595279
-0.160511,1.174111
-0.727501,2.069901
0.025169,1.975145
0.059792,1.941961
0.354561,1.701481
0.418446,1.658069
0.960815,1.382581
0.293243,1.745841
0.184818,1.831255
-0.663319,1.941224
-0.963093,2.619786
-0.883236,2.418714
0.484848,1.615791
-0.765705,2.150510
-0.750725,2.118535
0.131607,1.876685
-0.303612,1.354743
-0.906061,2.474556
0.188797,1.827955
0.411850,1.662424
-0.936377,2.550722
0.062820,1.939112
-0.766304,2.151799
0.383907,1.681195
0.342003,1.710346
-0.608566,1.837795
0.750725,1.472024
-0.880405,2.411877
-0.946812,2.577479
-0.515396,1.674302
-0.964352,2.623086
0.017578,1.982575
-0.700579,2.014918
-0.410080,1.506938
0.169827,1.843811
-0.941050,2.562670
0.190411,1.826620
0.055305,1.946196
0.900715,1.406279
-0.504284,1.655799
0.669617,1.511905
-0.767439,2.154242
-0.172516,1.188291
-0.935577,2.548685
0.494198,1.610060
0.555889,1.573562
-0.376328,1.456924
-0.024097,1.024390
-0.612789,1.845572
0.695389,1.498880
0.536438,1.584828
-0.555351,1.742553
0.267189,1.765528
-0.802044,2.230094
0.903393,1.405193
-0.709343,2.032655
-0.390644,1.477932
-0.877838,2.405693
-0.902010,2.464552
0.573879,1.563336
0.814789,1.442733
-0.257580,1.293795
0.579857,1.559979
0.437328,1.645759
-0.189110,1.208174
-0.464016,1.590448
0.294876,1.744624
0.805511,1.446859
-0.781532,2.184817
-0.907242,2.477480
0.930149,1.394495
-0.876970,2.403606
0.048662,1.952503
0.962830,1.381811
0.244728,1.782917
-0.664261,1.943054
0.697727,1.497715
-0.415836,1.515638
0.898193,1.407305
0.040833,1.959990
-0.788914,2.201004
0.679512,1.506864
-0.897076,2.452421
0.251423,1.777693
-0.946548,2.576800
0.374500,1.687633
-0.683792,1.981377
0.201897,1.817179
-0.019928,1.020128
0.236465,1.789413
-0.689045,1.991812
-0.586521,1.797724
0.791153,1.453322
0.379009,1.684539
-0.439754,1.552326
0.823925,1.438706
-0.202080,1.223946
-0.690544,1.994801
-0.583607,1.792492
-0.783344,2.188780
-0.730137,2.075365
-0.791809,2.207386
0.668869,1.512288
-0.044563,1.045571
-0.990696,2.693108
-0.556469,1.744502
0.727989,1.482879
0.143337,1.866462
0.042889,1.958018
-0.410271,1.507226
-0.761906,2.142355
-0.890646,2.436703
0.012287,1.987788
-0.063217,1.065258
-0.617004,1.853368
0.438168,1.645218
-0.379284,1.461238
0.632622,1.531197
0.537872,1.583989
0.276997,1.758057
0.613781,1.541300
0.188740,1.828002
-0.695644,2.005001
-0.840401,2.317295
-0.013229,1.013317
0.555885,1.573564
-0.473137,1.605021
0.115965,1.890506
0.154354,1.856969
-0.285995,1.331086
0.393757,1.674518
0.169060,1.844458
0.890469,1.410463
0.804150,1.447468
-0.550144,1.733503
-0.924284,2.520063
-0.434410,1.544052
-0.245960,1.278849
0.508194,1.601581
0.065268,1.936817
0.929806,1.394630
0.297535,1.742647
-0.771797,2.163651
-0.595791,1.814465
0.807255,1.446081
0.567867,1.566733
0.371407,1.689763
-0.967304,2.630843
0.186207,1.830102
0.918980,1.398926
0.587055,1.555962
-0.999771,2.717660
-0.834349,2.303313
0.244263,1.783282
-0.887501,2.429051
0.779060,1.458837
-0.370567,1.448556
-0.150368,1.162262
0.193897,1.823743
-0.170383,1.185759
0.467613,1.626496
0.990093,1.371542
0.848263,1.428158
-0.197105,1.217872
0.268108,1.764825
-0.567146,1.763228
0.866142,1.420571
-0.743324,2.102915
0.811375,1.444247
0.324718,1.722731
-0.218628,1.244368
0.428741,1.651328
-0.220367,1.246535
0.750183,1.472280
-0.893295,2.443167
-0.903427,2.468047
-0.570076,1.768401
0.968124,1.379795
-0.485493,1.624975
-0.091660,1.095992
-0.918781,2.506234
0.378376,1.684973
-0.990232,2.691860
0.040085,1.960708
0.543358,1.580795
-0.678062,1.970057
-0.311382,1.365311
-0.936144,2.550129
0.013988,1.986109
-0.153282,1.165654
0.182739,1.832985
-0.863209,2.370756
-0.465347,1.592567
-0.957203,2.604402
-0.565983,1.761178
-0.692532,1.998769
-0.364670,1.440038
-0.705860,2.025588
0.628151,1.533578
-0.253258,1.288215
0.585060,1.557072
-0.243656,1.275906
0.077271,1.925639
-0.639896,1.896284
-0.115456,1.122385
0.321297,1.725208
0.586098,1.556495
0.006126,1.993892
0.953373,1.385439
-0.976938,2.656311
0.690361,1.501395
0.876060,1.416420
0.456581,1.633446
0.523647,1.592356
-0.422726,1.526116
-0.312664,1.367062
-0.603081,1.827741
-0.490414,1.632992
-0.632816,1.882906
0.118050,1.888652
-0.410084,1.506944
0.106194,1.899251
0.405426,1.666693
-0.276810,1.318915
0.575378,1.562492
0.267738,1.765108
-0.970663,2.639694
-0.668705,1.951708
-0.208481,1.231805
0.483669,1.616517
0.169853,1.843789
-0.550365,1.733887
-0.816067,2.261587
0.910110,1.402480
0.001286,1.998715
-0.070068,1.072581
-0.037659,1.038377
-0.857813,2.357998
-0.470028,1.600039
0.101780,1.903228
0.178833,1.836246
-0.786129,2.194884
0.097614,1.906999
0.601440,1.548022
0.954182,1.385127
0.209646,1.810871
-0.961172,2.614759
-0.518967,1.680290
0.949310,1.387008
0.468182,1.626140
0.229622,1.794834
0.307858,1.735020
-0.724575,2.063854
0.713478,1.489937
-0.363503,1.438358
0.172047,1.841940
0.080990,1.922203
-0.781153,2.183988
-0.659904,1.934608
-0.647907,1.911536
0.955795,1.384506
0.644711,1.524814
-0.132607,1.141801
-0.595081,1.813178
-0.390873,1.478271
-0.291115,1.337918
-0.133022,1.142275
0.765835,1.464946
-0.301605,1.352027
0.345928,1.707563
0.786308,1.455523
-0.346066,1.413495
-0.461281,1.586104
-0.085419,1.089173
-0.584724,1.794496
-0.889908,2.434905
0.041016,1.959814
0.859249,1.423480
-0.978115,2.659439
-0.719946,2.054322
0.334446,1.715735
-0.501869,1.651806
0.735577,1.479229
0.913380,1.401166
-0.082001,1.085457
0.843040,1.430400
-0.987705,2.685066
0.205589,1.814167
-0.818874,2.267946
-0.922363,2.515228
0.159931,1.852202
-0.544975,1.724566
0.765869,1.464930
0.254780,1.775087
0.880733,1.414479
0.892078,1.409803
-0.512638,1.669690
-0.746098,2.108755
0.248447,1.780011
-0.092583,1.097004
0.986637,1.372828
-0.810898,2.249927
-0.147675,1.159136
-0.498524,1.646289
0.091171,1.912861
-0.886105,2.425662
0.788673,1.454447
0.219963,1.802548
0.019840,1.980355
0.290218,1.748100
-0.849644,2.338813
0.099705,1.905105
0.540100,1.582690
-0.386494,1.471811
0.552090,1.575745
-0.424889,1.529420
0.568092,1.566605
-0.137825,1.147775
-0.518730,1.679893
0.963112,1.381703
0.171055,1.842775
-0.329010,1.389592
-0.638039,1.892765
-0.841249,2.319263
0.231297,1.793504
0.420937,1.656432
0.275005,1.759568
-0.637569,1.891877
0.118141,1.888571
-0.668682,1.951664
0.284241,1.752585
0.198643,1.819843
0.574444,1.563018
-0.433147,1.542104
-0.737694,2.091107
-0.751507,2.120192
-0.605152,1.831531
-0.505962,1.658581
0.753098,1.470906
0.198593,1.819883
-0.367615,1.444286
0.761429,1.466999
-0.997374,2.711152
0.455040,1.634423
-0.782307,2.186510
0.112335,1.893745
-0.770088,2.159957
0.484898,1.615760
0.082270,1.921024
-0.078766,1.081951
-0.039627,1.040423
0.625793,1.534837
-0.564278,1.758177
-0.590141,1.804243
-0.732363,2.079989
0.847366,1.428542
-0.960043,2.611809
-0.845867,2.329997
0.537788,1.584038
-0.968931,2.635127
-0.817703,2.265291
-0.323357,1.381758
0.086147,1.917459
0.594139,1.552038
-0.665462,1.945390
-0.813745,2.256343
-0.586725,1.798090
-0.923557,2.518233
0.003441,1.996565
-0.865824,2.376963
-0.729992,2.075064
0.220112,1.802429
0.741123,1.476578
-0.871365,2.390170
0.886074,1.412271
0.560909,1.570690
0.884720,1.412830
-0.688194,1.990119
0.460575,1.630921
-0.055321,1.056880
-0.577618,1.781789
0.620918,1.537451
0.414665,1.660561
-0.023125,1.023394
-0.637001,1.890802
0.970379,1.378939
0.826649,1.437513
-0.875561,2.400221
0.000240,1.999760
-0.974222,2.649106
-0.982784,2.671885
0.437511,1.645641
0.906952,1.403753
-0.614182,1.848143
0.934181,1.392907
-0.574459,1.776169
-0.982635,2.671488
0.407223,1.665496
-0.278824,1.321575
-0.163048,1.177093
-0.648514,1.912696
-0.770023,2.159817
-0.015381,1.015500
0.647606,1.523297
0.134342,1.874291
-0.833267,2.300824
-0.812946,2.254541
-0.472443,1.603907
-0.779812,2.181062
0.793148,1.452418
-0.625994,1.870103
0.570591,1.565191
-0.843910,2.325442
0.216331,1.805468
0.304523,1.737475
-0.783115,2.188279
0.373230,1.688507
-0.189491,1.208635
-0.965673,2.626556
-0.814564,2.258190
-0.985086,2.678043
0.653915,1.520006
0.481853,1.617638
0.703690,1.494756
-0.855072,2.351544
0.375156,1.687182
0.516125,1.596829
-0.772915,2.166071
-0.856583,2.355099
0.709511,1.491885
0.386566,1.679386
-0.852999,2.346673
-0.800177,2.225934
0.575745,1.562286
0.021450,1.978778
0.248173,1.780225
-0.959320,2.609921
0.100910,1.904014
-0.526051,1.692236
-0.918587,2.505747
-0.750034,2.117073
0.797047,1.450658
0.231392,1.793428
0.172649,1.841433
-0.848450,2.336023
0.121281,1.885785
0.879341,1.415056
-0.934803,2.546712
0.266190,1.766294
-0.553040,1.738529
0.619579,1.538171
-0.328209,1.388479
0.622952,1.536359
-0.317966,1.374330
0.578533,1.560720
-0.368011,1.444859
-0.989740,2.690536
-0.750214,2.117452
0.992805,1.370536
0.146103,1.864069
-0.276875,1.319001
-0.401218,1.493643
-0.556171,1.743983
-0.118599,1.125918
0.865669,1.420770
0.617802,1.539128
0.320934,1.725471
0.356564,1.700078
0.543816,1.580529
0.630447,1.532354
-0.843983,2.325611
0.511978,1.599309
0.862919,1.421929
-0.686386,1.986523
0.546200,1.579147
0.437054,1.645937
-0.753559,2.124548
-0.324608,1.383488
0.683445,1.504875
0.557804,1.572465
-0.124283,1.132336
0.422874,1.655161
0.527107,1.590310
0.919720,1.398631
-0.985798,2.679949
-0.525280,1.690932
0.148186,1.862271
0.744545,1.474950
-0.261185,1.298467
-0.395008,1.484396
0.288246,1.749577
0.562222,1.569942
-0.566849,1.762704
0.126274,1.881373
-0.820515,2.271669
-0.355816,1.427345
0.698925,1.497119
-0.401119,1.493495
-0.950665,2.587428
-0.299625,1.349353
-0.865421,2.376007
0.995045,1.369707
0.922104,1.397681
0.418282,1.658177
0.142433,1.867246
-0.923710,2.518617
0.167118,1.846100
0.924770,1.396622
-0.255226,1.290753
-0.923843,2.518953
0.775467,1.460489
-0.889668,2.434320
-0.093048,1.097515
-0.205456,1.228085
-0.208153,1.231401
0.558846,1.571869
0.326557,1.721403
-0.482433,1.620012
-0.381954,1.465145
-0.639496,1.895525
-0.535725,1.708686
0.060753,1.941056
-0.901512,2.463325
0.930695,1.394280
0.788666,1.454451
0.148746,1.861788
-0.833927,2.302343
0.042885,1.958022
-0.480255,1.616487
-0.931210,2.537577
-0.114452,1.121259
-0.488068,1.629165
-0.184723,1.202885
0.662575,1.515522
0.368050,1.692083
0.056152,1.945395
-0.694668,2.003044
0.837833,1.432647
0.177883,1.837040
-0.258171,1.294560
0.970558,1.378872
-0.794201,2.212672
-0.446114,1.562229
-0.634876,1.886789
-0.830395,2.294224
-0.624599,1.867498
0.733974,1.479997
-0.909750,2.483701
0.439087,1.644625
0.869251,1.419265
-0.448204,1.565498
0.598087,1.549862
0.856808,1.424515
0.118732,1.888045
0.632317,1.531359
-0.133709,1.143060
0.904060,1.404922
0.814491,1.442865
-0.641743,1.899789
0.744629,1.474911
-0.953514,2.594812
-0.366077,1.442067
-0.979389,2.662829
-0.769367,2.158400
0.163643,1.849045
0.446907,1.639603
-0.383583,1.467533
-0.626446,1.870949
0.072750,1.929833
0.034996,1.965609
0.289509,1.748631
0.740677,1.476791
0.485470,1.615408
-0.709980,2.033951
0.729225,1.482283
0.552307,1.575620
-0.893457,2.443563
-0.872654,2.393254
-0.123352,1.131283
-0.928951,2.531853
-0.733372,2.082089
-0.320923,1.378399
-0.343174,1.409414
0.602081,1.547671
0.920345,1.398381
-0.294678,1.342694
0.001091,1.998910
0.062084,1.939804
-0.996172,2.707896
-0.878229,2.406634
-0.421730,1.524597
-0.963591,2.621091
0.074623,1.928093
0.302906,1.738669
-0.935699,2.548996
-0.717716,2.049747
0.249626,1.779092
-0.982689,2.671630
-0.952364,2.591829
-0.450584,1.569229
-0.840004,2.316376
-0.824484,2.280703
-0.897337,2.453062
-0.178856,1.195848
-0.780563,2.182702
0.346851,1.706910
0.586296,1.556384
-0.897785,2.454162
0.876545,1.416218
-0.684158,1.982103
0.958633,1.383416
0.050713,1.950552
-0.938763,2.556816
0.947098,1.387865
-0.397434,1.488002
0.132996,1.875469
-0.146500,1.157775
-0.781658,2.185093
0.346684,1.707029
-0.376019,1.456474
0.439060,1.644642
0.432201,1.649079
-0.902943,2.466852
-0.593189,1.809751
0.063545,1.938432
-0.639919,1.896328
-0.592697,1.808861
-0.960426,2.612810
-0.905945,2.474269
-0.928406,2.530472
-0.818645,2.267426
0.275570,1.759139
-0.649857,1.915266
-0.594925,1.812895
0.498127,1.607668
0.030294,1.970160
-0.592693,1.808854
-0.892519,2.441271
0.138931,1.870288
-0.673374,1.960842
0.194614,1.823152
-0.961983,2.616880
0.282585,1.753832
-0.954472,2.597298
0.789886,1.453896
-0.080326,1.083640
-0.959291,2.609847
0.887318,1.411759
0.178532,1.836498
-0.317390,1.373539
0.531349,1.587811
0.493229,1.610651
0.925667,1.396267
0.330261,1.718736
-0.589523,1.803129
0.528404,1.589545
-0.510010,1.665307
-0.800835,2.227399
-0.098293,1.103286
-0.084427,1.088093
0.358978,1.698390
-0.320526,1.377852
-0.814447,2.257928
-0.478508,1.613665
-0.698807,2.011351
-0.612072,1.844249
-0.032005,1.032523
-0.147594,1.159043
0.504326,1.603913
-0.179844,1.197030
-0.678825,1.971561
0.646145,1.524062
-0.202919,1.224973
-0.934805,2.546717
0.240414,1.786303
0.201462,1.817535
0.061012,1.940812
0.140251,1.869140
0.198017,1.820356
-0.870720,2.388630
0.294212,1.745118
-0.893061,2.442594
0.895599,1.408363
-0.707870,2.029664
-0.314789,1.369970
0.331570,1.717796
0.066917,1.935272
-0.996773,2.709523
0.871960,1.418131
0.185459,1.830723
-0.843845,2.325291
-0.335732,1.398963
-0.637211,1.891199
-0.997219,2.710733
0.695114,1.499017
0.409660,1.663876
0.467766,1.626400
-0.643772,1.903648
0.038399,1.962329
-0.715714,2.045646
-0.665272,1.945019
-0.991985,2.696583
0.634224,1.530347
-0.840492,2.317507
-0.206337,1.229167
-0.988625,2.687535
-0.665901,1.946244
0.693104,1.500022
0.139744,1.869581
0.695206,1.498972
-0.259304,1.296028
0.176670,1.838056
-0.637104,1.890997
-0.987001,2.683177
-0.877029,2.403749
0.619255,1.538345
0.782898,1.457079
-0.191841,1.211478
0.406296,1.666113
0.293552,1.745610
-0.540131,1.716231
0.313324,1.731013
0.378658,1.684780
-0.341770,1.407437
0.417160,1.658915
-0.559769,1.750268
0.874828,1.416934
-0.986809,2.682660
0.322128,1.724605
-0.977367,2.657451
-0.817055,2.263822
0.442627,1.642347
-0.823421,2.278282
-0.677505,1.968960
0.767300,1.464265
-0.776466,2.173777
-0.164265,1.178526
-0.932127,2.539906
0.557106,1.572865
0.906879,1.403782
0.450314,1.637428
-0.349930,1.418968
0.756615,1.469252
0.083893,1.919530
-0.811424,2.251112
0.034676,1.965919
0.006130,1.993889
-0.970821,2.640112
-0.814825,2.258780
-0.937672,2.554028
0.903526,1.405138
-0.792744,2.209450
0.012413,1.987664
0.461731,1.630192
0.902962,1.405367
-0.771105,2.162154
0.483631,1.616541
-0.572720,1.773083
-0.065010,1.067170
0.285908,1.751332
-0.601589,1.825017
0.943047,1.389440
-0.780308,2.182144
-0.088676,1.092727
-0.173435,1.189384
0.128181,1.879694
-0.846706,2.331954
0.939335,1.390888
-0.612324,1.844713
-0.773603,2.167563
0.212725,1.808379
0.942547,1.389634
0.260723,1.770494
0.524055,1.592114
0.182722,1.833000
0.907890,1.403374
0.698273,1.497444
-0.147118,1.158490
0.055052,1.946436
-0.127083,1.135511
0.631443,1.531824
0.456093,1.633755
0.566196,1.567681
0.108551,1.897133
-0.742146,2.100437
-0.384605,1.469035
0.405636,1.666553
-0.790619,2.204761
-0.962723,2.618817
0.917530,1.399505
0.248425,1.780029
-0.558342,1.747772
-0.074699,1.077560
0.023670,1.976608
0.312794,1.731401
-0.864712,2.374322
-0.226482,1.254181
0.035824,1.964810
0.643456,1.525474
0.671482,1.510951
-0.505840,1.658378
0.809517,1.445073
-0.653244,1.921765
0.286991,1.750518
0.517670,1.595908
0.082603,1.920716
0.348831,1.705512
0.479008,1.619398
0.455856,1.633905
0.671234,1.511077
-0.272717,1.313528
0.581333,1.559152
-0.565990,1.761191
-0.758217,2.134467
0.287922,1.749820
0.877686,1.415744
-0.487957,1.628985
-0.421509,1.524260
0.350845,1.704093
0.938354,1.391271
-0.236549,1.266870
0.732407,1.480751
-0.216812,1.242111
-0.913109,2.492058
0.630081,1.532549
-0.593796,1.810849
-0.909542,2.483185
-0.425560,1.530447
0.279823,1.755917
0.440052,1.644003
0.810261,1.444742
0.178322,1.836673
-0.198700,1.219816
0.793964,1.452049
-0.688736,1.991197
-0.391571,1.479303
-0.648460,1.912594
0.276848,1.758170
-0.025574,1.025904
0.255314,1.774673
0.344612,1.708495
0.189606,1.827285
-0.789740,2.202823
0.444389,1.641216
0.240795,1.786003
-0.956472,2.602500
0.574596,1.562932
0.059616,1.942126
0.995251,1.369631
-0.346577,1.414218
0.362965,1.695611
-0.447563,1.564495
0.731415,1.481228
-0.916546,2.500638
0.550823,1.576475
-0.456966,1.579276
0.373405,1.688386
0.911667,1.401854
-0.146793,1.158115
-0.200615,1.222154
-0.699867,2.013485
0.068726,1.933583
0.066921,1.935269
-0.973263,2.646566
0.478153,1.619927
0.601097,1.548210
-0.464783,1.591668
0.094391,1.909927
0.922134,1.397669
0.894695,1.408732
0.594460,1.551861
0.390942,1.676420
0.907200,1.403653
-0.960232,2.612302
0.251457,1.777667
-0.438557,1.550468
-0.652027,1.919428
-0.395950,1.485795
0.248119,1.780267
0.061974,1.939908
0.827412,1.437179
0.133766,1.874795
0.376041,1.686574
-0.626663,1.871356
0.037058,1.963620
-0.996517,2.708831
-0.314560,1.369656
-0.612514,1.845065
-0.313606,1.368351
0.581825,1.558877
-0.790564,2.204639
0.243301,1.784035
-0.142365,1.152997
-0.825296,2.282557
0.482834,1.617032
0.598770,1.549487
-0.611153,1.842554
-0.975967,2.653733
0.565025,1.568346
-0.421356,1.524027
0.719555,1.486969
0.479546,1.619065
-0.831011,2.295638
-0.794071,2.212385
0.531265,1.587861
-0.831551,2.296878
0.863037,1.421879
-0.939255,2.558074
0.243671,1.783745
0.498074,1.607700
-0.891266,2.438214
0.853970,1.425722
-0.570366,1.768914
-0.303055,1.353989
0.630417,1.532370
0.668514,1.512469
0.557487,1.572646
0.958652,1.383409
0.302177,1.739207
0.320091,1.726083
-0.290657,1.337306
0.049473,1.951731
0.835953,1.433461
-0.874899,2.398633
-0.052979,1.054407
0.273727,1.760539
0.898979,1.406985
-0.896759,2.451645
0.077530,1.925399
0.488510,1.613540
0.563293,1.569331
0.434956,1.647293
0.636097,1.529354
-0.104897,1.110596
0.581673,1.558963
0.869675,1.419088
-0.452011,1.571469
0.763371,1.466093
-0.549141,1.731765
0.496910,1.608408
0.354942,1.701214
0.958031,1.383648
-0.376453,1.457108
0.088169,1.915606
-0.608200,1.837122
-0.608704,1.838047
0.178123,1.836839
0.220478,1.802135
-0.728470,2.071908
-0.145607,1.156741
-0.474865,1.607797
0.262810,1.768888
-0.471298,1.602073
-0.399117,1.490507
-0.969980,2.637892
-0.613617,1.847100
-0.698433,2.010599
-0.972490,2.644522
-0.984333,2.676026
0.955910,1.384462
0.246155,1.781801
-0.995510,2.706104
-0.874172,2.396890
-0.683502,1.980803
-0.044456,1.045459
0.085522,1.918033
0.580322,1.559718
-0.388088,1.474160
-0.958591,2.608020
-0.864159,2.373009
-0.938425,2.555953
-0.505074,1.657107
-0.562000,1.754178
-0.424019,1.528090
-0.051140,1.052470
-0.283409,1.327648
0.944199,1.388991
-0.743984,2.104303
0.938908,1.391055
-0.586445,1.797586
0.159315,1.852728
0.115360,1.891045
0.674774,1.509271
-0.654137,1.923481
-0.943811,2.569757
-0.921608,2.513329
-0.814445,2.257923
-0.439926,1.552593
0.084927,1.918580
-0.915596,2.498264
0.337929,1.713246
-0.576172,1.779214
0.413887,1.661076
-0.973824,2.648050
-0.540684,1.717181
0.830429,1.435862
-0.445221,1.560835
-0.670856,1.955912
-0.393089,1.481551
0.869495,1.419163
-0.913567,2.493199
-0.860096,2.363388
-0.543552,1.722114
-0.708241,2.030416
0.161949,1.850484
-0.926710,2.526185
0.210472,1.810202
0.029549,1.970884
0.754292,1.470344
-0.264072,1.302222
0.043842,1.957105
0.389305,1.677528
-0.774323,2.169122
0.553574,1.574892
-0.876081,2.401471
-0.620380,1.859635
-0.498940,1.646974
-0.811378,2.251009
-0.963482,2.620806
0.971878,1.378372
-0.520912,1.683563
0.111897,1.894137
0.983078,1.374158
0.180435,1.834907
0.788055,1.454728
-0.821627,2.274196
0.370991,1.690050
-0.124802,1.132924
0.551674,1.575985
-0.888985,2.432658
0.534927,1.585712
-0.621391,1.861516
0.715424,1.488985
0.872845,1.417761
0.780205,1.458312
0.450226,1.637484
0.241703,1.785289
-0.754185,2.125878
0.401031,1.669629
0.173412,1.840791
-0.770145,2.160080
-0.752516,2.122333
0.027313,1.973056
0.491367,1.611789
0.857319,1.424298
-0.662628,1.939884
0.489067,1.613198
-0.481400,1.618338
0.486401,1.614835
0.404537,1.667286
0.941002,1.390237
0.763489,1.466038
-0.775879,2.172501
0.692551,1.500298
-0.184021,1.202041
-0.875946,2.401146
0.747108,1.473734
-0.390041,1.477042
0.096012,1.908453
-0.086067,1.089880
0.419632,1.657289
0.618038,1.539001
-0.039116,1.039891
-0.029892,1.030343
-0.318092,1.374503
0.890297,1.410534
0.346119,1.707428
0.060452,1.941339
-0.846577,2.331651
-0.076103,1.079074
0.829990,1.436053
-0.763462,2.145692
-0.448856,1.566520
0.370632,1.690298
-0.205872,1.228595
0.738819,1.477678
-0.993904,2.701762
0.699726,1.496721
-0.360302,1.433762
0.301430,1.739760
-0.739426,2.094732
0.965012,1.380979
0.509048,1.601067
-0.299767,1.349544
-0.803270,2.232831
-0.689610,1.992937
0.176956,1.837816
0.686817,1.503175
-0.656471,1.927977
-0.027168,1.027541
-0.216988,1.242329
0.972797,1.378024
0.233654,1.791636
0.920803,1.398199
0.179977,1.835289
0.359005,1.698371
0.186626,1.829754
0.599174,1.549265
-0.342781,1.408860
0.129375,1.878644
-0.323475,1.381921
0.417927,1.658410
0.253838,1.775818
0.099762,1.905053
-0.458279,1.581350
-0.502872,1.653464
0.108585,1.897102
-0.066124,1.068359
0.339684,1.711996
-0.415882,1.515707
0.192291,1.825067
0.435360,1.647032
-0.717747,2.049809
-0.480457,1.616814
-0.308670,1.361613
0.144672,1.865306
-0.950363,2.586649
-0.481701,1.618826
-0.475662,1.609079
-0.661442,1.937584
-0.553238,1.738874
-0.873371,2.394971
0.670616,1.511393
0.451599,1.636609
0.810932,1.444444
-0.111198,1.117617
0.121819,1.885309
-0.954700,2.597892
0.844551,1.429750
0.597679,1.550087
0.438835,1.644787
0.733665,1.480146
0.492260,1.611243
-0.784359,2.191002
-0.912052,2.489426
-0.974598,2.650101
-0.954548,2.597496
0.766335,1.464713
-0.917767,2.503692
-0.119553,1.126993
0.079926,1.923185
0.737911,1.478112
-0.588383,1.801073
-0.886244,2.426000
-0.711765,2.037585
0.285286,1.751799
0.537949,1.583945
-0.555832,1.743391
-0.190815,1.210236
0.959915,1.382925
-0.217880,1.243438
-0.217522,1.242992
0.275211,1.759412
-0.919262,2.507439
0.314774,1.729954
-0.515511,1.674493
-0.914738,2.496120
-0.187035,1.205669
0.745171,1.474653
-0.946606,2.576948
-0.998886,2.715256
-0.757496,2.132928
-0.368835,1.446050
-0.966263,2.628104
-0.385574,1.470459
0.124096,1.883295
0.088432,1.915365
0.531006,1.588013
-0.928883,2.531679
-0.914478,2.495473
0.309124,1.734090
-0.663906,1.942365
-0.515499,1.674474
-0.780573,2.182722
0.135487,1.873291
0.733402,1.480272
0.604229,1.546496
0.215282,1.806314
-0.757189,2.132274
0.256561,1.773708
0.581467,1.559078
-0.492149,1.635828
-0.956903,2.603622
-0.747021,2.110702
0.670486,1.511460
0.446285,1.640001
-0.590973,1.805744
0.258408,1.772280
-0.703293,2.020395
0.738167,1.477989
-0.767094,2.153498
-0.757084,2.132050
0.512062,1.599259
0.189472,1.827396
0.861576,1.422496
0.194637,1.823133
-0.659805,1.934416
-0.709267,2.032500
-0.755733,2.129173
-0.719254,2.052900
0.587425,1.555756
0.724869,1.484388
-0.360058,1.433412
-0.253002,1.287886
-0.194092,1.214208
-0.941006,2.562557
-0.741438,2.098951
0.584141,1.557585
-0.665878,1.946199
-0.894180,2.445331
-0.650944,1.917349
0.588356,1.555239
-0.793255,2.210580
0.635075,1.529896
0.235374,1.790275
-0.288754,1.334763
-0.523491,1.687910
0.481823,1.617656
0.196547,1.821563
0.303638,1.738128
-0.200668,1.222219
0.714367,1.489502
-0.955130,2.599007
-0.476967,1.611180
0.279980,1.755799
-0.853626,2.348146
0.476105,1.621198
-0.758472,2.135012
0.798332,1.450079
-0.990967,2.693838
0.207386,1.812706
-0.039162,1.039939
-0.580872,1.787596
0.381313,1.682964
0.603935,1.546656
-0.443363,1.557938
0.466484,1.627204
0.528351,1.589576
0.735447,1.479291
0.987164,1.372632
0.480186,1.618668
-0.440571,1.553594
0.079544,1.923537
-0.685017,1.983805
-0.215607,1.240614
0.145947,1.864204
0.887535,1.411669
-0.762512,2.143655
0.076092,1.926731
0.695858,1.498646
-0.488068,1.629165
-0.199696,1.221031
0.609673,1.543529
0.619808,1.538048
-0.780304,2.182135
0.043507,1.957426
-0.289833,1.336204
-0.923548,2.518209
0.244469,1.783121
0.797279,1.450553
-0.449589,1.567667
0.907169,1.403665
0.568680,1.566273
-0.870499,2.388101
-0.477806,1.612533
0.744286,1.475074
0.007759,1.992271
-0.509354,1.664215
0.185013,1.831094
-0.974482,2.649793
0.099625,1.905177
-0.949360,2.584055
-0.467445,1.595912
-0.596043,1.814922
0.166086,1.846973
-0.289055,1.335165
-0.562424,1.754921
0.159725,1.852378
-0.368404,1.445426
-0.772175,2.164469
-0.784903,2.192193
-0.903633,2.468555
0.390827,1.676497
0.973846,1.377628
0.782425,1.457296
-0.994255,2.702710
-0.847408,2.333591
0.479416,1.619145
-0.871954,2.391579
0.709824,1.491731
-0.902008,2.464547
0.589272,1.554731
-0.577732,1.781992
0.551598,1.576029
-0.097977,1.102937
-0.664677,1.943862
0.539597,1.582983
-0.362503,1.436922
0.625427,1.535033
-0.120644,1.128223
-0.312851,1.367318
0.942345,1.389713
-0.654202,1.923606
-0.252274,1.286948
-0.756979,2.131826
0.768139,1.463876
-0.485386,1.624802
-0.471478,1.602360
0.797394,1.450502
-0.742359,2.100886
-0.842117,2.321277
0.040264,1.960536
0.065659,1.936451
0.493656,1.610391
-0.248280,1.281818
0.756294,1.469403
-0.745888,2.108312
0.685928,1.503622
0.073238,1.929379
-0.600704,1.823402
-0.873726,2.395821
0.133224,1.875269
0.202545,1.816650
-0.272789,1.313623
-0.452221,1.571799
-0.657898,1.930730
0.304939,1.737168
0.523174,1.592636
0.083363,1.920018
-0.981155,2.667537
0.082655,1.920669
-0.719215,2.052822
-0.674515,1.963080
-0.352417,1.422502
-0.751284,2.119719
0.222397,1.800598
0.003754,1.996253
-0.655552,1.926205
-0.341148,1.406562
-0.832512,2.299087
0.661263,1.516199
0.347492,1.706458
-0.545235,1.725013
0.239014,1.787404
-0.923265,2.517498
-0.682281,1.978386
0.173599,1.840634
0.792938,1.452513
0.400093,1.670258
0.474022,1.622494
-0.693920,2.001547
-0.257172,1.293267
-0.130028,1.138860
-0.965294,2.625559
-0.828251,2.289311
0.756878,1.469129
-0.050018,1.051290
-0.481453,1.618424
-0.429184,1.536004
0.510254,1.600343
-0.893421,2.443475
0.082344,1.920955
-0.687756,1.989246
-0.811195,2.250597
-0.871891,2.391429
0.218494,1.803728
-0.610283,1.840952
-0.928719,2.531263
-0.753391,2.124192
-0.691818,1.997344
0.013039,1.987046
-0.995024,2.704789
0.301201,1.739929
-0.721169,2.056835
-0.865444,2.376061
0.370575,1.690337
0.882778,1.413632
-0.171272,1.186814
-0.139175,1.149326
0.029018,1.971399
0.267437,1.765339
-0.457172,1.579601
-0.861286,2.366202
-0.750519,2.118099
0.478729,1.619570
0.010948,1.989112
-0.781178,2.184043
0.905258,1.404437
-0.410835,1.508077
0.739857,1.477182
0.357769,1.699235
-0.881657,2.414897
0.782261,1.457371
0.533024,1.586828
-0.859184,2.361234
-0.866199,2.377857
0.393147,1.674930
-0.085251,1.088990
-0.735592,2.086717
-0.708298,2.030532
-0.962046,2.617045
0.645844,1.524220
-0.828747,2.290447
-0.734612,2.084672
-0.151398,1.163459
0.208714,1.811628
0.060364,1.941422
-0.610077,1.840573
0.882286,1.413836
0.871407,1.418363
0.276081,1.758751
0.419567,1.657331
-0.515701,1.674813
-0.150291,1.162173
-0.887646,2.429403
-0.827782,2.288237
-0.567093,1.763134
-0.322292,1.380288
0.814396,1.442907
0.097954,1.906691
-0.909966,2.484237
-0.923342,2.517690
-0.629948,1.877512
0.262859,1.768850
0.475597,1.621514
-0.930536,2.535869
-0.930660,2.536183
-0.111061,1.117463
-0.381516,1.464502
-0.096836,1.101680
0.048191,1.952952
-0.376938,1.457814
-0.976604,2.655424
-0.530041,1.699002
-0.844568,2.326973
0.926064,1.396110
-0.049042,1.050264
-0.174755,1.190955
0.344097,1.708860
-0.696850,2.007419
0.931225,1.394071
0.163052,1.849547
-0.595753,1.814396
-0.601421,1.824711
0.039791,1.960990
0.773018,1.461618
-0.814888,2.258923
-0.446377,1.562640
-0.775764,2.172252
-0.841299,2.319378
-0.921669,2.513482
-0.421169,1.523742
-0.544868,1.724382
0.536869,1.584576
0.353817,1.702003
-0.365963,1.441902
0.643200,1.525608
0.781601,1.457673
0.933739,1.393081
-0.750414,2.117876
0.718086,1.487685
0.562561,1.569748
0.947567,1.387683
0.211136,1.809664
0.059719,1.942029
0.965881,1.380648
0.540562,1.582421
-0.951149,2.588682
-0.830530,2.294535
0.325008,1.722521
0.855801,1.424943
-0.352516,1.422643
-0.134865,1.144382
-0.455788,1.577415
-0.933987,2.544634
-0.891510,2.438809
0.840599,1.431452
-0.166183,1.180790
0.328396,1.720078
-0.757469,2.132871
0.273502,1.760711
0.925365,1.396387
0.137526,1.871512
-0.944107,2.570517
-0.606220,1.833488
-0.119770,1.127238
-0.464966,1.591960
-0.850586,2.341018
0.005543,1.994473
-0.800533,2.226728
0.611717,1.542419
0.259113,1.771736
-0.039196,1.039974
-0.888988,2.432668
0.459927,1.631330
-0.746149,2.108863
-0.876255,2.401888
-0.785622,2.193770
-0.752140,2.121535
0.051449,1.949852
-0.642529,1.901282
-0.322865,1.381078
0.921715,1.397836
-0.968937,2.635142
-0.927086,2.527134
0.678848,1.507201
-0.884556,2.421908
0.426277,1.652935
-0.978758,2.661149
0.172146,1.841856
-0.082737,1.086256
0.801502,1.448654
-0.921837,2.513904
-0.616169,1.851820
0.046394,1.954665
0.430244,1.650350
0.696198,1.498477
0.675018,1.509147
-0.889523,2.433967
-0.679836,1.973555
0.660820,1.516428
-0.449966,1.568260
0.931568,1.393935
-0.988474,2.687130
-0.605324,1.831845
0.386578,1.679378
-0.688454,1.990635
-0.769476,2.158635
-0.259541,1.296334
-0.900167,2.460015
0.091167,1.912865
-0.922939,2.516677
-0.449593,1.567673
0.835739,1.433554
0.063259,1.938700
-0.219532,1.245494
-0.860098,2.363392
-0.578442,1.783257
-0.165367,1.179826
0.036091,1.964553
-0.088539,1.092577
-0.685169,1.984108
0.803585,1.447721
-0.736343,2.088285
-0.518322,1.679208
-0.272079,1.312691
-0.973183,2.646354
0.622707,1.536490
0.022118,1.978125
-0.570343,1.768874
0.213791,1.807517
0.238213,1.788035
0.714752,1.489313
0.783249,1.456919
-0.954220,2.596644
-0.743536,2.103360
0.342720,1.709837
-0.281593,1.325240
-0.920475,2.510483
-0.277782,1.320199
-0.425327,1.530091
-0.177437,1.194153
0.291386,1.747227
-0.452740,1.572615
-0.801262,2.228351
0.311409,1.732414
-0.897209,2.452748
-0.986675,2.682302
-0.037895,1.038622
0.688782,1.502187
-0.912207,2.489811
-0.859806,2.362702
0.407940,1.665019
-0.275925,1.317749
0.267746,1.765102
-0.913239,2.492381
-0.703632,2.021081
-0.233463,1.262966
-0.139668,1.149891
0.332481,1.717142
-0.304733,1.356263
-0.237186,1.267677
0.596142,1.550933
0.544792,1.579962
0.144032,1.865860
-0.979986,2.664419
-0.735256,2.086016
0.333572,1.716360
0.539291,1.583161
0.909470,1.402738
-0.985218,2.678396
-0.886583,2.426824
-0.902075,2.464712
-0.987221,2.683765
-0.793198,2.210453
-0.142624,1.153296
0.149467,1.861166
0.650925,1.521563
0.894779,1.408698
-0.300533,1.350579
0.926544,1.395920
0.660065,1.516818
0.142048,1.867580
-0.144646,1.155630
0.763569,1.466000
0.424248,1.654262
-0.736309,2.088214
0.329174,1.719518
0.755089,1.469969
-0.557957,1.747099
0.688725,1.502216
0.213585,1.807684
0.509869,1.600574
-0.977386,2.657502
0.728355,1.482702
-0.467747,1.596393
0.692402,1.500373
-0.510738,1.666521
-0.927853,2.529072
-0.808479,2.244492
0.416267,1.659504
0.677090,1.508094
0.482037,1.617524
-0.412823,1.511077
0.637558,1.528582
0.348606,1.705671
0.625732,1.534870
0.616760,1.539690
0.196587,1.821530
-0.938780,2.556860
0.450893,1.637059
-0.806854,2.240848
0.993217,1.370383
-0.274784,1.316246
-0.741386,2.098843
-0.433296,1.542333
-0.950336,2.586580
0.267330,1.765420
-0.350258,1.419434
0.080711,1.922460
-0.169823,1.185095
-0.867065,2.379917
-0.336552,1.400111
-0.073639,1.076418
-0.581253,1.788278
-0.566429,1.761964
-0.552872,1.738238
-0.541801,1.719101
-0.518002,1.678670
-0.846584,2.331669
-0.329350,1.390064
0.742149,1.476090
0.323254,1.723790
0.445656,1.640404
-0.873394,2.395026
0.131134,1.877100
0.856262,1.424747
0.280128,1.755687
-0.279659,1.322679
0.822388,1.439381
-0.444366,1.559502
0.781433,1.457750
0.412056,1.662287
0.456772,1.633325
-0.427742,1.533790
0.764606,1.465517
-0.357010,1.429050
-0.511398,1.667621
0.074501,1.928207
-0.083252,1.086816
-0.838524,2.312950
-0.506222,1.659011
0.390434,1.676763
0.277405,1.757748
-0.250244,1.284339
-0.648529,1.912725
-0.992039,2.696727
-0.809868,2.247611
-0.904558,2.470840
-0.594662,1.812418
-0.744953,2.106343
0.398933,1.671035
-0.940262,2.560652
0.391499,1.676043
0.224384,1.799008
-0.100143,1.105329
-0.676224,1.966438
0.059082,1.942629
0.519947,1.594552
0.508434,1.601437
-0.111202,1.117621
0.108742,1.896962
0.989723,1.371680
-0.322380,1.380409
-0.501572,1.651315
-0.434669,1.544453
-0.299877,1.349693
-0.289249,1.335425
0.970604,1.378854
-0.068192,1.070570
0.160370,1.851829
-0.336182,1.399593
-0.880041,2.410999
-0.152382,1.164605
0.703159,1.495019
-0.802631,2.231405
-0.364506,1.439802
-0.368450,1.445493
0.602684,1.547341
0.228840,1.795456
0.224453,1.798953
-0.856686,2.355341
0.270454,1.763033
-0.942762,2.567063
0.119122,1.887700
-0.026566,1.026922
0.057148,1.944454
0.865192,1.420971
-0.277626,1.319992
-0.320679,1.378063
-0.884069,2.420731
0.213135,1.808047
0.336781,1.714066
-0.323395,1.381811
-0.570766,1.769623
0.708164,1.492548
0.243114,1.784182
0.546326,1.579074
0.402370,1.668733
0.594761,1.551694
-0.909279,2.482532
0.163803,1.848909
-0.632710,1.882705
0.128025,1.879831
0.247086,1.781074
-0.533489,1.704871
0.317467,1.727991
0.300480,1.740463
0.720181,1.486664
-0.256416,1.292291
-0.433426,1.542533
-0.969990,2.637917
-0.819675,2.269763
0.888138,1.411421
-0.271317,1.311690
-0.960867,2.613962
-0.524967,1.690403
-0.634605,1.886278
0.322643,1.724232
-0.117767,1.124982
0.227234,1.796734
-0.742001,2.100133
0.746967,1.473801
-0.446266,1.562467
-0.948246,2.581178
0.469986,1.625011
-0.424629,1.529023
0.566513,1.567501
-0.923424,2.517896
-0.715824,2.045872
-0.898424,2.455730
-0.913578,2.493227
0.900085,1.406535
0.735241,1.479390
-0.137833,1.147783
-0.597218,1.817056
0.787769,1.454858
-0.950218,2.586274
-0.720659,2.055788
-0.454815,1.575882
0.426102,1.653050
0.068628,1.933674
0.150906,1.859929
-0.600510,1.823048
0.691227,1.500961
-0.098351,1.103349
-0.777618,2.176283
0.744595,1.474927
0.499321,1.606943
-0.785046,2.192507
-0.075836,1.078786
-0.309067,1.362153
0.784561,1.456320
0.183018,1.832753
0.270905,1.762689
-0.966888,2.629749
-0.843071,2.323491
-0.209129,1.232604
0.513321,1.598505
0.345402,1.707936
-0.336750,1.400389
-0.881903,2.415491
0.827896,1.436968
-0.904350,2.470326
0.638470,1.528100
0.286495,1.750891
-0.243805,1.276095
0.168045,1.845316
0.065975,1.936154
0.633984,1.530474
-0.577503,1.781585
0.669086,1.512176
-0.790901,2.205383
0.798199,1.450139
-0.963211,2.620096
0.041050,1.959781
-0.529949,1.698846
0.760151,1.467596
0.141623,1.867949
-0.135513,1.145124
0.158730,1.853227
-0.796371,2.217480
-0.658203,1.931319
0.396328,1.672786
-0.730537,2.076196
0.953094,1.385546
-0.886557,2.426759
-0.335396,1.398494
0.151154,1.859716
0.107178,1.898366
-0.870193,2.387373
0.952103,1.385929
-0.767399,2.154156
0.728233,1.482761
-0.307659,1.360237
0.012270,1.987805
-0.464031,1.590473
0.074036,1.928639
0.939098,1.390980
0.175076,1.839394
0.001640,1.998361
-0.942856,2.567303
-0.404434,1.498454
-0.760674,2.139717
-0.511547,1.667870
-0.510201,1.665625
0.103455,1.901717
0.149544,1.861101
0.098351,1.906331
0.657455,1.518168
0.426121,1.653037
0.352520,1.702915
-0.554108,1.740387
0.033791,1.966774
0.530888,1.588083
-0.862003,2.367900
0.288410,1.749454
-0.655399,1.925911
0.666527,1.513489
0.353973,1.701894
0.352650,1.702823
-0.320621,1.377984
-0.059895,1.061725
0.937466,1.391619
-0.698206,2.010143
-0.502632,1.653067
0.052044,1.949287
-0.879097,2.408724
0.713829,1.489765
-0.997408,2.711245
-0.526638,1.693230
-0.885750,2.424802
-0.690380,1.994473
0.805973,1.446653
0.014282,1.985819
-0.344074,1.410683
-0.158573,1.171838
0.158825,1.853146
-0.976204,2.654361
0.265316,1.766964
0.058666,1.943021
0.388905,1.677799
0.572880,1.563899
-0.896023,2.449840
0.179207,1.835933
0.180939,1.834486
0.076073,1.926749
0.331120,1.718119
0.268253,1.764714
0.081089,1.922112
-0.859802,2.362693
0.504486,1.603816
0.437805,1.645452
-0.357708,1.430048
-0.525311,1.690984
-0.465767,1.593236
0.325302,1.722309
-0.078354,1.081505
0.432320,1.649002
-0.931519,2.538361
0.055309,1.946192
0.935230,1.392495
0.169033,1.844481
0.307030,1.735629
-0.997665,2.711943
0.572662,1.564022
-0.383289,1.467102
-0.237274,1.267789
-0.586327,1.797374
0.225574,1.798058
-0.700645,2.015053
0.283787,1.752927
0.215313,1.806289
-0.231644,1.260670
0.934593,1.392746
-0.812191,2.252839
0.658699,1.517524
-0.688433,1.990593
-0.357246,1.429388
0.191139,1.826018
-0.689262,1.992245
-0.889473,2.433847
0.650646,1.521709
0.580055,1.559867
-0.559258,1.749373
-0.172470,1.188236
-0.431252,1.539183
0.651173,1.521434
0.662872,1.515369
0.874619,1.417021
-0.004700,1.004711
0.927711,1.395458
-0.948582,2.582045
-0.297050,1.345883
0.018002,1.982160
-0.309990,1.363411
0.137413,1.871610
0.929501,1.394751
0.045132,1.955872
-0.409325,1.505800
-0.513016,1.670321
-0.995708,2.706641
-0.333729,1.396164
-0.548363,1.730418
0.053383,1.948017
-0.754578,2.126713
0.048817,1.952356
0.000870,1.999131
-0.438904,1.551006
0.066147,1.935993
-0.050194,1.051475
-0.344193,1.410850
0.202850,1.816400
-0.721308,2.057122
0.249367,1.779294
0.297108,1.742964
-0.254387,1.289671
0.000278,1.999722
-0.298134,1.347342
-0.704882,2.023607
0.491455,1.611736
0.238392,1.787894
-0.076241,1.079222
-0.714191,2.042534
0.566792,1.567343
-0.626572,1.871185
-0.310188,1.363682
-0.639271,1.895098
-0.269245,1.308976
0.274120,1.760241
-0.214924,1.239767
0.630558,1.532295
0.882652,1.413684
0.074589,1.928125
-0.465813,1.593309
-0.508831,1.663346
-0.996801,2.709601
0.051525,1.949780
-0.994774,2.704113
-0.890070,2.435300
0.077724,1.925219
0.219196,1.803164
0.134865,1.873834
-0.921478,2.513003
0.449722,1.637805
0.018940,1.981238
0.416122,1.659600
0.214382,1.807040
-0.981396,2.668178
-0.470181,1.600283
-0.477528,1.612084
-0.800728,2.227161
0.260105,1.770971
-0.542988,1.721142
-0.923300,2.517584
0.513134,1.598617
-0.690739,1.995189
-0.442551,1.556673
-0.837391,2.310331
-0.237381,1.267924
0.127266,1.880499
-0.050560,1.051860
-0.177208,1.193879
-0.979765,2.663830
-0.783241,2.188554
-0.503029,1.653723
-0.617416,1.854131
0.880699,1.414493
0.332802,1.716912
-0.760309,2.138938
-0.672688,1.959496
-0.336006,1.399348
-0.495152,1.640747
-0.404491,1.498540
0.416058,1.659642
-0.873718,2.395803
0.314781,1.729949
-0.372585,1.451482
0.532867,1.586920
0.706036,1.493597
0.361778,1.696437
-0.670868,1.955934
-0.633801,1.884760
-0.559296,1.749440
-0.833935,2.302360
-0.210716,1.234562
0.845448,1.429365
-0.595539,1.814009
-0.715721,2.045661
-0.788624,2.200366
-0.880348,2.411739
0.454872,1.634529
0.510658,1.600100
-0.419930,1.521854
0.510628,1.600119
-0.854362,2.349876
-0.890228,2.435686
0.160633,1.851604
0.608387,1.544228
0.720730,1.486397
0.041357,1.959486
-0.525784,1.691784
-0.441349,1.554803
-0.090836,1.095089
0.178625,1.836419
-0.621113,1.860998
-0.089848,1.094008
-0.959536,2.610484
0.473358,1.622907
0.587170,1.555898
0.749527,1.472590
-0.603790,1.829038
0.544434,1.580170
0.471912,1.623808
-0.927834,2.529024
-0.335461,1.398585
-0.798935,2.223172
0.318756,1.727053
0.594681,1.551739
-0.241325,1.272935
-0.142319,1.152944
-0.404453,1.498483
-0.982323,2.670652
0.847477,1.428495
0.580635,1.559543
0.596954,1.550486
-0.828407,2.289669
-0.889927,2.434952
-0.550945,1.734892
-0.881292,2.414017
-0.512344,1.669200
0.206387,1.813519
-0.361694,1.435760
0.246346,1.781652
0.375259,1.687111
0.257790,1.772758
0.429592,1.650774
-0.081570,1.084989
-0.586529,1.797737
0.615902,1.540153
0.999863,1.367930
-0.905973,2.474339
0.375237,1.687127
-0.225182,1.252550
0.376492,1.686265
-0.915977,2.499217
0.775131,1.460643
0.195694,1.822264
0.756371,1.469367
0.448921,1.638316
0.838654,1.432292
-0.013245,1.013333
0.423687,1.654629
0.038200,1.962520
-0.645668,1.907261
-0.320488,1.377800
-0.275730,1.317492
0.838306,1.432442
0.989922,1.371606
0.434757,1.647422
-0.716763,2.047793
-0.227516,1.255478
-0.953625,2.595099
0.849205,1.427755
-0.735649,2.086836
0.166771,1.846393
0.434479,1.647602
0.807861,1.445810
-0.682793,1.979398
0.073929,1.928738
0.880219,1.414692
-0.555382,1.742606
-0.324993,1.384021
-0.726986,2.068836
0.715752,1.488825
-0.370205,1.448031
-0.880714,2.412623
-0.520855,1.683466
-0.936749,2.551671
0.545010,1.579836
-0.482689,1.620426
-0.532017,1.702362
-0.599792,1.821741
-0.264931,1.303341
0.842426,1.430664
0.141457,1.868093
0.771122,1.462494
-0.658098,1.931116
0.431957,1.649237
-0.936081,2.549968
-0.455242,1.576555
-0.405369,1.499856
-0.843121,2.323607
0.679470,1.506886
0.514839,1.597597
0.713142,1.490102
0.744934,1.474766
-0.566048,1.761292
0.261772,1.769686
-0.845427,2.328971
0.865658,1.420775
0.435356,1.647034
-0.760714,2.139803
0.742889,1.475737
-0.768822,2.157223
-0.012878,1.012962
0.119476,1.887385
0.673668,1.509835
0.704258,1.494475
-0.392685,1.480952
0.872608,1.417860
-0.665817,1.946080
0.299934,1.740867
-0.841215,2.319183
-0.939476,2.558640
0.599266,1.549215
-0.864069,2.372796
-0.861591,2.366924
0.063974,1.938029
-0.307606,1.360165
0.689503,1.501826
-0.090950,1.095214
0.912762,1.401414
-0.790379,2.204231
0.340199,1.711629
0.464306,1.628571
0.978710,1.375795
-0.099022,1.104090
-0.216949,1.242281
-0.675079,1.964189
0.650723,1.521669
-0.314007,1.368899
-0.932878,2.541815
-0.677650,1.969245
-0.150173,1.162035
0.488232,1.613711
0.088535,1.915271
0.524258,1.591995
-0.658796,1.932465
0.958008,1.383656
-0.717136,2.048559
0.147860,1.862552
0.605946,1.545558
0.880390,1.414621
0.006809,1.993214
0.531006,1.588013
-0.930384,2.535482
0.984169,1.373750
-0.837452,2.310472
0.393333,1.674804
-0.922775,2.516264
-0.294197,1.342048
0.479462,1.619117
-0.186962,1.205582
-0.476665,1.610695
-0.862179,2.368315
0.092972,1.911219
-0.453476,1.573773
-0.481949,1.619227
-0.518337,1.679233
-0.572399,1.772514
-0.380142,1.462493
0.049648,1.951564
0.219646,1.802803
0.294884,1.744618
0.917248,1.399617
0.286709,1.750730
-0.524673,1.689907
0.473904,1.622567
-0.610603,1.841542
-0.880888,2.413042
-0.690010,1.993736
0.164940,1.847945
0.554691,1.574249
0.795517,1.451348
0.032410,1.968110
-0.750244,2.117517
0.300236,1.740644
0.470066,1.624961
-0.999071,2.715758
0.246471,1.781554
0.613792,1.541294
0.371449,1.689735
-0.397984,1.488820
-0.090973,1.095239
0.640392,1.527086
-0.296593,1.345267
0.172577,1.841494
-0.181946,1.199549
0.123898,1.883470
0.303047,1.738564
-0.531925,1.702206
-0.924934,2.521703
-0.824772,2.281360
0.469021,1.625615
-0.070259,1.072786
-0.095230,1.099912
-0.294762,1.342806
0.925426,1.396362
-0.978882,2.661479
0.861092,1.422700
-0.738174,2.092113
-0.833717,2.301860
0.880310,1.414654
0.839195,1.432058
-0.339359,1.404048
0.419994,1.657051
0.654308,1.519801
0.476727,1.620812
-0.647255,1.910290
-0.692657,1.999021
-0.875916,2.401073
-0.653706,1.922652
-0.733089,2.081501
-0.462082,1.587375
-0.869247,2.385115
-0.566769,1.762562
-0.549736,1.732796
0.139103,1.870138
0.638088,1.528301
0.431087,1.649802
0.705673,1.493776
0.997429,1.368827
-0.467911,1.596655
0.035381,1.965237
-0.068020,1.070387
0.018635,1.981538
0.324093,1.723183
-0.969650,2.637022
0.189362,1.827487
0.844791,1.429647
0.066547,1.935619
-0.302391,1.353090
-0.427147,1.532878
-0.070309,1.072839
-0.689190,1.992101
0.623222,1.536214
-0.048096,1.049271
-0.201538,1.223283
0.040726,1.960092
-0.867647,2.381301
-0.241776,1.273508
0.112728,1.893394
0.701336,1.495922
-0.144444,1.155396
-0.892918,2.442245
0.357780,1.699227
-0.761082,2.140590
0.821121,1.439938
-0.745113,2.106680
-0.942156,2.565506
-0.368942,1.446204
-0.614975,1.849610
0.187820,1.828764
0.526775,1.590506
-0.488266,1.629488
0.656788,1.518514
0.267708,1.765131
0.423615,1.654676
0.803715,1.447663
-0.835712,2.306457
0.748512,1.473070
0.423042,1.655051
-0.786955,2.196697
-0.098770,1.103813
0.667999,1.512733
0.772190,1.462000
-0.921646,2.513424
0.226189,1.797568
0.437321,1.645764
-0.362633,1.437108
0.718311,1.487575
-0.083008,1.086550
-0.207382,1.230453
0.095371,1.909035
-0.458542,1.581766
-0.675781,1.965568
0.823395,1.438939
0.159809,1.852306
-0.747452,2.111612
-0.549896,1.733073
-0.705379,2.024615
0.364044,1.694860
-0.010002,1.010052
-0.742302,2.100766
0.387901,1.678479
-0.437347,1.548594
0.243412,1.783948
-0.112541,1.119118
-0.930229,2.535090
0.932495,1.393570
-0.024952,1.025266
0.683998,1.504596
0.967445,1.380053
0.194614,1.823152
-0.960871,2.613972
-0.592819,1.809081
0.782265,1.457369
0.589569,1.554566
0.197056,1.821145
-0.463577,1.589751
-0.756691,2.131212
0.924683,1.396657
0.549965,1.576970
0.055244,1.946254
-0.446190,1.562348
0.196136,1.821900
0.838459,1.432376
-0.853374,2.347555
0.393341,1.674799
-0.852871,2.346373
0.232361,1.792660
-0.464222,1.590776
-0.942020,2.565159
-0.826084,2.284356
0.420898,1.656457
-0.392990,1.481404
0.351254,1.703805
-0.075504,1.078428
-0.740566,2.097123
0.981056,1.374915
0.287968,1.749786
-0.398769,1.489990
0.206127,1.813730
-0.929764,2.533911
0.748146,1.473243
-0.936796,2.551793
-0.743610,2.103516
0.802231,1.448328
-0.472588,1.604140
0.957951,1.383678
0.578560,1.560705
0.128391,1.879509
-0.863470,2.371375
-0.667780,1.949904
-0.030548,1.031019
-0.975245,2.651816
-0.268730,1.308302
-0.968790,2.634755
-0.981823,2.669318
0.188293,1.828372
-0.848486,2.336107
-0.796673,2.218148
0.739433,1.477384
0.078743,1.924277
-0.120308,1.127844
-0.585911,1.796627
-0.332287,1.394153
-0.357666,1.429988
0.176563,1.838146
-0.638237,1.893140
-0.637718,1.892158
-0.756397,2.130586
-0.835793,2.306641
0.887714,1.411595
-0.263260,1.301165
0.638699,1.527979
-0.250149,1.284216
0.666763,1.513368
0.022900,1.977361
-0.920712,2.511076
-0.293617,1.341270
0.271477,1.762253
-0.907431,2.477948
0.170708,1.843068
-0.729298,2.073624
0.732990,1.480470
0.473076,1.623083
0.024876,1.975431
0.219955,1.802555
-0.157162,1.170185
0.759838,1.467742
-0.551735,1.736263
-0.709599,2.033175
0.525681,1.591153
