0,0.668456
1,0.335231
2,0.172525
3,0.087036
4,0.043929
5,0.022143
6,0.010674
7,0.007701
8,0.005020
9,-0.000541
10,0.000340
11,-0.000871
12,0.001768
13,-0.001350
14,-0.002875
15,-0.003995
16,0.000380
17,-0.000158
18,0.002251
19,0.000726
20,0.002527
21,-0.000564
22,-0.000814
23,-0.000451
24,0.002808
25,0.004332
26,0.000610
27,-0.002130
28,0.004005
29,0.002200
30,0.006000
31,0.000190
32,0.002708
33,0.005333
34,0.004236
35,-0.000667
36,-0.000695
37,-0.000372
38,0.001534
39,-0.002345
40,-0.000766
41,-0.000660
42,-0.002099
43,0.000002
44,-0.000130
45,-0.000856
46,0.003615
47,0.000757
48,0.002165
49,-0.000157
50,0.002992
51,0.001449
52,0.000600
53,0.001012
54,0.002280
55,0.000066
56,0.001681
57,-0.000183
58,-0.002200
59,-0.003860
60,-0.003608
61,-0.002425
62,0.002098
63,-0.001360
64,0.000686
65,-0.002653
66,0.000623
67,-0.001278
68,-0.001134
69,-0.004498
70,-0.001402
71,0.000716
72,-0.001510
73,-0.003667
74,-0.000118
75,0.002724
76,0.000263
77,0.000924
78,0.001519
79,0.004169
80,0.005040
81,0.002914
82,0.005002
83,0.001555
84,-0.003095
85,-0.002786
86,0.000217
87,0.000905
88,0.002521
89,0.000204
90,-0.001344
91,-0.001106
92,-0.000287
93,-0.001499
94,-0.000467
95,-0.001518
96,-0.000766
97,0.003214
98,0.001221
99,0.001528
100,0.002629
101,0.001725
102,0.001062
103,-0.001503
104,0.001195
105,-0.000424
106,0.004879
107,0.006050
108,0.000371
109,-0.001127
110,0.002865
111,-0.000018
112,0.001276
113,0.001384
114,-0.000791
115,-0.002979
116,-0.000018
117,-0.001511
118,0.002498
119,-0.001033
120,0.000851
121,0.000201
122,0.000074
123,-0.000694
124,0.000195
125,0.002731
126,0.000931
127,-0.001322
128,0.001147
129,0.000642
130,0.003426
131,-0.003162
132,-0.002996
133,-0.005024
134,-0.001004
135,-0.002008
136,0.000888
137,-0.002523
138,-0.000758
139,-0.002730
140,-0.001253
141,-0.004758
142,-0.001100
143,-0.001330
144,-0.000493
145,-0.001982
146,-0.000446
147,-0.003164
148,0.000480
149,-0.003283
150,0.000597
151,-0.001726
152,0.003578
153,0.001514
154,0.003211
155,0.001924
156,0.002294
157,-0.001211
158,-0.002379
159,-0.002998
160,0.000905
161,-0.001404
162,-0.000485
163,0.001090
164,0.000630
165,-0.001068
166,-0.000875
167,-0.003658
168,0.000497
169,-0.003645
170,-0.002616
171,-0.002733
172,0.000279
173,0.000403
174,0.001885
175,0.001825
176,0.004546
177,0.003336
178,0.003873
179,-0.001029
180,-0.000645
181,-0.004774
182,-0.000538
183,-0.001152
184,0.000788
185,0.000842
186,0.004945
187,-0.000772
188,0.004467
189,-0.004775
190,-0.001897
191,-0.002642
192,-0.001977
193,-0.003794
194,0.001593
195,-0.001095
196,0.002760
197,0.001484
198,-0.001924
199,-0.001248
200,-0.001250
201,-0.005149
202,-0.003515
203,-0.004115
204,-0.000546
205,0.000063
206,-0.001331
207,-0.000221
208,-0.001607
209,-0.003542
210,0.001805
211,-0.000001
212,0.001984
213,0.004568
214,0.002111
215,0.001458
216,0.002402
217,-0.003254
218,-0.001043
219,-0.002252
220,-0.001479
221,0.000918
222,0.002045
223,0.000770
224,0.001349
225,0.001069
226,0.001186
227,-0.000541
228,0.000589
229,-0.001948
230,0.000296
231,-0.000133
232,0.002334
233,0.001321
234,-0.001495
235,-0.000718
236,0.001020
237,-0.001048
238,0.002152
239,0.000961
240,0.001994
241,0.000333
242,0.000110
243,-0.001586
244,0.001696
245,-0.000556
246,0.000765
247,0.000768
248,0.001922
249,0.000726
250,-0.000083
251,0.000500
252,0.000314
253,-0.001481
254,0.001446
255,0.002431
256,0.004442
257,0.001925
258,0.001232
259,0.000716
260,-0.000723
261,-0.000896
262,0.002186
263,-0.001470
264,0.000304
265,-0.001780
266,0.000145
267,-0.002822
268,0.000837
269,0.000107
270,-0.001620
271,-0.001688
272,0.000801
273,0.000961
274,0.001027
275,0.002422
276,0.002661
277,0.001064
278,0.002900
279,0.003732
280,0.001175
281,0.000953
282,0.000351
283,-0.002011
284,0.000621
285,0.002552
286,0.003107
287,-0.002384
288,-0.000098
289,-0.001519
290,0.002473
291,0.000221
292,0.000911
293,-0.001782
294,-0.000837
295,-0.001916
296,0.000661
297,-0.000156
298,-0.001043
299,-0.003080
300,-0.001917
301,-0.001586
302,0.000996
303,0.000037
304,-0.000928
305,-0.001635
306,0.000249
307,-0.001956
308,0.000076
309,-0.001908
310,0.000409
311,-0.000489
312,0.002706
313,0.000842
314,0.000830
315,-0.000721
316,0.000385
317,-0.000380
318,0.000933
319,-0.003823
320,0.000209
321,-0.002943
322,-0.000768
323,-0.003162
324,0.000717
325,0.000100
326,-0.000802
327,-0.001304
328,-0.003456
329,-0.003074
330,0.000298
331,-0.000671
332,0.003067
333,0.000405
334,0.000844
335,-0.000341
336,0.001335
337,0.000383
338,0.003036
339,0.001897
340,0.003430
341,-0.003100
342,0.001261
343,0.000786
344,0.001678
345,0.000499
346,-0.000357
347,-0.000432
348,0.001703
349,0.001817
350,0.003250
351,0.002710
352,0.005789
353,0.004214
354,0.003032
355,-0.000434
356,0.000947
357,0.001535
358,0.002295
359,0.001841
360,0.001706
361,0.000913
362,0.001705
363,0.000097
364,-0.000492
365,-0.000782
366,0.000069
367,0.000372
368,0.001022
369,0.000308
370,0.000926
371,-0.001811
372,-0.001844
373,-0.003748
374,-0.002056
375,-0.003729
376,-0.002548
377,-0.002731
378,-0.000129
379,-0.001472
380,0.001363
381,0.001181
382,-0.001091
383,-0.001399
384,0.000221
385,-0.002181
386,-0.001425
387,0.000514
388,0.000275
389,0.001047
390,0.002328
391,-0.000093
392,0.000652
393,-0.000865
394,0.002790
395,0.000670
396,0.001888
397,-0.000871
398,-0.000510
399,-0.002237
400,0.000355
401,0.000460
402,-0.001769
403,-0.000548
404,0.001261
405,-0.000440
406,0.001467
407,0.000055
408,-0.001946
409,-0.001199
410,0.002095
411,-0.000670
412,-0.000732
413,0.001127
414,0.000732
415,0.000277
416,0.001198
417,0.002327
418,0.003156
419,0.001823
420,0.000396
421,-0.000122
422,0.003389
423,0.001555
424,0.002159
425,0.001358
426,0.001345
427,0.000094
428,0.001347
429,-0.000019
430,0.001691
431,-0.001822
432,0.001517
433,-0.001255
434,-0.001936
435,-0.001206
436,-0.000960
437,-0.004472
438,0.000354
439,-0.001366
440,0.001832
441,0.002604
442,0.002189
443,0.001469
444,0.004096
445,-0.000181
446,0.000402
447,-0.001109
448,0.001300
449,-0.000695
450,0.001389
451,-0.002075
452,0.000150
453,-0.003288
454,0.001190
455,0.001826
456,0.003173
457,-0.001176
458,0.001824
459,-0.000099
460,0.003323
461,0.000706
462,0.003817
463,0.000505
464,0.001920
465,-0.000669
466,-0.000165
467,-0.002595
468,0.001568
469,0.001618
470,0.001497
471,-0.000460
472,0.000859
473,0.000715
474,0.001687
475,-0.000479
476,0.003337
477,0.000058
478,-0.000474
479,-0.002662
480,0.001090
481,-0.001193
482,0.001119
483,-0.000738
484,0.000702
485,0.001158
486,0.002658
487,0.000509
488,0.003793
489,-0.000046
490,0.004855
491,-0.000529
492,0.002199
493,-0.002137
494,0.000972
495,-0.000268
496,0.002547
497,0.000021
498,0.000132
499,-0.004409
500,0.002187
501,-0.000204
502,0.002502
503,0.000838
504,0.004547
505,0.001813
506,0.005466
507,0.001655
508,0.003663
509,0.000365
510,-0.000979
511,0.000224
512,-0.001906
513,-0.002677
514,-0.000645
515,-0.001676
516,-0.000822
517,-0.002210
518,-0.001159
519,-0.003782
520,-0.000749
521,-0.000546
522,0.001554
523,-0.002539
524,-0.001488
525,-0.000016
526,0.003125
527,0.001155
528,-0.000539
529,-0.000807
530,0.000768
531,-0.000299
532,0.000229
533,-0.000129
534,0.002606
535,0.000826
536,-0.000168
537,-0.002410
538,-0.003541
539,-0.003332
540,-0.003575
541,-0.002254
542,-0.001113
543,-0.000217
544,-0.001305
545,0.000182
546,0.001835
547,0.000935
548,-0.001139
549,0.000117
550,-0.000672
551,-0.002291
552,-0.000388
553,0.000699
554,0.004177
555,0.000033
556,-0.000883
557,-0.001876
558,0.000086
559,-0.001332
560,-0.001949
561,-0.003274
562,-0.000062
563,0.001345
564,0.000343
565,-0.004675
566,-0.002464
567,-0.000941
568,0.001885
569,-0.000115
570,0.002017
571,0.000263
572,0.002836
573,0.000802
574,0.002358
575,0.001093
576,0.000154
577,-0.000822
578,0.001015
579,-0.001489
580,0.000826
581,-0.000400
582,0.000529
583,-0.002538
584,-0.002094
585,-0.002972
586,-0.001283
587,-0.001426
588,-0.002098
589,-0.003711
590,0.000010
591,-0.000377
592,0.001832
593,-0.001259
594,0.001420
595,0.000789
596,0.002686
597,-0.002108
598,0.000207
599,0.000669
600,0.003102
601,0.001380
602,0.003617
603,-0.000670
604,0.002338
605,-0.001807
606,0.000213
607,-0.003428
608,-0.001267
609,0.000452
610,0.002455
611,0.001490
612,0.001156
613,0.000556
614,0.001135
615,-0.000106
616,0.001150
617,-0.000308
618,0.002321
619,-0.001021
620,0.000113
621,0.000494
622,0.001433
623,0.001421
624,0.002879
625,-0.000188
626,0.001877
627,0.001454
628,0.002710
629,0.000888
630,0.002320
631,-0.001110
632,0.000524
633,-0.001813
634,-0.000551
635,-0.001619
636,0.001778
637,0.000821
638,-0.000895
639,-0.002549
640,0.000261
641,0.000390
642,-0.000295
643,-0.003130
644,-0.001204
645,-0.003464
646,-0.000045
647,-0.000054
648,0.000839
649,-0.002456
650,0.000564
651,0.002305
652,0.004726
653,0.001905
654,0.002441
655,-0.000261
656,0.001330
657,0.001409
658,-0.000854
659,-0.002931
660,-0.001216
661,-0.002794
662,-0.001179
663,-0.001294
664,0.002012
665,-0.000763
666,-0.000290
667,-0.003356
668,-0.001798
669,-0.002319
670,-0.000901
671,-0.000427
672,0.000240
673,-0.000529
674,-0.003156
675,-0.003764
676,-0.002154
677,-0.001763
678,0.002031
679,0.000995
680,0.001811
681,0.000544
682,0.002252
683,-0.000440
684,-0.001600
685,-0.001778
686,-0.002320
687,0.000243
688,0.002912
689,-0.001810
690,-0.000224
691,-0.000940
692,0.001141
693,0.000600
694,0.002459
695,0.000465
696,0.000124
697,-0.002693
698,0.000030
699,0.001329
700,-0.000238
701,-0.001670
702,0.003274
703,0.000536
704,0.001206
705,-0.001152
706,-0.000554
707,0.001865
708,0.003969
709,0.001018
710,0.003184
711,0.001252
712,0.000491
713,-0.003013
714,0.001811
715,-0.001336
716,0.000950
717,0.001939
718,0.002943
719,0.000762
720,0.001929
721,-0.000598
722,-0.000347
723,0.000776
724,0.001801
725,0.001347
726,0.003065
727,0.001171
728,0.002288
729,0.001717
730,0.000424
731,-0.002837
732,-0.000981
733,-0.000870
734,0.000648
735,-0.000610
736,-0.000513
737,-0.001471
738,-0.000168
739,-0.001343
740,0.003020
741,0.002571
742,0.002805
743,0.000651
744,0.001373
745,-0.000523
746,0.002999
747,0.001938
748,0.002329
749,0.000057
750,0.000178
751,-0.001502
752,0.001987
753,0.000261
754,0.000924
755,-0.002783
756,-0.000068
757,-0.000207
758,0.002965
759,-0.001175
760,0.002010
761,-0.001275
762,-0.000847
763,-0.002409
764,-0.001636
765,-0.003126
766,-0.001513
767,-0.001769
768,0.001173
769,-0.000056
770,0.002772
771,0.001626
772,0.000848
773,0.000070
774,0.001757
775,0.000842
776,0.000915
777,-0.001550
778,0.001172
779,-0.001211
780,0.000441
781,-0.003091
782,-0.000235
783,0.000155
784,0.002379
785,0.000866
786,-0.001684
787,-0.003870
788,0.000979
789,-0.002504
790,-0.002276
791,-0.003038
792,0.000713
793,-0.000143
794,0.002653
795,-0.000723
796,-0.001836
797,-0.004289
798,0.000264
799,-0.003352
800,0.001030
801,0.001263
802,0.002850
803,-0.002099
804,0.000433
805,-0.001526
806,0.001847
807,-0.000783
808,0.000302
809,0.001734
810,0.001949
811,0.002085
812,0.003043
813,-0.000392
814,0.000633
815,-0.000578
816,0.001611
817,-0.002596
818,0.001765
819,-0.002590
820,0.000118
821,0.000449
822,0.001294
823,0.002275
824,-0.000152
825,-0.000523
826,-0.000019
827,-0.001994
828,-0.003367
829,-0.002926
830,0.000866
831,-0.001513
832,-0.001296
833,-0.001576
834,-0.002464
835,-0.002279
836,-0.002631
837,-0.005249
838,-0.004133
839,-0.007385
840,-0.002792
841,-0.000962
842,-0.001308
843,-0.002119
844,0.000275
845,0.000121
846,-0.000543
847,-0.001078
848,0.000069
849,0.001165
850,0.002584
851,0.002575
852,-0.000286
853,-0.001256
854,-0.002375
855,-0.001786
856,0.001460
857,0.000484
858,0.001477
859,-0.000926
860,-0.000280
861,0.000662
862,0.001468
863,-0.000230
864,0.000887
865,0.000787
866,-0.001097
867,-0.003189
868,0.000725
869,-0.000262
870,0.001102
871,0.000784
872,-0.000132
873,-0.000326
874,0.002623
875,-0.000715
876,-0.002394
877,-0.002046
878,0.000130
879,-0.001067
880,0.000513
881,0.000231
882,0.002482
883,-0.001246
884,0.002867
885,0.001837
886,0.000757
887,-0.000220
888,0.002261
889,0.002531
890,-0.000614
891,-0.002624
892,0.000378
893,0.003473
894,0.002645
895,-0.001646
896,-0.000475
897,0.000015
898,0.000653
899,-0.000491
900,0.001874
901,-0.001510
902,0.002078
903,-0.001534
904,0.001435
905,0.000408
906,0.004640
907,0.001023
908,-0.000707
909,0.000673
910,0.002770
911,0.002860
912,0.002311
913,0.000086
914,0.001144
915,-0.002163
916,0.001865
917,-0.000715
918,0.000663
919,-0.000537
920,0.000023
921,-0.000993
922,0.000915
923,0.000391
924,0.001284
925,-0.001201
926,0.002034
927,0.001715
928,0.002445
929,-0.002641
930,0.001680
931,-0.000332
932,0.001400
933,-0.001577
934,-0.000144
935,0.000695
936,0.001504
937,-0.001345
938,0.000567
939,-0.001960
940,0.000494
941,-0.004170
942,-0.001307
943,-0.003225
944,0.000392
945,-0.001683
946,-0.001774
947,-0.002633
948,-0.001040
949,-0.003268
950,0.000208
951,0.001105
952,-0.001755
953,-0.004195
954,-0.000823
955,-0.002784
956,-0.001116
957,-0.001983
958,0.000078
959,-0.002147
960,-0.001477
961,-0.002739
962,-0.001206
963,-0.001575
964,-0.002774
965,-0.002955
966,-0.000626
967,-0.001240
968,0.000964
969,0.001158
970,0.001169
971,-0.002258
972,0.001534
973,-0.000978
974,-0.000292
975,0.000999
976,0.001845
977,-0.001162
978,0.000360
979,0.000215
980,0.000316
981,-0.001793
982,0.002742
983,0.001758
984,0.003041
985,0.001190
986,0.000996
987,-0.001122
988,0.000904
989,-0.001533
990,0.001033
991,-0.001060
992,0.001668
993,0.000331
994,0.000133
995,-0.002952
996,-0.004493
997,-0.001450
998,0.001960
999,-0.000528
