0,0.668456
1,0.333689
2,0.170801
3,0.085779
4,0.041613
5,0.020641
6,0.009804
7,0.006025
8,0.001998
9,-0.001218
10,0.001599
11,0.001357
12,0.001178
13,0.000021
14,0.001148
15,-0.000871
16,0.000587
17,-0.001306
18,-0.001111
19,-0.000911
20,0.003383
21,0.001045
22,0.002269
23,-0.001952
24,-0.003713
25,-0.000750
26,-0.000633
27,-0.000923
28,-0.000916
29,0.003478
30,0.005988
31,0.000777
32,-0.000008
33,-0.000617
34,-0.002065
35,-0.002507
36,0.000860
37,-0.002175
38,0.000231
39,0.001605
40,-0.000579
41,-0.002814
42,0.000448
43,0.002888
44,0.002305
45,0.001295
46,-0.001830
47,-0.004231
48,-0.001039
49,-0.001093
50,-0.001313
51,-0.005029
52,-0.003411
53,-0.001271
54,-0.000929
55,-0.002409
56,-0.002954
57,-0.005269
58,-0.005479
59,-0.003245
60,-0.002282
61,-0.003617
62,-0.002441
63,-0.003424
64,-0.000622
65,-0.000414
66,-0.000631
67,-0.001595
68,-0.002719
69,-0.002783
70,-0.001830
71,-0.001084
72,-0.000723
73,-0.004671
74,-0.001264
75,-0.001243
76,-0.000909
77,-0.000349
78,0.001462
79,0.001419
80,-0.000122
81,-0.002575
82,-0.003511
83,-0.000279
84,-0.000693
85,-0.000798
86,-0.001302
87,-0.000519
88,-0.001341
89,-0.001763
90,-0.001496
91,-0.002979
92,-0.003955
93,-0.000749
94,-0.001967
95,-0.000353
96,0.002773
97,0.000175
98,-0.000601
99,-0.004156
100,-0.003972
101,-0.002175
102,-0.001039
103,-0.004604
104,-0.002105
105,-0.001478
106,-0.001132
107,-0.001503
108,-0.002130
109,-0.001558
110,-0.000556
111,0.001982
112,-0.004448
113,-0.000376
114,-0.000735
115,0.001068
116,-0.000395
117,0.002599
118,-0.000595
119,-0.000492
120,-0.000919
121,-0.003344
122,0.000304
123,0.000480
124,-0.000023
125,-0.002062
126,0.001709
127,-0.000764
128,-0.000567
129,0.001728
130,-0.001724
131,0.001206
132,0.000051
133,0.002202
134,0.000774
135,0.000793
136,0.002617
137,-0.000011
138,-0.001374
139,-0.000238
140,0.000345
141,0.002092
142,-0.000031
143,-0.002104
144,-0.004258
145,-0.003913
146,-0.001852
147,-0.000695
148,-0.002173
149,0.001646
150,0.001738
151,0.001161
152,0.002871
153,0.002637
154,0.004007
155,-0.000013
156,-0.000995
157,-0.001609
158,-0.002977
159,-0.000501
160,-0.003122
161,-0.001889
162,0.000278
163,0.000290
164,-0.001974
165,0.001133
166,-0.002136
167,0.000339
168,0.002604
169,0.001848
170,0.001204
171,0.001605
172,-0.001249
173,-0.000050
174,-0.001315
175,-0.003307
176,-0.002244
177,-0.002037
178,0.001089
179,-0.003531
180,-0.002490
181,-0.001378
182,0.000299
183,0.002862
184,0.000244
185,-0.001013
186,-0.000459
187,-0.001347
188,0.000356
189,0.003774
190,0.003574
191,-0.000789
192,-0.000327
193,-0.003376
194,-0.002644
195,-0.002781
196,-0.000362
197,0.000346
198,0.000729
199,0.001806
200,0.004356
201,-0.000607
202,-0.000062
203,0.001619
204,-0.002301
205,-0.001299
206,-0.000824
207,0.001619
208,0.001602
209,0.000484
210,0.002759
211,0.002331
212,-0.000651
213,0.003132
214,0.002656
215,0.002950
216,0.001937
217,-0.001999
218,0.000686
219,0.000281
220,-0.005134
221,-0.002343
222,-0.003200
223,-0.001742
224,-0.000325
225,-0.001805
226,0.000467
227,0.000308
228,0.001879
229,-0.001230
230,-0.001996
231,-0.000143
232,0.001623
233,0.001752
234,-0.000378
235,-0.002450
236,-0.003497
237,-0.002178
238,-0.000963
239,0.000150
240,-0.000580
241,0.002250
242,-0.003297
243,-0.000747
244,-0.001453
245,-0.002370
246,-0.002825
247,0.001783
248,-0.000888
249,-0.004181
250,-0.003993
251,-0.002364
252,-0.003651
253,-0.000698
254,0.003151
255,0.000708
256,0.002778
257,0.000270
258,0.001921
259,0.002345
260,0.003160
261,0.004056
262,0.004006
263,0.002313
264,0.000272
265,0.001910
266,0.001830
267,0.002952
268,-0.000683
269,0.000330
270,0.002198
271,-0.000345
272,0.000306
273,0.000070
274,0.000855
275,-0.001542
276,-0.001597
277,-0.001184
278,0.000648
279,0.002457
280,0.004344
281,0.002185
282,0.000274
283,-0.002716
284,-0.003063
285,-0.003073
286,-0.003096
287,-0.003070
288,-0.001050
289,0.000056
290,-0.001035
291,-0.000664
292,0.000290
293,-0.000853
294,0.002285
295,0.004085
296,0.000174
297,0.000065
298,-0.000853
299,0.000057
300,-0.001227
301,0.002280
302,0.000221
303,0.001017
304,0.001578
305,0.000911
306,-0.000195
307,-0.003392
308,-0.000505
309,0.000218
310,-0.000110
311,-0.001740
312,-0.001090
313,0.002664
314,0.005624
315,-0.000905
316,-0.000269
317,0.002855
318,0.000857
319,0.003239
320,0.003770
321,0.004578
322,-0.000671
323,0.002170
324,0.002575
325,-0.001717
326,0.000434
327,0.000594
328,0.000786
329,0.002587
330,0.002075
331,0.003919
332,0.005187
333,0.006296
334,0.001075
335,0.002135
336,0.002783
337,0.004110
338,0.005433
339,0.002468
340,0.001620
341,0.004131
342,-0.000412
343,0.000156
344,-0.002143
345,-0.000477
346,-0.002356
347,-0.000327
348,-0.002225
349,-0.001977
350,-0.002048
351,-0.004527
352,-0.002714
353,0.000666
354,-0.002539
355,-0.002354
356,-0.002412
357,-0.001362
358,0.000933
359,0.000982
360,0.005334
361,-0.000198
362,-0.001933
363,0.002402
364,0.001460
365,0.003179
366,0.000693
367,0.000194
368,-0.000173
369,0.000811
370,0.001417
371,0.001909
372,0.000099
373,0.000173
374,-0.001263
375,0.000995
376,0.001550
377,0.002284
378,0.000668
379,0.001596
380,0.001514
381,0.002212
382,0.001002
383,0.001467
384,-0.000684
385,-0.002146
386,-0.000163
387,-0.000901
388,-0.001965
389,-0.002551
390,-0.001165
391,0.001404
392,-0.000473
393,0.001737
394,0.001889
395,0.000969
396,0.003470
397,-0.002055
398,0.000485
399,0.001279
400,-0.000247
401,0.002672
402,0.004620
403,0.003149
404,-0.000514
405,-0.002760
406,0.001183
407,-0.004517
408,-0.002897
409,0.001695
410,0.001899
411,0.003057
412,0.001176
413,-0.000434
414,-0.000157
415,0.000832
416,-0.001169
417,-0.003833
418,-0.000262
419,-0.001433
420,-0.000945
421,-0.002129
422,-0.001693
423,-0.002771
424,-0.000971
425,-0.000802
426,-0.001816
427,-0.003394
428,-0.003164
429,-0.002783
430,-0.002667
431,0.000885
432,-0.001846
433,0.001106
434,-0.001463
435,0.001393
436,0.001201
437,0.002211
438,0.002965
439,0.002294
440,0.003290
441,0.002341
442,0.002284
443,-0.001661
444,0.000123
445,-0.000467
446,0.001279
447,-0.001194
448,-0.003013
449,-0.003997
450,-0.002830
451,0.000483
452,-0.005052
453,-0.002673
454,-0.003919
455,-0.002101
456,-0.000426
457,-0.001001
458,0.003294
459,0.002811
460,0.002436
461,0.002932
462,-0.000206
463,0.000520
464,-0.001944
465,0.002972
466,0.002549
467,-0.001172
468,0.000373
469,0.001516
470,0.001065
471,-0.000668
472,0.001293
473,0.001451
474,0.001864
475,0.000338
476,-0.002354
477,-0.001033
478,0.003331
479,-0.001486
480,-0.000566
481,-0.001097
482,-0.001911
483,0.002017
484,0.002443
485,0.002975
486,0.001603
487,-0.000642
488,0.002019
489,0.003170
490,0.000031
491,0.000954
492,0.002708
493,0.002960
494,0.004082
495,0.001487
496,0.002253
497,0.001860
498,0.002597
499,0.003917
500,0.002147
501,0.000942
502,0.000856
503,0.001108
504,-0.002410
505,-0.003658
506,-0.000973
507,-0.001381
508,-0.001363
509,-0.001497
510,0.002419
511,-0.000158
512,0.001071
513,0.002552
514,0.001211
515,-0.003176
516,-0.000461
517,0.001112
518,0.001967
519,-0.000676
520,-0.004640
521,-0.005516
522,-0.001593
523,-0.002448
524,-0.001107
525,-0.003202
526,-0.001160
527,0.001639
528,0.003221
529,0.000166
530,-0.002418
531,-0.006534
532,-0.002218
533,0.002720
534,0.000772
535,0.000553
536,0.002998
537,0.004979
538,0.001680
539,-0.000631
540,0.000312
541,0.000917
542,0.000177
543,-0.000194
544,-0.000033
545,-0.003003
546,-0.003938
547,-0.001490
548,-0.001684
549,0.001646
550,0.001314
551,0.001301
552,0.001894
553,0.004861
554,0.003628
555,0.003053
556,0.001284
557,0.000146
558,-0.000188
559,-0.001206
560,-0.000779
561,-0.001116
562,-0.000302
563,0.000755
564,-0.003514
565,-0.003389
566,-0.001091
567,-0.000710
568,-0.002441
569,-0.000114
570,-0.003060
571,-0.001922
572,0.000691
573,0.002934
574,0.002465
575,-0.002064
576,-0.002597
577,-0.004001
578,-0.002736
579,-0.004048
580,-0.002715
581,0.001695
582,0.001496
583,0.002570
584,0.001922
585,0.000997
586,0.000078
587,0.002883
588,0.004572
589,0.001402
590,0.001160
591,-0.000567
592,0.001587
593,0.000799
594,-0.003097
595,0.000070
596,0.000031
597,-0.004842
598,0.000275
599,0.001649
600,0.001275
601,0.001140
602,-0.000473
603,0.000555
604,0.000745
605,0.000120
606,-0.003826
607,-0.004100
608,-0.000489
609,-0.000324
610,0.001438
611,-0.002393
612,-0.002271
613,0.001501
614,-0.001289
615,-0.000760
616,-0.000453
617,-0.004206
618,0.001113
619,0.002474
620,0.001807
621,0.003343
622,0.003244
623,0.000286
624,0.004331
625,0.003301
626,0.003302
627,0.001122
628,0.001012
629,0.000861
630,0.001733
631,0.001275
632,0.001266
633,-0.001804
634,0.001833
635,-0.004162
636,-0.000919
637,-0.001058
638,-0.005011
639,-0.002500
640,0.001357
641,0.001370
642,-0.000400
643,-0.004989
644,-0.003480
645,0.000217
646,-0.000936
647,-0.000489
648,-0.001001
649,0.002358
650,0.001004
651,0.001335
652,0.002987
653,0.002484
654,0.001065
655,-0.001179
656,0.001389
657,0.001785
658,0.001305
659,-0.003887
660,-0.000155
661,0.001891
662,0.001624
663,0.000651
664,-0.000771
665,-0.002356
666,-0.000209
667,0.001642
668,-0.000656
669,-0.002806
670,-0.001268
671,-0.002122
672,-0.001518
673,-0.005191
674,-0.003857
675,-0.003544
676,-0.001199
677,-0.001360
678,0.000380
679,-0.002690
680,-0.001647
681,-0.001214
682,-0.003154
683,0.000615
684,-0.001808
685,-0.004091
686,-0.005627
687,-0.001515
688,-0.003309
689,-0.003369
690,-0.002791
691,-0.003490
692,-0.000340
693,0.001498
694,0.000296
695,0.000545
696,0.001600
697,-0.000578
698,0.001154
699,0.004792
700,0.001454
701,0.003502
702,0.001325
703,0.004042
704,0.004132
705,0.000269
706,0.002694
707,0.004938
708,0.000719
709,0.000953
710,0.001606
711,-0.001403
712,-0.000778
713,0.000655
714,-0.000684
715,-0.001630
716,-0.003502
717,-0.002370
718,-0.004566
719,0.000716
720,-0.001224
721,0.000254
722,-0.003096
723,-0.001857
724,-0.001550
725,0.002431
726,-0.003538
727,0.000055
728,-0.004085
729,-0.003628
730,0.000588
731,-0.000152
732,-0.003426
733,-0.000599
734,-0.001030
735,-0.002205
736,-0.003663
737,0.000499
738,-0.001336
739,-0.001747
740,-0.001741
741,-0.001744
742,0.000903
743,0.004885
744,0.002714
745,0.000224
746,-0.000090
747,0.000235
748,-0.001645
749,-0.000909
750,-0.001208
751,0.002350
752,0.003379
753,0.002843
754,0.001501
755,0.001166
756,0.002890
757,0.003414
758,0.003087
759,0.001985
760,-0.000180
761,0.000000
762,-0.001950
763,-0.000896
764,-0.001472
765,-0.000152
766,0.001284
767,0.001982
768,-0.001359
769,0.002581
770,0.002671
771,0.001918
772,0.003020
773,0.005131
774,-0.000885
775,0.001222
776,0.000276
777,0.000670
778,0.001283
779,-0.004146
780,-0.004216
781,0.000149
782,-0.002467
783,-0.004164
784,-0.000744
785,0.003047
786,0.000623
787,0.001651
788,0.000778
789,-0.001529
790,0.000136
791,-0.000219
792,0.000376
793,-0.002337
794,-0.000199
795,0.005684
796,0.003258
797,0.003020
798,-0.000483
799,-0.001649
800,-0.000115
801,-0.000340
802,0.000290
803,0.004480
804,0.000581
805,0.001908
806,-0.002077
807,0.000634
808,0.001080
809,0.000601
810,-0.000109
811,-0.000489
812,-0.000607
813,0.001269
814,-0.001545
815,-0.004109
816,-0.003352
817,-0.002722
818,-0.001655
819,-0.003300
820,-0.000702
821,0.001873
822,-0.000238
823,0.000355
824,0.001542
825,-0.001503
826,0.002451
827,-0.000178
828,0.000724
829,-0.001874
830,0.001030
831,-0.000195
832,0.000343
833,0.001518
834,-0.001637
835,-0.001828
836,0.003166
837,0.000447
838,0.001731
839,0.000170
840,0.001278
841,-0.000148
842,0.001428
843,0.004542
844,0.001996
845,0.004366
846,0.001366
847,0.000251
848,0.002819
849,0.002209
850,0.001675
851,0.001763
852,0.000454
853,0.000739
854,-0.000712
855,-0.000913
856,0.001068
857,0.000529
858,-0.002166
859,-0.004572
860,-0.003470
861,-0.002653
862,0.004312
863,0.000235
864,-0.002317
865,-0.001116
866,-0.001032
867,-0.001709
868,-0.003858
869,0.000781
870,-0.001161
871,0.001833
872,-0.002229
873,-0.000654
874,0.001171
875,0.000378
876,-0.004188
877,-0.000184
878,0.000679
879,0.000054
880,-0.000082
881,0.000168
882,-0.000505
883,0.000173
884,-0.002952
885,0.003134
886,0.000759
887,-0.000171
888,-0.000912
889,-0.002349
890,-0.000316
891,0.001216
892,0.001932
893,-0.001318
894,-0.001217
895,-0.001315
896,-0.000634
897,0.003373
898,-0.000299
899,-0.000518
900,0.000472
901,-0.004924
902,0.001991
903,0.002206
904,-0.003186
905,-0.002264
906,-0.002301
907,0.001081
908,0.002203
909,0.002355
910,0.000226
911,0.002136
912,-0.001721
913,0.002476
914,0.004414
915,0.000889
916,-0.001678
917,-0.003910
918,0.000807
919,0.000202
920,0.001165
921,-0.001808
922,0.000502
923,0.000555
924,0.000865
925,0.002198
926,0.001893
927,-0.000470
928,-0.001073
929,-0.002714
930,-0.000737
931,-0.000442
932,-0.000664
933,-0.002691
934,-0.000477
935,0.003507
936,0.004688
937,0.000246
938,-0.001098
939,0.001146
940,0.001607
941,-0.000320
942,-0.000670
943,-0.002770
944,-0.000143
945,-0.000291
946,0.000998
947,0.000872
948,0.000675
949,0.001463
950,0.003694
951,0.002155
952,0.000738
953,-0.001015
954,-0.004795
955,-0.000449
956,-0.002972
957,-0.001336
958,0.001445
959,0.001412
960,0.003194
961,-0.000184
962,0.002929
963,0.002515
964,0.000466
965,0.000404
966,0.001165
967,-0.000210
968,-0.000540
969,0.000239
970,0.001815
971,-0.001810
972,-0.002361
973,-0.001775
974,-0.003807
975,-0.002093
976,0.002968
977,0.001075
978,-0.000850
979,0.000912
980,0.000882
981,0.001945
982,0.006395
983,0.003284
984,0.002992
985,-0.000046
986,0.002765
987,0.001906
988,0.003195
989,0.001068
990,0.001173
991,-0.000777
992,0.000442
993,0.004221
994,0.002977
995,0.003668
996,0.001181
997,-0.004857
998,-0.001922
999,-0.001681
