1.000000,1.000000
1.221479,1.390715
1.221479,1.390715
1.221479,1.390715
1.359633,1.344220
0.915522,1.171762
0.915522,1.171762
0.997162,1.303539
0.997162,1.303539
0.997162,1.303539
0.997162,1.303539
1.399721,1.102646
1.399721,1.102646
1.399721,1.102646
1.399721,1.102646
1.399721,1.102646
1.490283,1.191195
1.490283,1.191195
1.825600,0.864256
1.731340,0.623973
1.731340,0.623973
1.554615,0.411097
1.554615,0.411097
1.554615,0.411097
1.554615,0.411097
1.554615,0.411097
1.554615,0.411097
1.554615,0.411097
1.594876,1.084172
1.594876,1.084172
1.594876,1.084172
1.594876,1.084172
1.594876,1.084172
1.594876,1.084172
1.878589,1.453017
2.023413,1.494014
2.023413,1.494014
1.451034,1.522645
1.451034,1.522645
1.451034,1.522645
1.451034,1.522645
1.451034,1.522645
1.451034,1.522645
1.381041,1.153126
1.381041,1.153126
1.381041,1.153126
1.381041,1.153126
1.381041,1.153126
1.381041,1.153126
0.859152,1.764844
0.859152,1.764844
1.278378,1.703345
1.278378,1.703345
1.278378,1.703345
1.278378,1.703345
1.278378,1.703345
1.278378,1.703345
1.278378,1.703345
1.278378,1.703345
0.346481,1.299659
0.346481,1.299659
0.346481,1.299659
0.346481,1.299659
0.346481,1.299659
0.346481,1.299659
1.056822,2.015385
1.056822,2.015385
1.982450,1.042973
1.982450,1.042973
1.982450,1.042973
1.592037,1.373921
0.802596,1.232059
1.106274,1.154732
1.106274,1.154732
1.106274,1.154732
1.106274,1.154732
1.106274,1.154732
1.571941,1.615271
1.571941,1.615271
0.621022,1.511116
1.091615,0.775189
1.112717,1.436386
1.112717,1.436386
1.107810,0.968016
0.704537,1.158656
1.113198,1.511673
1.113198,1.511673
1.543706,1.073177
1.543706,1.073177
1.869544,1.424338
1.869544,1.424338
1.869544,1.424338
1.869544,1.424338
1.869544,1.424338
1.869544,1.424338
1.411426,1.838058
1.411426,1.838058
1.411426,1.838058
0.567197,0.881387
0.567197,0.881387
1.301495,0.229250
1.301495,0.229250
1.439936,1.012047
1.439936,1.012047
1.439936,1.012047
1.439936,1.012047
1.439936,1.012047
1.439936,1.012047
1.439936,1.012047
1.439936,1.012047
1.439936,1.012047
1.439936,1.012047
1.439936,1.012047
1.439936,1.012047
1.772670,1.259466
1.772670,1.259466
1.772670,1.259466
1.772670,1.259466
1.772670,1.259466
1.772670,1.259466
1.772670,1.259466
1.772670,1.259466
1.772670,1.259466
1.772670,1.259466
1.242497,0.642219
1.286667,1.013735
1.286667,1.013735
1.158247,0.658944
1.158247,0.658944
0.756789,1.349853
0.756789,1.349853
1.449255,1.632128
1.449255,1.632128
0.956938,1.264188
0.956938,1.264188
0.956938,1.264188
0.925885,1.353715
0.925885,1.353715
1.687736,1.784920
1.687736,1.784920
0.990475,0.914442
0.990475,0.914442
0.551580,0.398775
0.148560,0.852533
0.148560,0.852533
-0.811056,0.575232
-0.811056,0.575232
-0.826759,0.657124
-0.826759,0.657124
-0.826759,0.657124
-0.508529,1.158642
-0.508529,1.158642
-0.508529,1.158642
-0.072670,0.629116
0.764297,1.533027
0.764297,1.533027
0.764297,1.533027
0.764297,1.533027
0.983142,1.671964
0.983142,1.671964
0.983142,1.671964
0.983142,1.671964
1.682248,1.549170
1.682248,1.549170
1.682248,1.549170
1.606211,1.581952
1.606211,1.581952
1.606211,1.581952
1.606211,1.581952
1.245128,0.861526
1.245128,0.861526
1.026866,0.539596
1.239043,0.593295
1.519420,0.889334
1.519420,0.889334
1.519420,0.889334
1.519420,0.889334
0.665147,1.117424
0.665147,1.117424
1.050715,1.364953
1.050715,1.364953
1.050715,1.364953
1.324400,1.198148
1.324400,1.198148
1.324400,1.198148
1.324400,1.198148
1.324400,1.198148
1.457704,1.639141
0.955136,0.973885
0.955136,0.973885
0.955136,0.973885
0.955136,0.973885
1.394163,1.696103
1.650511,2.143240
0.870662,1.224569
1.300348,0.947565
1.179131,1.657079
1.179131,1.657079
1.179131,1.657079
1.179131,1.657079
1.179131,1.657079
1.179131,1.657079
1.179131,1.657079
1.179131,1.657079
1.179131,1.657079
0.891282,1.773045
0.891282,1.773045
0.891282,1.773045
1.230852,0.936718
1.230852,0.936718
0.740600,1.268145
1.285295,1.958058
1.285295,1.958058
0.405387,1.336286
0.405387,1.336286
1.238530,1.970272
1.238530,1.970272
1.238530,1.970272
1.238530,1.970272
1.238530,1.970272
1.238530,1.970272
1.123907,1.500220
1.184503,1.944157
1.441126,1.009180
1.441126,1.009180
0.987031,1.031617
0.987031,1.031617
1.344203,2.017585
1.344203,2.017585
1.460576,1.903468
1.460576,1.903468
1.460576,1.903468
1.588249,1.703809
1.588249,1.703809
1.588249,1.703809
1.279654,1.145648
1.357593,1.070436
1.050225,1.135542
1.050225,1.135542
1.050225,1.135542
0.671701,1.273055
0.671701,1.273055
0.671701,1.273055
1.288747,1.971192
0.956022,1.862504
0.780326,0.933820
1.131236,0.682686
1.131236,0.682686
1.131236,0.682686
1.131236,0.682686
1.131236,0.682686
1.131236,0.682686
0.576705,0.673010
0.576705,0.673010
0.576705,0.673010
0.774300,1.657464
0.564925,0.702448
0.564925,0.702448
1.308946,1.450689
1.308946,1.450689
1.308946,1.450689
1.502912,1.441680
1.179126,1.571341
1.179126,1.571341
1.179126,1.571341
1.179126,1.571341
1.440897,1.159350
1.144715,1.223675
1.686580,0.344461
1.399444,0.447263
1.399444,0.447263
1.399444,0.447263
1.399444,0.447263
1.399444,0.447263
1.399444,0.447263
0.455347,1.014210
0.990156,1.559711
0.990156,1.559711
0.990156,1.559711
0.990156,1.559711
0.582776,0.716077
0.582776,0.716077
0.501155,0.908296
0.501155,0.908296
-0.382168,0.899093
-0.597494,-0.076702
-0.201081,0.427589
0.272523,0.297857
0.445945,0.998187
0.445945,0.998187
0.440968,1.349960
0.440968,1.349960
0.440968,1.349960
1.134683,0.612837
1.469437,0.824554
1.567543,1.687887
1.567543,1.687887
1.567543,1.687887
1.242328,1.808299
1.242328,1.808299
0.870095,1.682346
0.870095,1.682346
1.789451,1.301403
1.789451,1.301403
1.789451,1.301403
1.789451,1.301403
0.883944,0.449337
0.883944,0.449337
0.883944,0.449337
0.883944,0.449337
0.883944,0.449337
0.883944,0.449337
0.883944,0.449337
0.883944,0.449337
0.883944,0.449337
1.269884,0.936705
1.269884,0.936705
1.269884,0.936705
1.269884,0.936705
0.397169,1.222728
0.397169,1.222728
0.397169,1.222728
1.328694,1.359167
1.592261,1.123292
1.225655,1.583973
1.225655,1.583973
1.225655,1.583973
1.225655,1.583973
1.225655,1.583973
1.104397,1.606082
1.104397,1.606082
1.104397,1.606082
1.104397,1.606082
1.104397,1.606082
1.104397,1.606082
1.104397,1.606082
1.512558,1.564802
1.512558,1.564802
1.512558,1.564802
0.937171,1.030454
0.922485,0.204197
0.922485,0.204197
0.807805,0.777152
0.960814,0.400258
1.326051,0.943700
0.415808,0.488239
0.766569,-0.269916
0.873435,-0.174936
-0.088207,-0.487911
0.063112,-1.281288
0.265783,-0.990442
0.328432,-0.049310
-0.186089,0.405608
-0.285575,0.340141
-0.285575,0.340141
-1.201436,-0.536598
-1.201436,-0.536598
-1.201436,-0.536598
-1.727072,-0.900809
-1.727072,-0.900809
-1.741166,-1.770656
-1.741166,-1.770656
-1.741166,-1.770656
-1.741166,-1.770656
-1.741166,-1.770656
-0.790847,-1.768763
-1.100119,-1.705823
-1.201015,-1.463540
-1.201015,-1.463540
-1.201015,-1.463540
-0.969334,-1.604337
-0.969334,-1.604337
-0.969334,-1.604337
-0.966365,-1.695776
-0.966365,-1.695776
-0.966365,-1.695776
-0.966365,-1.695776
-1.747097,-1.457751
-1.747097,-1.457751
-1.747097,-1.457751
-1.747097,-1.457751
-1.481130,-1.351150
-1.481130,-1.351150
-1.481130,-1.351150
-1.481130,-1.351150
-1.481130,-1.351150
-1.481130,-1.351150
-1.481130,-1.351150
-1.481130,-1.351150
-1.481130,-1.351150
-1.481130,-1.351150
-1.481130,-1.351150
-1.481130,-1.351150
-1.481130,-1.351150
-1.481130,-1.351150
-1.481130,-1.351150
-1.553242,-1.342248
-1.553242,-1.342248
-1.667337,-0.927680
-1.667337,-0.927680
-1.667337,-0.927680
-1.667337,-0.927680
-1.667337,-0.927680
-1.667337,-0.927680
-1.667337,-0.927680
-1.408054,-1.155900
-1.408054,-1.155900
-1.408054,-1.155900
-0.957203,-1.718566
-0.957203,-1.718566
-0.957203,-1.718566
-0.957203,-1.718566
-0.957203,-1.718566
-0.957203,-1.718566
-1.576899,-0.935831
-0.778682,-1.305070
-0.778682,-1.305070
-0.839733,-1.388560
-0.839733,-1.388560
-1.565953,-0.972255
-0.712487,-0.771207
-0.712487,-0.771207
-0.712487,-0.771207
-0.712487,-0.771207
-0.712487,-0.771207
-1.033647,-0.502043
-0.391449,-1.084140
0.305923,-0.356747
1.128221,0.004433
0.699501,0.513921
1.684955,1.035426
1.684955,1.035426
1.684955,1.035426
1.684955,1.035426
1.684955,1.035426
1.249454,1.573662
1.249454,1.573662
1.249454,1.573662
0.557937,1.250669
1.429150,1.721521
1.429150,1.721521
1.429150,1.721521
1.429150,1.721521
0.715613,1.315838
0.715613,1.315838
0.715613,1.315838
0.715613,1.315838
1.275231,0.808829
1.578456,1.112375
1.763536,1.745530
0.896984,1.614975
0.896984,1.614975
0.958640,1.856404
0.958640,1.856404
1.440305,1.212019
1.440305,1.212019
1.440305,1.212019
1.800957,0.685039
1.301028,0.378658
1.301028,0.378658
0.313933,0.270689
0.007028,0.120981
0.996473,-0.276670
1.064088,0.124066
0.633712,0.803501
0.963392,1.726795
1.659294,1.754684
1.659294,1.754684
1.659294,1.754684
1.659294,1.754684
0.981707,1.544269
1.070968,1.758288
1.271494,2.002661
1.498126,1.008385
1.498126,1.008385
1.498126,1.008385
1.498126,1.008385
1.498126,1.008385
1.498126,1.008385
1.498126,1.008385
1.498126,1.008385
1.498126,1.008385
1.498126,1.008385
1.498126,1.008385
0.931692,0.952296
0.931692,0.952296
0.470815,0.992978
1.412054,0.390391
1.412054,0.390391
1.125070,1.045904
1.125070,1.045904
1.375553,0.917212
1.375553,0.917212
1.093558,1.421550
1.704272,1.702947
1.704272,1.702947
0.804399,1.530493
1.348682,1.295901
1.348682,1.295901
0.825323,1.197220
0.825323,1.197220
1.712617,1.945787
1.712617,1.945787
1.712617,1.945787
1.339784,1.745653
1.339784,1.745653
1.339784,1.745653
1.339784,1.745653
1.914988,1.201655
1.688295,1.171523
1.600515,1.859649
1.600515,1.859649
1.600515,1.859649
1.600515,1.859649
1.600515,1.859649
1.600515,1.859649
0.907178,0.941625
1.318338,1.309159
1.318338,1.309159
1.318338,1.309159
1.318338,1.309159
1.318338,1.309159
1.318338,1.309159
1.318338,1.309159
1.318338,1.309159
1.318338,1.309159
1.318338,1.309159
1.318338,1.309159
1.337378,1.305692
1.337378,1.305692
1.337378,1.305692
1.337378,1.305692
1.337378,1.305692
1.659056,1.749281
1.175423,1.342643
1.175423,1.342643
1.152702,1.456027
1.152702,1.456027
1.152702,1.456027
1.152702,1.456027
1.152702,1.456027
1.152702,1.456027
1.152702,1.456027
1.152702,1.456027
1.152702,1.456027
1.152702,1.456027
1.152702,1.456027
1.152702,1.456027
1.056774,1.207438
1.601762,0.820779
1.601762,0.820779
2.004708,1.120265
2.004708,1.120265
2.004708,1.120265
1.394340,0.674318
1.394340,0.674318
1.394340,0.674318
1.760399,1.017825
1.760399,1.017825
1.760399,1.017825
1.760399,1.017825
1.760399,1.017825
1.636635,0.921951
1.881692,1.594629
1.778411,1.750467
1.465441,1.667747
1.465441,1.667747
1.465441,1.667747
1.465441,1.667747
1.062730,1.309808
1.171476,0.990841
1.171476,0.990841
1.754936,1.211813
1.754936,1.211813
1.754936,1.211813
1.754936,1.211813
1.754936,1.211813
1.637246,1.187244
1.637246,1.187244
1.549117,2.004592
1.549117,2.004592
1.937960,1.298028
1.937960,1.298028
1.937960,1.298028
1.937960,1.298028
1.937960,1.298028
1.937960,1.298028
1.937960,1.298028
1.659717,0.866654
1.659717,0.866654
1.659717,0.866654
1.571548,1.013032
1.571548,1.013032
1.571548,1.013032
1.571548,1.013032
1.571548,1.013032
1.020185,0.256633
1.020185,0.256633
1.604735,0.784813
1.604735,0.784813
0.992478,0.572964
1.391393,1.134551
1.391393,1.134551
1.391393,1.134551
1.391393,1.134551
1.391393,1.134551
1.391393,1.134551
1.391393,1.134551
1.709733,1.478475
1.709733,1.478475
1.709733,1.478475
1.312489,1.003583
1.312489,1.003583
1.312489,1.003583
1.408196,1.545165
1.408196,1.545165
1.682265,1.831796
1.682265,1.831796
1.682265,1.831796
1.682265,1.831796
1.682265,1.831796
1.682265,1.831796
1.682265,1.831796
1.593910,0.848283
1.593910,0.848283
0.891832,1.017944
0.891832,1.017944
1.587884,1.563936
0.873280,1.225019
0.873280,1.225019
0.873280,1.225019
0.873280,1.225019
0.873280,1.225019
0.873280,1.225019
0.873280,1.225019
0.873280,1.225019
0.873280,1.225019
0.873280,1.225019
1.056557,1.546850
1.056557,1.546850
1.056557,1.546850
1.056557,1.546850
1.447081,1.094778
1.447081,1.094778
1.447081,1.094778
1.056888,1.108721
1.056888,1.108721
0.926142,1.663250
0.926142,1.663250
0.926142,1.663250
0.926142,1.663250
0.926142,1.663250
1.281557,1.120953
1.281557,1.120953
1.281557,1.120953
1.281557,1.120953
1.281557,1.120953
1.281557,1.120953
1.281557,1.120953
1.281557,1.120953
1.281557,1.120953
1.183859,1.114504
0.858899,1.511839
0.858899,1.511839
0.858899,1.511839
1.707745,2.071798
1.707745,2.071798
1.707745,2.071798
1.105247,1.882131
1.295177,2.042622
1.603563,1.088213
0.789759,1.480416
1.586793,1.227019
1.586793,1.227019
1.586793,1.227019
1.586793,1.227019
1.421882,1.565139
1.421882,1.565139
1.421882,1.565139
0.808056,0.996520
0.808056,0.996520
0.808056,0.996520
0.808056,0.996520
1.102465,1.128098
1.574409,1.086325
1.370701,1.369661
1.370701,1.369661
1.370701,1.369661
1.370701,1.369661
1.370701,1.369661
1.176130,1.221530
1.176130,1.221530
1.176130,1.221530
1.176130,1.221530
1.176130,1.221530
1.176130,1.221530
1.176130,1.221530
1.161754,1.606914
1.161754,1.606914
1.720924,1.566164
1.720924,1.566164
1.720924,1.566164
1.720924,1.566164
1.720924,1.566164
1.078069,1.104487
1.078069,1.104487
1.385862,0.179457
1.385862,0.179457
0.996616,0.119983
0.279149,-0.341635
-0.097011,-0.463555
-0.888725,-0.797145
-0.373509,-1.562942
-0.373509,-1.562942
-0.373509,-1.562942
-0.373509,-1.562942
-0.373509,-1.562942
-0.117374,-0.701378
-0.117374,-0.701378
0.350687,0.001146
-0.625899,0.507314
-0.625899,0.507314
-0.648141,0.699609
-0.648141,0.699609
-0.586259,0.748426
0.296811,0.510227
0.481360,0.224827
0.058691,0.419138
0.708453,0.975471
1.192245,0.057945
1.721340,0.564175
1.889868,1.005074
1.509601,1.858333
1.509601,1.858333
1.509601,1.858333
1.509601,1.858333
1.122021,1.813552
1.301090,1.424058
1.301090,1.424058
1.655775,0.613504
1.655775,0.613504
1.655775,0.613504
1.655775,0.613504
1.655775,0.613504
1.311495,0.303543
1.311495,0.303543
1.473106,0.494512
1.473106,0.494512
1.443042,1.203036
1.443042,1.203036
1.443042,1.203036
1.443042,1.203036
1.443042,1.203036
1.443042,1.203036
1.443042,1.203036
1.443042,1.203036
1.677933,1.024367
1.677933,1.024367
1.677933,1.024367
1.677933,1.024367
1.677933,1.024367
1.677933,1.024367
1.677933,1.024367
1.677933,1.024367
1.677933,1.024367
1.677933,1.024367
0.743825,1.459765
1.305243,1.211503
1.305243,1.211503
1.305243,1.211503
1.305243,1.211503
1.305243,1.211503
1.734159,2.003615
1.387505,1.792163
1.387505,1.792163
1.387505,1.792163
1.387505,1.792163
1.387505,1.792163
1.349048,1.446691
1.349048,1.446691
1.349048,1.446691
1.349048,1.446691
1.349048,1.446691
1.349048,1.446691
1.349048,1.446691
1.349048,1.446691
1.349048,1.446691
1.349048,1.446691
1.081768,1.275317
1.766139,1.504882
1.766139,1.504882
1.740042,0.891755
0.979925,1.593521
0.709091,1.684503
0.709091,1.684503
0.682866,0.932947
0.858144,0.824566
1.492993,0.726882
1.618799,1.162562
1.618799,1.162562
1.618799,1.162562
1.618799,1.162562
1.618799,1.162562
1.618799,1.162562
1.618799,1.162562
1.618799,1.162562
1.300590,1.024015
1.300590,1.024015
0.895518,0.972908
0.868370,0.689561
1.523906,0.296473
1.523906,0.296473
1.523906,0.296473
1.601155,0.605771
1.601155,0.605771
1.425140,0.320125
1.425140,0.320125
1.425140,0.320125
1.572973,0.954420
0.701285,0.500154
0.344312,0.850786
0.344312,0.850786
0.659928,1.402045
0.659928,1.402045
0.734011,0.530694
0.798284,0.754377
0.798284,0.754377
1.605235,1.186053
1.605235,1.186053
1.605235,1.186053
1.605235,1.186053
1.002663,1.749833
1.002663,1.749833
1.002663,1.749833
1.002663,1.749833
1.002663,1.749833
1.002663,1.749833
1.002663,1.749833
1.661772,1.398615
1.293726,1.659083
1.293726,1.659083
1.293726,1.659083
1.293726,1.659083
1.293726,1.659083
0.419205,1.584772
1.120596,1.854108
0.142492,0.868993
0.001825,0.674554
-0.424124,-0.246712
-1.090013,0.154777
-1.132426,-0.687160
-1.132426,-0.687160
-0.725582,-0.855464
-1.550630,-1.436128
-1.468718,-0.751205
-1.468718,-0.751205
-1.468718,-0.751205
-1.470761,-1.072832
-1.470761,-1.072832
-1.470761,-1.072832
-1.470761,-1.072832
-1.198749,-1.375262
-1.198749,-1.375262
-1.198749,-1.375262
-1.198749,-1.375262
-1.198749,-1.375262
-1.198749,-1.375262
-1.198749,-1.375262
-1.095463,-1.446779
-1.095463,-1.446779
-1.598348,-1.442622
-1.598348,-1.442622
-1.598348,-1.442622
-1.598348,-1.442622
-1.598348,-1.442622
-1.598348,-1.442622
-1.659015,-1.061516
-1.659015,-1.061516
-1.659410,-1.698128
-1.659410,-1.698128
-1.659410,-1.698128
-1.659410,-1.698128
-0.874012,-1.523290
-1.324759,-1.222934
-1.240400,-1.409877
-1.240400,-1.409877
-1.240400,-1.409877
-1.720430,-1.265446
-1.720430,-1.265446
-1.720430,-1.265446
-1.720430,-1.265446
-1.720430,-1.265446
-1.720430,-1.265446
-1.092968,-1.513155
-1.928564,-1.383482
-0.936803,-0.843302
-1.714150,-1.719719
-1.714150,-1.719719
-1.113188,-1.353611
-1.113188,-1.353611
-1.113188,-1.353611
-1.113188,-1.353611
-1.113188,-1.353611
-1.113188,-1.353611
-0.379781,-0.979174
-0.379781,-0.979174
0.605459,-0.050207
0.205590,-0.642061
0.205590,-0.642061
-0.055452,0.010638
0.655224,0.346746
0.655224,0.346746
0.655224,0.346746
1.035338,0.928598
1.035338,0.928598
1.262746,0.978187
0.802562,0.651264
0.802562,0.651264
0.802562,0.651264
0.197943,0.835557
0.197943,0.835557
0.904286,0.341821
0.904286,0.341821
1.366016,0.622721
1.182336,1.522817
1.293092,0.990755
1.293092,0.990755
1.821482,1.642603
1.765429,1.570882
1.765429,1.570882
1.765429,1.570882
1.765429,1.570882
1.765429,1.570882
1.150745,0.575540
1.013910,0.788269
1.013910,0.788269
0.723582,1.235253
0.723582,1.235253
0.797489,1.401496
0.797489,1.401496
0.797489,1.401496
1.046089,1.616971
1.077119,1.134279
1.077119,1.134279
0.681583,1.369734
0.957903,1.473522
0.957903,1.473522
0.957903,1.473522
0.957903,1.473522
0.957903,1.473522
1.855230,0.849934
0.866595,0.854244
0.866595,0.854244
0.866595,0.854244
0.866595,0.854244
1.815013,0.924285
1.815013,0.924285
1.815013,0.924285
1.815013,0.924285
1.815013,0.924285
1.815013,0.924285
1.741508,1.524892
1.366259,0.708908
0.835898,0.934520
1.204305,0.760118
1.204305,0.760118
0.264364,1.160490
0.681057,0.531822
-0.037055,1.224140
0.529496,1.237995
0.529496,1.237995
0.529496,1.237995
0.529496,1.237995
0.529496,1.237995
0.529496,1.237995
0.529496,1.237995
0.395523,1.560684
0.395523,1.560684
-0.305058,0.884766
-0.305058,0.884766
0.353403,1.649948
0.353403,1.649948
0.353403,1.649948
0.519723,0.985483
0.414557,1.457783
0.542113,1.294096
0.542113,1.294096
0.542113,1.294096
0.800473,1.553700
1.339842,0.724881
0.835160,0.526469
0.637785,1.256331
1.577020,0.977457
1.577020,0.977457
1.577020,0.977457
1.577020,0.977457
1.577020,0.977457
1.577020,0.977457
1.577020,0.977457
0.933605,1.098748
0.933605,1.098748
1.914204,2.021525
1.914204,2.021525
1.914204,2.021525
1.914204,2.021525
1.914204,2.021525
1.914204,2.021525
1.914204,2.021525
1.914204,2.021525
1.232783,1.388727
0.381452,1.057025
0.381452,1.057025
0.849667,0.355070
1.310922,0.673689
1.310922,0.673689
1.310922,0.673689
1.310922,0.673689
1.282527,1.435223
1.282527,1.435223
1.282527,1.435223
0.958096,0.724768
0.660300,1.657920
0.660300,1.657920
0.575308,1.200546
0.575308,1.200546
0.575308,1.200546
0.544208,0.505448
0.544208,0.505448
0.544208,0.505448
0.951774,0.467750
0.951774,0.467750
0.951774,0.467750
0.738918,0.999432
1.697016,1.741685
1.697016,1.741685
0.889241,1.472738
0.889241,1.472738
0.911111,1.047272
1.636991,0.903160
1.472423,1.016562
1.472423,1.016562
1.472423,1.016562
1.338171,0.637873
1.606568,1.587978
1.933167,0.740654
1.933167,0.740654
1.933167,0.740654
1.685919,1.247726
1.685919,1.247726
1.685919,1.247726
1.685919,1.247726
1.583949,1.424197
1.583949,1.424197
0.791883,1.174968
1.468264,1.120456
1.939769,1.698746
1.939769,1.698746
2.019355,1.291862
2.019355,1.291862
1.524460,1.599646
1.524460,1.599646
1.524460,1.599646
1.524460,1.599646
1.524460,1.599646
1.782428,1.264610
1.676419,1.578930
1.676419,1.578930
2.100152,1.250201
1.454787,0.613316
1.454787,0.613316
1.361744,0.837752
0.761224,-0.107032
0.761224,-0.107032
0.761224,-0.107032
-0.062682,0.507320
-0.062682,0.507320
0.443555,0.831937
0.443555,0.831937
1.190978,0.765908
1.190978,0.765908
0.930648,1.398086
1.461374,1.310524
1.461374,1.310524
1.461374,1.310524
1.627892,1.985195
1.627892,1.985195
1.130214,1.501105
1.130214,1.501105
1.130214,1.501105
1.130214,1.501105
1.130214,1.501105
1.130214,1.501105
1.524188,1.027137
1.524188,1.027137
1.524188,1.027137
1.524188,1.027137
1.909540,1.641963
2.030439,1.594928
2.030439,1.594928
2.030439,1.594928
1.452845,1.968958
1.452845,1.968958
1.452845,1.968958
1.452845,1.968958
1.452845,1.968958
1.452845,1.968958
1.452845,1.968958
0.680055,1.680295
0.081346,1.184752
0.625429,1.578888
0.625429,1.578888
-0.319115,0.635416
0.680357,0.754819
0.680357,0.754819
0.680357,0.754819
0.680357,0.754819
0.884138,1.714655
0.859930,0.845877
0.712640,1.340134
1.542451,1.969873
1.542451,1.969873
1.796978,1.815515
1.796978,1.815515
1.796978,1.815515
1.796978,1.815515
1.796978,1.815515
1.796978,1.815515
1.367168,1.998761
1.367168,1.998761
1.209723,1.809547
1.209723,1.809547
1.209723,1.809547
1.746126,1.136367
1.222397,0.819964
1.222397,0.819964
1.222397,0.819964
1.222397,0.819964
0.795277,0.213500
0.795277,0.213500
-0.150957,0.871077
-0.758130,0.114179
-0.758130,0.114179
-0.426107,0.419231
-0.426107,0.419231
-0.394327,0.544726
-0.241778,0.443644
-0.015649,0.991284
0.618917,0.134119
0.618917,0.134119
-0.146132,-0.033454
-0.747711,-0.774041
-0.275084,-1.343436
-0.275084,-1.343436
-0.928288,-1.737890
-0.928288,-1.737890
-0.877818,-1.485083
-0.877818,-1.485083
-0.593753,-1.200568
-0.593753,-1.200568
-0.593753,-1.200568
-0.593753,-1.200568
-0.593753,-1.200568
-0.593753,-1.200568
-1.001434,-1.094198
-1.001434,-1.094198
-1.001434,-1.094198
-1.001434,-1.094198
-1.376499,-0.816841
-1.376499,-0.816841
-1.376499,-0.816841
-1.397857,-1.786314
-1.094405,-1.656753
-1.094405,-1.656753
-1.135209,-1.462136
-0.907198,-1.280812
-0.907198,-1.280812
-0.907198,-1.280812
-0.907198,-1.280812
-1.775527,-1.274194
-0.795595,-1.562941
-0.795595,-1.562941
-0.795595,-1.562941
-0.795595,-1.562941
-0.795595,-1.562941
-0.584133,-1.519401
-0.584133,-1.519401
-0.584133,-1.519401
-1.318219,-1.300193
-1.318219,-1.300193
-1.318219,-1.300193
-1.318219,-1.300193
-1.318219,-1.300193
-1.434092,-0.786864
-1.681505,-1.061189
-1.665480,-1.726763
-1.665480,-1.726763
-1.665480,-1.726763
-1.665480,-1.726763
-1.709632,-1.792706
-1.709632,-1.792706
-1.709632,-1.792706
-1.709632,-1.792706
-1.709632,-1.792706
-1.709632,-1.792706
-1.709632,-1.792706
-0.709683,-1.640287
-0.254866,-1.532274
-0.096827,-1.370120
-0.096827,-1.370120
-0.096827,-1.370120
-0.884979,-1.841658
-1.583149,-1.989804
-1.479211,-1.101007
-1.479211,-1.101007
-1.479211,-1.101007
-1.479211,-1.101007
-1.479211,-1.101007
-1.589433,-1.592632
-1.589433,-1.592632
-1.589433,-1.592632
-1.589433,-1.592632
-1.589433,-1.592632
-1.589433,-1.592632
-1.589433,-1.592632
-1.448978,-0.973153
-1.448978,-0.973153
-1.448978,-0.973153
-1.448978,-0.973153
-1.421720,-0.850501
-1.421720,-0.850501
-1.421720,-0.850501
-1.421720,-0.850501
-1.421720,-0.850501
-1.421720,-0.850501
-1.421720,-0.850501
-1.421720,-0.850501
-1.421720,-0.850501
-0.532717,-1.373790
-0.532717,-1.373790
-0.532717,-1.373790
-1.098795,-1.446494
-1.098795,-1.446494
-1.098795,-1.446494
-1.098795,-1.446494
-0.601952,-1.010048
-0.601952,-1.010048
-0.452736,-1.141877
0.504995,-0.543606
0.839862,-0.440334
0.839862,-0.440334
0.839862,-0.440334
0.310670,-0.577251
-0.271580,-0.442338
-0.271580,-0.442338
-0.069188,-0.839659
-0.217851,-1.417852
-0.217851,-1.417852
0.191046,-1.091231
-0.530689,-1.290538
-0.530689,-1.290538
-0.530689,-1.290538
-0.530689,-1.290538
-0.530689,-1.290538
-1.309474,-0.332514
-1.309474,-0.332514
-1.177729,-0.098338
-1.258617,0.427457
-1.258617,0.427457
-0.360205,0.028946
0.630427,-0.412136
1.287581,0.381093
1.287581,0.381093
1.032653,-0.194553
0.807521,0.002903
1.674585,0.757428
1.674585,0.757428
1.367855,1.543141
1.367855,1.543141
1.367855,1.543141
1.281824,1.617672
1.281824,1.617672
1.726259,1.237674
1.364967,0.994709
1.364967,0.994709
1.364967,0.994709
1.364967,0.994709
1.608105,1.421978
1.608105,1.421978
1.608105,1.421978
1.608105,1.421978
1.608105,1.421978
1.608105,1.421978
1.608105,1.421978
1.608105,1.421978
1.608105,1.421978
1.829085,1.434221
1.829085,1.434221
1.829085,1.434221
1.275749,1.516134
1.275749,1.516134
1.688928,1.819650
1.688928,1.819650
1.529770,0.848353
1.678677,1.522945
1.678677,1.522945
0.697496,0.818897
0.697496,0.818897
0.697496,0.818897
1.027288,1.633683
1.027288,1.633683
1.027288,1.633683
1.571779,0.887820
1.521609,1.686246
1.521609,1.686246
1.521609,1.686246
1.521609,1.686246
1.521609,1.686246
1.176284,1.807698
1.856342,1.532463
1.856342,1.532463
1.142958,1.691230
1.142958,1.691230
0.339336,1.213650
0.339336,1.213650
1.022756,1.459670
0.993013,1.566167
1.627372,1.238773
1.627372,1.238773
1.921187,1.394281
1.921187,1.394281
1.921187,1.394281
1.850381,1.352174
1.806015,1.691344
1.806015,1.691344
1.806015,1.691344
1.806015,1.691344
1.806015,1.691344
1.806015,1.691344
1.673659,1.178876
1.673659,1.178876
0.733352,1.449072
0.733352,1.449072
1.415447,1.410758
1.415447,1.410758
1.415447,1.410758
1.415447,1.410758
0.696418,0.697667
1.257970,0.709144
1.257970,0.709144
0.672651,1.252224
1.579387,0.757373
1.579387,0.757373
1.579387,0.757373
1.960831,1.680426
1.960831,1.680426
1.960831,1.680426
1.096525,1.302413
1.096525,1.302413
1.096525,1.302413
1.096525,1.302413
1.096525,1.302413
1.096525,1.302413
1.096525,1.302413
1.096525,1.302413
1.096525,1.302413
1.096525,1.302413
1.096525,1.302413
1.096525,1.302413
1.096525,1.302413
1.096525,1.302413
1.399879,1.762015
1.399879,1.762015
1.399879,1.762015
1.399879,1.762015
1.400210,1.322783
1.826920,1.038567
1.826920,1.038567
1.826920,1.038567
1.989352,1.043391
1.389899,2.035659
1.389899,2.035659
1.389899,2.035659
1.389899,2.035659
2.008186,1.574995
1.845779,2.000512
1.845779,2.000512
1.845779,2.000512
1.845779,2.000512
1.845779,2.000512
1.845779,2.000512
1.300653,2.067967
1.300653,2.067967
1.300653,2.067967
1.172078,1.119720
1.156394,1.520927
1.373526,0.849183
1.373526,0.849183
0.985115,0.820856
0.985115,0.820856
0.985115,0.820856
1.506970,1.649881
1.506970,1.649881
1.506970,1.649881
1.506970,1.649881
1.506970,1.649881
1.506970,1.649881
0.787115,1.042730
0.287438,0.978805
0.287438,0.978805
0.944395,0.440036
0.198794,1.137816
0.198794,1.137816
0.321841,1.181754
0.862661,0.749826
0.862661,0.749826
0.862661,0.749826
0.750326,0.725295
1.368773,0.964180
2.150151,1.579701
2.055990,1.023058
1.762902,1.100995
0.962177,1.314137
1.165663,1.301802
1.524211,1.417712
1.524211,1.417712
1.524211,1.417712
1.524211,1.417712
1.067379,1.433526
1.067379,1.433526
1.067379,1.433526
1.067379,1.433526
1.067379,1.433526
1.067379,1.433526
1.626164,0.936569
1.191752,1.783297
1.191752,1.783297
1.191752,1.783297
1.191752,1.783297
1.191752,1.783297
0.870691,1.699269
0.870691,1.699269
0.870691,1.699269
0.870691,1.699269
0.870691,1.699269
0.870691,1.699269
1.818815,0.831872
1.863583,1.236434
1.618059,0.713924
1.094389,1.393067
1.094389,1.393067
1.094389,1.393067
1.094389,1.393067
1.094389,1.393067
1.094389,1.393067
1.094389,1.393067
0.373111,0.872272
1.188150,1.239952
1.188150,1.239952
1.188150,1.239952
1.188150,1.239952
1.188150,1.239952
1.188150,1.239952
1.188150,1.239952
1.795732,0.871360
1.316267,0.502399
1.916413,1.153249
1.916413,1.153249
1.916413,1.153249
1.287931,0.250753
1.287931,0.250753
1.148637,1.149456
1.257204,1.834054
1.959067,2.031893
1.959067,2.031893
1.959067,2.031893
1.959067,2.031893
2.048901,1.877261
1.315869,1.816183
0.848054,1.243869
0.848054,1.243869
0.848054,1.243869
0.848054,1.243869
0.848054,1.243869
0.848054,1.243869
0.848054,1.243869
0.848054,1.243869
0.848054,1.243869
0.830091,1.341511
1.658706,1.870911
1.447957,1.812500
1.447957,1.812500
1.987692,1.135943
1.987692,1.135943
1.987692,1.135943
1.755776,1.334410
1.755776,1.334410
1.755776,1.334410
1.755776,1.334410
1.755776,1.334410
1.589891,1.292738
1.589891,1.292738
1.589891,1.292738
1.589891,1.292738
1.526245,1.597901
1.373281,0.730478
1.235533,1.609174
1.235533,1.609174
1.235533,1.609174
1.235533,1.609174
1.235533,1.609174
1.235533,1.609174
1.235533,1.609174
1.235533,1.609174
1.512046,0.953580
1.512046,0.953580
1.811008,1.612915
1.710807,1.539215
1.710807,1.539215
1.710807,1.539215
1.710807,1.539215
1.710807,1.539215
1.710807,1.539215
1.710807,1.539215
1.710807,1.539215
1.710807,1.539215
1.710807,1.539215
1.173284,1.386361
1.173284,1.386361
1.173284,1.386361
1.173284,1.386361
1.173284,1.386361
1.173284,1.386361
1.173284,1.386361
1.472426,1.066565
1.472426,1.066565
1.851211,1.297136
1.851211,1.297136
1.851211,1.297136
0.861375,1.136853
0.861375,1.136853
0.861375,1.136853
1.052946,0.864649
0.835230,1.706223
1.538898,2.266885
1.538898,2.266885
1.538898,2.266885
1.425332,1.547070
1.425332,1.547070
1.425332,1.547070
1.425332,1.547070
1.425332,1.547070
1.425332,1.547070
1.299623,0.762612
1.299623,0.762612
1.299623,0.762612
1.385282,0.428787
1.385282,0.428787
1.385282,0.428787
0.860078,1.334365
0.768186,0.906165
0.438926,1.027605
1.250480,0.825665
1.250480,0.825665
1.250480,0.825665
1.250480,0.825665
1.250480,0.825665
1.250480,0.825665
1.250480,0.825665
1.250480,0.825665
1.250480,0.825665
1.003066,0.528361
0.561865,1.265999
0.561865,1.265999
0.561865,1.265999
1.107789,0.615790
2.100277,1.350079
2.100277,1.350079
1.532347,2.150182
1.532347,2.150182
2.017717,1.764174
2.017717,1.764174
2.017717,1.764174
2.017717,1.764174
2.017717,1.764174
1.408115,2.195390
1.408115,2.195390
1.408115,2.195390
1.408115,2.195390
1.583462,1.245265
1.583462,1.245265
1.583462,1.245265
1.136517,1.448771
1.136517,1.448771
1.136517,1.448771
1.184949,1.444980
1.479823,1.384676
1.479823,1.384676
1.479823,1.384676
1.162448,1.267117
1.162448,1.267117
1.453438,1.928225
1.013124,1.576114
1.215719,0.586378
1.215719,0.586378
1.723295,1.413012
1.723295,1.413012
1.723295,1.413012
1.723295,1.413012
1.522781,1.383926
1.522781,1.383926
1.522781,1.383926
1.522781,1.383926
1.522781,1.383926
1.163061,1.572441
1.607763,1.665417
1.607763,1.665417
1.607763,1.665417
1.607763,1.665417
1.607763,1.665417
1.607763,1.665417
1.607763,1.665417
1.607763,1.665417
1.607763,1.665417
1.607763,1.665417
1.761721,1.237286
1.761721,1.237286
1.136397,1.429818
1.136397,1.429818
1.136397,1.429818
1.136397,1.429818
1.136397,1.429818
1.136397,1.429818
1.018479,1.568435
0.765501,1.778780
1.687948,1.349385
1.809603,1.998818
1.809603,1.998818
0.986249,1.883504
0.986249,1.883504
0.986249,1.883504
0.619837,1.601474
0.619837,1.601474
0.619837,1.601474
0.619837,1.601474
1.287308,1.791702
1.577786,1.856076
1.577786,1.856076
1.577786,1.856076
1.565541,2.040949
1.565541,2.040949
1.565541,2.040949
1.565541,2.040949
1.565541,2.040949
1.565541,2.040949
1.351227,2.069458
1.351227,2.069458
1.135211,1.495109
1.135211,1.495109
1.135211,1.495109
1.135211,1.495109
2.010188,1.227662
2.010188,1.227662
2.010188,1.227662
1.911302,1.245252
1.911302,1.245252
1.911302,1.245252
1.911302,1.245252
1.911302,1.245252
1.911302,1.245252
1.911302,1.245252
1.447485,1.878738
1.447485,1.878738
1.304421,1.396310
1.304421,1.396310
1.180050,1.097841
1.180050,1.097841
1.180050,1.097841
1.180050,1.097841
1.180050,1.097841
1.180050,1.097841
1.180050,1.097841
1.180050,1.097841
1.180050,1.097841
0.871029,1.389994
0.871029,1.389994
0.871029,1.389994
1.453490,0.798642
1.904308,1.711577
1.904308,1.711577
1.904308,1.711577
0.978155,1.858444
0.500681,0.947759
0.745583,1.018091
0.745583,1.018091
0.745583,1.018091
1.466837,1.137799
1.390246,1.868159
1.535879,1.512935
1.409271,1.616964
1.409271,1.616964
0.748348,1.486149
0.748348,1.486149
0.748348,1.486149
1.131284,1.493936
1.131284,1.493936
1.131284,1.493936
1.217925,1.659505
1.217925,1.659505
1.162473,1.685804
1.734126,1.460747
0.849501,1.555914
1.270008,1.030940
1.270008,1.030940
1.270008,1.030940
1.270008,1.030940
0.671366,1.652297
1.650979,2.006761
1.650979,2.006761
1.096513,1.086468
1.096513,1.086468
1.096513,1.086468
1.278022,1.713880
1.278022,1.713880
1.278022,1.713880
1.563374,1.620211
1.563374,1.620211
1.563374,1.620211
0.718344,1.207241
0.718344,1.207241
0.718344,1.207241
0.718344,1.207241
0.718344,1.207241
0.718344,1.207241
0.718344,1.207241
0.718344,1.207241
0.718344,1.207241
0.718344,1.207241
0.718344,1.207241
0.718344,1.207241
0.718344,1.207241
0.718344,1.207241
0.871256,1.202962
0.871256,1.202962
0.871256,1.202962
0.871256,1.202962
1.615380,1.687734
1.615380,1.687734
1.615380,1.687734
1.454466,1.207862
1.454466,1.207862
1.454466,1.207862
1.454466,1.207862
1.454466,1.207862
1.454466,1.207862
1.454466,1.207862
1.454466,1.207862
0.762470,0.831894
0.514989,1.414904
0.642763,0.912768
0.862933,1.312137
1.826096,1.200545
1.549334,1.662128
1.549334,1.662128
1.549334,1.662128
1.549334,1.662128
1.549334,1.662128
1.549334,1.662128
1.676771,1.494046
0.890306,1.378508
1.036772,1.034739
0.051227,0.966149
0.051227,0.966149
0.051227,0.966149
0.051227,0.966149
-0.507485,0.701457
-0.154153,1.147803
-0.561170,0.423450
-0.485626,0.080754
-0.758641,-0.482500
-0.881599,-1.038144
-0.881599,-1.038144
-0.881599,-1.038144
-1.427352,-1.504841
-1.427352,-1.504841
-1.567432,-1.836161
-1.567432,-1.836161
-1.567432,-1.836161
-1.748761,-1.433531
-1.748761,-1.433531
-1.748761,-1.433531
-0.996222,-1.507656
-1.554888,-1.006162
-1.554888,-1.006162
-1.554888,-1.006162
-1.554888,-1.006162
-1.554888,-1.006162
-1.554888,-1.006162
-1.554888,-1.006162
-1.554888,-1.006162
-1.554888,-1.006162
-1.554888,-1.006162
-1.554888,-1.006162
-1.554888,-1.006162
-1.554888,-1.006162
-1.158248,-0.678345
-1.158248,-0.678345
-1.158248,-0.678345
-1.347236,-0.992144
-1.600137,-1.506320
-1.600137,-1.506320
-1.600137,-1.506320
-1.600137,-1.506320
-1.600137,-1.506320
-1.600137,-1.506320
-1.600137,-1.506320
-1.442320,-1.065871
-0.905764,-1.168950
-0.905764,-1.168950
-0.905764,-1.168950
-1.749009,-1.591994
-1.749009,-1.591994
-1.749009,-1.591994
-1.749009,-1.591994
-1.749009,-1.591994
-1.749009,-1.591994
-1.749009,-1.591994
-1.437677,-1.029417
-1.203061,-1.854242
-1.203061,-1.854242
-1.203061,-1.854242
-1.288443,-0.857591
-1.288443,-0.857591
-1.288443,-0.857591
-1.288443,-0.857591
-1.288443,-0.857591
-1.372409,-0.079045
-1.727790,-0.967035
-1.727790,-0.967035
-1.435873,-0.713718
-1.435873,-0.713718
-1.435873,-0.713718
-1.405192,-1.064747
-1.405192,-1.064747
-0.901983,-1.635244
-0.901983,-1.635244
-0.901983,-1.635244
-0.901983,-1.635244
-1.412363,-1.577795
-1.412363,-1.577795
-1.412363,-1.577795
-1.412363,-1.577795
-1.684154,-1.577107
-1.710938,-1.738120
-1.680008,-1.892509
-1.680008,-1.892509
-1.680008,-1.892509
-1.680008,-1.892509
-1.680008,-1.892509
-1.795896,-1.617038
-1.795896,-1.617038
-1.795896,-1.617038
-1.795896,-1.617038
-1.795896,-1.617038
-1.049515,-1.201268
-1.049515,-1.201268
-1.049515,-1.201268
-1.049515,-1.201268
-1.049515,-1.201268
-1.139772,-2.151883
-1.139772,-2.151883
-0.958857,-1.504846
-1.567128,-0.725307
-0.780610,-1.712194
-0.780610,-1.712194
-0.780610,-1.712194
-0.780610,-1.712194
-0.537453,-0.964983
-1.471927,-0.682989
-1.471927,-0.682989
-1.471927,-0.682989
-1.025077,-0.462632
-1.025077,-0.462632
-1.025077,-0.462632
-1.218087,-0.391769
-1.737299,-0.780588
-1.737299,-0.780588
-1.737299,-0.780588
-1.737299,-0.780588
-1.737299,-0.780588
-1.737299,-0.780588
-1.737299,-0.780588
-1.737299,-0.780588
-1.069041,-1.368444
-1.069041,-1.368444
-1.069041,-1.368444
-1.219604,-1.883498
-1.219604,-1.883498
-1.869417,-1.299103
-1.869417,-1.299103
-1.869417,-1.299103
-1.348935,-1.542434
-1.348935,-1.542434
-1.348935,-1.542434
-1.348935,-1.542434
-1.348935,-1.542434
-1.348935,-1.542434
-1.348935,-1.542434
-1.348935,-1.542434
-0.942700,-1.955769
-1.358714,-1.905126
-1.358714,-1.905126
-1.358714,-1.905126
-1.358714,-1.905126
-0.779495,-0.967836
-0.747836,-0.882785
-1.481257,-1.494362
-1.481257,-1.494362
-1.481257,-1.494362
-1.481257,-1.494362
-1.481257,-1.494362
-1.481257,-1.494362
-1.446976,-1.324688
-1.446976,-1.324688
-1.446976,-1.324688
-1.446976,-1.324688
-1.446976,-1.324688
-1.446976,-1.324688
-1.446976,-1.324688
-1.446976,-1.324688
-1.446976,-1.324688
-1.446976,-1.324688
-1.544794,-1.346849
-1.544794,-1.346849
-1.544794,-1.346849
-1.544794,-1.346849
-1.544794,-1.346849
-1.302048,-1.512905
-1.302048,-1.512905
-1.302048,-1.512905
-1.302048,-1.512905
-1.302048,-1.512905
-1.302048,-1.512905
-1.302048,-1.512905
-1.302048,-1.512905
-1.302048,-1.512905
-0.903286,-1.530451
-0.903286,-1.530451
-0.903286,-1.530451
-0.903286,-1.530451
-0.903286,-1.530451
-0.903286,-1.530451
-0.903286,-1.530451
-0.903286,-1.530451
-0.903286,-1.530451
-0.903286,-1.530451
-0.903286,-1.530451
-0.903286,-1.530451
-0.903286,-1.530451
-0.903286,-1.530451
-0.903286,-1.530451
-0.903286,-1.530451
-0.903286,-1.530451
-0.903286,-1.530451
-0.903286,-1.530451
-1.469474,-1.451274
-1.469474,-1.451274
-1.469474,-1.451274
-1.469474,-1.451274
-1.469474,-1.451274
-1.469474,-1.451274
-1.169950,-1.354872
-1.350227,-1.264898
-1.350227,-1.264898
-1.350227,-1.264898
-1.350227,-1.264898
-1.529343,-1.672081
-1.529343,-1.672081
-1.529343,-1.672081
-1.529343,-1.672081
-1.529343,-1.672081
-1.529343,-1.672081
-1.197294,-0.924448
-1.197294,-0.924448
-1.197294,-0.924448
-1.197294,-0.924448
-1.975325,-1.286484
-2.085298,-1.597717
-1.914068,-1.746313
-1.847261,-0.917003
-1.847261,-0.917003
-1.847261,-0.917003
-1.847261,-0.917003
-1.847261,-0.917003
-1.847261,-0.917003
-1.847261,-0.917003
-1.847261,-0.917003
-1.847261,-0.917003
-1.847261,-0.917003
-0.987594,-0.491882
-1.879652,-1.317573
-1.499942,-1.517348
-1.499942,-1.517348
-1.499942,-1.517348
-1.088748,-0.585533
-1.088748,-0.585533
-1.088748,-0.585533
-1.088748,-0.585533
-1.388653,-1.098352
-1.209357,-1.664383
-1.083433,-1.258555
-1.283696,-1.080482
-1.283696,-1.080482
-1.412225,-1.258004
-1.412225,-1.258004
-0.532342,-1.070033
-0.532342,-1.070033
-0.532342,-1.070033
-0.532342,-1.070033
-0.532342,-1.070033
-0.532342,-1.070033
-0.742489,-1.016414
-0.742489,-1.016414
-0.861896,-1.884770
-0.861896,-1.884770
-0.861896,-1.884770
-0.861896,-1.884770
-1.774487,-1.797747
-1.774487,-1.797747
-1.774487,-1.797747
-1.647351,-1.031212
-1.647351,-1.031212
-1.647351,-1.031212
-1.647351,-1.031212
-1.647351,-1.031212
-1.647351,-1.031212
-1.647351,-1.031212
-1.647351,-1.031212
-1.647351,-1.031212
-1.570964,-1.186344
-1.570964,-1.186344
-1.570964,-1.186344
-1.570964,-1.186344
-1.570964,-1.186344
-1.399324,-0.439565
-1.797029,-0.663424
-1.797029,-0.663424
-1.797029,-0.663424
-1.865705,-0.905041
-1.865705,-0.905041
-1.865705,-0.905041
-1.138203,-1.772816
-1.723541,-1.558037
-0.948861,-1.508621
-0.948861,-1.508621
-1.453844,-0.758485
-1.550376,-1.169771
-1.550376,-1.169771
-1.550376,-1.169771
-1.550376,-1.169771
-1.550376,-1.169771
-1.550376,-1.169771
-1.550376,-1.169771
-1.550376,-1.169771
-1.550376,-1.169771
-1.434264,-1.677189
-1.434264,-1.677189
-1.628686,-1.318894
-1.628686,-1.318894
-1.628686,-1.318894
-0.950104,-0.398382
-0.604736,0.201569
-0.604736,0.201569
-0.604736,0.201569
-1.065848,0.295178
-0.556752,0.671558
0.126542,0.794159
0.126542,0.794159
0.126542,0.794159
0.070623,0.966963
0.392035,0.928625
0.392035,0.928625
0.392035,0.928625
-0.303418,0.461291
-0.655787,0.184396
-1.029799,0.171605
-0.609286,-0.273619
-0.609286,-0.273619
-0.834476,-1.031669
-0.834476,-1.031669
-0.580286,-0.873434
-0.826612,-0.874001
-0.966215,-1.181148
-0.966215,-1.181148
-0.908405,-1.556587
-0.908405,-1.556587
-1.594738,-0.759913
-1.594738,-0.759913
-1.594738,-0.759913
-0.638428,-0.052526
-0.638428,-0.052526
-0.167614,0.907111
0.152996,1.408702
-0.065400,0.822728
-0.383249,0.731664
0.507870,-0.227054
0.507870,-0.227054
0.889290,0.298451
0.889290,0.298451
1.072917,0.513428
0.668381,1.475073
0.663008,1.179848
0.663008,1.179848
0.663008,1.179848
0.663008,1.179848
0.663008,1.179848
1.366778,1.431381
1.366778,1.431381
1.511264,1.809655
1.511264,1.809655
1.511264,1.809655
1.511264,1.809655
1.750291,1.143404
1.750291,1.143404
1.750291,1.143404
1.750291,1.143404
1.937157,1.797259
1.937157,1.797259
1.937157,1.797259
1.937157,1.797259
1.937157,1.797259
1.937157,1.797259
1.050979,1.811959
1.050979,1.811959
1.050979,1.811959
1.050979,1.811959
1.050979,1.811959
1.050979,1.811959
1.050979,1.811959
1.050979,1.811959
1.050979,1.811959
1.050979,1.811959
1.050979,1.811959
1.050979,1.811959
2.000691,1.605919
2.000691,1.605919
1.433067,1.555272
1.433067,1.555272
1.049653,1.515877
1.270745,1.412913
1.270745,1.412913
1.270745,1.412913
1.270745,1.412913
1.270745,1.412913
0.635646,1.295190
1.393619,0.560053
1.393619,0.560053
1.393619,0.560053
1.393619,0.560053
1.338536,0.780328
1.338536,0.780328
2.008991,1.113839
1.908192,0.979341
1.908192,0.979341
1.309947,0.282462
0.333384,1.187055
0.333384,1.187055
1.085401,0.326672
1.085401,0.326672
1.595952,1.159329
1.595952,1.159329
1.595952,1.159329
1.595952,1.159329
0.906788,0.379723
1.139238,1.168730
1.139238,1.168730
1.139238,1.168730
1.139238,1.168730
1.139238,1.168730
1.139238,1.168730
1.371720,0.493953
1.371720,0.493953
1.371720,0.493953
2.053386,1.260498
2.053386,1.260498
2.053386,1.260498
1.719398,1.925616
1.719398,1.925616
1.719398,1.925616
1.283590,1.295945
1.283590,1.295945
1.120643,0.654973
1.120643,0.654973
1.120643,0.654973
0.392174,1.267207
0.392174,1.267207
0.392174,1.267207
0.392174,1.267207
0.392174,1.267207
0.392174,1.267207
1.168042,1.281409
1.168042,1.281409
1.168042,1.281409
1.168042,1.281409
1.556209,1.208625
1.556209,1.208625
1.556209,1.208625
1.556209,1.208625
1.556209,1.208625
1.556209,1.208625
1.556209,1.208625
1.556209,1.208625
1.366747,0.912899
1.366747,0.912899
1.366747,0.912899
1.603717,1.665586
1.603717,1.665586
0.866848,1.120281
0.665184,1.748903
0.990744,1.430069
0.990744,1.430069
0.742373,1.071397
0.742373,1.071397
0.742373,1.071397
1.689520,1.756291
1.689520,1.756291
1.689520,1.756291
1.689520,1.756291
1.394976,1.354816
1.394976,1.354816
1.394976,1.354816
1.394976,1.354816
1.394976,1.354816
1.394976,1.354816
1.394976,1.354816
1.297402,1.439636
1.297402,1.439636
1.297402,1.439636
1.297402,1.439636
1.297402,1.439636
1.297402,1.439636
1.297402,1.439636
1.297402,1.439636
1.297402,1.439636
1.360318,0.863306
1.360318,0.863306
1.696883,1.507687
1.696883,1.507687
1.696883,1.507687
1.696883,1.507687
1.696883,1.507687
1.428145,0.840935
1.428145,0.840935
1.428145,0.840935
1.428145,0.840935
1.428145,0.840935
1.428145,0.840935
1.428145,0.840935
1.428145,0.840935
1.079526,1.597963
1.079526,1.597963
1.079526,1.597963
1.079526,1.597963
1.079526,1.597963
1.964975,1.339112
1.749629,2.018815
1.910969,1.661599
1.910969,1.661599
1.910969,1.661599
1.868823,1.309040
1.868823,1.309040
2.082047,0.967578
2.082047,0.967578
2.082047,0.967578
2.082047,0.967578
1.172567,1.328595
1.172567,1.328595
1.172567,1.328595
1.172567,1.328595
0.613616,1.047943
0.613616,1.047943
0.613616,1.047943
0.613616,1.047943
1.178769,1.574707
0.180098,0.899456
0.384080,1.235369
1.338918,1.191299
1.338918,1.191299
1.338918,1.191299
1.338918,1.191299
1.338918,1.191299
1.338918,1.191299
1.338918,1.191299
1.338918,1.191299
1.338918,1.191299
1.338918,1.191299
1.338918,1.191299
1.338918,1.191299
1.338918,1.191299
1.679477,0.963153
1.679477,0.963153
1.679477,0.963153
1.541069,0.753684
1.541069,0.753684
1.541069,0.753684
1.432528,0.494481
1.432528,0.494481
1.746595,1.026521
1.746595,1.026521
1.306099,1.599977
1.306099,1.599977
1.306099,1.599977
1.306099,1.599977
1.306099,1.599977
1.306099,1.599977
1.306099,1.599977
1.306099,1.599977
1.306099,1.599977
1.306099,1.599977
1.306099,1.599977
1.306099,1.599977
1.306099,1.599977
1.306099,1.599977
1.306099,1.599977
1.306099,1.599977
1.306099,1.599977
1.306099,1.599977
0.609591,1.398122
0.609591,1.398122
0.609591,1.398122
0.609591,1.398122
0.609591,1.398122
0.609591,1.398122
0.609591,1.398122
1.315603,1.337238
1.315603,1.337238
1.315603,1.337238
1.315603,1.337238
1.315603,1.337238
1.315603,1.337238
1.315603,1.337238
1.315603,1.337238
1.315603,1.337238
1.315603,1.337238
2.164774,1.358125
2.164774,1.358125
2.164774,1.358125
1.422412,0.483530
1.580117,1.023924
1.278972,1.676417
1.278972,1.676417
1.278972,1.676417
1.278972,1.676417
1.355841,1.619339
1.355841,1.619339
1.355841,1.619339
1.355841,1.619339
1.355841,1.619339
1.355841,1.619339
1.355841,1.619339
1.355841,1.619339
1.355841,1.619339
1.355841,1.619339
1.355841,1.619339
1.355841,1.619339
1.355841,1.619339
1.355841,1.619339
1.355841,1.619339
1.355841,1.619339
1.355841,1.619339
1.355841,1.619339
1.234210,1.367173
1.092596,1.267642
1.092596,1.267642
1.934047,1.530097
1.934047,1.530097
2.013054,1.393941
1.332849,1.185932
1.332849,1.185932
1.332849,1.185932
1.332849,1.185932
1.476945,1.006914
1.476945,1.006914
1.476945,1.006914
1.476945,1.006914
0.786300,1.349284
1.134455,0.783340
0.674547,1.110884
0.674547,1.110884
0.674547,1.110884
0.674547,1.110884
1.373500,0.407831
0.569590,1.094274
0.569590,1.094274
0.569590,1.094274
0.569590,1.094274
-0.327683,0.631795
-0.771943,-0.044710
-0.771943,-0.044710
-0.681968,0.162108
-0.621134,0.605336
-0.621134,0.605336
0.056668,0.420780
-0.575452,0.382428
-0.481816,0.111443
-0.481816,0.111443
-0.481816,0.111443
-0.197523,0.226888
-0.197523,0.226888
-0.285429,0.789889
-0.361614,0.355251
0.580051,0.919740
0.079639,0.498448
-0.142873,0.731705
-0.142873,0.731705
0.844495,1.428369
1.619067,1.654225
1.028076,0.874898
1.028076,0.874898
1.510391,1.149472
1.510391,1.149472
1.510391,1.149472
1.510391,1.149472
1.510391,1.149472
1.510391,1.149472
1.510391,1.149472
1.510391,1.149472
1.510391,1.149472
1.510391,1.149472
1.510391,1.149472
1.510391,1.149472
1.510391,1.149472
1.510391,1.149472
1.372738,1.613274
1.372738,1.613274
1.372738,1.613274
1.372738,1.613274
1.372738,1.613274
1.372738,1.613274
1.372738,1.613274
1.372738,1.613274
1.372738,1.613274
1.648446,1.439960
1.648446,1.439960
1.648446,1.439960
1.648446,1.439960
1.648446,1.439960
1.648446,1.439960
1.878966,1.783470
1.878966,1.783470
1.788265,1.375999
1.788265,1.375999
1.788265,1.375999
1.788265,1.375999
1.788265,1.375999
1.496373,1.540390
1.496373,1.540390
1.496373,1.540390
1.496373,1.540390
1.701493,0.989971
1.701493,0.989971
1.701493,0.989971
1.701493,0.989971
1.701493,0.989971
1.701493,0.989971
1.731717,0.969163
1.731717,0.969163
1.731717,0.969163
1.650849,1.824010
1.650849,1.824010
1.650849,1.824010
0.979569,1.611044
1.978670,1.511286
1.978670,1.511286
1.386283,1.263260
1.386283,1.263260
1.386283,1.263260
1.386283,1.263260
1.936906,1.577970
1.936906,1.577970
1.936906,1.577970
1.026712,1.951572
1.026712,1.951572
1.918104,1.576837
1.918104,1.576837
1.918104,1.576837
1.918104,1.576837
1.918104,1.576837
1.918104,1.576837
1.918104,1.576837
1.055206,0.844603
1.055206,0.844603
1.055206,0.844603
1.252904,1.553769
1.252904,1.553769
1.252904,1.553769
1.252904,1.553769
1.252904,1.553769
1.019431,1.581108
1.678089,1.645887
1.573467,1.251717
1.573467,1.251717
1.573467,1.251717
1.410764,0.713939
1.410764,0.713939
1.410764,0.713939
1.410764,0.713939
1.695302,0.934580
1.695302,0.934580
1.695302,0.934580
1.695302,0.934580
1.695302,0.934580
1.695302,0.934580
1.433195,1.712791
1.433195,1.712791
1.433195,1.712791
1.433195,1.712791
1.149471,1.159964
1.149471,1.159964
1.149471,1.159964
1.149471,1.159964
1.149471,1.159964
1.534815,1.643683
1.534815,1.643683
1.534815,1.643683
1.534815,1.643683
1.694156,1.686236
1.694156,1.686236
1.267969,0.751982
1.267969,0.751982
1.464847,1.688993
1.464847,1.688993
1.464847,1.688993
1.464847,1.688993
1.464847,1.688993
1.464847,1.688993
1.464847,1.688993
1.464847,1.688993
1.464847,1.688993
1.464847,1.688993
1.464847,1.688993
1.335351,1.252471
0.965518,1.463704
0.965518,1.463704
1.720801,1.505176
1.720801,1.505176
1.420097,1.567863
1.420097,1.567863
1.420097,1.567863
1.420097,1.567863
1.384033,1.443653
1.384033,1.443653
1.247442,1.760969
0.610197,1.583155
0.778893,0.861380
0.778893,0.861380
0.778893,0.861380
0.778893,0.861380
1.598803,1.084461
0.871623,1.369570
0.871623,1.369570
1.456127,1.133052
1.456127,1.133052
1.456127,1.133052
1.161821,0.721162
1.161821,0.721162
1.267540,1.551347
1.267540,1.551347
1.267540,1.551347
1.267540,1.551347
1.464351,1.349856
1.464351,1.349856
1.464351,1.349856
1.464351,1.349856
1.464351,1.349856
1.464351,1.349856
1.464351,1.349856
1.464351,1.349856
1.253117,1.134333
1.253117,1.134333
1.391309,1.736081
1.391309,1.736081
1.391309,1.736081
1.391309,1.736081
1.391309,1.736081
0.867335,1.305919
0.867335,1.305919
0.798186,1.115246
1.723335,2.084788
1.723335,2.084788
1.394542,2.075236
1.394542,2.075236
1.394542,2.075236
1.491856,1.619451
1.491856,1.619451
1.491856,1.619451
1.491856,1.619451
1.491856,1.619451
1.491856,1.619451
1.491856,1.619451
1.491856,1.619451
1.888229,1.457467
1.888229,1.457467
1.628200,1.155529
1.628200,1.155529
0.668636,1.765457
0.668636,1.765457
0.742132,1.013221
0.742132,1.013221
1.157217,1.345215
1.157217,1.345215
1.193004,0.820421
1.193004,0.820421
1.631651,1.154271
1.631651,1.154271
1.631651,1.154271
1.631651,1.154271
1.631651,1.154271
1.631651,1.154271
1.631651,1.154271
1.558353,1.235015
1.558353,1.235015
1.171458,0.696029
1.171458,0.696029
1.171458,0.696029
1.171458,0.696029
1.171458,0.696029
1.106636,1.236807
1.008424,0.589531
0.537810,0.970313
0.658397,1.683429
0.658397,1.683429
1.551000,1.657567
1.878141,1.921451
1.878141,1.921451
1.205767,1.330339
1.205767,1.330339
1.205767,1.330339
1.205767,1.330339
1.205767,1.330339
1.205767,1.330339
1.205767,1.330339
1.205767,1.330339
1.534102,1.656416
1.382335,0.902700
0.877786,0.951239
0.877786,0.951239
0.999416,1.181679
0.999416,1.181679
0.999416,1.181679
0.999416,1.181679
1.186963,1.293433
0.698458,0.981852
0.698458,0.981852
1.175179,1.237219
1.568234,1.317066
1.568234,1.317066
1.568234,1.317066
1.568234,1.317066
1.568234,1.317066
1.378517,0.730863
1.378517,0.730863
1.378517,0.730863
1.891436,1.360451
1.891436,1.360451
1.058543,0.931558
1.058543,0.931558
1.058543,0.931558
1.058543,0.931558
0.921340,0.966402
1.877268,1.237664
1.877268,1.237664
1.877268,1.237664
1.288389,1.950577
1.744593,1.378713
1.744593,1.378713
1.744593,1.378713
1.744593,1.378713
1.744593,1.378713
1.744593,1.378713
1.744593,1.378713
1.446375,1.233008
1.429866,1.754540
1.429866,1.754540
1.429866,1.754540
1.429866,1.754540
1.429866,1.754540
1.429866,1.754540
1.429866,1.754540
1.193188,1.918380
1.786850,1.593721
1.786850,1.593721
1.786850,1.593721
1.786850,1.593721
1.786850,1.593721
1.786850,1.593721
1.786850,1.593721
1.786850,1.593721
1.184078,0.800944
1.184078,0.800944
1.184078,0.800944
1.184078,0.800944
1.164215,0.955368
1.448765,1.392425
1.448765,1.392425
1.558121,1.333875
1.447089,1.230675
0.837581,1.225772
0.837581,1.225772
0.837581,1.225772
0.837581,1.225772
1.831227,1.433039
1.831227,1.433039
1.831227,1.433039
1.831227,1.433039
1.831227,1.433039
1.669482,0.988733
1.024877,1.113932
1.201851,1.507686
1.343912,1.129641
0.786162,1.025009
1.632079,0.354053
0.970095,0.388242
1.208931,0.500328
1.288122,1.464964
1.925360,1.521923
1.699278,1.768361
1.699278,1.768361
0.897442,1.312858
0.434420,1.291039
0.434420,1.291039
0.434420,1.291039
0.582693,1.326779
0.582693,1.326779
1.241986,2.053233
2.133262,1.726179
1.628440,1.191048
1.628440,1.191048
1.628440,1.191048
1.628440,1.191048
1.628440,1.191048
1.628440,1.191048
1.628440,1.191048
1.628440,1.191048
1.628440,1.191048
1.027591,0.727765
1.125198,1.206819
1.515479,0.649739
1.515479,0.649739
1.515479,0.649739
1.367460,0.892832
1.367460,0.892832
1.367460,0.892832
1.407183,0.519955
1.230941,0.429113
1.054475,0.558839
1.054475,0.558839
1.054475,0.558839
0.903855,1.091363
0.903855,1.091363
0.903855,1.091363
0.703717,1.376326
0.703717,1.376326
1.263985,1.797667
1.263985,1.797667
1.108894,1.180673
1.108894,1.180673
1.108894,1.180673
1.108894,1.180673
1.108894,1.180673
1.108894,1.180673
1.108894,1.180673
1.108894,1.180673
0.956098,1.145348
0.956098,1.145348
1.574456,1.887862
1.574456,1.887862
1.574456,1.887862
1.574456,1.887862
1.574456,1.887862
1.574456,1.887862
1.574456,1.887862
1.574456,1.887862
0.868629,1.049084
0.868629,1.049084
1.574901,1.363391
1.574901,1.363391
1.574901,1.363391
1.574901,1.363391
1.574901,1.363391
1.574901,1.363391
1.669531,1.811629
1.669531,1.811629
1.669531,1.811629
1.669531,1.811629
1.669531,1.811629
1.669531,1.811629
1.669531,1.811629
1.669531,1.811629
1.669531,1.811629
1.669531,1.811629
1.669531,1.811629
1.669531,1.811629
0.717889,1.565629
1.580419,2.097735
1.881933,1.647248
1.881933,1.647248
1.881933,1.647248
0.991129,1.898548
0.991129,1.898548
1.759463,1.294758
1.151178,1.849994
1.151178,1.849994
1.151178,1.849994
1.054976,0.979042
0.518201,1.403367
0.550898,0.943037
0.986406,0.532480
0.986406,0.532480
0.986406,0.532480
1.719488,1.435378
1.719488,1.435378
1.719488,1.435378
1.719488,1.435378
1.719488,1.435378
1.719488,1.435378
1.719488,1.435378
1.665134,1.902293
1.665134,1.902293
1.918681,1.274899
1.399364,1.106426
1.399364,1.106426
1.399364,1.106426
1.399364,1.106426
1.399364,1.106426
1.734838,1.426976
1.734838,1.426976
1.678052,1.012616
1.678052,1.012616
2.053039,1.421087
2.053039,1.421087
2.053039,1.421087
1.339115,0.498245
0.716130,-0.008374
0.738121,-0.399985
0.130290,-0.217014
-0.672608,-0.525107
-0.835194,-1.107154
-1.068340,-1.587864
-1.068340,-1.587864
-1.068340,-1.587864
-1.826586,-1.436883
-1.361293,-1.249884
-1.361293,-1.249884
-1.361293,-1.249884
-1.361293,-1.249884
-1.361293,-1.249884
-1.105754,-0.399342
-1.899745,-1.019201
-1.899745,-1.019201
-1.899745,-1.019201
-1.899745,-1.019201
-1.899745,-1.019201
-1.899745,-1.019201
-1.899745,-1.019201
-1.554541,-1.173725
-1.340356,-1.360559
-1.340356,-1.360559
-1.340356,-1.360559
-1.340356,-1.360559
-1.340356,-1.360559
-1.340356,-1.360559
-1.340356,-1.360559
-1.340356,-1.360559
-1.340356,-1.360559
-1.340356,-1.360559
-1.340356,-1.360559
-1.415226,-1.706584
-1.415226,-1.706584
-1.415226,-1.706584
-1.415226,-1.706584
-1.415226,-1.706584
-1.944500,-1.203865
-1.944500,-1.203865
-1.944500,-1.203865
-1.944500,-1.203865
-1.944500,-1.203865
-1.944500,-1.203865
-1.618934,-1.418826
-0.917777,-1.077451
-1.139826,-1.059977
-1.139826,-1.059977
-0.280308,-1.129402
-0.280308,-1.129402
-0.280308,-1.129402
-1.022945,-0.640839
-1.022945,-0.640839
-0.759459,-0.229846
-0.759459,-0.229846
-0.450349,-1.008287
-0.450349,-1.008287
-1.271675,-1.035473
-1.271675,-1.035473
-1.271675,-1.035473
-1.536238,-1.543974
-1.155572,-1.706204
-1.432128,-1.769227
-1.432128,-1.769227
-1.432128,-1.769227
-1.432128,-1.769227
-1.432128,-1.769227
-1.432128,-1.769227
-0.832725,-1.616604
-0.832725,-1.616604
-1.195537,-1.398640
-1.195537,-1.398640
-1.195537,-1.398640
-1.195537,-1.398640
-0.613062,-1.736528
-1.128279,-0.980420
-1.128279,-0.980420
-1.128279,-0.980420
-1.128279,-0.980420
-1.128279,-0.980420
-1.569918,-1.610823
-1.298113,-1.389288
-1.298113,-1.389288
-1.298113,-1.389288
-1.298113,-1.389288
-1.298113,-1.389288
-1.298113,-1.389288
-1.713967,-0.644653
-1.501321,-0.695728
-1.501321,-0.695728
-1.658647,-0.875162
-1.575834,-1.046433
-0.980161,-1.560833
-0.980161,-1.560833
-1.457208,-1.300215
-1.457208,-1.300215
-1.457208,-1.300215
-0.592556,-1.087722
-0.649576,-1.421371
-0.649576,-1.421371
-0.649576,-1.421371
-0.649576,-1.421371
-0.649576,-1.421371
-0.649576,-1.421371
-0.649576,-1.421371
-1.253873,-1.851878
-1.849534,-1.124336
-1.849534,-1.124336
-1.849534,-1.124336
-1.292847,-0.884220
-1.380839,-1.756294
-1.380839,-1.756294
-1.671416,-1.480813
-1.671416,-1.480813
-1.671416,-1.480813
-1.671416,-1.480813
-1.671416,-1.480813
-1.671416,-1.480813
-1.671416,-1.480813
-1.154960,-1.416947
-1.784805,-1.211135
-1.347048,-1.837765
-0.844637,-1.806991
-0.682543,-1.500218
-0.682543,-1.500218
-0.682543,-1.500218
-0.682543,-1.500218
-0.980634,-1.507634
-0.980634,-1.507634
-0.980634,-1.507634
-0.980634,-1.507634
-0.980634,-1.507634
-1.845011,-1.103179
-1.585111,-0.966406
-1.563594,-1.329832
-1.662928,-0.832836
-0.789673,-0.034291
-0.789673,-0.034291
-0.228745,-0.521106
-0.347045,-0.792881
-0.347045,-0.792881
0.360901,-0.338346
1.099649,-0.207349
0.283049,-0.798954
0.283049,-0.798954
0.283049,-0.798954
0.283049,-0.798954
-0.285719,-0.072994
-1.080444,-1.014517
-1.080444,-1.014517
-1.787445,-1.588049
-1.787445,-1.588049
-1.787445,-1.588049
-1.787445,-1.588049
-1.787445,-1.588049
-2.175736,-1.591914
-2.175736,-1.591914
-2.175736,-1.591914
-2.175736,-1.591914
-1.439215,-0.893329
-1.439215,-0.893329
-1.439215,-0.893329
-1.439215,-0.893329
-1.439215,-0.893329
-1.416849,-0.974665
-1.416849,-0.974665
-1.416849,-0.974665
-1.756151,-1.629801
-1.756151,-1.629801
-1.447431,-0.969165
-1.711616,-1.122513
-1.711616,-1.122513
-1.711616,-1.122513
-1.711616,-1.122513
-1.711616,-1.122513
-1.711616,-1.122513
-1.711616,-1.122513
-1.711616,-1.122513
-1.711616,-1.122513
-1.694628,-1.605926
-1.694628,-1.605926
-1.694628,-1.605926
-1.694628,-1.605926
-1.694628,-1.605926
-1.694628,-1.605926
-1.694628,-1.605926
-1.694628,-1.605926
-1.694628,-1.605926
-1.694628,-1.605926
-1.694628,-1.605926
-1.694628,-1.605926
-1.694628,-1.605926
-1.694628,-1.605926
-1.694628,-1.605926
-1.694628,-1.605926
-1.694628,-1.605926
-1.694628,-1.605926
-1.694628,-1.605926
-1.385218,-1.357568
-1.385218,-1.357568
-0.910757,-1.098206
-0.910757,-1.098206
-0.910757,-1.098206
-0.910757,-1.098206
-0.910757,-1.098206
-0.910757,-1.098206
-0.793766,-0.824790
-0.793766,-0.824790
-0.793766,-0.824790
-0.793766,-0.824790
-1.515775,-1.628038
-1.515775,-1.628038
-1.515775,-1.628038
-1.515775,-1.628038
-1.515775,-1.628038
-1.515775,-1.628038
-1.515775,-1.628038
-1.515775,-1.628038
-1.515775,-1.628038
-1.515775,-1.628038
-0.996451,-1.358292
-0.603872,-1.274208
-1.012581,-0.444924
-1.012581,-0.444924
-0.298877,-1.227931
-0.840794,-1.227979
-0.840794,-1.227979
-0.840794,-1.227979
-0.840794,-1.227979
-1.190095,-1.925077
-1.190095,-1.925077
-1.190095,-1.925077
-1.190095,-1.925077
-1.190095,-1.925077
-1.190095,-1.925077
-1.931907,-1.552723
-1.931907,-1.552723
-1.326895,-1.121637
-1.326895,-1.121637
-1.326895,-1.121637
-1.326895,-1.121637
-1.750639,-0.986360
-1.750639,-0.986360
-0.830932,-1.474016
-1.586448,-1.437454
-1.586448,-1.437454
-1.586448,-1.437454
-1.586448,-1.437454
-1.586448,-1.437454
-1.586448,-1.437454
-1.280855,-1.330981
-1.280855,-1.330981
-1.341375,-0.492803
-1.341375,-0.492803
-1.341375,-0.492803
-0.550076,-1.125026
-1.048680,-1.157247
-1.048680,-1.157247
-1.048680,-1.157247
-1.048680,-1.157247
-1.048680,-1.157247
-1.029263,-0.818272
-1.029263,-0.818272
-0.916837,-1.284691
-0.739480,-0.439739
-0.739480,-0.439739
-0.739480,-0.439739
-0.659196,-1.103500
-1.599848,-0.644165
-1.599848,-0.644165
-1.599848,-0.644165
-1.448724,-0.708134
-1.448724,-0.708134
-1.116287,-1.429850
-1.523028,-1.527989
-1.523028,-1.527989
-1.523028,-1.527989
-1.464717,-1.504685
-1.464717,-1.504685
-1.603590,-1.530834
-1.705284,-0.705875
-0.833552,-1.516354
-0.833552,-1.516354
-0.698331,-0.855936
0.166196,-0.748392
-0.475860,0.213077
-0.475860,0.213077
-0.475860,0.213077
-0.353838,1.037813
-0.373856,0.600833
-0.078748,0.475408
0.842830,1.437579
1.760656,1.344868
1.760656,1.344868
1.362245,1.249549
1.362245,1.249549
1.354409,1.551000
1.354409,1.551000
1.669146,1.342821
1.669146,1.342821
1.372102,0.911536
1.516463,1.190481
1.516463,1.190481
1.164349,1.215553
1.164349,1.215553
1.164349,1.215553
1.164349,1.215553
1.164349,1.215553
1.164349,1.215553
0.926742,1.755032
0.926742,1.755032
1.397815,1.079593
1.397815,1.079593
1.397815,1.079593
1.397815,1.079593
1.397815,1.079593
0.692871,1.077528
0.692871,1.077528
0.692871,1.077528
0.692871,1.077528
0.947208,1.722827
0.960169,1.561182
1.670797,1.092176
1.670797,1.092176
1.670797,1.092176
1.471051,1.946437
1.471051,1.946437
1.471051,1.946437
1.471051,1.946437
1.030346,1.021663
1.030346,1.021663
1.813486,1.254467
1.813486,1.254467
1.455464,1.991276
1.455464,1.991276
1.919269,1.152442
1.919269,1.152442
1.011202,1.278230
1.011202,1.278230
0.688803,0.707947
0.688803,0.707947
-0.056363,0.700765
-0.718408,-0.275321
-0.548193,0.525836
-0.548193,0.525836
0.433201,0.815630
0.825315,1.069400
0.825315,1.069400
0.825315,1.069400
0.825315,1.069400
0.825315,1.069400
0.825315,1.069400
1.084514,1.430414
1.084514,1.430414
1.300492,1.374694
1.300492,1.374694
1.309425,1.499068
1.309425,1.499068
1.309425,1.499068
1.309425,1.499068
1.309425,1.499068
1.309425,1.499068
1.309425,1.499068
1.309425,1.499068
1.309425,1.499068
1.612606,1.062663
1.612606,1.062663
1.030824,1.051823
1.030824,1.051823
0.352165,0.843639
0.352165,0.843639
1.001118,1.783138
1.475403,1.095183
1.475403,1.095183
0.923493,1.145993
1.657622,1.646373
1.657622,1.646373
1.657622,1.646373
1.657622,1.646373
1.657622,1.646373
1.657622,1.646373
1.657622,1.646373
0.972032,0.942212
0.972032,0.942212
0.972032,0.942212
0.972032,0.942212
0.972032,0.942212
0.774786,1.833218
1.545271,1.367172
1.545271,1.367172
1.545271,1.367172
1.545271,1.367172
1.545271,1.367172
1.545271,1.367172
1.444718,1.368769
1.444718,1.368769
0.835182,0.904756
0.835182,0.904756
0.835182,0.904756
1.099010,1.061947
1.099010,1.061947
1.432315,0.911178
1.432315,0.911178
1.432315,0.911178
0.993366,1.503869
0.993366,1.503869
0.993366,1.503869
1.152825,1.534319
1.152825,1.534319
1.152825,1.534319
1.152825,1.534319
1.108209,1.669242
1.108209,1.669242
1.108209,1.669242
1.108209,1.669242
0.799405,1.602599
0.567458,1.259747
1.046451,1.693850
0.923133,1.102948
0.923133,1.102948
0.923133,1.102948
0.923133,1.102948
0.923133,1.102948
0.923133,1.102948
1.649531,1.662651
1.649531,1.662651
0.947911,1.544667
0.947911,1.544667
1.032865,1.360904
0.734058,1.311820
0.734058,1.311820
0.734058,1.311820
0.734058,1.311820
0.734058,1.311820
1.691077,1.939409
1.506276,1.989099
0.772521,1.756890
0.772521,1.756890
0.772521,1.756890
0.772521,1.756890
0.772521,1.756890
0.772521,1.756890
0.772521,1.756890
1.644998,1.473471
1.644998,1.473471
1.644998,1.473471
1.281228,1.593501
1.281228,1.593501
1.583118,1.462072
0.618857,1.130856
0.618857,1.130856
0.618857,1.130856
0.618857,1.130856
0.632096,1.641367
0.632096,1.641367
0.632096,1.641367
0.475793,0.659863
0.475793,0.659863
1.432117,1.584650
1.432117,1.584650
1.432117,1.584650
1.248289,1.985504
1.377876,1.954915
1.377876,1.954915
1.377876,1.954915
1.377876,1.954915
1.424246,1.304304
0.827714,1.380883
0.827714,1.380883
0.842435,0.811790
0.842435,0.811790
1.305933,0.811794
1.305933,0.811794
1.305933,0.811794
1.305933,0.811794
1.701642,1.496295
1.701642,1.496295
1.701642,1.496295
1.701642,1.496295
1.701642,1.496295
1.701642,1.496295
1.701642,1.496295
1.367460,0.896785
1.367460,0.896785
1.305369,1.339469
1.305369,1.339469
1.469263,1.899777
1.469263,1.899777
1.469263,1.899777
1.469263,1.899777
1.469263,1.899777
1.469263,1.899777
0.612435,1.198838
0.612435,1.198838
0.886259,1.352489
0.886259,1.352489
0.886259,1.352489
0.886259,1.352489
1.729111,1.171126
0.809513,1.481841
0.757571,0.489709
0.757571,0.489709
1.668420,1.138358
1.668420,1.138358
1.668420,1.138358
1.137766,0.434092
1.137766,0.434092
1.137766,0.434092
1.137766,0.434092
1.137766,0.434092
1.137766,0.434092
1.137766,0.434092
1.137766,0.434092
0.708455,1.002824
0.708455,1.002824
0.708455,1.002824
0.708455,1.002824
0.938605,1.129598
0.938605,1.129598
0.938605,1.129598
0.778674,1.179895
0.778674,1.179895
0.778674,1.179895
0.778674,1.179895
0.778674,1.179895
0.778674,1.179895
1.267858,0.888359
1.267858,0.888359
1.267858,0.888359
1.169724,1.558668
1.169724,1.558668
1.169724,1.558668
1.580708,0.957973
1.258381,1.610060
1.258381,1.610060
1.258381,1.610060
1.258381,1.610060
1.258381,1.610060
1.258381,1.610060
1.258381,1.610060
1.114901,2.146683
1.114901,2.146683
1.114901,2.146683
1.114901,2.146683
1.898333,1.286526
1.961076,1.801135
1.961076,1.801135
1.168082,1.961669
1.168082,1.961669
1.874993,1.005835
1.874993,1.005835
1.269590,1.995981
1.464147,1.912045
1.464147,1.912045
1.464147,1.912045
1.464147,1.912045
0.555334,1.503605
0.617280,0.629393
0.837527,0.318548
0.837527,0.318548
0.837527,0.318548
1.335417,0.354228
1.335417,0.354228
1.335417,0.354228
0.913918,0.214530
0.913918,0.214530
0.975686,0.350003
0.975686,0.350003
1.332116,0.879099
0.599926,0.962368
0.599926,0.962368
0.599926,0.962368
1.122646,0.310795
0.825054,0.679613
0.825054,0.679613
0.757431,0.150133
1.480257,0.676027
1.480257,0.676027
1.480257,0.676027
0.785535,0.480346
0.785535,0.480346
0.785535,0.480346
0.785535,0.480346
1.015935,0.820978
1.992956,1.609675
1.181045,1.826290
0.433353,1.356233
0.433353,1.356233
0.433353,1.356233
0.498768,0.788238
0.498768,0.788238
0.588398,1.197845
0.630133,0.646153
1.517438,1.581410
1.517438,1.581410
1.517438,1.581410
1.081070,1.545617
1.081070,1.545617
1.081070,1.545617
1.081070,1.545617
1.081070,1.545617
1.081070,1.545617
1.081070,1.545617
1.081070,1.545617
1.081070,1.545617
1.081070,1.545617
1.081070,1.545617
1.081070,1.545617
1.081070,1.545617
1.296075,1.136698
1.296075,1.136698
1.296075,1.136698
1.296075,1.136698
1.777213,1.617289
1.777213,1.617289
1.777213,1.617289
0.806610,0.693241
0.806610,0.693241
0.806610,0.693241
0.806610,0.693241
1.579530,1.155443
1.579530,1.155443
1.579530,1.155443
1.579530,1.155443
1.579530,1.155443
1.579530,1.155443
1.390110,1.571965
1.390110,1.571965
1.390110,1.571965
1.675789,0.986339
1.675789,0.986339
1.675789,0.986339
1.675789,0.986339
1.729940,1.104967
1.729940,1.104967
0.838418,1.295377
0.838418,1.295377
0.838418,1.295377
0.838418,1.295377
1.220896,1.601360
1.575753,1.674917
1.575753,1.674917
0.938152,1.516677
0.938152,1.516677
0.938152,1.516677
1.847926,2.084363
1.695611,2.141659
1.695611,2.141659
1.695611,2.141659
1.831370,1.834818
1.831370,1.834818
1.182541,0.963735
1.182541,0.963735
0.582562,1.113270
1.022977,1.178542
1.802990,0.847556
1.802990,0.847556
1.802990,0.847556
1.802990,0.847556
2.213224,1.650617
1.837826,2.344078
2.048204,2.172809
1.910584,1.178368
0.923960,0.999042
0.923960,0.999042
0.923960,0.999042
0.923960,0.999042
0.598803,0.079734
0.598803,0.079734
0.598803,0.079734
0.575377,0.353637
0.844753,-0.241269
-0.105101,-0.434324
-1.029556,0.258363
-0.210909,1.252355
-0.210909,1.252355
0.277811,1.174553
0.277811,1.174553
0.432111,0.482430
0.432111,0.482430
0.746121,0.050543
1.386018,0.809344
1.056297,1.179689
1.056297,1.179689
1.056297,1.179689
1.056297,1.179689
1.288856,1.801694
1.288856,1.801694
1.288856,1.801694
1.309191,1.572939
1.467164,0.620680
1.467164,0.620680
0.676442,0.958635
1.514470,1.696258
1.514470,1.696258
1.109271,1.515125
1.537634,1.011875
1.537634,1.011875
1.537634,1.011875
1.537634,1.011875
1.537634,1.011875
1.964181,1.997477
1.964181,1.997477
1.010172,1.957723
1.010172,1.957723
1.125821,1.674792
1.047378,1.278475
1.047378,1.278475
1.047378,1.278475
1.047378,1.278475
1.047378,1.278475
1.229349,1.662570
1.229349,1.662570
1.229349,1.662570
1.465339,1.959297
1.465339,1.959297
1.465339,1.959297
1.465339,1.959297
1.344498,0.974768
1.344498,0.974768
0.658854,1.366349
1.373707,1.891262
0.852226,1.360773
0.852226,1.360773
0.852226,1.360773
0.852226,1.360773
0.852226,1.360773
1.619736,0.910070
1.619736,0.910070
1.619736,0.910070
0.778795,1.212324
0.778795,1.212324
0.778795,1.212324
0.687764,1.244077
0.687764,1.244077
0.687764,1.244077
1.650478,1.591027
1.107671,0.620089
1.361770,1.262513
1.361770,1.262513
1.206959,1.354097
0.706689,1.327658
0.706689,1.327658
1.019083,1.721036
1.019083,1.721036
1.019083,1.721036
1.019083,1.721036
1.019083,1.721036
1.374610,1.072047
1.374610,1.072047
1.374610,1.072047
1.035384,1.692327
1.035384,1.692327
1.808945,0.931800
1.808945,0.931800
1.808945,0.931800
1.808945,0.931800
1.305830,1.077197
1.305830,1.077197
1.305830,1.077197
1.305830,1.077197
1.305830,1.077197
1.476467,0.982929
1.476467,0.982929
1.476467,0.982929
1.484093,1.145619
1.605844,1.419414
1.605844,1.419414
1.605844,1.419414
1.818985,1.678910
1.818985,1.678910
1.818985,1.678910
1.818985,1.678910
1.818985,1.678910
1.818985,1.678910
1.818985,1.678910
1.818985,1.678910
1.818985,1.678910
1.258256,1.512061
1.258256,1.512061
0.513332,1.577815
0.513332,1.577815
0.513332,1.577815
0.028151,1.140485
0.028151,1.140485
0.496682,1.731269
0.169178,1.374603
0.169178,1.374603
0.169178,1.374603
1.102070,0.496917
1.102070,0.496917
1.048608,-0.039561
0.686701,-0.613991
0.650560,-0.041401
1.449436,0.668384
1.542893,1.398475
0.543926,1.767787
0.614844,1.682369
0.614844,1.682369
0.614844,1.682369
0.614844,1.682369
0.732271,1.271844
0.732271,1.271844
1.714936,0.929112
1.714936,0.929112
1.339871,1.207549
1.339871,1.207549
0.667205,1.721685
0.667205,1.721685
0.667205,1.721685
0.667205,1.721685
0.667205,1.721685
0.667205,1.721685
0.667205,1.721685
1.214910,0.986738
1.811585,1.308487
1.811585,1.308487
1.811585,1.308487
1.075821,1.329991
1.075821,1.329991
1.037475,0.835988
1.380218,1.317569
1.367959,1.288093
1.367959,1.288093
1.367959,1.288093
1.367959,1.288093
1.367959,1.288093
1.367959,1.288093
1.367959,1.288093
1.367959,1.288093
1.367959,1.288093
1.367959,1.288093
1.367959,1.288093
1.367959,1.288093
1.367959,1.288093
1.367959,1.288093
1.367959,1.288093
1.367959,1.288093
1.367959,1.288093
1.367959,1.288093
1.367959,1.288093
1.285984,1.535981
1.285984,1.535981
1.285984,1.535981
1.285984,1.535981
1.285984,1.535981
1.285984,1.535981
1.285984,1.535981
1.461468,0.884900
0.747396,1.482992
0.747396,1.482992
1.695444,1.332838
1.695444,1.332838
1.695444,1.332838
1.695444,1.332838
1.695444,1.332838
1.695444,1.332838
1.303691,1.143033
1.303691,1.143033
1.303691,1.143033
1.303691,1.143033
1.303691,1.143033
1.303691,1.143033
1.303691,1.143033
1.303691,1.143033
0.449066,1.459522
0.449066,1.459522
1.326997,0.838461
1.326997,0.838461
1.326997,0.838461
1.675421,0.808821
1.661154,1.008531
1.661154,1.008531
1.661154,1.008531
1.661154,1.008531
1.661154,1.008531
1.661154,1.008531
1.661154,1.008531
1.451869,1.570578
1.451869,1.570578
1.244568,1.447226
1.244568,1.447226
1.244568,1.447226
1.244568,1.447226
1.244568,1.447226
1.225305,1.693065
1.225305,1.693065
0.763348,1.584882
0.763348,1.584882
0.763348,1.584882
0.763348,1.584882
1.163023,0.935618
1.196460,0.899993
1.196460,0.899993
1.196460,0.899993
1.196460,0.899993
1.196460,0.899993
0.781886,1.161525
1.105948,1.662445
1.105948,1.662445
1.105948,1.662445
1.270992,1.559864
1.270992,1.559864
1.270992,1.559864
1.468774,1.676665
1.468774,1.676665
1.468774,1.676665
1.468774,1.676665
1.468774,1.676665
1.468774,1.676665
1.468774,1.676665
1.556545,0.848995
0.654278,0.446859
0.806620,0.864043
1.381853,0.810195
1.205279,1.120525
1.205279,1.120525
1.205279,1.120525
1.019194,1.595529
1.019194,1.595529
1.019194,1.595529
1.221708,1.244161
1.221708,1.244161
1.210046,1.248466
1.210046,1.248466
1.210046,1.248466
1.432348,1.467656
1.432348,1.467656
1.432348,1.467656
1.432348,1.467656
1.432348,1.467656
1.432348,1.467656
1.432348,1.467656
1.432348,1.467656
1.432348,1.467656
0.661481,1.505796
0.661481,1.505796
0.661481,1.505796
0.857595,1.593285
0.199045,1.350000
0.375145,1.058573
0.375145,1.058573
0.931026,1.753325
1.021331,1.503827
1.021331,1.503827
1.345095,1.004745
0.763228,1.577943
0.763228,1.577943
1.550661,1.963704
1.797296,1.149428
1.797296,1.149428
1.797296,1.149428
1.797296,1.149428
0.847915,0.907573
1.150545,1.201788
1.554541,1.173623
1.554541,1.173623
1.554541,1.173623
1.554541,1.173623
1.554541,1.173623
1.554541,1.173623
1.554541,1.173623
1.554541,1.173623
1.554541,1.173623
1.574803,1.709429
1.574803,1.709429
1.574803,1.709429
1.770641,1.165602
1.617840,1.037549
1.617840,1.037549
1.617840,1.037549
1.380219,1.341016
1.380219,1.341016
1.380219,1.341016
1.380219,1.341016
1.559106,1.887420
1.559106,1.887420
1.559106,1.887420
1.147115,1.567442
0.718014,1.660936
0.718014,1.660936
0.718014,1.660936
0.439874,0.966358
0.439874,0.966358
1.427104,1.344398
1.427104,1.344398
1.427104,1.344398
1.427104,1.344398
1.427104,1.344398
1.427104,1.344398
1.620906,0.559673
0.802339,0.916247
0.798846,0.201846
1.221073,0.580890
1.035342,0.989472
1.035342,0.989472
1.035342,0.989472
1.166533,1.926547
1.166533,1.926547
1.200404,1.191830
1.200404,1.191830
1.200404,1.191830
1.200404,1.191830
1.200404,1.191830
1.006698,1.575716
0.660749,1.200599
0.594784,0.541430
0.807161,-0.038186
1.340198,0.702403
1.704723,1.284868
1.225412,1.501990
1.225412,1.501990
1.225412,1.501990
1.225412,1.501990
1.225412,1.501990
1.225412,1.501990
0.813185,1.201003
1.647264,1.566492
1.647264,1.566492
1.647264,1.566492
1.647264,1.566492
1.312850,1.077651
0.494493,0.950284
0.226839,0.476851
-0.184802,0.026086
-0.184802,0.026086
-0.184802,0.026086
-0.667866,-0.821660
-0.667866,-0.821660
-0.667866,-0.821660
-0.667866,-0.821660
-1.592984,-1.279952
-1.592984,-1.279952
-1.592984,-1.279952
-1.592984,-1.279952
-1.592984,-1.279952
-1.592984,-1.279952
-1.727091,-1.224719
-1.727091,-1.224719
-1.283136,-1.666847
-1.283136,-1.666847
-1.283136,-1.666847
-1.496501,-1.696649
-1.496501,-1.696649
-1.496501,-1.696649
-1.496501,-1.696649
-1.437095,-1.262093
-1.437095,-1.262093
-1.437095,-1.262093
-1.198730,-1.048378
-1.198730,-1.048378
-1.198730,-1.048378
-1.357582,-0.872523
-1.357582,-0.872523
-1.357582,-0.872523
-1.357582,-0.872523
-1.357582,-0.872523
-2.016272,-1.488013
-2.016272,-1.488013
-1.949042,-1.542748
-1.949042,-1.542748
-1.038776,-0.712514
-1.038776,-0.712514
-1.038776,-0.712514
-1.289445,-1.695524
-0.668370,-1.295583
-0.668370,-1.295583
-0.668370,-1.295583
-0.668370,-1.295583
-0.668370,-1.295583
-0.668370,-1.295583
-0.668370,-1.295583
-0.668370,-1.295583
-0.668370,-1.295583
-0.668370,-1.295583
-0.668370,-1.295583
-0.668370,-1.295583
-0.668370,-1.295583
-0.668370,-1.295583
-0.668370,-1.295583
-1.432927,-1.206728
-1.432927,-1.206728
-1.432927,-1.206728
-1.432927,-1.206728
-1.432927,-1.206728
-1.432927,-1.206728
-1.432927,-1.206728
-1.432927,-1.206728
-1.168749,-1.161070
-1.168749,-1.161070
-1.168749,-1.161070
-1.256960,-1.732606
-1.256960,-1.732606
-1.256960,-1.732606
-1.256960,-1.732606
-1.706866,-1.300457
-1.706866,-1.300457
-1.706866,-1.300457
-1.706866,-1.300457
-0.742842,-0.945304
-1.294529,-1.143565
-1.294529,-1.143565
-1.294529,-1.143565
-1.294529,-1.143565
-1.294529,-1.143565
-1.294529,-1.143565
-1.294529,-1.143565
-1.294529,-1.143565
-1.542163,-1.134445
-1.542163,-1.134445
-1.305437,-0.486189
-1.268447,-0.789241
-1.268447,-0.789241
-1.268447,-0.789241
-1.587389,-1.250328
-1.587389,-1.250328
-1.041743,-0.579220
-0.466917,-1.480296
-0.466917,-1.480296
-1.219221,-1.440314
-1.219221,-1.440314
-1.219221,-1.440314
-1.219221,-1.440314
-1.219221,-1.440314
-1.219221,-1.440314
-1.219221,-1.440314
-1.219221,-1.440314
-1.219221,-1.440314
-1.219221,-1.440314
-1.219221,-1.440314
-1.219221,-1.440314
-1.219221,-1.440314
-1.216126,-1.428933
-1.216126,-1.428933
-1.216126,-1.428933
-0.943010,-1.172788
-0.855229,-1.841708
-1.059141,-0.984569
-1.059141,-0.984569
-1.635612,-1.727716
-1.635612,-1.727716
-1.635612,-1.727716
-1.635612,-1.727716
-1.635612,-1.727716
-0.896623,-1.535287
-0.896623,-1.535287
-0.896623,-1.535287
-0.896623,-1.535287
-1.005241,-1.090271
-1.005241,-1.090271
-0.887817,-1.547159
-1.262746,-0.967519
-1.262746,-0.967519
-0.927937,-1.830789
-0.927937,-1.830789
-0.927937,-1.830789
-0.927937,-1.830789
-0.927937,-1.830789
-0.850819,-1.720669
-1.359028,-1.184028
-1.359028,-1.184028
-1.359028,-1.184028
-1.359028,-1.184028
-1.359028,-1.184028
-1.359028,-1.184028
-1.604880,-1.218478
-1.604880,-1.218478
-1.604880,-1.218478
-1.604880,-1.218478
-1.772204,-1.428322
-1.772204,-1.428322
-1.772204,-1.428322
-1.665477,-1.678623
-1.665477,-1.678623
-1.665477,-1.678623
-1.665477,-1.678623
-1.665477,-1.678623
-1.665477,-1.678623
-1.665477,-1.678623
-1.665477,-1.678623
-1.665477,-1.678623
-1.665477,-1.678623
-1.665477,-1.678623
-1.905007,-1.448869
-1.672140,-1.650018
-1.913332,-1.367290
-1.913332,-1.367290
-1.133799,-1.763710
-1.133799,-1.763710
-1.133799,-1.763710
-1.133799,-1.763710
-1.188134,-0.974223
-1.188134,-0.974223
-1.188134,-0.974223
-1.188134,-0.974223
-1.782654,-1.057895
-1.782654,-1.057895
-1.410576,-1.550864
-1.410576,-1.550864
-1.410576,-1.550864
-1.410576,-1.550864
-1.410576,-1.550864
-1.295140,-1.422890
-1.295140,-1.422890
-1.295140,-1.422890
-1.295140,-1.422890
-1.019487,-0.524381
-1.553461,-1.017010
-1.682705,-1.216195
-1.730206,-1.567836
-1.730206,-1.567836
-1.730206,-1.567836
-1.730206,-1.567836
-1.730206,-1.567836
-1.730206,-1.567836
-1.685679,-1.213374
-1.685679,-1.213374
-1.685679,-1.213374
-1.685679,-1.213374
-1.047347,-0.753976
-1.766349,-1.023641
-1.766349,-1.023641
-1.115878,-0.554588
-1.115878,-0.554588
-1.116333,-0.214858
-1.116333,-0.214858
-1.116333,-0.214858
-0.814549,-0.123468
-1.612952,-0.892040
-1.612952,-0.892040
-1.612952,-0.892040
-1.282574,-0.227126
-1.282574,-0.227126
-1.282574,-0.227126
-0.509033,0.681369
-0.509033,0.681369
-0.620182,0.601808
-0.620182,0.601808
-0.620182,0.601808
-0.016224,1.331353
-0.016224,1.331353
0.524571,0.467597
1.032140,1.168947
2.007547,0.841763
1.036723,0.202006
0.337425,1.096954
1.319627,0.974608
1.319627,0.974608
1.319627,0.974608
1.319627,0.974608
1.319627,0.974608
0.785936,1.228374
0.571601,0.905496
0.950159,1.325893
0.950159,1.325893
0.950159,1.325893
0.950159,1.325893
0.950159,1.325893
0.950159,1.325893
1.372151,1.745107
1.117602,1.532941
1.117602,1.532941
1.757804,1.418108
1.981384,1.128664
1.777288,0.879925
0.836863,1.162551
0.745217,0.857549
0.990270,1.462591
0.990270,1.462591
0.990270,1.462591
0.990270,1.462591
1.255267,1.277665
1.255267,1.277665
1.255267,1.277665
1.450221,1.868917
1.450221,1.868917
1.273096,0.922218
1.273096,0.922218
1.782184,1.167130
1.807276,0.884816
1.887524,1.616656
1.887524,1.616656
1.887524,1.616656
1.887524,1.616656
1.589898,1.422867
1.589898,1.422867
1.422208,1.044106
1.422208,1.044106
1.422208,1.044106
1.157333,1.289981
1.157333,1.289981
1.486141,1.572940
1.130922,1.400747
1.176092,0.581520
1.176092,0.581520
1.457210,1.336185
1.199720,1.696709
1.199720,1.696709
1.199720,1.696709
1.840982,1.378037
1.840982,1.378037
1.840982,1.378037
1.840982,1.378037
1.840982,1.378037
1.840982,1.378037
1.840982,1.378037
1.840982,1.378037
1.840982,1.378037
1.840982,1.378037
1.840982,1.378037
1.424155,1.770758
1.424155,1.770758
1.531826,1.392319
0.939114,1.696451
1.696776,1.712795
0.973732,1.515254
0.973732,1.515254
0.973732,1.515254
1.911213,1.755119
1.911213,1.755119
1.911213,1.755119
1.911213,1.755119
1.911213,1.755119
1.817928,1.923743
1.817928,1.923743
1.817928,1.923743
1.817928,1.923743
1.817928,1.923743
1.817928,1.923743
0.939314,1.056163
0.728562,0.936800
0.953941,0.880105
0.953941,0.880105
0.898995,1.410223
0.898995,1.410223
0.898995,1.410223
0.898995,1.410223
0.898995,1.410223
0.898995,1.410223
0.898995,1.410223
1.860760,1.789923
1.918084,1.240938
1.918084,1.240938
1.918084,1.240938
1.752809,1.466899
1.752809,1.466899
1.752809,1.466899
1.024917,1.787336
1.024917,1.787336
0.687894,1.435156
0.687894,1.435156
0.687894,1.435156
0.687894,1.435156
0.663451,0.626505
0.663451,0.626505
1.249273,0.525996
1.494170,0.512256
1.494170,0.512256
1.002575,0.270931
1.002575,0.270931
1.355315,0.771543
1.355315,0.771543
1.355315,0.771543
1.355315,0.771543
1.945565,1.115990
1.396344,0.345315
0.924586,-0.485463
0.037464,-0.341483
-0.391850,0.185002
-0.391850,0.185002
-0.860384,-0.467454
-0.860384,-0.467454
-0.860384,-0.467454
0.024366,-0.487130
0.024366,-0.487130
0.275145,0.364065
-0.333100,-0.414785
0.239328,0.390671
0.435891,0.022985
0.953676,0.431776
1.478335,0.373541
1.478335,0.373541
0.921715,1.267044
1.418205,1.776126
1.418205,1.776126
1.418205,1.776126
1.418205,1.776126
1.608355,1.626797
1.608355,1.626797
1.608355,1.626797
1.608355,1.626797
1.608355,1.626797
1.608355,1.626797
1.608355,1.626797
1.608355,1.626797
0.907089,1.441122
1.223752,1.602760
1.223752,1.602760
0.807605,1.421870
0.807605,1.421870
0.807605,1.421870
0.807605,1.421870
0.807605,1.421870
0.807605,1.421870
1.090350,1.505794
1.815277,1.359887
1.008949,1.413559
0.778420,0.896945
1.342458,0.694770
0.493876,0.569419
1.103261,0.504231
1.103261,0.504231
1.352420,0.121368
0.944896,0.869153
1.282005,0.665909
1.282005,0.665909
1.282005,0.665909
0.971346,1.409510
0.971346,1.409510
0.971346,1.409510
1.301339,1.604004
1.782635,0.751446
1.031294,0.963007
1.031294,0.963007
1.031294,0.963007
1.727219,1.367406
1.727219,1.367406
1.727219,1.367406
1.680907,1.004891
1.680907,1.004891
1.680907,1.004891
1.680907,1.004891
1.680907,1.004891
1.680907,1.004891
1.462682,1.304140
1.462682,1.304140
0.533678,1.531368
0.542834,1.412337
-0.152518,0.636547
-0.504180,0.247265
-0.504180,0.247265
-0.504180,0.247265
-0.504180,0.247265
0.147659,-0.289199
0.511926,-0.053719
-0.320281,-0.962071
-0.320281,-0.962071
-0.320281,-0.962071
0.435272,-0.386047
-0.491585,-0.066281
-1.153486,-0.635226
-0.965534,0.269707
-0.612849,-0.148466
0.205496,-0.234054
0.452334,0.369289
0.984515,0.736047
0.984515,0.736047
0.253185,1.281475
0.045159,0.986961
-0.025420,0.761601
0.022531,0.679808
0.772890,-0.031461
0.772890,-0.031461
-0.001189,0.018113
-0.965826,-0.643367
-0.965826,-0.643367
-0.373131,-1.213017
-0.373131,-1.213017
-0.373131,-1.213017
-0.373131,-1.213017
-1.139992,-1.852214
-1.139992,-1.852214
-1.139992,-1.852214
-0.881980,-1.433055
-0.881980,-1.433055
-0.117378,-0.770406
-0.616201,-0.483525
-1.183454,-0.313867
-1.183454,-0.313867
-1.183454,-0.313867
-1.183454,-0.313867
-1.240231,-0.569821
-1.240231,-0.569821
-1.131313,0.021682
-1.131313,0.021682
-1.131313,0.021682
-1.131313,0.021682
-1.131313,0.021682
-1.193199,-0.090231
-1.193199,-0.090231
-0.626708,-1.078527
-0.626708,-1.078527
-0.811262,-0.877480
-0.811262,-0.877480
-0.811262,-0.877480
-0.811262,-0.877480
-1.610015,-1.528210
-1.610015,-1.528210
-1.610015,-1.528210
-1.610015,-1.528210
-1.610015,-1.528210
-1.610015,-1.528210
-1.610015,-1.528210
-1.610015,-1.528210
-1.042745,-1.411674
-1.042745,-1.411674
-1.893588,-1.541185
-1.893588,-1.541185
-1.893588,-1.541185
-1.893588,-1.541185
-1.893588,-1.541185
-1.893588,-1.541185
-1.893588,-1.541185
-1.893588,-1.541185
-1.893588,-1.541185
-1.893588,-1.541185
-1.893588,-1.541185
-1.893588,-1.541185
-1.929768,-1.607211
-1.013972,-1.830891
-1.552201,-1.847393
-1.552201,-1.847393
-0.818412,-1.043123
-1.051996,-0.897306
-1.051996,-0.897306
-1.051996,-0.897306
-1.051996,-0.897306
-1.372152,-1.753771
-1.372152,-1.753771
-1.372152,-1.753771
-1.003601,-1.517197
-1.003601,-1.517197
-1.003601,-1.517197
-1.003601,-1.517197
-1.352966,-1.302286
-1.502047,-0.906273
-1.502047,-0.906273
-0.506391,-0.907984
-1.046016,-0.397521
-1.046016,-0.397521
-1.958882,-0.935273
-1.958882,-0.935273
-1.958882,-0.935273
-1.022477,-0.764193
-1.246988,-0.122370
-1.246988,-0.122370
-1.479911,-0.870246
-1.479911,-0.870246
-0.770793,-0.716177
-1.032497,-1.180319
-1.032497,-1.180319
-1.032497,-1.180319
-1.781483,-1.383263
-1.781483,-1.383263
-1.461287,-1.858427
-1.461287,-1.858427
-1.194115,-1.496259
-1.194115,-1.496259
-1.194115,-1.496259
-1.194115,-1.496259
-1.194115,-1.496259
-1.542531,-1.321534
-1.542531,-1.321534
-1.542531,-1.321534
-1.542531,-1.321534
-1.542531,-1.321534
-1.542531,-1.321534
-1.542531,-1.321534
-1.542531,-1.321534
-1.542531,-1.321534
-1.542531,-1.321534
-1.542531,-1.321534
-1.542531,-1.321534
-1.542531,-1.321534
-0.888781,-1.749723
-0.888781,-1.749723
-0.888781,-1.749723
-1.042284,-1.673320
-1.300135,-1.373677
-1.300135,-1.373677
-1.300135,-1.373677
-1.300135,-1.373677
-1.300135,-1.373677
-1.300135,-1.373677
-1.300135,-1.373677
-1.300135,-1.373677
-0.909454,-1.201629
-1.530624,-1.202564
-1.038939,-1.440763
-1.038939,-1.440763
-1.038939,-1.440763
-1.038939,-1.440763
-1.038939,-1.440763
-1.038939,-1.440763
-1.038939,-1.440763
-1.038939,-1.440763
-1.038939,-1.440763
-1.038939,-1.440763
-1.038939,-1.440763
-1.038939,-1.440763
-1.038939,-1.440763
-1.038939,-1.440763
-1.038939,-1.440763
-1.038939,-1.440763
-1.742923,-1.310019
-1.742923,-1.310019
-1.742923,-1.310019
-1.664250,-1.042749
-1.664250,-1.042749
-1.044506,-1.007864
-1.754713,-1.459343
-1.754713,-1.459343
-1.754713,-1.459343
-1.046546,-1.291337
-1.046546,-1.291337
-1.046546,-1.291337
-1.094851,-1.167555
-1.094851,-1.167555
-1.094851,-1.167555
-1.094851,-1.167555
-1.094851,-1.167555
-1.107445,-0.834271
-1.107445,-0.834271
-1.107445,-0.834271
-1.107445,-0.834271
-0.739177,-1.345548
-0.739177,-1.345548
-0.739177,-1.345548
-1.436302,-1.926014
-0.688950,-1.176392
-0.688950,-1.176392
-1.605028,-1.711896
-1.640805,-1.006016
-1.619084,-1.947346
-1.780078,-1.762866
-1.780078,-1.762866
-1.780078,-1.762866
-1.371630,-0.990163
-1.283084,-0.793001
-1.673626,-0.637988
-1.673626,-0.637988
-1.673626,-0.637988
-1.673626,-0.637988
-1.673626,-0.637988
-0.732700,-0.493055
-0.740429,-0.387595
-0.230297,-0.597183
-0.947274,-0.833146
-0.947274,-0.833146
-0.947274,-0.833146
-0.947274,-0.833146
-0.947274,-0.833146
-1.112331,-0.950783
-1.112331,-0.950783
-1.806935,-1.163059
-1.806935,-1.163059
-0.853540,-1.453252
-0.449287,-1.172109
-0.449287,-1.172109
-0.903944,-0.582215
-0.795316,-0.870892
-1.742445,-1.279546
-1.742445,-1.279546
-1.742445,-1.279546
-1.742445,-1.279546
-1.742445,-1.279546
-1.742445,-1.279546
-1.060244,-1.513271
-1.060244,-1.513271
-1.060244,-1.513271
-1.060244,-1.513271
-1.060244,-1.513271
-1.060244,-1.513271
-1.166971,-1.284164
-1.166971,-1.284164
-1.166971,-1.284164
-1.166971,-1.284164
-1.166971,-1.284164
-1.166971,-1.284164
-1.044900,-1.640712
-1.044900,-1.640712
-1.044900,-1.640712
-1.044900,-1.640712
-1.044900,-1.640712
-1.044900,-1.640712
-1.044900,-1.640712
-0.532948,-1.260560
-0.532948,-1.260560
-0.532948,-1.260560
-0.532948,-1.260560
-1.445649,-1.026634
-1.160299,-1.137333
-1.160299,-1.137333
-2.118951,-1.215927
-2.118951,-1.215927
-1.169160,-2.069179
-1.120230,-1.698004
-1.120230,-1.698004
-1.120230,-1.698004
-1.120230,-1.698004
-1.120230,-1.698004
-1.120230,-1.698004
-1.030968,-1.482685
-1.399958,-1.102390
-1.399958,-1.102390
-1.399958,-1.102390
-1.642030,-1.596333
-1.642030,-1.596333
-1.381754,-1.144932
-1.381754,-1.144932
-1.381754,-1.144932
-1.381754,-1.144932
-1.381754,-1.144932
-1.381754,-1.144932
-1.381754,-1.144932
-1.381754,-1.144932
-1.292402,-1.396459
-1.601195,-1.289920
-1.601195,-1.289920
-1.601195,-1.289920
-1.601195,-1.289920
-1.601195,-1.289920
-1.297034,-1.246199
-1.297034,-1.246199
-1.297034,-1.246199
-1.297034,-1.246199
-1.297034,-1.246199
-1.297034,-1.246199
-0.438809,-1.069424
-0.438809,-1.069424
-0.678589,-1.039081
-1.104662,-0.058817
-0.714381,-0.599900
-0.714381,-0.599900
-0.714381,-0.599900
-0.380546,0.155473
-0.380546,0.155473
-0.397907,0.368790
-0.623092,-0.302497
-1.458001,-0.629915
-1.822273,-0.935065
-1.388643,-0.930187
-1.278346,-1.155507
-1.278346,-1.155507
-1.878443,-0.985042
-1.878443,-0.985042
-1.745795,-1.582219
-1.745795,-1.582219
-0.844157,-1.741706
-0.333959,-0.842720
-0.579468,-1.122096
-1.468199,-2.017955
-1.468199,-2.017955
-1.468199,-2.017955
-1.468199,-2.017955
-1.468199,-2.017955
-1.179009,-1.600286
-1.265881,-1.657189
-1.265881,-1.657189
-1.265881,-1.657189
-1.265881,-1.657189
-1.265881,-1.657189
-1.265881,-1.657189
-1.265881,-1.657189
-1.265881,-1.657189
-1.265881,-1.657189
-1.265881,-1.657189
-1.265881,-1.657189
-1.265881,-1.657189
-1.394520,-1.693958
-1.394520,-1.693958
-1.394520,-1.693958
-1.394520,-1.693958
-1.394520,-1.693958
-1.525982,-1.186153
-1.525982,-1.186153
-1.525982,-1.186153
-1.525982,-1.186153
-1.525982,-1.186153
-1.525982,-1.186153
-1.525982,-1.186153
-1.525982,-1.186153
-1.525982,-1.186153
-1.525982,-1.186153
-1.525982,-1.186153
-1.475297,-1.317939
-1.380583,-1.464963
-1.380583,-1.464963
-1.380583,-1.464963
-1.380583,-1.464963
-1.380583,-1.464963
-1.380583,-1.464963
-1.380583,-1.464963
-1.380583,-1.464963
-1.380583,-1.464963
-1.380583,-1.464963
-1.380583,-1.464963
-1.380583,-1.464963
-1.380583,-1.464963
-1.199799,-1.025525
-1.199799,-1.025525
-1.199799,-1.025525
-1.199799,-1.025525
-1.475912,-1.655188
-1.569784,-1.356978
-1.569784,-1.356978
-1.569784,-1.356978
-1.569784,-1.356978
-1.569784,-1.356978
-1.569784,-1.356978
-1.569784,-1.356978
-1.569784,-1.356978
-1.569784,-1.356978
-1.569784,-1.356978
-0.971487,-1.789931
-0.971487,-1.789931
-0.971487,-1.789931
-0.971487,-1.789931
-0.819158,-1.587079
-0.819158,-1.587079
-1.412009,-1.640609
-1.412009,-1.640609
-1.412009,-1.640609
-1.698431,-1.535099
-0.755829,-1.212889
-0.922059,-1.037465
-0.922059,-1.037465
-0.922059,-1.037465
-1.739340,-1.079424
-1.739340,-1.079424
-1.739340,-1.079424
-1.739340,-1.079424
-1.739340,-1.079424
-1.472293,-0.829405
-1.669718,-0.955669
-1.669718,-0.955669
-1.031987,-0.609896
-0.728596,-1.512539
-1.089231,-0.707191
-1.219202,-1.132918
-1.219202,-1.132918
-1.017544,-1.868026
-1.017544,-1.868026
-0.483554,-1.093898
-0.483554,-1.093898
-0.912039,-0.641501
-1.476474,-1.100833
-1.476474,-1.100833
-1.824813,-1.625272
-1.824813,-1.625272
-1.552054,-1.368336
-1.656738,-0.792080
-1.656738,-0.792080
-1.656738,-0.792080
-1.656738,-0.792080
-1.656738,-0.792080
-1.656738,-0.792080
-1.656738,-0.792080
-1.656738,-0.792080
-1.656738,-0.792080
-1.656738,-0.792080
-0.697064,-1.549131
-0.697064,-1.549131
-0.697064,-1.549131
-0.697064,-1.549131
-0.697064,-1.549131
-0.704916,-1.521995
-0.704916,-1.521995
-0.704916,-1.521995
-0.704916,-1.521995
-0.545802,-1.288661
-0.545802,-1.288661
-0.545802,-1.288661
-0.545802,-1.288661
-0.607871,-0.481049
-0.607871,-0.481049
-0.815037,-0.324376
-1.303921,-1.006043
-1.303921,-1.006043
-1.401891,-1.586972
-1.401891,-1.586972
-1.401891,-1.586972
-1.401891,-1.586972
-1.344853,-0.947955
-1.344853,-0.947955
-1.344853,-0.947955
-0.829478,-1.040905
-0.829478,-1.040905
-1.631880,-1.013101
-1.543375,-1.505036
-1.543375,-1.505036
-1.543375,-1.505036
-1.543375,-1.505036
-1.543375,-1.505036
-1.543375,-1.505036
-1.543375,-1.505036
-1.543375,-1.505036
-1.543375,-1.505036
-1.543375,-1.505036
-1.543375,-1.505036
-1.543375,-1.505036
-1.543375,-1.505036
-1.484476,-1.586274
-1.484476,-1.586274
-1.321094,-1.622842
-0.708955,-1.402271
-1.281206,-1.234224
-1.281206,-1.234224
-1.759493,-1.793799
-1.759493,-1.793799
-1.759493,-1.793799
-1.310024,-1.574048
-1.003834,-1.441276
-1.003834,-1.441276
-1.003834,-1.441276
-0.805429,-0.850241
-0.848270,-0.866500
-0.784008,-0.818644
-1.197842,-0.128008
-1.527971,-0.600680
-1.162505,-0.215023
-1.240712,-0.643918
-1.240712,-0.643918
-1.240712,-0.643918
-1.240712,-0.643918
-1.061978,-0.661980
-1.573354,-1.358878
-1.573354,-1.358878
-1.573354,-1.358878
-1.165091,-1.680346
-1.151885,-1.730141
-1.151885,-1.730141
-1.059275,-1.239377
-1.059275,-1.239377
-1.059275,-1.239377
-1.059275,-1.239377
-1.059275,-1.239377
-1.059275,-1.239377
-1.052634,-1.618548
-0.873506,-1.015486
-1.771094,-0.783477
-1.771094,-0.783477
-1.771094,-0.783477
-1.771094,-0.783477
-1.107718,-1.410310
-1.107718,-1.410310
-1.107718,-1.410310
-1.107718,-1.410310
-1.107718,-1.410310
-0.931489,-1.538528
-0.931489,-1.538528
-0.931489,-1.538528
-0.931489,-1.538528
-1.245124,-0.791089
-1.245124,-0.791089
-1.245124,-0.791089
-1.245124,-0.791089
-1.245124,-0.791089
-1.245124,-0.791089
-1.364734,-1.086392
-1.364734,-1.086392
-1.310462,-0.934599
-1.526481,-1.567866
-1.526481,-1.567866
-1.388423,-1.217984
-1.363051,-0.802473
-1.363051,-0.802473
-1.114967,-1.245075
-1.114967,-1.245075
-1.114967,-1.245075
-1.114967,-1.245075
-1.588575,-1.174730
-1.588575,-1.174730
-1.588575,-1.174730
-1.588575,-1.174730
-1.588575,-1.174730
-1.588575,-1.174730
-1.588575,-1.174730
-1.588575,-1.174730
-1.588575,-1.174730
-1.588575,-1.174730
-1.588575,-1.174730
-1.588575,-1.174730
-1.569431,-1.421052
-1.188879,-1.484933
-1.188879,-1.484933
-1.188879,-1.484933
-1.761020,-1.460784
-1.761020,-1.460784
-1.761020,-1.460784
-1.761020,-1.460784
-1.903691,-1.341810
-1.903691,-1.341810
-1.903691,-1.341810
-1.903691,-1.341810
-1.903691,-1.341810
-1.311794,-1.329676
-0.993256,-1.657777
-1.577017,-0.925850
-1.577017,-0.925850
-1.480792,-1.679373
-1.489448,-1.153068
-1.422467,-1.397963
-1.422467,-1.397963
-1.422467,-1.397963
-1.359490,-0.949148
-1.359490,-0.949148
-1.359490,-0.949148
-1.359490,-0.949148
-1.314170,-1.259006
-1.314170,-1.259006
-1.314170,-1.259006
-1.314170,-1.259006
-1.314170,-1.259006
-1.314170,-1.259006
-1.314170,-1.259006
-1.314170,-1.259006
-1.314170,-1.259006
-1.314170,-1.259006
-1.314170,-1.259006
-1.314170,-1.259006
-1.314170,-1.259006
-1.314170,-1.259006
-1.314170,-1.259006
-1.314170,-1.259006
-1.314170,-1.259006
-1.314170,-1.259006
-1.122771,-0.411799
-0.946585,-1.255081
-0.946585,-1.255081
-1.496621,-1.706813
-1.496621,-1.706813
-0.806506,-0.939187
-0.262563,-0.892695
-0.418242,-1.387976
-0.418242,-1.387976
-1.244443,-1.357797
-1.244443,-1.357797
-1.244443,-1.357797
-1.244443,-1.357797
-1.244443,-1.357797
-1.244443,-1.357797
-1.244443,-1.357797
-1.244443,-1.357797
-1.370581,-1.361109
-1.370581,-1.361109
-1.370581,-1.361109
-1.370581,-1.361109
-1.370581,-1.361109
-1.370581,-1.361109
-1.370581,-1.361109
-1.370581,-1.361109
-1.370581,-1.361109
-1.370581,-1.361109
-1.370581,-1.361109
-1.370581,-1.361109
-1.370581,-1.361109
-1.370581,-1.361109
-1.370581,-1.361109
-1.370581,-1.361109
-1.370581,-1.361109
-1.370581,-1.361109
-1.370581,-1.361109
-1.769455,-1.238437
-1.769455,-1.238437
-1.769455,-1.238437
-1.462319,-1.194641
-1.462319,-1.194641
-1.462319,-1.194641
-1.462319,-1.194641
-1.462319,-1.194641
-1.462319,-1.194641
-1.448189,-1.719189
-1.448189,-1.719189
-1.448189,-1.719189
-0.719557,-1.589893
-0.719557,-1.589893
-0.808555,-1.390825
-0.808555,-1.390825
-1.642956,-1.160625
-1.457358,-1.817426
-1.604785,-1.629662
-1.708268,-0.863002
-1.883593,-1.550751
-1.714237,-1.179087
-1.244314,-1.181307
-1.244314,-1.181307
-1.244314,-1.181307
-1.244314,-1.181307
-1.244314,-1.181307
-1.244314,-1.181307
-1.670230,-1.557326
-1.670230,-1.557326
-1.670230,-1.557326
-1.563585,-1.169963
-1.563585,-1.169963
-1.563585,-1.169963
-1.563585,-1.169963
-1.563585,-1.169963
-1.563585,-1.169963
-1.563585,-1.169963
-1.563585,-1.169963
-1.563585,-1.169963
-1.051636,-0.842295
-1.187049,-0.730213
-1.187049,-0.730213
-1.187049,-0.730213
-1.305941,-0.949898
-1.534315,-1.230093
-1.534315,-1.230093
-1.534315,-1.230093
-1.534315,-1.230093
-1.301081,-1.263907
-1.436277,-1.504220
-1.436277,-1.504220
-1.503017,-1.204781
-0.663226,-0.845226
-0.580736,-0.430420
-0.989112,-0.008178
-1.745855,-0.585897
-1.745855,-0.585897
-1.745855,-0.585897
-1.745855,-0.585897
-1.745855,-0.585897
-1.395650,-0.690411
-1.743024,-1.004076
-1.743024,-1.004076
-0.869705,-1.139486
-0.970387,-1.298482
-1.540771,-1.744033
-1.337040,-1.627066
-1.032027,-1.280452
-1.032027,-1.280452
-1.707939,-1.336834
-1.707939,-1.336834
-1.707939,-1.336834
-1.707939,-1.336834
-1.707939,-1.336834
-1.029534,-1.374533
-1.029534,-1.374533
-1.029534,-1.374533
-1.029534,-1.374533
-1.029534,-1.374533
-1.029534,-1.374533
-1.029534,-1.374533
-1.029534,-1.374533
-1.029534,-1.374533
-1.029534,-1.374533
-1.029534,-1.374533
-1.029534,-1.374533
-1.428998,-1.166916
-1.428998,-1.166916
-1.428998,-1.166916
-1.428998,-1.166916
-1.428998,-1.166916
-1.533145,-1.569940
-1.045832,-1.304869
