-0.016988,-0.014996
0.038486,-0.162453
0.109158,-0.383773
0.127417,-0.499009
0.127417,-0.499009
-0.107292,-0.252874
-0.337453,-0.075051
-0.195089,0.140476
-0.374739,0.267339
-0.377997,0.505837
-0.164366,0.506274
0.046718,0.689107
0.120787,0.560544
-0.094954,0.612305
-0.094954,0.612305
-0.094954,0.612305
-0.145648,0.590203
-0.018911,0.664345
-0.026760,0.748753
-0.201511,0.699035
-0.367669,0.587798
-0.405788,0.421881
-0.287517,0.201877
-0.287517,0.201877
-0.319635,0.390076
-0.497164,0.162597
-0.357574,0.257972
-0.220699,0.215068
-0.290393,0.371998
-0.463883,0.523777
-0.535307,0.593544
-0.469449,0.469672
-0.275454,0.447645
-0.380375,0.529128
-0.278737,0.771319
-0.204538,0.831960
-0.366146,0.686598
-0.547692,0.442161
-0.337709,0.624377
-0.461684,0.475338
-0.466200,0.582110
-0.466200,0.582110
-0.337947,0.625652
-0.412145,0.586279
-0.393074,0.613375
-0.189939,0.701556
-0.189939,0.701556
-0.051972,0.498923
-0.265464,0.352427
-0.185988,0.599097
-0.185988,0.599097
-0.150616,0.596995
-0.255096,0.594679
-0.255096,0.594679
-0.317086,0.733766
-0.317086,0.733766
-0.317086,0.733766
-0.316159,0.816735
-0.204315,0.579318
-0.048065,0.670754
0.005974,0.909142
-0.216993,1.003048
-0.044015,1.244919
0.201002,1.241757
0.366827,1.259440
0.366827,1.259440
0.366827,1.259440
0.366827,1.259440
0.401330,1.152582
0.227523,0.973684
0.227523,0.973684
0.359787,0.938427
0.384080,0.727849
0.198356,0.770202
0.144787,0.940959
0.349640,0.892097
0.349640,0.892097
0.588896,1.070615
0.588896,1.070615
0.780209,0.973315
0.948781,1.169171
0.948781,1.169171
1.170593,1.150655
1.401825,0.965757
1.401825,0.965757
1.401825,0.965757
1.401825,0.965757
1.179990,1.098581
0.962875,1.046329
1.118983,1.240380
1.118983,1.240380
1.118983,1.240380
1.197980,1.452328
1.197980,1.452328
1.415566,1.412239
1.415566,1.412239
1.415566,1.412239
1.462883,1.179443
1.462883,1.179443
1.462883,1.179443
1.388720,1.216944
1.320485,1.386614
1.320485,1.386614
1.320485,1.386614
1.320485,1.386614
1.320485,1.386614
1.325568,1.317486
1.325568,1.317486
1.404530,1.430717
1.404530,1.430717
1.404530,1.430717
1.404530,1.430717
1.559647,1.484859
1.559647,1.484859
1.559647,1.484859
1.454117,1.351188
1.454117,1.351188
1.454117,1.351188
1.339442,1.507453
1.339442,1.507453
1.339442,1.507453
1.339442,1.507453
1.247630,1.417666
1.440236,1.538780
1.423861,1.339553
1.423861,1.339553
1.390410,1.115406
1.396330,1.110413
1.380389,1.202991
1.277407,1.385406
1.360980,1.489053
1.290329,1.551129
1.449995,1.563784
1.391999,1.327229
1.391999,1.327229
1.251292,1.465093
1.251292,1.465093
1.251292,1.465093
1.385135,1.467106
1.411266,1.649998
1.411266,1.649998
1.325084,1.692359
1.325084,1.692359
1.252757,1.594337
1.252757,1.594337
1.252757,1.594337
1.252757,1.594337
1.466631,1.665527
1.440764,1.417428
1.440764,1.417428
1.440764,1.417428
1.263032,1.280746
1.324050,1.314730
1.354044,1.425303
1.213134,1.650643
1.430598,1.558311
1.230371,1.340210
1.431673,1.133499
1.356508,1.327491
1.427519,1.303717
1.208901,1.503295
1.208901,1.503295
1.342215,1.602171
1.354712,1.650689
1.354712,1.650689
1.354712,1.650689
1.427201,1.459762
1.361156,1.456405
1.414940,1.393318
1.414940,1.393318
1.272643,1.302539
1.382158,1.432759
1.382158,1.432759
1.382158,1.432759
1.296445,1.357229
1.327603,1.524827
1.327603,1.524827
1.554292,1.483303
1.508643,1.259231
1.563700,1.110202
1.563700,1.110202
1.347401,1.269721
1.383375,1.389627
1.383375,1.389627
1.383375,1.389627
1.383375,1.389627
1.383375,1.389627
1.383375,1.389627
1.610191,1.485445
1.600007,1.319151
1.600007,1.319151
1.600007,1.319151
1.397838,1.459866
1.539035,1.554071
1.539035,1.554071
1.539035,1.554071
1.338466,1.590992
1.430590,1.420342
1.488863,1.325623
1.488863,1.325623
1.488863,1.325623
1.557713,1.490341
1.557713,1.490341
1.320717,1.282260
1.320717,1.282260
1.320717,1.282260
1.320717,1.282260
1.320717,1.282260
1.227872,1.347861
1.227872,1.347861
1.117778,1.499250
1.117778,1.499250
0.986542,1.318218
1.099956,1.457560
1.048491,1.486910
1.048579,1.466738
1.103012,1.315645
1.148621,1.367529
1.148621,1.367529
1.148621,1.367529
1.294864,1.271910
1.385233,1.115840
1.572627,1.145532
1.598532,1.035065
1.526998,1.253774
1.526998,1.253774
1.479559,1.450821
1.245563,1.674674
1.245563,1.674674
1.314418,1.429238
1.412450,1.539529
1.326912,1.403643
1.384126,1.500666
1.138031,1.381300
1.189475,1.501688
1.328797,1.593856
1.328797,1.593856
1.328797,1.593856
1.328797,1.593856
1.290465,1.344089
1.290465,1.344089
1.290465,1.344089
1.348186,1.461379
1.348186,1.461379
1.348186,1.461379
1.348186,1.461379
1.348186,1.461379
1.348186,1.461379
1.348186,1.461379
1.217036,1.222809
1.436172,1.250665
1.314421,1.479141
1.314421,1.479141
1.461557,1.389059
1.414198,1.424177
1.414198,1.424177
1.335496,1.176561
1.371209,1.408199
1.326664,1.248232
1.326664,1.248232
1.326664,1.248232
1.448879,1.316111
1.448879,1.316111
1.279592,1.106304
1.279592,1.106304
1.459737,1.292732
1.459737,1.292732
1.587690,1.312829
1.547981,1.411804
1.595276,1.310970
1.588416,1.514923
1.588416,1.514923
1.588416,1.514923
1.588416,1.514923
1.494098,1.298279
1.494098,1.298279
1.306741,1.390157
1.455524,1.494102
1.455524,1.494102
1.480799,1.293047
1.576508,1.363788
1.576508,1.363788
1.387766,1.176898
1.555002,1.411149
1.555002,1.411149
1.492163,1.291022
1.491960,1.374356
1.254812,1.125401
1.065607,1.160074
1.115444,1.265135
1.113033,1.237826
1.113033,1.237826
1.113033,1.237826
1.166624,1.444370
1.166624,1.444370
1.134853,1.476547
1.096026,1.407850
1.326405,1.382808
1.467055,1.296729
1.467055,1.296729
1.283569,1.436822
1.474732,1.314962
1.278918,1.279114
1.278918,1.279114
1.278918,1.279114
1.351596,1.271555
1.494749,1.250707
1.494749,1.250707
1.397612,1.170387
1.345237,1.403173
1.421346,1.557333
1.421346,1.557333
1.421346,1.557333
1.449427,1.518350
1.449427,1.518350
1.449427,1.518350
1.449427,1.518350
1.347022,1.399128
1.367608,1.389078
1.367608,1.389078
1.180071,1.458801
1.180071,1.458801
1.290904,1.221438
1.169417,1.391268
1.373343,1.278126
1.293291,1.349121
1.446095,1.516984
1.446095,1.516984
1.446095,1.516984
1.446095,1.516984
1.446095,1.516984
1.354217,1.322329
1.354217,1.322329
1.354217,1.322329
1.567509,1.119930
1.567509,1.119930
1.567509,1.119930
1.567509,1.119930
1.567509,1.119930
1.605029,1.228226
1.620837,1.415597
1.451310,1.660809
1.451310,1.660809
1.451310,1.660809
1.585293,1.525180
1.555508,1.415793
1.404341,1.266845
1.404341,1.266845
1.446443,1.362141
1.554807,1.148676
1.593372,1.308924
1.363700,1.199681
1.564135,1.423772
1.512424,1.318056
1.512424,1.318056
1.512424,1.318056
1.462362,1.411024
1.455304,1.290746
1.390015,1.476062
1.195724,1.529659
1.362746,1.667627
1.462932,1.497635
1.292823,1.476478
1.292823,1.476478
1.292823,1.476478
1.527891,1.269863
1.527891,1.269863
1.527891,1.269863
1.432017,1.401828
1.432017,1.401828
1.447340,1.449035
1.447340,1.449035
1.498672,1.681840
1.498672,1.681840
1.520858,1.560029
1.520858,1.560029
1.528554,1.401517
1.528554,1.401517
1.528554,1.401517
1.528554,1.401517
1.586385,1.372737
1.586385,1.372737
1.586385,1.372737
1.500686,1.524963
1.402325,1.370049
1.374932,1.485374
1.306327,1.441815
1.306327,1.441815
1.306327,1.441815
1.306327,1.441815
1.349371,1.374036
1.517778,1.296622
1.414490,1.337297
1.558106,1.582548
1.447578,1.437320
1.447578,1.437320
1.447578,1.437320
1.370273,1.673461
1.202132,1.739047
1.202132,1.739047
1.145182,1.575767
1.145182,1.575767
1.145182,1.575767
1.145182,1.575767
1.385937,1.446033
1.400878,1.554259
1.380440,1.555447
1.359363,1.318198
1.359363,1.318198
1.469174,1.408145
1.349279,1.330658
1.335931,1.497216
1.468525,1.503702
1.542990,1.530437
1.542990,1.530437
1.542990,1.530437
1.709074,1.409643
1.479571,1.642467
1.696708,1.575465
1.696708,1.575465
1.696708,1.575465
1.696708,1.575465
1.704795,1.496640
1.717078,1.435778
1.508554,1.263860
1.522958,1.362077
1.320410,1.132014
1.273063,1.368406
1.273063,1.368406
1.277235,1.490708
1.277235,1.490708
1.277235,1.490708
1.400309,1.496748
1.400309,1.496748
1.400309,1.496748
1.400309,1.496748
1.338100,1.447854
1.558692,1.437380
1.373701,1.292438
1.373701,1.292438
1.505617,1.409800
1.505617,1.409800
1.481859,1.608160
1.430578,1.730684
1.430578,1.730684
1.430578,1.730684
1.430578,1.730684
1.430578,1.730684
1.430578,1.730684
1.430578,1.730684
1.430578,1.730684
1.416383,1.646593
1.416383,1.646593
1.546942,1.460372
1.546942,1.460372
1.546942,1.460372
1.568125,1.477693
1.592410,1.631132
1.592410,1.631132
1.622979,1.401683
1.552779,1.563754
1.528499,1.482592
1.528499,1.482592
1.528499,1.482592
1.528499,1.482592
1.362975,1.528726
1.362975,1.528726
1.362975,1.528726
1.362975,1.528726
1.609528,1.333825
1.530442,1.131815
1.490349,1.287630
1.490349,1.287630
1.486874,1.399705
1.296216,1.504339
1.296216,1.504339
1.427324,1.542860
1.427324,1.542860
1.197257,1.791075
1.197257,1.791075
1.054180,1.608361
1.054180,1.608361
1.240532,1.629357
1.240532,1.629357
1.486457,1.384781
1.486457,1.384781
1.517286,1.520978
1.540873,1.459763
1.540873,1.459763
1.410601,1.478439
1.413162,1.522047
1.413162,1.522047
1.392135,1.610868
1.392135,1.610868
1.392135,1.610868
1.168228,1.401201
1.293244,1.544558
1.293244,1.544558
1.407414,1.401523
1.407414,1.401523
1.235468,1.518405
1.235468,1.518405
1.235468,1.518405
1.234861,1.307093
1.480524,1.167831
1.480524,1.167831
1.392168,1.169997
1.392168,1.169997
1.392168,1.169997
1.324201,1.347010
1.324201,1.347010
1.288171,1.289165
1.288171,1.289165
1.156798,1.298939
1.153082,1.340906
1.153082,1.340906
1.210738,1.377708
1.406343,1.408348
1.436147,1.329088
1.436147,1.329088
1.363243,1.527303
1.430407,1.352139
1.503864,1.444486
1.503864,1.444486
1.503864,1.444486
1.503864,1.444486
1.503864,1.444486
1.546827,1.522303
1.302794,1.558334
1.302794,1.558334
1.287953,1.622439
1.298032,1.522791
1.298032,1.522791
1.298032,1.522791
1.298032,1.522791
1.546642,1.407889
1.500721,1.614169
1.353663,1.514088
1.518955,1.582349
1.518955,1.582349
1.502731,1.402415
1.529880,1.193034
1.529880,1.193034
1.529880,1.193034
1.605276,1.368595
1.605276,1.368595
1.605276,1.368595
1.434830,1.193234
1.434830,1.193234
1.434830,1.193234
1.434830,1.193234
1.387878,1.063131
1.387878,1.063131
1.387878,1.063131
1.387878,1.063131
1.440185,1.186373
1.440185,1.186373
1.440185,1.186373
1.440185,1.186373
1.340415,1.351679
1.340415,1.351679
1.489809,1.211994
1.489809,1.211994
1.489809,1.211994
1.489809,1.211994
1.588875,1.222958
1.588875,1.222958
1.644461,1.449951
1.590022,1.499152
1.590022,1.499152
1.590022,1.499152
1.590022,1.499152
1.590022,1.499152
1.482626,1.488405
1.572545,1.270357
1.572545,1.270357
1.572545,1.270357
1.586356,1.388535
1.586356,1.388535
1.444828,1.224179
1.584747,1.344790
1.584747,1.344790
1.664540,1.418742
1.629753,1.257118
1.570432,1.249037
1.321014,1.278555
1.257416,1.387402
1.257416,1.387402
1.257416,1.387402
1.257416,1.387402
1.257416,1.387402
1.352978,1.497959
1.377221,1.458416
1.353573,1.508120
1.353573,1.508120
1.353573,1.508120
1.366336,1.515869
1.366336,1.515869
1.291804,1.355260
1.291804,1.355260
1.291804,1.355260
1.291804,1.355260
1.291804,1.355260
1.291804,1.355260
1.202921,1.494686
1.214051,1.562746
1.250141,1.614704
1.250141,1.614704
1.296321,1.759127
1.296321,1.759127
1.296321,1.759127
1.489009,1.770583
1.624715,1.579317
1.624715,1.579317
1.578815,1.646095
1.578815,1.646095
1.442148,1.683468
1.410399,1.581117
1.410399,1.581117
1.487382,1.422042
1.487382,1.422042
1.386703,1.315542
1.386703,1.315542
1.563917,1.246034
1.419395,1.278921
1.358744,1.413991
1.290114,1.454081
1.290114,1.454081
1.331940,1.407362
1.331940,1.407362
1.331940,1.407362
1.421555,1.574213
1.286308,1.477392
1.302311,1.444504
1.365918,1.489951
1.356175,1.727340
1.160176,1.583374
1.160176,1.583374
1.160176,1.583374
1.160176,1.583374
1.401825,1.470764
1.452716,1.301698
1.452716,1.301698
1.525361,1.240133
1.525361,1.240133
1.545301,1.380399
1.545301,1.380399
1.545301,1.380399
1.545301,1.380399
1.518661,1.630169
1.518661,1.630169
1.518661,1.630169
1.518661,1.630169
1.454478,1.406971
1.454478,1.406971
1.454478,1.406971
1.454478,1.406971
1.454478,1.406971
1.221590,1.261096
1.221590,1.261096
1.466581,1.325284
1.514589,1.205025
1.612524,1.196326
1.365419,1.088874
1.365419,1.088874
1.487275,1.125628
1.250035,1.346140
1.128417,1.302365
1.300816,1.315234
1.413983,1.310501
1.413983,1.310501
1.413983,1.310501
1.502580,1.368968
1.300055,1.523638
1.300055,1.523638
1.515226,1.408755
1.515226,1.408755
1.585983,1.614910
1.585983,1.614910
1.585983,1.614910
1.585983,1.614910
1.585983,1.614910
1.756348,1.437800
1.671976,1.395452
1.671976,1.395452
1.489190,1.313549
1.489190,1.313549
1.319351,1.332223
1.319351,1.332223
1.319351,1.332223
1.501608,1.531716
1.501608,1.531716
1.555751,1.502106
1.435204,1.475482
1.542474,1.355578
1.542474,1.355578
1.369394,1.412735
1.497060,1.584201
1.570117,1.460196
1.427503,1.543502
1.427503,1.543502
1.405898,1.419677
1.405898,1.419677
1.304245,1.447430
1.304245,1.447430
1.304245,1.447430
1.304245,1.447430
1.350005,1.538865
1.350005,1.538865
1.566337,1.429039
1.566337,1.429039
1.566337,1.429039
1.332571,1.520516
1.315976,1.612607
1.315976,1.612607
1.315976,1.612607
1.315976,1.612607
1.463804,1.656623
1.463804,1.656623
1.607877,1.585846
1.458509,1.662716
1.676419,1.570965
1.676419,1.570965
1.450000,1.654229
1.450000,1.654229
1.450000,1.654229
1.418946,1.717195
1.448660,1.635092
1.448660,1.635092
1.675920,1.684967
1.709346,1.475846
1.709346,1.475846
1.644731,1.493315
1.398686,1.712180
1.398686,1.712180
1.398686,1.712180
1.398686,1.712180
1.433136,1.711378
1.508217,1.597111
1.472571,1.505494
1.510768,1.478278
1.510768,1.478278
1.330166,1.605147
1.330166,1.605147
1.452044,1.503534
1.452044,1.503534
1.452044,1.503534
1.373468,1.371045
1.373468,1.371045
1.472263,1.324401
1.472263,1.324401
1.472263,1.324401
1.448849,1.312580
1.448849,1.312580
1.577818,1.392311
1.439835,1.308124
1.229478,1.344585
1.233742,1.506820
1.233742,1.506820
1.127167,1.290917
1.127167,1.290917
1.221733,1.165472
1.257731,1.180023
1.257731,1.180023
1.070828,1.403559
1.070828,1.403559
1.081672,1.161477
1.297503,1.131804
1.297503,1.131804
1.297503,1.131804
1.297503,1.131804
1.305638,1.360105
1.139194,1.428698
1.139194,1.428698
1.312636,1.470580
1.501122,1.365696
1.398736,1.553326
1.314992,1.568324
1.230224,1.373679
1.230224,1.373679
1.230224,1.373679
1.438112,1.356646
1.438112,1.356646
1.438112,1.356646
1.446928,1.516001
1.446928,1.516001
1.626616,1.527949
1.626616,1.527949
1.518650,1.450221
1.518650,1.450221
1.518650,1.450221
1.433428,1.617341
1.433428,1.617341
1.490723,1.583119
1.490723,1.583119
1.314264,1.336436
1.102003,1.369176
1.102003,1.369176
1.230400,1.338239
1.230400,1.338239
1.314141,1.268136
1.314141,1.268136
1.296215,1.485554
1.296215,1.485554
1.377651,1.675585
1.249129,1.617566
1.260931,1.459992
1.260931,1.459992
1.191313,1.403338
1.191313,1.403338
1.191313,1.403338
1.367751,1.283425
1.367751,1.283425
1.225050,1.420836
1.173707,1.501834
1.208785,1.549820
1.428597,1.433167
1.470163,1.521604
1.470163,1.521604
1.470163,1.521604
1.470163,1.521604
1.470163,1.521604
1.397685,1.393891
1.397685,1.393891
1.397685,1.393891
1.464212,1.513420
1.542099,1.564165
1.542099,1.564165
1.542099,1.564165
1.542099,1.564165
1.632705,1.365049
1.632705,1.365049
1.632705,1.365049
1.632705,1.365049
1.632705,1.365049
1.386982,1.507095
1.386982,1.507095
1.386982,1.507095
1.386982,1.507095
1.244044,1.640332
1.244044,1.640332
1.066457,1.439502
1.083336,1.635270
1.204126,1.747537
1.399031,1.518385
1.450180,1.671999
1.462128,1.488121
1.462128,1.488121
1.260452,1.417403
1.129554,1.415047
1.241659,1.563735
1.241659,1.563735
1.326135,1.351732
1.326135,1.351732
1.198554,1.594147
1.260583,1.616384
1.193962,1.425265
1.193962,1.425265
1.399680,1.424657
1.399680,1.424657
1.399680,1.424657
1.399680,1.424657
1.478746,1.281560
1.478746,1.281560
1.478746,1.281560
1.567556,1.418893
1.333580,1.481839
1.524066,1.473977
1.437587,1.530629
1.437587,1.530629
1.437587,1.530629
1.327063,1.447929
1.327063,1.447929
1.293322,1.369625
1.454652,1.334659
1.454652,1.334659
1.454652,1.334659
1.402360,1.470721
1.402360,1.470721
1.402360,1.470721
1.402360,1.470721
1.305370,1.349262
1.305370,1.349262
1.212282,1.316287
1.084397,1.452348
1.175933,1.402762
1.175933,1.402762
1.423641,1.641554
1.320322,1.646049
1.321116,1.500087
1.426212,1.351723
1.553594,1.254074
1.553594,1.254074
1.346403,1.494820
1.279374,1.445880
1.279374,1.445880
1.483389,1.312015
1.376496,1.261746
1.443025,1.426609
1.364741,1.208243
1.442781,1.326542
1.481958,1.265106
1.432687,1.163567
1.199813,1.252820
1.362812,1.284493
1.298638,1.210086
1.448567,1.068499
1.372568,1.251694
1.273364,1.427150
1.273364,1.427150
1.426351,1.676501
1.426351,1.676501
1.426351,1.676501
1.467779,1.458081
1.456234,1.429734
1.394115,1.386751
1.412777,1.541410
1.412777,1.541410
1.282793,1.398061
1.282793,1.398061
1.300576,1.278594
1.523318,1.399395
1.535812,1.393367
1.535812,1.393367
1.535812,1.393367
1.752000,1.360302
1.613551,1.443965
1.613551,1.443965
1.613551,1.443965
1.613551,1.443965
1.613551,1.443965
1.613551,1.443965
1.613551,1.443965
1.613551,1.443965
1.516269,1.437063
1.522537,1.279146
1.522537,1.279146
1.522537,1.279146
1.522537,1.279146
1.522537,1.279146
1.522537,1.279146
1.522537,1.279146
1.545882,1.144372
1.545168,1.143052
1.519566,1.338867
1.516908,1.175028
1.516908,1.175028
1.669264,1.315669
1.598755,1.275725
1.598755,1.275725
1.588052,1.391967
1.588052,1.391967
1.588052,1.391967
1.588052,1.391967
1.647890,1.587682
1.440592,1.531830
1.440592,1.531830
1.440592,1.531830
1.399572,1.600851
1.628556,1.638624
1.702530,1.416206
1.702530,1.416206
1.452731,1.550974
1.281487,1.456653
1.281487,1.456653
1.339325,1.527022
1.339325,1.527022
1.310903,1.340886
1.391721,1.150064
1.519669,1.079637
1.271000,1.201861
1.271000,1.201861
1.182262,1.280434
1.259095,1.101983
1.259095,1.101983
1.259095,1.101983
1.313252,1.328762
1.445258,1.451134
1.545992,1.489335
1.373765,1.367394
1.373765,1.367394
1.377864,1.252343
1.377864,1.252343
1.377864,1.252343
1.399527,1.344188
1.601760,1.278609
1.608292,1.058302
1.608292,1.058302
1.608292,1.058302
1.853849,1.139354
1.853849,1.139354
1.822359,1.383972
1.822359,1.383972
1.822359,1.383972
1.792429,1.355822
1.549623,1.507652
1.372945,1.582107
1.322933,1.533835
1.322933,1.533835
1.322933,1.533835
1.322933,1.533835
1.230505,1.590853
1.230505,1.590853
1.255425,1.427098
1.255425,1.427098
1.320311,1.469711
1.540965,1.502112
1.540965,1.502112
1.540965,1.502112
1.437904,1.349897
1.437904,1.349897
1.257208,1.393570
1.500787,1.226679
1.368862,1.469652
1.516809,1.510891
1.604408,1.277832
1.604408,1.277832
1.604408,1.277832
1.465430,1.479204
1.465430,1.479204
1.250698,1.477507
1.381934,1.664887
1.564437,1.490802
1.691802,1.614635
1.601099,1.670746
1.601099,1.670746
1.412876,1.705719
1.412876,1.705719
1.577684,1.631074
1.515438,1.468041
1.508595,1.452389
1.508595,1.452389
1.332067,1.556577
1.332067,1.556577
1.368111,1.335388
1.368111,1.335388
1.483671,1.559786
1.402461,1.669696
1.402461,1.669696
1.253878,1.423303
1.405013,1.558439
1.405013,1.558439
1.363891,1.413521
1.363891,1.413521
1.363891,1.413521
1.363891,1.413521
1.265983,1.376834
1.237242,1.323824
1.237242,1.323824
1.245360,1.260663
1.245360,1.260663
1.319704,1.264419
1.315696,1.408163
1.419071,1.322825
1.351933,1.445555
1.580037,1.678303
1.580037,1.678303
1.520832,1.618573
1.520832,1.618573
1.520832,1.618573
1.520832,1.618573
1.535286,1.553643
1.320827,1.635562
1.531876,1.735154
1.531876,1.735154
1.531876,1.735154
1.531876,1.735154
1.725686,1.603472
1.580294,1.498713
1.518949,1.480021
1.412569,1.544972
1.284139,1.523156
1.284139,1.523156
1.269945,1.473149
1.269945,1.473149
1.269945,1.473149
1.269945,1.473149
1.488712,1.285953
1.488712,1.285953
1.538598,1.214551
1.361820,1.106023
1.361820,1.106023
1.361820,1.106023
1.522578,0.972077
1.348713,0.817693
1.348713,0.817693
1.348713,0.817693
1.189686,1.049872
1.427931,1.240519
1.427931,1.240519
1.623156,1.381532
1.588998,1.285617
1.588998,1.285617
1.588998,1.285617
1.588998,1.285617
1.353987,1.457020
1.353987,1.457020
1.353987,1.457020
1.353987,1.457020
1.243542,1.216101
1.157817,1.430527
1.253338,1.345883
1.368021,1.332422
1.368021,1.332422
1.368021,1.332422
1.368021,1.332422
1.490666,1.131397
1.285785,1.184861
1.267114,1.377760
1.239802,1.345603
1.482754,1.153917
1.514214,1.391256
1.304336,1.467712
1.255866,1.346545
1.298101,1.182527
1.332407,1.272507
1.276539,1.282855
1.268209,1.282373
1.116259,1.469573
1.103931,1.264359
1.141098,1.426763
1.025698,1.413334
1.025698,1.413334
1.020882,1.465003
1.020882,1.465003
1.020882,1.465003
0.982728,1.708637
0.982728,1.708637
0.968287,1.498892
0.968287,1.498892
1.201692,1.337323
1.201692,1.337323
1.201692,1.337323
1.201692,1.337323
1.201692,1.337323
1.201692,1.337323
1.201692,1.337323
1.201692,1.337323
1.201692,1.337323
1.201692,1.337323
1.243373,1.368018
1.243373,1.368018
1.159572,1.429204
1.320780,1.355007
1.320780,1.355007
1.320780,1.355007
1.476280,1.344795
1.476280,1.344795
1.572049,1.432291
1.438928,1.571032
1.438928,1.571032
1.219432,1.498166
1.346373,1.494294
1.346373,1.494294
1.448333,1.638480
1.448333,1.638480
1.485905,1.598567
1.562559,1.431696
1.535034,1.324759
1.535034,1.324759
1.549587,1.416151
1.549587,1.416151
1.359596,1.232529
1.359596,1.232529
1.359596,1.232529
1.492548,1.252007
1.380450,1.216449
1.253033,1.224511
1.223595,1.466442
1.223595,1.466442
1.223595,1.466442
1.449501,1.260499
1.293403,1.224849
1.468985,1.232193
1.468985,1.232193
1.509593,1.237112
1.509593,1.237112
1.328770,1.144264
1.375443,1.077861
1.575243,1.111053
1.597361,1.338629
1.597361,1.338629
1.597361,1.338629
1.588889,1.459153
1.453744,1.577778
1.453744,1.577778
1.453744,1.577778
1.453744,1.577778
1.453744,1.577778
1.419718,1.698964
1.533138,1.451353
1.322750,1.452534
1.078805,1.468321
1.230171,1.488763
1.230171,1.488763
1.349591,1.579029
1.462359,1.373712
1.484760,1.366537
1.484760,1.366537
1.559019,1.428679
1.432465,1.447448
1.432465,1.447448
1.307021,1.606093
1.299098,1.437569
1.299098,1.437569
1.237842,1.406678
1.458816,1.320358
1.458816,1.320358
1.265133,1.087464
1.265133,1.087464
1.340467,1.229690
1.471180,1.121397
1.471180,1.121397
1.471180,1.121397
1.435481,1.131712
1.435481,1.131712
1.335252,1.074705
1.571377,1.126457
1.706304,1.352253
1.659022,1.183155
1.659022,1.183155
1.659022,1.183155
1.423112,1.246148
1.423112,1.246148
1.423112,1.246148
1.423112,1.246148
1.236917,1.368308
1.164551,1.609361
1.300349,1.473425
1.324384,1.420774
1.428104,1.640610
1.208481,1.434769
1.427727,1.299893
1.299979,1.252113
1.497382,1.498518
1.353325,1.337184
1.353325,1.337184
1.389404,1.219103
1.486859,1.137457
1.316277,1.167025
1.495398,1.146189
1.298855,1.352623
1.457329,1.332829
1.338392,1.361427
1.285526,1.330048
1.285526,1.330048
1.285526,1.330048
1.285526,1.330048
1.068810,1.489940
1.068810,1.489940
1.068810,1.489940
1.274579,1.344171
1.455586,1.527836
1.207373,1.309615
1.135795,1.300914
1.227808,1.263228
1.347234,1.468988
1.427742,1.563667
1.427742,1.563667
1.427742,1.563667
1.427742,1.563667
1.234537,1.368189
1.267404,1.252824
1.482484,1.116385
1.425914,1.332665
1.265420,1.406804
1.265420,1.406804
1.505221,1.254312
1.489547,1.308429
1.534562,1.378300
1.586688,1.471089
1.621630,1.238889
1.621630,1.238889
1.621630,1.238889
1.548724,1.397045
1.548724,1.397045
1.379585,1.191523
1.199863,1.103629
1.049929,1.149874
1.049929,1.149874
1.288325,1.376903
1.288325,1.376903
1.288325,1.376903
1.152315,1.456744
1.152315,1.456744
1.296746,1.409982
1.230912,1.433269
1.476732,1.435454
1.476732,1.435454
1.427517,1.277860
1.427517,1.277860
1.476939,1.407740
1.476939,1.407740
1.454919,1.327513
1.440184,1.180726
1.326917,1.001235
1.397964,1.084299
1.427017,0.868481
1.270828,0.800847
1.270828,0.800847
1.270828,0.800847
1.417531,0.942812
1.417531,0.942812
1.308764,0.891069
1.462430,1.052985
1.243930,1.231438
1.078732,1.251780
1.078732,1.251780
1.149556,1.094958
1.386161,1.203050
1.386161,1.203050
1.386161,1.203050
1.386161,1.203050
1.516327,1.399728
1.332145,1.366537
1.128082,1.166784
1.128082,1.166784
1.342779,1.091669
1.342779,1.091669
1.149285,1.030495
1.197513,1.105538
1.282178,1.072453
1.413969,1.074515
1.413969,1.074515
1.429769,1.124572
1.664863,1.353220
1.664863,1.353220
1.723705,1.313343
1.697441,1.390717
1.697441,1.390717
1.481598,1.214176
1.506910,1.141168
1.540712,1.238370
1.540712,1.238370
1.540712,1.238370
1.573265,1.364234
1.404203,1.444651
1.601563,1.471958
1.601563,1.471958
1.567026,1.500549
1.330392,1.397150
1.330392,1.397150
1.330392,1.397150
1.330392,1.397150
1.396287,1.396613
1.153971,1.293668
1.162924,1.267132
1.162924,1.267132
1.162924,1.267132
1.162924,1.267132
1.107268,1.353907
1.196430,1.392185
1.196430,1.392185
1.281621,1.201669
1.297456,1.344734
1.297456,1.344734
1.297456,1.344734
1.484617,1.452929
1.484617,1.452929
1.285262,1.402149
1.364837,1.321174
1.511177,1.359967
1.683402,1.445547
1.493514,1.490621
1.493514,1.490621
1.493514,1.490621
1.295883,1.411647
1.391464,1.332704
1.391464,1.332704
1.245095,1.306989
1.209947,1.074126
1.244578,1.124732
1.267519,1.193101
1.291113,1.232811
1.346388,1.249406
1.304304,1.431930
1.173666,1.307778
1.173666,1.307778
1.173666,1.307778
1.215606,1.191543
1.215606,1.191543
1.435517,1.227013
1.435517,1.227013
1.620269,1.366325
1.620269,1.366325
1.549280,1.249849
1.549280,1.249849
1.549280,1.249849
1.549280,1.249849
1.549280,1.249849
1.549280,1.249849
1.358083,1.296948
1.358083,1.296948
1.358083,1.296948
1.108450,1.226016
1.116825,1.469522
1.304655,1.337871
1.473695,1.388381
1.473695,1.388381
1.473695,1.388381
1.473695,1.388381
1.332763,1.243471
1.373644,1.330699
1.373644,1.330699
1.373644,1.330699
1.248749,1.216097
1.248749,1.216097
1.344338,1.288069
1.344338,1.288069
1.387959,1.423689
1.225405,1.373939
1.225405,1.373939
1.225405,1.373939
1.193123,1.317642
1.193123,1.317642
1.257966,1.136315
1.257966,1.136315
1.390830,1.182428
1.165394,1.278310
1.047916,1.331579
1.054653,1.560345
1.291733,1.656323
1.291733,1.656323
1.284046,1.461924
1.284046,1.461924
1.284046,1.461924
1.284046,1.461924
1.284046,1.461924
1.186906,1.336254
1.279492,1.420851
1.096595,1.474981
1.318438,1.490435
1.318438,1.490435
1.563075,1.603683
1.614444,1.453288
1.614444,1.453288
1.419584,1.441203
1.419584,1.441203
1.419584,1.441203
1.208646,1.211643
1.067886,1.457184
1.277571,1.628433
1.500770,1.435378
1.654901,1.426860
1.423371,1.595815
1.389329,1.450098
1.594446,1.357039
1.594446,1.357039
1.805173,1.540995
1.805173,1.540995
1.805173,1.540995
1.805173,1.540995
1.805173,1.540995
1.651794,1.704353
1.651794,1.704353
1.523210,1.595213
1.462214,1.431671
1.621133,1.378468
1.647730,1.392425
1.647730,1.392425
1.623388,1.277771
1.394926,1.518883
1.344490,1.346181
1.428366,1.539362
1.532369,1.534128
1.532369,1.534128
1.532369,1.534128
1.532369,1.534128
1.313702,1.385919
1.313702,1.385919
1.302636,1.400266
1.371619,1.308178
1.371619,1.308178
1.216608,1.527997
1.386924,1.528409
1.386924,1.528409
1.372634,1.359992
1.372634,1.359992
1.372634,1.359992
1.392838,1.420497
1.392838,1.420497
1.434661,1.344030
1.434661,1.344030
1.541968,1.349700
1.541968,1.349700
1.605090,1.253598
1.413419,1.330276
1.216220,1.512834
1.342288,1.327143
1.557173,1.402827
1.315735,1.552060
1.353666,1.565315
1.143679,1.316603
1.267034,1.544796
1.267034,1.544796
1.267034,1.544796
1.267034,1.544796
1.104450,1.486476
1.177740,1.268303
1.305023,1.515772
1.305023,1.515772
1.305023,1.515772
1.305023,1.515772
1.293686,1.486860
1.293686,1.486860
1.409168,1.388946
1.409168,1.388946
1.409168,1.388946
1.409168,1.388946
1.547745,1.443064
1.444190,1.493833
1.248318,1.474226
1.248318,1.474226
1.248318,1.474226
1.248318,1.474226
1.292335,1.271303
1.255596,1.303915
1.255596,1.303915
1.051204,1.080303
1.120798,1.248659
1.120798,1.248659
1.039175,1.407259
1.250858,1.173832
1.023611,1.322719
1.220750,1.139916
1.334282,1.274821
1.334282,1.274821
1.334282,1.274821
1.334282,1.274821
1.406733,1.455174
1.420538,1.481444
1.420538,1.481444
1.431805,1.348637
1.254382,1.403225
1.103639,1.362965
0.856721,1.402695
0.856721,1.402695
1.050859,1.279267
1.220465,1.347906
1.220465,1.347906
1.179587,1.315870
1.179587,1.315870
1.232834,1.232736
1.255983,1.301641
1.272259,1.349781
1.188119,1.223572
1.106307,1.203781
1.173778,1.189329
1.274493,1.407991
1.370369,1.289139
1.370369,1.289139
1.370369,1.289139
1.370369,1.289139
1.370369,1.289139
1.370369,1.289139
1.246494,1.323873
1.426601,1.378677
1.365252,1.289814
1.501553,1.097682
1.501553,1.097682
1.501553,1.097682
1.400167,1.112382
1.400167,1.112382
1.576046,1.100740
1.576046,1.100740
1.501201,1.181203
1.501201,1.181203
1.501201,1.181203
1.670882,1.005845
1.670882,1.005845
1.466583,0.858476
1.466583,0.858476
1.277176,1.002465
1.510633,1.212346
1.510633,1.212346
1.536876,1.274721
1.660265,1.079103
1.575282,1.268437
1.696761,1.460099
1.667645,1.612532
1.717497,1.469441
1.717497,1.469441
1.596796,1.352242
1.596796,1.352242
1.596796,1.352242
1.596796,1.352242
1.596796,1.352242
1.547884,1.286042
1.547884,1.286042
1.572737,1.485210
1.488757,1.543625
1.411380,1.568037
1.515823,1.438973
1.407557,1.318879
1.265629,1.425946
1.208489,1.580664
1.208489,1.580664
1.208489,1.580664
1.057020,1.335580
1.057020,1.335580
1.057020,1.335580
1.150372,1.310269
1.150372,1.310269
1.150372,1.310269
1.150372,1.310269
1.315136,1.496287
1.315136,1.496287
1.281359,1.293353
1.326318,1.432707
1.326318,1.432707
1.208802,1.330863
1.208802,1.330863
1.248231,1.510196
1.354225,1.463865
1.579698,1.484204
1.415627,1.437047
1.488864,1.336705
1.488864,1.336705
1.488864,1.336705
1.488864,1.336705
1.488864,1.336705
1.415680,1.326251
1.415680,1.326251
1.555835,1.425132
1.446214,1.526872
1.446214,1.526872
1.446214,1.526872
1.446214,1.526872
1.446214,1.526872
1.493839,1.445648
1.493839,1.445648
1.493839,1.445648
1.391130,1.224776
1.560022,1.291631
1.711512,1.373938
1.711512,1.373938
1.711512,1.373938
1.641694,1.446749
1.426732,1.590972
1.228264,1.438186
1.397378,1.236936
1.368282,1.213549
1.368282,1.213549
1.485273,0.976730
1.485273,0.976730
1.485273,0.976730
1.559125,1.209188
1.559125,1.209188
1.559125,1.209188
1.559125,1.209188
1.594408,1.215897
1.485469,1.269345
1.598166,1.379115
1.474787,1.241966
1.334295,1.488651
1.334295,1.488651
1.334295,1.488651
1.334295,1.488651
1.203458,1.517772
1.319002,1.460597
1.447313,1.485386
1.447313,1.485386
1.412288,1.325329
1.260898,1.404724
1.260898,1.404724
1.258281,1.423231
1.220282,1.280779
1.438777,1.529808
1.438777,1.529808
1.256258,1.425442
1.256258,1.425442
1.256258,1.425442
1.216838,1.390255
1.349667,1.354716
1.414488,1.302118
1.359762,1.523033
1.397266,1.343119
1.397266,1.343119
1.446222,1.146817
1.313185,1.192962
1.313185,1.192962
1.313185,1.192962
1.313185,1.192962
1.532266,1.295495
1.532266,1.295495
1.421283,1.498045
1.335412,1.264837
1.335412,1.264837
1.335412,1.264837
1.335412,1.264837
1.378136,1.328533
1.378136,1.328533
1.454629,1.450059
1.351123,1.331915
1.262218,1.099141
1.451041,1.142877
1.451041,1.142877
1.408356,1.233270
1.408356,1.233270
1.345860,1.365544
1.146483,1.442467
1.146483,1.442467
1.146483,1.442467
1.146483,1.442467
1.079484,1.381509
1.147757,1.353926
1.175998,1.498927
1.379305,1.485412
1.379305,1.485412
1.187428,1.603801
1.255077,1.571340
1.462246,1.475293
1.462246,1.475293
1.462246,1.475293
1.462246,1.475293
1.604680,1.360779
1.486843,1.366539
1.486843,1.366539
1.380534,1.140644
1.380534,1.140644
1.407695,1.129134
1.489962,1.294818
1.485956,1.469151
1.372733,1.517853
1.372733,1.517853
1.372733,1.517853
1.372733,1.517853
1.268328,1.291329
1.285415,1.475310
1.285415,1.475310
1.285415,1.475310
1.285415,1.475310
1.174394,1.546195
1.182969,1.660839
1.062887,1.445663
0.930805,1.541206
0.930805,1.541206
1.084965,1.502297
1.317385,1.284443
1.317385,1.284443
1.317385,1.284443
1.242146,1.252223
1.338091,1.301730
1.251038,1.191974
1.423962,1.023553
1.423962,1.023553
1.227865,1.234880
1.464320,1.334190
1.564174,1.574347
1.637978,1.493515
1.637978,1.493515
1.752995,1.593670
1.674393,1.515005
1.674393,1.515005
1.519455,1.478312
1.663585,1.375610
1.663585,1.375610
1.663585,1.375610
1.592430,1.463462
1.554738,1.474247
1.554738,1.474247
1.471941,1.417628
1.471941,1.417628
1.471941,1.417628
1.471941,1.417628
1.471941,1.417628
1.471941,1.417628
1.471941,1.417628
1.285693,1.636633
1.285693,1.636633
1.250348,1.599031
1.148445,1.420881
1.148445,1.420881
1.148445,1.420881
1.148445,1.420881
1.148445,1.420881
0.904793,1.354289
1.104308,1.598624
1.174840,1.543602
1.397904,1.568104
1.593897,1.628362
1.700062,1.440667
1.558704,1.632242
1.558704,1.632242
1.399248,1.654993
1.549439,1.415642
1.522108,1.564916
1.522108,1.564916
1.429367,1.374675
1.429367,1.374675
1.297181,1.224578
1.210292,1.379040
1.393778,1.226664
1.393778,1.226664
1.433148,1.425987
1.433148,1.425987
1.433148,1.425987
1.433148,1.425987
1.433148,1.425987
1.205048,1.248701
1.205048,1.248701
1.418527,1.190103
1.323781,1.287400
1.498941,1.198407
1.498941,1.198407
1.537683,1.338345
1.537683,1.338345
1.537683,1.338345
1.537683,1.338345
1.537683,1.338345
1.550811,1.482010
1.388844,1.306904
1.520669,1.384153
1.424617,1.535775
1.517377,1.559333
1.622874,1.640329
1.622874,1.640329
1.622874,1.640329
1.622874,1.640329
1.622874,1.640329
1.622874,1.640329
1.622874,1.640329
1.607628,1.401488
1.607628,1.401488
1.607628,1.401488
1.446275,1.544948
1.336673,1.467530
1.414407,1.434775
1.343293,1.221286
1.192713,1.429349
1.321947,1.466706
1.529300,1.444907
1.307904,1.448203
1.269559,1.469714
1.410951,1.360519
1.410951,1.360519
1.410951,1.360519
1.404560,1.434990
1.404560,1.434990
1.404560,1.434990
1.338582,1.542343
1.338582,1.542343
1.576432,1.586180
1.500754,1.676499
1.662377,1.577675
1.559485,1.760323
1.559485,1.760323
1.559485,1.760323
1.707538,1.586855
1.707538,1.586855
1.702200,1.367273
1.702200,1.367273
1.702200,1.367273
1.463484,1.274294
1.463484,1.274294
1.364069,1.402022
1.364069,1.402022
1.332577,1.615142
1.332577,1.615142
1.333339,1.428014
1.475024,1.228304
1.475024,1.228304
1.475024,1.228304
1.475024,1.228304
1.475024,1.228304
1.475024,1.228304
1.485105,1.165084
1.451130,1.135920
1.467341,1.093256
1.467341,1.093256
1.339454,1.206558
1.130714,1.402388
1.314863,1.410453
1.314863,1.410453
1.248734,1.467721
1.283094,1.453597
1.501864,1.332521
1.501864,1.332521
1.428436,1.217559
1.287342,1.361963
1.287342,1.361963
1.394866,1.513198
1.394866,1.513198
1.394866,1.513198
1.394866,1.513198
1.394866,1.513198
1.394866,1.513198
1.394866,1.513198
1.394866,1.513198
1.394866,1.513198
1.436801,1.313679
1.495597,1.491479
1.495597,1.491479
1.495597,1.491479
1.311026,1.413060
1.475787,1.544054
1.484549,1.309931
1.558211,1.359823
1.309790,1.140773
1.309790,1.140773
1.330248,0.981719
1.330248,0.981719
1.234534,0.805498
1.406752,0.782843
1.573060,0.925918
1.573060,0.925918
1.470526,1.126313
1.504178,1.212084
1.504178,1.212084
1.574105,0.981808
1.574105,0.981808
1.567453,1.183933
1.567453,1.183933
1.475068,0.970377
1.404986,1.099594
1.404986,1.099594
1.311378,1.330971
1.501557,1.174807
1.400059,1.294927
1.236312,1.190105
1.236312,1.190105
1.244995,1.138253
1.244995,1.138253
1.244995,1.138253
1.370037,1.211505
1.370037,1.211505
1.193353,1.182193
1.193353,1.182193
1.043309,1.394572
1.151782,1.495209
1.092597,1.274811
1.179080,1.301816
1.370962,1.263682
1.370962,1.263682
1.480769,1.278747
1.480769,1.278747
1.465926,1.322417
1.465926,1.322417
1.465926,1.322417
1.465926,1.322417
1.530935,1.426143
1.530935,1.426143
1.385050,1.534158
1.385050,1.534158
1.385050,1.534158
1.385050,1.534158
1.385050,1.534158
1.385050,1.534158
1.356194,1.558581
1.417947,1.428136
1.417947,1.428136
1.393364,1.260545
1.393364,1.260545
1.405053,1.227546
1.429739,1.129061
1.389262,1.318068
1.566344,1.538745
1.481074,1.413633
1.699367,1.266092
1.699367,1.266092
1.699367,1.266092
1.581229,1.221284
1.661500,1.322253
1.661500,1.322253
1.661500,1.322253
1.661500,1.322253
1.507208,1.151273
1.655789,1.353951
1.571127,1.428504
1.571127,1.428504
1.402174,1.346252
1.402174,1.346252
1.294728,1.487491
1.403369,1.422372
1.633366,1.490074
1.709066,1.277917
1.641006,1.392466
1.632823,1.358629
1.632823,1.358629
1.632823,1.358629
1.697514,1.115739
1.559516,1.281409
1.569654,1.171679
1.569654,1.171679
1.493015,1.098132
1.493015,1.098132
1.493015,1.098132
1.542002,0.933365
1.600027,1.161870
1.478799,1.176654
1.456040,1.169276
1.456040,1.169276
1.575527,1.390140
1.433140,1.282880
1.299598,1.340963
1.238703,1.378290
1.238703,1.378290
1.238703,1.378290
1.249415,1.423076
1.147841,1.267748
0.995946,1.368227
0.995946,1.368227
0.995946,1.368227
1.176385,1.505557
1.124542,1.679845
1.124542,1.679845
1.124542,1.679845
1.073185,1.524721
1.073185,1.524721
1.294346,1.571997
1.463347,1.475763
1.463347,1.475763
1.463347,1.475763
1.400185,1.417436
1.400185,1.417436
1.400185,1.417436
1.527607,1.485208
1.494814,1.333730
1.354522,1.448881
1.354522,1.448881
1.513553,1.293545
1.686164,1.359217
1.602157,1.457822
1.578693,1.599008
1.502501,1.528174
1.711448,1.298405
1.578535,1.444940
1.570145,1.418749
1.570145,1.418749
1.570145,1.418749
1.378955,1.599597
1.592666,1.429836
1.470859,1.232535
1.470859,1.232535
1.545324,1.258323
1.365767,1.438126
1.365767,1.438126
1.336986,1.219491
1.258101,1.405508
1.258101,1.405508
1.258101,1.405508
1.489417,1.637543
1.489417,1.637543
1.369753,1.434524
1.537974,1.224841
1.572637,1.309717
1.370700,1.358667
1.252628,1.422625
1.316696,1.217108
1.492959,1.164467
1.447569,1.288863
1.447569,1.288863
1.229845,1.509123
1.229845,1.509123
1.229845,1.509123
1.229845,1.509123
1.272949,1.453219
1.272949,1.453219
1.512341,1.415847
1.512341,1.415847
1.512341,1.415847
1.478364,1.363998
1.372549,1.423927
1.265624,1.347436
1.265624,1.347436
1.265624,1.347436
1.491225,1.519491
1.531793,1.341078
1.382566,1.287639
1.546746,1.158783
1.705281,1.153595
1.705281,1.153595
1.705281,1.153595
1.677283,1.095110
1.526144,0.899058
1.526144,0.899058
1.298439,0.872206
1.431217,0.967243
1.556401,0.930140
1.544625,1.011684
1.723700,1.232654
1.750359,1.290257
1.750359,1.290257
1.750359,1.290257
1.697616,1.329043
1.697616,1.329043
1.697616,1.329043
1.697616,1.329043
1.584600,1.379083
1.584600,1.379083
1.584600,1.379083
1.584600,1.379083
1.418483,1.436207
1.441471,1.303581
1.441471,1.303581
1.441471,1.303581
1.441471,1.303581
1.307383,1.178062
1.360528,1.394888
1.360528,1.394888
1.360528,1.394888
1.360528,1.394888
1.414083,1.498097
1.571921,1.272499
1.571921,1.272499
1.571921,1.272499
1.494177,1.128926
1.494177,1.128926
1.494288,1.005660
1.494288,1.005660
1.494288,1.005660
1.494288,1.005660
1.592499,1.129538
1.492101,1.249524
1.488287,1.134766
1.559389,1.155792
1.559389,1.155792
1.395325,1.220756
1.270408,1.242204
1.270408,1.242204
1.270408,1.242204
1.270408,1.242204
1.270408,1.242204
1.270408,1.242204
1.222188,1.319572
1.222188,1.319572
1.222188,1.319572
1.222188,1.319572
1.320818,1.488665
1.320818,1.488665
1.320818,1.488665
1.383842,1.240342
1.230405,1.416994
1.168860,1.534145
1.370340,1.298539
1.354626,1.195488
1.354626,1.195488
1.232315,1.022420
1.267004,1.029787
1.267004,1.029787
1.222687,1.203262
1.222687,1.203262
1.222687,1.203262
1.196741,1.133196
1.363090,0.950915
1.363090,0.950915
1.370855,0.967794
1.273635,0.983236
1.273635,0.983236
1.316696,1.204175
1.316696,1.204175
1.227271,1.244265
1.454946,1.277794
1.374092,1.359666
1.485037,1.509953
1.566815,1.463752
1.566815,1.463752
1.566815,1.463752
1.773814,1.494410
1.773814,1.494410
1.657767,1.594931
1.657767,1.594931
1.467524,1.672899
1.467524,1.672899
1.328446,1.699690
1.096335,1.607907
1.096335,1.607907
1.096335,1.607907
1.075664,1.687093
1.204094,1.714509
1.204094,1.714509
1.204094,1.714509
1.204094,1.714509
1.148693,1.577131
1.148693,1.577131
1.148693,1.577131
1.148693,1.577131
1.326119,1.580943
1.303776,1.568489
1.424143,1.575684
1.272360,1.557392
1.463191,1.344233
1.224305,1.398436
1.224305,1.398436
1.224305,1.398436
1.391283,1.290238
1.580051,1.416668
1.580051,1.416668
1.488014,1.548729
1.355948,1.423932
1.355948,1.423932
1.578713,1.430295
1.578713,1.430295
1.578713,1.430295
1.578713,1.430295
1.582763,1.489523
1.582763,1.489523
1.582763,1.489523
1.437128,1.307381
1.615026,1.242960
1.615026,1.242960
1.645083,1.416217
1.483834,1.303095
1.483834,1.303095
1.483834,1.303095
1.483834,1.303095
1.563129,1.513588
1.413109,1.625413
1.483819,1.540808
1.273065,1.407055
1.273065,1.407055
1.273065,1.407055
1.161853,1.270611
1.175537,1.245366
1.281826,1.152497
1.350020,1.285008
1.350020,1.285008
1.350020,1.285008
1.284900,1.307610
1.432459,1.334883
1.432459,1.334883
1.432459,1.334883
1.260299,1.349687
1.260299,1.349687
1.260299,1.349687
1.260299,1.349687
1.260299,1.349687
1.343875,1.510963
1.173014,1.343285
1.138649,1.268971
1.138649,1.268971
1.321675,1.397506
1.345718,1.482743
1.581807,1.429928
1.581807,1.429928
1.484779,1.181839
1.484779,1.181839
1.484779,1.181839
1.471216,1.229148
1.471216,1.229148
1.402678,1.302427
1.283560,1.292018
1.283560,1.292018
1.490749,1.524718
1.288920,1.373760
1.039571,1.573335
1.039571,1.573335
1.266714,1.658186
1.304856,1.720566
1.263194,1.509629
1.263194,1.509629
1.252991,1.526805
1.265388,1.381306
1.358575,1.573475
1.358575,1.573475
1.358575,1.573475
1.358575,1.573475
1.141453,1.403541
1.141453,1.403541
1.159984,1.359170
1.290216,1.165940
1.290216,1.165940
1.257141,1.274551
1.220950,1.505030
1.453862,1.554607
1.453089,1.569277
1.453089,1.569277
1.453089,1.569277
1.453089,1.569277
1.384985,1.436952
1.384985,1.436952
1.384985,1.436952
1.384985,1.436952
1.384985,1.436952
1.376423,1.548322
1.244802,1.391333
1.089747,1.373739
0.993198,1.170746
0.804739,1.242403
0.964146,1.407290
0.964146,1.407290
0.965855,1.620942
1.151406,1.683709
1.151406,1.683709
1.071041,1.493569
1.146895,1.365949
1.146895,1.365949
1.146895,1.365949
1.146895,1.365949
1.146895,1.365949
1.087904,1.401556
1.087904,1.401556
1.087904,1.401556
1.087904,1.401556
1.087904,1.401556
1.087904,1.401556
1.249471,1.358409
1.249471,1.358409
1.249471,1.358409
1.249471,1.358409
1.249471,1.358409
1.228706,1.357941
1.367917,1.589354
1.367917,1.589354
1.367917,1.589354
1.367917,1.589354
1.249752,1.589205
1.334575,1.696173
1.298491,1.729937
1.187097,1.544386
1.400885,1.679645
1.400885,1.679645
1.165144,1.568055
1.165144,1.568055
1.165144,1.568055
1.165144,1.568055
1.281970,1.567229
1.281970,1.567229
1.281970,1.567229
1.461358,1.548399
1.461358,1.548399
1.461358,1.548399
1.461358,1.548399
1.461358,1.548399
1.461358,1.548399
1.461358,1.548399
1.461358,1.548399
1.346906,1.442636
1.276615,1.567867
1.276615,1.567867
1.276615,1.567867
1.436807,1.414450
1.574580,1.469152
1.574580,1.469152
1.574580,1.469152
1.574580,1.469152
1.574580,1.469152
1.451429,1.669382
1.678884,1.496851
1.531784,1.688503
1.304431,1.566451
1.304431,1.566451
1.161719,1.516166
1.305737,1.520375
1.305737,1.520375
1.305737,1.520375
1.444159,1.482399
1.357893,1.609476
1.379509,1.412978
1.379509,1.412978
1.346161,1.435525
1.225691,1.196299
1.130436,1.229846
1.238956,1.140124
1.428155,1.005199
1.451944,0.821273
1.451944,0.821273
1.622471,0.862050
1.622471,0.862050
1.622471,0.862050
1.622471,0.862050
1.622471,0.862050
1.735019,0.955963
1.735019,0.955963
1.735019,0.955963
1.735019,0.955963
1.735019,0.955963
1.735019,0.955963
1.735019,0.955963
1.726699,1.129445
1.669851,1.191778
1.682317,1.194293
1.619992,1.210388
1.591711,1.394672
1.390095,1.321206
1.500561,1.435960
1.330107,1.603735
1.539080,1.821517
1.539080,1.821517
1.539080,1.821517
1.329782,1.652982
1.289649,1.627774
1.289649,1.627774
1.224138,1.582002
1.224138,1.582002
1.321384,1.498948
1.408126,1.380595
1.408126,1.380595
1.408126,1.380595
1.408126,1.380595
1.302134,1.458498
1.302134,1.458498
1.302134,1.458498
1.302134,1.458498
1.443400,1.221481
1.443400,1.221481
1.443400,1.221481
1.349134,1.393443
1.303138,1.341133
1.241797,1.378736
1.204499,1.514086
1.049496,1.384194
1.108814,1.343090
1.256585,1.426818
1.271177,1.666081
1.271177,1.666081
1.271177,1.666081
1.119650,1.457328
0.969713,1.458087
1.183544,1.324419
1.183544,1.324419
1.253836,1.220996
1.253836,1.220996
1.398803,1.183313
1.598046,1.358485
1.598046,1.358485
1.598046,1.358485
1.598046,1.358485
1.355827,1.390801
1.429813,1.369454
1.313132,1.314413
1.313132,1.314413
1.285499,1.382628
1.285499,1.382628
1.352933,1.245514
1.372017,1.489006
1.184508,1.524009
1.184508,1.524009
1.184508,1.524009
1.184508,1.524009
1.184508,1.524009
1.425390,1.536348
1.239213,1.456357
1.238594,1.545480
1.238594,1.545480
1.245945,1.600369
1.278537,1.368382
1.148359,1.462799
1.337477,1.477344
1.473460,1.438679
1.473460,1.438679
1.473460,1.438679
1.473460,1.438679
1.473460,1.438679
1.473460,1.438679
1.473460,1.438679
1.568823,1.204715
1.568823,1.204715
1.526489,1.208126
1.399314,1.274505
1.476069,1.290444
1.693712,1.217572
1.693712,1.217572
1.662855,1.106064
1.662855,1.106064
1.662855,1.106064
1.763808,1.318433
1.566138,1.087424
1.566138,1.087424
1.566138,1.087424
1.537958,0.959816
1.537958,0.959816
1.537958,0.959816
1.537958,0.959816
1.537958,0.959816
1.602767,1.197346
1.602767,1.197346
1.530729,0.969004
1.530729,0.969004
1.410252,1.105981
1.650010,1.211741
1.650010,1.211741
1.650010,1.211741
1.545625,1.317971
1.634196,1.429611
1.534813,1.601624
1.484352,1.495775
1.469473,1.426730
1.469473,1.426730
1.281830,1.224597
1.281830,1.224597
1.518195,1.297824
1.518195,1.297824
1.518195,1.297824
1.518195,1.297824
1.336282,1.387727
1.139807,1.244113
1.139807,1.244113
1.350995,1.179305
1.356927,1.379206
1.588322,1.432237
1.588322,1.432237
1.588322,1.432237
1.588322,1.432237
1.373594,1.495954
1.373594,1.495954
1.373594,1.495954
1.373594,1.495954
1.373594,1.495954
1.398185,1.294158
1.551402,1.417140
1.551402,1.417140
1.551402,1.417140
1.631713,1.208794
1.675859,1.154644
1.736158,1.103551
1.736158,1.103551
1.596118,0.955330
1.596118,0.955330
1.384087,0.844478
1.381828,0.878778
1.381828,0.878778
1.381828,0.878778
1.381828,0.878778
1.229613,1.104459
1.458301,1.158416
1.458301,1.158416
1.435549,1.275994
1.435549,1.275994
1.457405,1.111200
1.461433,1.310716
1.461433,1.310716
1.469003,1.541330
1.341612,1.471652
1.363925,1.493476
1.363925,1.493476
1.573797,1.308300
1.573797,1.308300
1.360026,1.452032
1.379697,1.575688
1.463034,1.710235
1.463034,1.710235
1.463034,1.710235
1.468948,1.612315
1.273215,1.422551
1.358334,1.520717
1.316032,1.548263
1.455087,1.643302
1.338029,1.760711
1.375620,1.538427
1.316473,1.457835
1.316473,1.457835
1.421837,1.317077
1.421837,1.317077
1.320060,1.249187
1.557107,1.298043
1.368987,1.071162
1.471982,1.105255
1.454043,1.098858
1.311625,0.979045
1.311625,0.979045
1.504138,1.040934
1.504138,1.040934
1.607468,1.213633
1.388971,1.427906
1.388971,1.427906
1.371865,1.440067
1.371865,1.440067
1.477205,1.376548
1.335018,1.147528
1.105393,1.347081
1.105393,1.347081
1.343396,1.449617
1.343396,1.449617
1.488683,1.288305
1.297639,1.423502
1.340390,1.435113
1.319416,1.429456
1.258582,1.484935
1.258582,1.484935
1.258582,1.484935
1.258582,1.484935
1.258582,1.484935
1.064444,1.607816
1.002465,1.433668
1.228615,1.329032
1.218744,1.432565
1.218744,1.432565
1.423183,1.436685
1.423183,1.436685
1.423183,1.436685
1.376767,1.331212
1.376767,1.331212
1.376767,1.331212
1.404343,1.290034
1.404343,1.290034
1.404343,1.290034
1.404343,1.290034
1.527601,1.389650
1.367302,1.250320
1.496400,1.003148
1.496400,1.003148
1.260077,1.112404
1.260077,1.112404
1.260077,1.112404
1.498203,1.306133
1.346010,1.387308
1.557445,1.476882
1.347097,1.651835
1.347097,1.651835
1.347097,1.651835
1.347097,1.651835
1.521988,1.548748
1.521988,1.548748
1.521988,1.548748
1.521988,1.548748
1.521988,1.548748
1.652880,1.450981
1.581888,1.291155
1.581888,1.291155
1.581888,1.291155
1.581888,1.291155
1.581888,1.291155
1.536963,1.232498
1.536963,1.232498
1.378707,1.427254
1.166142,1.342577
1.166142,1.342577
1.279813,1.319003
1.279813,1.319003
1.279813,1.319003
1.268393,1.387203
1.268393,1.387203
1.121287,1.471266
1.121287,1.471266
1.047593,1.402247
1.117191,1.628722
1.117191,1.628722
1.026485,1.640641
1.193279,1.436660
1.152010,1.334207
1.355251,1.205039
1.355251,1.205039
1.421883,1.089865
1.447231,1.117741
1.447231,1.117741
1.561037,1.340582
1.550773,1.338331
1.314125,1.490572
1.269017,1.362734
1.510019,1.393458
1.536212,1.618564
1.536212,1.618564
1.587996,1.451333
1.587996,1.451333
1.635688,1.515556
1.635688,1.515556
1.578933,1.622142
1.578933,1.622142
1.578933,1.622142
1.578933,1.622142
1.499354,1.644978
1.338878,1.523680
1.338878,1.523680
1.338878,1.523680
1.338878,1.523680
1.338878,1.523680
1.350532,1.399493
1.460391,1.287342
1.460391,1.287342
1.445569,1.176046
1.445569,1.176046
1.445569,1.176046
1.445569,1.176046
1.500757,1.218020
1.570680,1.418637
1.570680,1.418637
1.570680,1.418637
1.570680,1.418637
1.531730,1.281075
1.395410,1.157585
1.395410,1.157585
1.400648,1.185912
1.336579,1.376104
1.336579,1.376104
1.336579,1.376104
1.336579,1.376104
1.336579,1.376104
1.404226,1.333497
1.404226,1.333497
1.404226,1.333497
1.404226,1.333497
1.578654,1.432700
1.408078,1.561887
1.309542,1.469255
1.309542,1.469255
1.309542,1.469255
1.309542,1.469255
1.243097,1.226788
1.055058,1.354730
0.995378,1.313160
1.002184,1.200276
0.860580,1.267679
0.924853,1.510363
0.861009,1.472721
0.996125,1.366963
1.096493,1.263898
1.239598,1.428588
1.239598,1.428588
1.326297,1.579715
1.326297,1.579715
1.326297,1.579715
1.165921,1.627984
1.216343,1.569515
1.440263,1.498062
1.329293,1.422944
1.479415,1.522684
1.479415,1.522684
1.312545,1.437646
1.312545,1.437646
1.312545,1.437646
1.312545,1.437646
1.330600,1.398386
1.567037,1.189266
1.567037,1.189266
1.567037,1.189266
1.325746,1.312317
1.260957,1.399147
1.312778,1.365562
1.538813,1.334501
1.679108,1.271987
1.679108,1.271987
1.630084,1.325889
1.565451,1.537288
1.484268,1.596119
1.563959,1.453583
1.563959,1.453583
1.563959,1.453583
1.563959,1.453583
1.582222,1.411754
1.713831,1.356289
1.706810,1.357401
1.706810,1.357401
1.706810,1.357401
1.470566,1.307228
1.470566,1.307228
1.493895,1.392321
1.493895,1.392321
1.493895,1.392321
1.493895,1.392321
1.398164,1.450677
1.471486,1.267448
1.355949,1.439408
1.355949,1.439408
1.355949,1.439408
1.355949,1.439408
1.355949,1.439408
1.355949,1.439408
1.264014,1.286543
1.360057,1.480981
1.388412,1.538652
1.465200,1.613578
1.659573,1.438404
1.659573,1.438404
1.659573,1.438404
1.659573,1.438404
1.600516,1.372711
1.532872,1.472811
1.532872,1.472811
1.291028,1.305656
1.240186,1.298538
1.198427,1.470767
1.198427,1.470767
1.347839,1.634769
1.374347,1.653282
1.374347,1.653282
1.374347,1.653282
1.386899,1.612571
1.554630,1.658946
1.322935,1.563436
1.476763,1.454195
1.432769,1.550096
1.432769,1.550096
1.555180,1.415154
1.555180,1.415154
1.420460,1.178757
1.420460,1.178757
1.420460,1.178757
1.514526,1.143616
1.319047,1.226636
1.319047,1.226636
1.319047,1.226636
1.319047,1.226636
1.512071,1.381859
1.268929,1.391026
1.511450,1.434716
1.511450,1.434716
1.511450,1.434716
1.511450,1.434716
1.511450,1.434716
1.511450,1.434716
1.314383,1.336058
1.304898,1.421418
1.168066,1.192843
1.136979,1.212768
1.235808,1.232612
1.235808,1.232612
1.302653,1.181209
1.302653,1.181209
1.302653,1.181209
1.302653,1.181209
1.302653,1.181209
1.302653,1.181209
1.161278,1.095313
1.161278,1.095313
1.132309,1.221763
1.347376,1.347825
1.347376,1.347825
1.347376,1.347825
1.326991,1.230809
1.357566,1.103924
1.357566,1.103924
1.293422,1.042457
1.293422,1.042457
1.293422,1.042457
1.293422,1.042457
1.512629,1.250694
1.512629,1.250694
1.418125,1.424849
1.418125,1.424849
1.267417,1.484432
1.267417,1.484432
1.236858,1.368679
1.424725,1.347567
1.242751,1.424194
1.242751,1.424194
1.221658,1.401295
1.266830,1.614596
1.266830,1.614596
1.347067,1.648447
1.347067,1.648447
1.347067,1.648447
1.449282,1.579053
1.449282,1.579053
1.634133,1.381472
1.634133,1.381472
1.499719,1.269465
1.576267,1.318909
1.576267,1.318909
1.445370,1.336968
1.445370,1.336968
1.502757,1.332445
1.502757,1.332445
1.502757,1.332445
1.329851,1.297814
1.472598,1.459776
1.472598,1.459776
1.472598,1.459776
1.472598,1.459776
1.340151,1.425343
1.340151,1.425343
1.477977,1.355441
1.477977,1.355441
1.477977,1.355441
1.477977,1.355441
1.325332,1.356721
1.325332,1.356721
1.325332,1.356721
1.319447,1.449796
1.319447,1.449796
1.319447,1.449796
1.319447,1.449796
1.355712,1.454792
1.355712,1.454792
1.363118,1.426760
1.363118,1.426760
1.432475,1.615216
1.215837,1.573921
1.215837,1.573921
1.215837,1.573921
1.215837,1.573921
1.361746,1.365152
1.258984,1.247965
1.228352,1.408462
1.228352,1.408462
1.228352,1.408462
1.204358,1.643651
1.204358,1.643651
1.354621,1.610472
1.354621,1.610472
1.354621,1.610472
1.546410,1.517927
1.549286,1.358164
1.549286,1.358164
1.379913,1.190767
1.379913,1.190767
1.382236,1.240825
1.228693,1.141901
1.232096,1.344973
1.444014,1.550242
1.444014,1.550242
1.431785,1.517472
1.431785,1.517472
1.471270,1.632737
1.471270,1.632737
1.368958,1.577596
1.224171,1.649785
1.243095,1.702289
1.244024,1.810533
1.083256,1.783717
1.083256,1.783717
0.925038,1.612812
1.157245,1.809303
0.984573,1.717949
0.984573,1.717949
0.921352,1.668107
1.146726,1.528810
1.084846,1.510627
1.329908,1.270105
1.456354,1.449894
1.314980,1.377251
1.290752,1.177024
1.290752,1.177024
1.394282,1.205506
1.394282,1.205506
1.235599,1.210998
1.252092,1.408387
1.295165,1.331090
1.295165,1.331090
1.473563,1.181386
1.473563,1.181386
1.446781,1.049881
1.446781,1.049881
1.446781,1.049881
1.424238,1.175292
1.424238,1.175292
1.486121,1.236798
1.394320,1.335125
1.394320,1.335125
1.280948,1.400294
1.280948,1.400294
1.280948,1.400294
1.290728,1.269147
1.290728,1.269147
1.380628,1.220477
1.435788,1.291504
1.333251,1.449758
1.310045,1.433894
1.310045,1.433894
1.208476,1.349720
1.142367,1.267873
1.271542,1.299307
1.271542,1.299307
1.225927,1.158081
1.220539,1.101677
1.220539,1.101677
1.220539,1.101677
1.220539,1.101677
1.241850,1.279428
1.337300,1.508534
1.337300,1.508534
1.337300,1.508534
1.559529,1.499573
1.352294,1.508279
1.352294,1.508279
1.325630,1.368143
1.540325,1.234256
1.323070,1.340338
1.355566,1.497618
1.227435,1.496359
1.254854,1.329007
1.416496,1.547468
1.431168,1.635789
1.431168,1.635789
1.553405,1.574173
1.553405,1.574173
1.521478,1.480020
1.604458,1.622628
1.604458,1.622628
1.604458,1.622628
1.604458,1.622628
1.559522,1.385192
1.435696,1.248038
1.592747,1.302626
1.592747,1.302626
1.421398,1.433160
1.421398,1.433160
1.532429,1.531858
1.479976,1.448272
1.479976,1.448272
1.479976,1.448272
1.536120,1.573604
1.288669,1.656301
1.360548,1.724476
1.163147,1.519696
1.163147,1.519696
1.163147,1.519696
1.163147,1.519696
1.163147,1.519696
1.163147,1.519696
1.163147,1.519696
1.258845,1.413933
1.258845,1.413933
1.493054,1.253336
1.328097,1.326051
1.358746,1.444236
1.358746,1.444236
1.358746,1.444236
1.269159,1.253686
1.269159,1.253686
1.280797,1.351349
1.280797,1.351349
1.280797,1.351349
1.071711,1.254531
1.254665,1.160703
1.254665,1.160703
1.254665,1.160703
1.358321,1.300481
1.358321,1.300481
1.358321,1.300481
1.358321,1.300481
1.297837,1.251709
1.297837,1.251709
1.297837,1.251709
1.297837,1.251709
1.332928,1.023756
1.277509,1.101729
1.401620,1.030484
1.535819,1.015364
1.535819,1.015364
1.535819,1.015364
1.587079,1.042028
1.587079,1.042028
1.587079,1.042028
1.337378,0.815978
1.289434,1.010563
1.289434,1.010563
1.289434,1.010563
1.413490,1.021332
1.577027,1.097638
1.492909,1.322665
1.344549,1.332820
1.344549,1.332820
1.344549,1.332820
1.344549,1.332820
1.494960,1.288246
1.328802,1.183576
1.243549,1.325120
1.243549,1.325120
1.206166,1.533218
1.206166,1.533218
1.382949,1.724200
1.481318,1.505306
1.481318,1.505306
1.481318,1.505306
1.466371,1.295095
1.466371,1.295095
1.466371,1.295095
1.466371,1.295095
1.341816,1.395722
1.303145,1.449990
1.501428,1.494087
1.501428,1.494087
1.501428,1.494087
1.501428,1.494087
1.565537,1.478672
1.374492,1.589389
1.383795,1.443386
1.458486,1.282170
1.558495,1.118271
1.372828,1.116998
1.372828,1.116998
1.372828,1.116998
1.372828,1.116998
1.372828,1.116998
1.372828,1.116998
1.372828,1.116998
1.409993,1.251532
1.584041,1.484982
1.584041,1.484982
1.604724,1.595249
1.414328,1.611577
1.504014,1.469327
1.504014,1.469327
1.444605,1.480466
1.444605,1.480466
1.427117,1.559746
1.427117,1.559746
1.427117,1.559746
1.443802,1.472255
1.443802,1.472255
1.523052,1.438542
1.523052,1.438542
1.374213,1.404903
1.374213,1.404903
1.187194,1.175999
1.187194,1.175999
1.059305,1.237032
1.040420,1.337956
0.905644,1.158551
1.078358,0.963897
1.078358,0.963897
1.069188,0.847032
0.875622,1.084533
0.773710,1.240276
0.773710,1.240276
0.945094,1.186890
0.914431,1.347309
0.914431,1.347309
1.001037,1.423813
1.001037,1.423813
0.849248,1.304744
0.988147,1.283161
0.988147,1.283161
1.025135,1.446160
1.081439,1.250896
1.081439,1.250896
1.144513,1.325700
1.147429,1.342002
1.289868,1.306097
1.471886,1.493782
1.293980,1.424560
1.540772,1.254112
1.563649,1.246989
1.563649,1.246989
1.466498,1.439469
1.466498,1.439469
1.466498,1.439469
1.396704,1.398139
1.396704,1.398139
1.433520,1.162544
1.433520,1.162544
1.430107,1.308134
1.430107,1.308134
1.586923,1.421437
1.544553,1.297678
1.544553,1.297678
1.544553,1.297678
1.544553,1.297678
1.544553,1.297678
1.338841,1.396326
1.494824,1.512848
1.494824,1.512848
1.494824,1.512848
1.494824,1.512848
1.463118,1.629878
1.463118,1.629878
1.463118,1.629878
1.275064,1.499569
1.275064,1.499569
1.176119,1.531961
1.176119,1.531961
1.298655,1.495637
1.298655,1.495637
1.412872,1.631944
1.412872,1.631944
1.477742,1.404664
1.477742,1.404664
1.527801,1.244186
1.527801,1.244186
1.351148,1.252011
1.351148,1.252011
1.351148,1.252011
1.351148,1.252011
1.351148,1.252011
1.589837,1.397834
1.589837,1.397834
1.565621,1.399481
1.565621,1.399481
1.502404,1.396793
1.749844,1.624541
1.749844,1.624541
1.755751,1.408717
1.755751,1.408717
1.720728,1.279738
1.578072,1.158808
1.578072,1.158808
1.561483,1.342804
1.561483,1.342804
1.576131,1.531300
1.576131,1.531300
1.730416,1.601375
1.562416,1.522546
1.606289,1.401756
1.494719,1.250587
1.494719,1.250587
1.477653,1.405742
1.332385,1.386518
1.577074,1.391056
1.577074,1.391056
1.577074,1.391056
1.694800,1.510040
1.694800,1.510040
1.537871,1.493055
1.519473,1.288050
1.433942,1.270392
1.542956,1.465634
1.503809,1.525762
1.503809,1.525762
1.503809,1.525762
1.503809,1.525762
1.519504,1.296541
1.418229,1.169597
1.418229,1.169597
1.514982,1.307986
1.293027,1.399713
1.293027,1.399713
1.440738,1.475467
1.440738,1.475467
1.440738,1.475467
1.440738,1.475467
1.440738,1.475467
1.359899,1.328926
1.359899,1.328926
1.359899,1.328926
1.359899,1.328926
1.359899,1.328926
1.359899,1.328926
1.359899,1.328926
1.133395,1.472725
1.183696,1.375964
1.313109,1.422803
1.313109,1.422803
1.313109,1.422803
1.300996,1.338283
1.139356,1.164593
1.064930,1.284351
1.216081,1.172704
1.216081,1.172704
1.216081,1.172704
1.216081,1.172704
1.170575,1.359327
1.288186,1.541233
1.288186,1.541233
1.288186,1.541233
1.288186,1.541233
1.288186,1.541233
1.295026,1.495573
1.295026,1.495573
1.295026,1.495573
1.417490,1.260256
1.417490,1.260256
1.417490,1.260256
1.494339,1.357650
1.494339,1.357650
1.396430,1.300333
1.396430,1.300333
1.396430,1.300333
1.279222,1.386698
1.433417,1.441076
1.433417,1.441076
1.433417,1.441076
1.433417,1.441076
1.433417,1.441076
1.433417,1.441076
1.415067,1.538141
1.529771,1.361953
1.529771,1.361953
1.324184,1.554136
1.514841,1.434322
1.514841,1.434322
1.514841,1.434322
1.514841,1.434322
1.514841,1.434322
1.453316,1.381700
1.453316,1.381700
1.453316,1.381700
1.453316,1.381700
1.585408,1.460446
1.380326,1.637771
1.380326,1.637771
1.239216,1.499071
1.239216,1.499071
1.436092,1.405404
1.446089,1.412459
1.446089,1.412459
1.446089,1.412459
1.285300,1.529211
1.414856,1.477603
1.307894,1.277264
1.183538,1.222541
1.183538,1.222541
1.183538,1.222541
1.183538,1.222541
1.053920,1.236991
1.053920,1.236991
0.987945,1.392129
1.141744,1.285495
1.141744,1.285495
1.141744,1.285495
1.141744,1.285495
1.141744,1.285495
1.333001,1.247860
1.399914,1.359691
1.327986,1.458173
1.327986,1.458173
1.327986,1.458173
1.327986,1.458173
1.327986,1.458173
1.368028,1.440447
1.368028,1.440447
1.368028,1.440447
1.368028,1.440447
1.368028,1.440447
1.368028,1.440447
1.300672,1.393777
1.217859,1.553522
1.304447,1.340939
1.446069,1.582255
1.446069,1.582255
1.573978,1.341828
1.464886,1.343559
1.464886,1.343559
1.464886,1.343559
1.344939,1.383759
1.409988,1.169044
1.409988,1.169044
1.324844,1.157463
1.324844,1.157463
1.324844,1.157463
1.128208,1.289865
1.199888,1.514188
1.228356,1.476618
1.261644,1.444701
1.261644,1.444701
1.261644,1.444701
1.456014,1.224286
1.377601,1.343041
1.380010,1.328182
1.296371,1.110698
1.250976,1.149822
1.148350,1.317955
1.260812,1.463598
1.241293,1.406780
1.302293,1.631950
1.302293,1.631950
1.469808,1.570824
1.509690,1.366204
1.509690,1.366204
1.509690,1.366204
1.509690,1.366204
1.509690,1.366204
1.627864,1.512617
1.673106,1.388639
1.673106,1.388639
1.673106,1.388639
1.572187,1.249251
1.572187,1.249251
1.572187,1.249251
1.386220,1.206324
1.166124,1.053369
1.084264,1.232334
1.167862,1.264001
1.274479,1.172467
1.274479,1.172467
1.097270,1.323045
1.179521,1.217549
1.328904,1.394136
1.389354,1.370409
1.343382,1.225524
1.583904,1.171695
1.623928,1.355676
1.781220,1.468561
1.618035,1.321445
1.371603,1.537838
1.371603,1.537838
1.427331,1.653556
1.451306,1.602773
1.308063,1.607359
1.238091,1.589912
1.229866,1.363898
1.094816,1.566185
1.094816,1.566185
1.166430,1.681539
1.065361,1.525550
1.065361,1.525550
1.065361,1.525550
1.065361,1.525550
1.065361,1.525550
1.180906,1.488548
1.381935,1.684052
1.203521,1.579767
1.203521,1.579767
1.347830,1.472342
1.347830,1.472342
1.187288,1.244689
1.219388,1.258903
1.137949,1.503092
1.137949,1.503092
1.137949,1.503092
1.179219,1.635324
1.054229,1.428243
1.054229,1.428243
1.210421,1.549887
1.210421,1.549887
1.210421,1.549887
1.210421,1.549887
1.210421,1.549887
1.257932,1.562664
1.229449,1.352154
1.018658,1.592190
1.126106,1.469558
1.126106,1.469558
1.126106,1.469558
1.077611,1.414075
1.058096,1.419637
1.171316,1.315684
1.240702,1.478465
1.240221,1.387065
1.288296,1.391737
1.288296,1.391737
1.358796,1.289241
1.358796,1.289241
1.312308,1.460984
1.312308,1.460984
1.197183,1.549185
1.133607,1.524638
1.133607,1.524638
1.096169,1.317125
1.209941,1.476991
1.242036,1.394800
1.242036,1.394800
1.368567,1.502878
1.368567,1.502878
1.368567,1.502878
1.203156,1.448816
1.203156,1.448816
1.267115,1.404189
1.504321,1.615697
1.504321,1.615697
1.416372,1.457418
1.564792,1.461960
1.423105,1.632857
1.296108,1.680601
1.530891,1.689820
1.530891,1.689820
1.551494,1.454256
1.551494,1.454256
1.551494,1.454256
1.610854,1.629680
1.692688,1.508936
1.577665,1.323947
1.577665,1.323947
1.565710,1.387511
1.487257,1.320558
1.487257,1.320558
1.294508,1.289024
1.294508,1.289024
1.526443,1.428357
1.526443,1.428357
1.530339,1.409298
1.557687,1.543275
1.557687,1.543275
1.557687,1.543275
1.557687,1.543275
1.407211,1.491179
1.407211,1.491179
1.407211,1.491179
1.173315,1.398707
1.173315,1.398707
1.173315,1.398707
1.288189,1.589662
1.288189,1.589662
1.288189,1.589662
1.288189,1.589662
1.471089,1.593502
1.471089,1.593502
1.386233,1.415322
1.190074,1.572354
1.190074,1.572354
1.188458,1.408739
1.403783,1.380549
1.215360,1.558678
1.215360,1.558678
1.110244,1.365992
0.969737,1.366843
0.969737,1.366843
0.977451,1.513770
0.977451,1.513770
0.977451,1.513770
0.977451,1.513770
0.977451,1.513770
0.977451,1.513770
1.001690,1.405516
1.141116,1.236386
1.187835,1.436708
1.274234,1.547375
1.274234,1.547375
1.274234,1.547375
1.274234,1.547375
1.241763,1.306740
1.274826,1.506422
1.274826,1.506422
1.274826,1.506422
1.274826,1.506422
1.453555,1.395541
1.453555,1.395541
1.453555,1.395541
1.453555,1.395541
1.213499,1.282810
1.213499,1.282810
1.072160,1.290950
1.072160,1.290950
1.072160,1.290950
1.243022,1.477200
1.328817,1.428277
1.477878,1.190566
1.265222,1.088274
1.265222,1.088274
1.393593,1.119648
1.148588,1.315257
0.939833,1.274993
1.156031,1.413853
1.277497,1.394289
1.277497,1.394289
1.277497,1.394289
1.245854,1.572331
1.245854,1.572331
1.081777,1.428342
1.081777,1.428342
1.193623,1.220051
1.335079,1.177954
1.335079,1.177954
1.335079,1.177954
1.516086,1.357361
1.516086,1.357361
1.330711,1.256389
1.385479,1.245768
1.442399,1.406380
1.439778,1.344154
1.455078,1.496266
1.500087,1.456556
1.444295,1.259523
1.222189,1.332129
1.307372,1.502233
1.248024,1.545098
1.248024,1.545098
1.463192,1.375000
1.463192,1.375000
1.463192,1.375000
1.463192,1.375000
1.535048,1.558791
1.535048,1.558791
1.404534,1.501571
1.404534,1.501571
1.590691,1.251810
1.590691,1.251810
1.508262,1.356449
1.365795,1.418428
1.503491,1.172005
1.607869,0.954492
1.567222,0.796627
1.567222,0.796627
1.702089,1.004188
1.635573,1.076976
1.547268,0.935923
1.547268,0.935923
1.683103,0.914491
1.683103,0.914491
1.683103,0.914491
1.779377,0.990760
1.779377,0.990760
1.779377,0.990760
1.779377,0.990760
1.779377,0.990760
1.625575,1.034999
1.468982,1.172080
1.448340,1.251082
1.448340,1.251082
1.448340,1.251082
1.534197,1.253925
1.593494,1.360818
1.593494,1.360818
1.590242,1.197900
1.590242,1.197900
1.590242,1.197900
1.421487,1.428402
1.534077,1.235144
1.689978,1.468579
1.560579,1.647147
1.371962,1.557517
1.242005,1.372895
1.169902,1.547511
1.042474,1.354134
1.042474,1.354134
1.106784,1.219938
1.106784,1.219938
1.334397,1.212435
1.334397,1.212435
1.370213,1.176051
1.370213,1.176051
1.371102,1.114459
1.217624,1.098803
1.442685,1.213259
1.342981,0.981470
1.342981,0.981470
1.342981,0.981470
1.342981,0.981470
1.407664,1.115495
1.364764,1.090540
1.303779,1.110131
1.249434,1.240689
1.249434,1.240689
1.249434,1.240689
1.308490,1.299651
1.555558,1.260438
1.638830,1.322255
1.638830,1.322255
1.491593,1.199176
1.491593,1.199176
1.471406,1.413282
1.471406,1.413282
1.471406,1.413282
1.477885,1.319729
1.652242,1.226124
1.430115,1.447353
1.480950,1.331809
1.420494,1.236063
1.273419,1.357359
1.511439,1.251599
1.511439,1.251599
1.511439,1.251599
1.556034,1.260414
1.556034,1.260414
1.556034,1.260414
1.421996,1.484028
1.421996,1.484028
1.540220,1.476804
1.540220,1.476804
1.540220,1.476804
1.540220,1.476804
1.424318,1.507358
1.424318,1.507358
1.424318,1.507358
1.215344,1.282478
1.215344,1.282478
1.446683,1.392823
1.446683,1.392823
1.376167,1.232463
1.374053,1.207984
1.374053,1.207984
1.400631,1.404879
1.397484,1.514563
1.398586,1.528416
1.514130,1.490929
1.367630,1.250124
1.367630,1.250124
1.367630,1.250124
1.308123,1.122848
1.435347,1.371613
1.435347,1.371613
1.583317,1.305919
1.583317,1.305919
1.647282,1.366604
1.647282,1.366604
1.416467,1.556036
1.416467,1.556036
1.331590,1.530275
1.569664,1.346974
1.529460,1.135715
1.455516,1.358551
1.610633,1.412892
1.610806,1.310885
1.494239,1.168972
1.494239,1.168972
1.494239,1.168972
1.475132,1.045381
1.475132,1.045381
1.503787,1.147183
1.610954,1.296059
1.610954,1.296059
1.399501,1.419453
1.284658,1.250911
1.284658,1.250911
1.241256,1.297501
1.262837,1.501194
1.382480,1.349691
1.426572,1.396373
1.369207,1.260949
1.369207,1.260949
1.369207,1.260949
1.573264,1.342257
1.573264,1.342257
1.630240,1.444150
1.657521,1.462615
1.503641,1.694242
1.367028,1.636473
1.278013,1.557100
1.413485,1.436809
1.413485,1.436809
1.601028,1.477176
1.547477,1.453080
1.426039,1.443537
1.426039,1.443537
1.592511,1.330720
1.592511,1.330720
1.592511,1.330720
1.409515,1.211092
1.243745,1.121358
1.219267,1.226819
1.219267,1.226819
1.219267,1.226819
1.325751,1.401870
1.285241,1.543591
1.115550,1.548518
1.042819,1.663961
1.042819,1.663961
1.042819,1.663961
1.161600,1.503113
1.220847,1.276971
1.220847,1.276971
1.311282,1.208625
1.537565,1.350952
1.449104,1.595336
1.449104,1.595336
1.449104,1.595336
1.606627,1.584653
1.606627,1.584653
1.606627,1.584653
1.606627,1.584653
1.606627,1.584653
1.392286,1.658429
1.191466,1.468497
1.191466,1.468497
1.100826,1.588020
1.044027,1.468009
1.044027,1.468009
1.133215,1.446860
1.257286,1.204101
1.321433,1.319687
1.321433,1.319687
1.321433,1.319687
1.168845,1.273206
1.168845,1.273206
1.327503,1.350021
1.327503,1.350021
1.327503,1.350021
1.446572,1.534485
1.516396,1.563668
1.279916,1.547963
1.279916,1.547963
1.279916,1.547963
1.279916,1.547963
1.279916,1.547963
1.485688,1.457543
1.485688,1.457543
1.716841,1.438847
1.629445,1.578306
1.534041,1.627548
1.534041,1.627548
1.534041,1.627548
1.534041,1.627548
1.534041,1.627548
1.534041,1.627548
1.534041,1.627548
1.534041,1.627548
1.521569,1.511061
1.581389,1.402420
1.516519,1.630913
1.516519,1.630913
1.405134,1.583306
1.405134,1.583306
1.591324,1.375111
1.591324,1.375111
1.437190,1.349580
1.407766,1.323226
1.359868,1.301340
1.375737,1.512956
1.375737,1.512956
1.580167,1.368309
1.580167,1.368309
1.580167,1.368309
1.580167,1.368309
1.398329,1.208990
1.522026,1.194860
1.522026,1.194860
1.522026,1.194860
1.522026,1.194860
1.278087,1.313989
1.278087,1.313989
1.280059,1.445450
1.280059,1.445450
1.280059,1.445450
1.236620,1.364478
1.167637,1.478018
1.167637,1.478018
1.167637,1.478018
1.167637,1.478018
1.413397,1.468069
1.413397,1.468069
1.413397,1.468069
1.505298,1.551656
1.311527,1.334597
1.520398,1.322110
1.441994,1.087972
1.441994,1.087972
1.524701,1.144617
1.374198,1.138760
1.374198,1.138760
1.378283,1.294087
1.378283,1.294087
1.378283,1.294087
1.183047,1.463712
1.183047,1.463712
1.183047,1.463712
1.183047,1.463712
1.183047,1.463712
1.387067,1.431281
1.387067,1.431281
1.274131,1.317892
1.216915,1.186805
1.190845,1.031472
1.119542,1.149392
1.342614,1.306394
1.436712,1.313386
1.436712,1.313386
1.283504,1.355689
1.214133,1.427226
1.160158,1.274250
1.140642,1.261866
1.150858,1.473161
1.150858,1.473161
1.150858,1.473161
1.150858,1.473161
1.347855,1.397281
1.347855,1.397281
1.294278,1.428599
1.294278,1.428599
1.294278,1.428599
1.294278,1.428599
1.425987,1.567922
1.425987,1.567922
1.439825,1.638837
1.439825,1.638837
1.439825,1.638837
1.678581,1.406747
1.678581,1.406747
1.678581,1.406747
1.464621,1.381981
1.425207,1.458378
1.425207,1.458378
1.425207,1.458378
1.425207,1.458378
1.425207,1.458378
1.425207,1.458378
1.231053,1.310717
1.404297,1.518808
1.404297,1.518808
1.404297,1.518808
1.404297,1.518808
1.546936,1.346645
1.374012,1.526430
1.478553,1.545079
1.478553,1.545079
1.478553,1.545079
1.571272,1.366604
1.571272,1.366604
1.571272,1.366604
1.645889,1.460428
1.645889,1.460428
1.575055,1.454442
1.358736,1.276980
1.296353,1.298156
1.197093,1.543069
1.027873,1.469811
1.262045,1.684862
1.304707,1.713978
1.304707,1.713978
1.304707,1.713978
1.490369,1.639879
1.490369,1.639879
1.490369,1.639879
1.349652,1.601028
1.349652,1.601028
1.215533,1.455979
1.215533,1.455979
1.215533,1.455979
1.215533,1.455979
1.215533,1.455979
1.378830,1.500954
1.378830,1.500954
1.378830,1.500954
1.378830,1.500954
1.487708,1.408825
1.336873,1.317472
1.336873,1.317472
1.315216,1.335756
1.315216,1.335756
1.392875,1.544380
1.385056,1.633976
1.385056,1.633976
1.424896,1.729194
1.630126,1.522364
1.630126,1.522364
1.584870,1.405751
1.466822,1.382499
1.300202,1.490216
1.300202,1.490216
1.300202,1.490216
1.232784,1.401594
1.268808,1.364000
1.268808,1.364000
1.302384,1.168654
1.302384,1.168654
1.302384,1.168654
1.306819,1.202845
1.235682,1.110051
1.173162,1.339470
1.173162,1.339470
1.280206,1.426470
1.280206,1.426470
1.223718,1.528111
1.223718,1.528111
1.035554,1.563321
1.035554,1.563321
1.035554,1.563321
0.931512,1.423814
1.154976,1.187774
1.217229,0.966935
1.395843,0.933244
1.395843,0.933244
1.472440,0.802246
1.303077,0.814882
1.303077,0.814882
1.133043,1.055770
1.174372,1.164878
1.174372,1.164878
1.191011,1.328544
1.191011,1.328544
1.317396,1.471863
1.317396,1.471863
1.371245,1.511977
1.371245,1.511977
1.371245,1.511977
1.262479,1.485463
1.262479,1.485463
1.358917,1.312236
1.405683,1.315129
1.405683,1.315129
1.405683,1.315129
1.457391,1.363571
1.387339,1.508605
1.387339,1.508605
1.346304,1.333025
1.264351,1.448900
1.264351,1.448900
1.264351,1.448900
1.434968,1.508223
1.400513,1.428910
1.571552,1.571101
1.571552,1.571101
1.415697,1.614489
1.415697,1.614489
1.415697,1.614489
1.469008,1.611883
1.469008,1.611883
1.469008,1.611883
1.244899,1.523620
1.244899,1.523620
1.244899,1.523620
1.176448,1.565564
1.176448,1.565564
1.176448,1.565564
1.176448,1.565564
1.176448,1.565564
1.323686,1.684621
1.377798,1.652848
1.377798,1.652848
1.406795,1.509234
1.406795,1.509234
1.421035,1.336888
1.289811,1.354849
1.289811,1.354849
1.494618,1.540611
1.285121,1.522011
1.520229,1.495808
1.520229,1.495808
1.520229,1.495808
1.434933,1.426107
1.359491,1.469847
1.359491,1.469847
1.359491,1.469847
1.359491,1.469847
1.471390,1.656783
1.471390,1.656783
1.471390,1.656783
1.248676,1.491896
1.390818,1.473384
1.390818,1.473384
1.270170,1.255039
1.375613,1.427894
1.375613,1.427894
1.375613,1.427894
1.278249,1.538522
1.278249,1.538522
1.278249,1.538522
1.278249,1.538522
1.360471,1.441229
1.360471,1.441229
1.354091,1.204386
1.340921,1.359960
1.235746,1.190229
1.326817,1.308611
1.326817,1.308611
1.471226,1.394409
1.491120,1.252653
1.491120,1.252653
1.491120,1.252653
1.491120,1.252653
1.601458,1.198591
1.601458,1.198591
1.601458,1.198591
1.516447,1.429021
1.342056,1.440873
1.531571,1.608712
1.531571,1.608712
1.291941,1.644771
1.291941,1.644771
1.291941,1.644771
1.405821,1.639295
1.405821,1.639295
1.190482,1.430091
1.190482,1.430091
1.339533,1.527010
1.339533,1.527010
1.339533,1.527010
1.434848,1.497492
1.421901,1.395338
1.568798,1.289988
1.622321,1.356148
1.622321,1.356148
1.438031,1.493774
1.280262,1.355863
1.280262,1.355863
1.499339,1.389763
1.499339,1.389763
1.499339,1.389763
1.323637,1.367203
1.377609,1.472399
1.426633,1.425728
1.670584,1.507051
1.570055,1.417446
1.570055,1.417446
1.660439,1.496633
1.466015,1.319965
1.466015,1.319965
1.466015,1.319965
1.466015,1.319965
1.466015,1.319965
1.466015,1.319965
1.464355,1.422185
1.464355,1.422185
1.481020,1.509523
1.481020,1.509523
1.243998,1.366097
1.243998,1.366097
1.383732,1.384258
1.493383,1.286743
1.462123,1.404381
1.462123,1.404381
1.558751,1.423447
1.582585,1.499325
1.380991,1.310056
1.380991,1.310056
1.416993,1.398041
1.286529,1.190084
1.286529,1.190084
1.390872,1.392763
1.390872,1.392763
1.390872,1.392763
1.390872,1.392763
1.390872,1.392763
1.150797,1.442586
1.065502,1.392510
1.170405,1.501456
1.100247,1.353296
1.095433,1.442860
1.187708,1.310724
1.354657,1.220895
1.469700,1.247532
1.591919,1.390506
1.438715,1.489096
1.438715,1.489096
1.438715,1.489096
1.418950,1.288019
1.571714,1.302084
1.571714,1.302084
1.571714,1.302084
1.571714,1.302084
1.467981,1.358480
1.298035,1.569074
1.298035,1.569074
1.322594,1.344919
1.322594,1.344919
1.418313,1.583176
1.418313,1.583176
1.331995,1.339252
1.331995,1.339252
1.331995,1.339252
1.561993,1.422062
1.333768,1.633985
1.466417,1.568166
1.339945,1.458964
1.306304,1.545493
1.306304,1.545493
1.232343,1.486518
1.232343,1.486518
1.450134,1.401970
1.450134,1.401970
1.521937,1.202786
1.521937,1.202786
1.521937,1.202786
1.521937,1.202786
1.393290,1.027194
1.393290,1.027194
1.297643,0.986407
1.178795,1.007591
1.178795,1.007591
1.178795,1.007591
1.178795,1.007591
1.319536,0.938012
1.404894,1.046025
1.505023,0.927313
1.602153,0.878513
1.602153,0.878513
1.637388,1.082276
1.637388,1.082276
1.632364,1.149645
1.594228,1.194838
1.594228,1.194838
1.594228,1.194838
1.594228,1.194838
1.594228,1.194838
1.594228,1.194838
1.571805,1.321726
1.551079,1.480911
1.551079,1.480911
1.325624,1.266982
1.193665,1.425454
1.193665,1.425454
1.193665,1.425454
1.193665,1.425454
1.380424,1.284052
1.380424,1.284052
1.380424,1.284052
1.380424,1.284052
1.257706,1.266464
1.180290,1.135558
1.180290,1.135558
1.181435,1.375660
1.192853,1.277164
1.192853,1.277164
1.248949,1.083392
1.248949,1.083392
1.248949,1.083392
1.248949,1.083392
1.222119,1.157812
1.222119,1.157812
1.335655,1.349760
1.335655,1.349760
1.335655,1.349760
1.335655,1.349760
1.335655,1.349760
1.335655,1.349760
1.239873,1.552967
1.239873,1.552967
1.239873,1.552967
1.375237,1.601063
1.255966,1.514166
1.255966,1.514166
1.285261,1.376940
1.285261,1.376940
1.285261,1.376940
1.285261,1.376940
1.285261,1.376940
1.435696,1.241775
1.435696,1.241775
1.433918,1.357761
1.272880,1.295615
1.272880,1.295615
1.272880,1.295615
1.153331,1.534412
1.069252,1.426261
1.069252,1.426261
1.069252,1.426261
1.069252,1.426261
1.069252,1.426261
1.257892,1.397559
1.492597,1.573165
1.547339,1.623348
1.422591,1.485181
1.477830,1.396704
1.577076,1.420229
1.577076,1.420229
1.387980,1.272596
1.162909,1.517421
1.162909,1.517421
1.333569,1.289809
1.333569,1.289809
1.485553,1.190506
1.485553,1.190506
1.615065,1.402060
1.615065,1.402060
1.421235,1.190810
1.330421,1.393414
1.330421,1.393414
1.366539,1.422495
1.468086,1.620258
1.532621,1.769141
1.532621,1.769141
1.532621,1.769141
1.433698,1.658334
1.433698,1.658334
1.433698,1.658334
1.553045,1.520341
1.599955,1.451295
1.496093,1.332618
1.517423,1.333148
1.517423,1.333148
1.702059,1.498125
1.490994,1.640897
1.490994,1.640897
1.490994,1.640897
1.490994,1.640897
1.490994,1.640897
1.490994,1.640897
1.635747,1.499781
1.521334,1.563912
1.521334,1.563912
1.521334,1.563912
1.521334,1.563912
1.366185,1.473813
1.525879,1.451714
1.525879,1.451714
1.525879,1.451714
1.339314,1.343470
1.339314,1.343470
1.339314,1.343470
1.099534,1.372258
1.099534,1.372258
1.221677,1.231057
1.221677,1.231057
1.221677,1.231057
1.430012,1.208516
1.513668,1.220553
1.520970,1.437794
1.371532,1.340838
1.371532,1.340838
1.371532,1.340838
1.392629,1.412143
1.392629,1.412143
1.392629,1.412143
1.260662,1.453854
1.282727,1.296647
1.282727,1.296647
1.293794,1.291840
1.307698,1.478439
1.372566,1.718238
1.372566,1.718238
1.370808,1.664582
1.370808,1.664582
1.370808,1.664582
1.370808,1.664582
1.335740,1.781604
1.335740,1.781604
1.220180,1.558333
1.108556,1.494041
1.080269,1.582569
1.047535,1.424739
1.192357,1.448614
1.192357,1.448614
1.342019,1.305386
1.396351,1.477849
1.381722,1.607550
1.381722,1.607550
1.381722,1.607550
1.203695,1.495450
1.203695,1.495450
1.203695,1.495450
1.355184,1.579518
1.599515,1.542529
1.501349,1.669020
1.273222,1.547732
1.273222,1.547732
1.273222,1.547732
1.273222,1.547732
1.178470,1.548205
1.178470,1.548205
1.178470,1.548205
1.301728,1.634982
1.070898,1.580110
1.070898,1.580110
1.065540,1.533132
1.226658,1.443738
1.344692,1.233717
1.344692,1.233717
1.197077,1.276812
1.163814,1.221202
1.163814,1.221202
1.163814,1.221202
1.163814,1.221202
1.163814,1.221202
1.249957,1.025351
1.249957,1.025351
1.058664,0.968486
1.058664,0.968486
1.271840,0.813913
1.139258,1.009461
1.138383,0.806556
1.138383,0.806556
1.114197,0.811646
1.114197,0.811646
0.929079,1.024462
0.929079,1.024462
0.929079,1.024462
0.934853,1.068125
0.934853,1.068125
0.934853,1.068125
0.934853,1.068125
0.845808,0.988353
0.965992,0.925252
1.212904,0.772230
1.386499,0.885564
1.148659,1.014650
1.148659,1.014650
1.390258,1.064270
1.390258,1.064270
1.205017,1.225482
1.333547,1.430219
1.333547,1.430219
1.333547,1.430219
1.333547,1.430219
1.277050,1.377441
1.277050,1.377441
1.414660,1.198851
1.412117,1.447072
1.482565,1.477274
1.482565,1.477274
1.316967,1.258737
1.316967,1.258737
1.518321,1.429213
1.443273,1.588641
1.678846,1.372497
1.680692,1.386545
1.680692,1.386545
1.680692,1.386545
1.513598,1.544616
1.513598,1.544616
1.316238,1.504282
1.316238,1.504282
1.316238,1.504282
1.364004,1.311356
1.364004,1.311356
1.364004,1.311356
1.192149,1.441956
1.220849,1.309314
1.251619,1.467469
1.251619,1.467469
1.251619,1.467469
1.251619,1.467469
1.251619,1.467469
1.225547,1.274476
1.181434,1.367961
1.181434,1.367961
1.181434,1.367961
1.335041,1.540373
1.424446,1.665346
1.424446,1.665346
1.427962,1.762078
1.427962,1.762078
1.427962,1.762078
1.294793,1.587718
1.243848,1.346268
1.307086,1.190612
1.307086,1.190612
1.307086,1.190612
1.307086,1.190612
1.307086,1.190612
1.307086,1.190612
1.510212,1.130069
1.520274,1.247341
1.520274,1.247341
1.520274,1.247341
1.630431,1.159540
1.588863,1.028069
1.588863,1.028069
1.588863,1.028069
1.588863,1.028069
1.418055,1.245116
1.531732,1.316315
1.495080,1.302495
1.561008,1.354758
1.489414,1.586581
1.242575,1.462422
1.489139,1.450976
1.489139,1.450976
1.461853,1.356117
1.461853,1.356117
1.461853,1.356117
1.438650,1.398134
1.279971,1.465681
1.491063,1.299966
1.491063,1.299966
1.464017,1.235617
1.594830,1.310142
1.481152,1.219361
1.493288,1.190551
1.591476,1.432659
1.591476,1.432659
1.591476,1.432659
1.591476,1.432659
1.591476,1.432659
1.591476,1.432659
1.449035,1.438663
1.476883,1.478149
1.621218,1.313415
1.622508,1.489654
1.622508,1.489654
1.376508,1.472834
1.376508,1.472834
1.376508,1.472834
1.452951,1.243279
1.670880,1.487213
1.755778,1.364127
1.517300,1.261547
1.318276,1.270647
1.563357,1.348666
1.582022,1.547474
1.582022,1.547474
1.582022,1.547474
1.626195,1.464534
1.626195,1.464534
1.426020,1.624125
1.363983,1.465783
1.363983,1.465783
1.470075,1.544171
1.470075,1.544171
1.470075,1.544171
1.420330,1.482909
1.420330,1.482909
1.551425,1.305152
1.549956,1.102550
1.492253,1.296318
1.348410,1.224583
1.393600,1.230011
1.545805,1.336858
1.496630,1.358053
1.482471,1.382960
1.482471,1.382960
1.482471,1.382960
1.482471,1.382960
1.482471,1.382960
1.482471,1.382960
1.529568,1.450139
1.529568,1.450139
1.580319,1.428024
1.620147,1.313269
1.620147,1.313269
1.620147,1.313269
1.620147,1.313269
1.580254,1.320746
1.580254,1.320746
1.395722,1.407326
1.589105,1.581379
1.589105,1.581379
1.589105,1.581379
1.589105,1.581379
1.589105,1.581379
1.716747,1.366754
1.716747,1.366754
1.716747,1.366754
1.553768,1.184407
1.683696,1.378128
1.667569,1.332637
1.667569,1.332637
1.656832,1.379922
1.656832,1.379922
1.656832,1.379922
1.568187,1.524147
1.356317,1.616613
1.356317,1.616613
1.356317,1.616613
1.356317,1.616613
1.408221,1.468112
1.408221,1.468112
1.408221,1.468112
1.480898,1.451720
1.423445,1.344199
1.423445,1.344199
1.240314,1.462946
1.240314,1.462946
1.484968,1.350437
1.484968,1.350437
1.484968,1.350437
1.515465,1.412119
1.391594,1.516163
1.212434,1.376535
1.253639,1.414794
1.238910,1.362948
1.373807,1.568208
1.138743,1.349511
1.212494,1.393214
1.212494,1.393214
1.333970,1.535554
1.333970,1.535554
1.503030,1.417292
1.576134,1.587273
1.576134,1.587273
1.372901,1.351183
1.471668,1.321651
1.615867,1.380461
1.615867,1.380461
1.504214,1.316961
1.504214,1.316961
1.550300,1.394763
1.434228,1.564924
1.434228,1.564924
1.434228,1.564924
1.455904,1.378396
1.389651,1.367252
1.382421,1.356388
1.425235,1.431304
1.454546,1.549871
1.454546,1.549871
1.454546,1.549871
1.290880,1.324157
1.290880,1.324157
1.254664,1.145262
1.039988,1.082389
1.039988,1.082389
1.039988,1.082389
1.186660,1.194594
1.186660,1.194594
1.186660,1.194594
1.186660,1.194594
1.193352,1.159734
1.263539,1.303690
1.487712,1.470658
1.350411,1.355709
1.271124,1.273149
1.423543,1.485706
1.423543,1.485706
1.252994,1.576883
1.252994,1.576883
1.239224,1.634409
1.239224,1.634409
1.160022,1.489796
0.933894,1.449741
1.169787,1.603547
1.169787,1.603547
1.342876,1.722209
1.388774,1.625957
1.233838,1.607265
1.270209,1.399867
1.270209,1.399867
1.307446,1.238535
1.307446,1.238535
1.307446,1.238535
1.155944,1.458999
1.290889,1.479618
1.273897,1.390315
1.234640,1.589180
1.397317,1.702752
1.335851,1.645815
1.168595,1.580959
1.342392,1.588608
1.521802,1.426535
1.343582,1.578544
1.343582,1.578544
1.343582,1.578544
1.343582,1.578544
1.343582,1.578544
1.497790,1.363099
1.377593,1.206850
1.280316,1.272624
1.280316,1.272624
1.377789,1.505743
1.377789,1.505743
1.377789,1.505743
1.377789,1.505743
1.183624,1.665722
1.211456,1.441545
1.268091,1.312517
1.253353,1.102680
1.483610,1.037727
1.619452,1.129362
1.736659,1.027575
1.662177,1.203113
1.553626,1.287650
1.553626,1.287650
1.433319,1.288644
1.284904,1.387605
1.306977,1.364703
1.306977,1.364703
1.267161,1.169033
1.347037,1.153073
1.356558,1.173693
1.502277,1.264683
1.605243,1.315302
1.568525,1.197005
1.568525,1.197005
1.429159,1.374977
1.429159,1.374977
1.429159,1.374977
1.477036,1.545850
1.562467,1.375818
1.588367,1.178153
1.440135,1.346417
1.601637,1.209677
1.601637,1.209677
1.601637,1.209677
1.537521,1.112845
1.537521,1.112845
1.537521,1.112845
1.537521,1.112845
1.467905,1.071750
1.406802,1.112851
1.406802,1.112851
1.524494,1.162415
1.524494,1.162415
1.524494,1.162415
1.524494,1.162415
1.524494,1.162415
1.452057,1.225540
1.319825,1.304874
1.344124,1.184648
1.244042,1.113448
1.244042,1.113448
1.244042,1.113448
1.481534,1.134613
1.481534,1.134613
1.481534,1.134613
1.481534,1.134613
1.481534,1.134613
1.435044,1.287670
1.551673,1.467982
1.551673,1.467982
1.667928,1.364146
1.667928,1.364146
1.490837,1.497421
1.490837,1.497421
1.490837,1.497421
1.445907,1.365834
1.506262,1.242389
1.476828,1.051889
1.476828,1.051889
1.476828,1.051889
1.476828,1.051889
1.701979,1.155555
1.701979,1.155555
1.701979,1.155555
1.701979,1.155555
1.510318,0.914958
1.308379,0.931472
1.084050,1.119958
1.171770,0.938030
1.004079,1.050681
1.237534,1.239200
1.260950,1.287394
1.138094,1.441489
1.121943,1.501612
1.289973,1.571033
1.487918,1.446018
1.446604,1.565432
1.468488,1.376223
1.341130,1.368306
1.202260,1.379299
1.202260,1.379299
1.449550,1.580808
1.449550,1.580808
1.605018,1.545017
1.605018,1.545017
1.496629,1.351311
1.496629,1.351311
1.265154,1.440874
1.329556,1.351525
1.329556,1.351525
1.410959,1.480816
1.550115,1.287470
1.550115,1.287470
1.633317,1.152185
1.633317,1.152185
1.536336,1.202222
1.536336,1.202222
1.536336,1.202222
1.490944,1.296365
1.490944,1.296365
1.490944,1.296365
1.490944,1.296365
1.490944,1.296365
1.490944,1.296365
1.490944,1.296365
1.490944,1.296365
1.490944,1.296365
1.490944,1.296365
1.490944,1.296365
1.444920,1.270438
1.549703,1.365983
1.549703,1.365983
1.433053,1.328147
1.250908,1.503641
1.141103,1.515319
1.296107,1.664769
1.296107,1.664769
1.327343,1.645537
1.327343,1.645537
1.277987,1.626078
1.517680,1.653631
1.406974,1.518095
1.406974,1.518095
1.406974,1.518095
1.579631,1.357863
1.579631,1.357863
1.480848,1.111472
1.480848,1.111472
1.480848,1.111472
1.480848,1.111472
1.388508,1.152174
1.525747,1.229205
1.525747,1.229205
1.443955,1.053735
1.443955,1.053735
1.443955,1.053735
1.685206,1.248840
1.685206,1.248840
1.580632,1.184893
1.532776,1.368820
1.532776,1.368820
1.302629,1.287117
1.302629,1.287117
1.362938,1.406858
1.421046,1.519276
1.421046,1.519276
1.421046,1.519276
1.421046,1.519276
1.379357,1.349396
1.379357,1.349396
1.379357,1.349396
1.610867,1.345132
1.368288,1.313922
1.368288,1.313922
1.308244,1.160201
1.308244,1.160201
1.329853,1.340724
1.459357,1.407158
1.459357,1.407158
1.459357,1.407158
1.459357,1.407158
1.498475,1.373448
1.498475,1.373448
1.356404,1.586507
1.356404,1.586507
1.356404,1.586507
1.440681,1.525052
1.515160,1.290245
1.424606,1.348259
1.503829,1.351820
1.312454,1.421526
1.420683,1.421998
1.533648,1.525337
1.373047,1.301308
1.291579,1.067227
1.516128,1.061326
1.516128,1.061326
1.516128,1.061326
1.356641,1.061944
1.175564,1.208366
1.395597,1.299593
1.395597,1.299593
1.395597,1.299593
1.598916,1.485517
1.386086,1.451988
1.431154,1.408332
1.431154,1.408332
1.431154,1.408332
1.390612,1.508609
1.390612,1.508609
1.283452,1.483413
1.283452,1.483413
1.283452,1.483413
1.283452,1.483413
1.266781,1.295721
1.266781,1.295721
1.399638,1.209556
1.310848,1.430233
1.454683,1.358922
1.333217,1.375707
1.154484,1.410888
1.363601,1.540287
1.245020,1.546267
1.245020,1.546267
1.430216,1.646687
1.430216,1.646687
1.610850,1.550665
1.610850,1.550665
1.552662,1.594507
1.351394,1.377094
1.499574,1.347784
1.273933,1.484986
1.141036,1.390730
1.280916,1.356909
1.434902,1.392809
1.434902,1.392809
1.434902,1.392809
1.297965,1.393451
1.140086,1.422503
1.361855,1.198049
1.493025,1.271251
1.493025,1.271251
1.493025,1.271251
1.493025,1.271251
1.531710,1.446636
1.438199,1.302685
1.438199,1.302685
1.464711,1.391163
1.602202,1.217263
1.602202,1.217263
1.684974,1.363695
1.675363,1.324782
1.675363,1.324782
1.647127,1.259752
1.647127,1.259752
1.647127,1.259752
1.647127,1.259752
1.475968,1.096119
1.539785,1.168742
1.539785,1.168742
1.539785,1.168742
1.642135,1.356254
1.696955,1.214724
1.580286,1.367210
1.580286,1.367210
1.583917,1.393992
1.583917,1.393992
1.755581,1.549478
1.755581,1.549478
1.697027,1.425585
1.697027,1.425585
1.460278,1.398530
1.460278,1.398530
1.460278,1.398530
1.460278,1.398530
1.396958,1.179124
1.239172,1.271109
1.239172,1.271109
1.238811,1.201214
1.238811,1.201214
1.367411,1.069978
1.367411,1.069978
1.241580,1.234235
1.014654,1.287715
1.034299,1.457313
1.041460,1.316481
1.141853,1.122751
1.141853,1.122751
1.141853,1.122751
1.289170,1.081720
1.252469,1.245784
1.252469,1.245784
1.222627,1.199419
1.124485,1.227352
1.037953,1.376606
1.037953,1.376606
1.037953,1.376606
1.122840,1.564858
1.122840,1.564858
1.193670,1.516439
1.319592,1.387509
1.287192,1.335683
1.257486,1.573104
1.257486,1.573104
1.257486,1.573104
1.257486,1.573104
1.151655,1.362190
1.189148,1.509909
1.209548,1.366341
1.401384,1.559411
1.444305,1.429216
1.364799,1.181063
1.364799,1.181063
1.300604,1.252336
1.308584,1.372652
1.402822,1.228459
1.357085,1.019784
1.249562,0.880605
1.249562,0.880605
1.249562,0.880605
1.395377,1.106593
1.250598,1.297622
1.250598,1.297622
1.250598,1.297622
1.250598,1.297622
1.250598,1.297622
1.380577,1.359303
1.505892,1.530742
1.505892,1.530742
1.325156,1.389573
1.325156,1.389573
1.279111,1.516926
1.279111,1.516926
1.096780,1.576738
1.096780,1.576738
1.096780,1.576738
1.056350,1.575301
1.170157,1.336299
1.170157,1.336299
1.170157,1.336299
1.170157,1.336299
1.325682,1.238569
1.325682,1.238569
1.446407,1.265518
1.451060,1.458646
1.451060,1.458646
1.451060,1.458646
1.303207,1.493231
1.336021,1.513053
1.336021,1.513053
1.289362,1.299241
1.376022,1.308378
1.275255,1.211237
1.504384,1.187382
1.339133,1.312090
1.183971,1.497245
1.183971,1.497245
1.183971,1.497245
1.377094,1.318162
1.370280,1.293557
1.415386,1.389961
1.285607,1.190981
1.285607,1.190981
1.303374,1.313021
1.515732,1.407939
1.634741,1.588805
1.667284,1.535620
1.637463,1.347645
1.637463,1.347645
1.637463,1.347645
1.654874,1.466531
1.654874,1.466531
1.654874,1.466531
1.654874,1.466531
1.452190,1.457543
1.591297,1.425945
1.361157,1.458201
1.601747,1.562253
1.426769,1.698651
1.426769,1.698651
1.449642,1.626717
1.449642,1.626717
1.449642,1.626717
1.421227,1.554303
1.421227,1.554303
1.421227,1.554303
1.421227,1.554303
1.421227,1.554303
1.421227,1.554303
1.356554,1.596965
1.445208,1.607299
1.228784,1.666963
1.228784,1.666963
1.228784,1.666963
1.228784,1.666963
1.463979,1.599733
1.380271,1.719701
1.331304,1.721603
1.331304,1.721603
1.557402,1.747752
1.631435,1.521008
1.631435,1.521008
1.631435,1.521008
1.388590,1.524256
1.388590,1.524256
1.362368,1.318071
1.470600,1.369167
1.470600,1.369167
1.470600,1.369167
1.417933,1.196084
1.487284,1.289524
1.344232,1.506302
1.344232,1.506302
1.344232,1.506302
1.191622,1.583256
1.286550,1.549289
1.223959,1.574394
1.204853,1.470777
1.204853,1.470777
1.204853,1.470777
1.376448,1.455923
1.302307,1.371163
1.302307,1.371163
1.333235,1.179363
1.111040,1.256381
1.111040,1.256381
1.327022,1.261267
1.385063,1.248522
1.209194,1.424644
1.305574,1.282845
1.526679,1.392036
1.330551,1.573690
1.330551,1.573690
1.210593,1.428310
1.362242,1.201668
1.451780,1.064360
1.390261,1.114830
1.313812,1.231753
1.301888,1.324445
1.065860,1.404937
1.210113,1.374705
1.228418,1.527826
1.228418,1.527826
