0.991804,0.956659
1.001547,1.005072
0.978370,0.965968
1.025503,0.922416
0.982582,0.959832
0.983558,0.958597
0.951811,0.989117
0.934870,0.965509
0.940435,0.993822
0.969902,1.039413
1.017986,1.087368
0.998069,1.043051
1.007665,1.019276
1.004236,0.997555
0.976863,1.033565
0.960774,1.033296
0.981733,1.080207
1.026131,1.084446
1.026131,1.084446
1.054324,1.129119
1.055142,1.169653
1.097909,1.153540
1.083852,1.202513
1.125526,1.221373
1.124512,1.171675
1.101522,1.184113
1.088810,1.222309
1.078438,1.203394
1.054357,1.174229
1.005855,1.207734
1.053768,1.182230
1.084202,1.183327
1.109578,1.181664
1.151450,1.228506
1.183656,1.206725
1.174799,1.250773
1.198992,1.258093
1.150382,1.274217
1.146294,1.263222
1.172881,1.306968
1.145757,1.344268
1.109448,1.384482
1.071033,1.350617
1.045571,1.311181
1.024423,1.272678
1.005194,1.290505
0.985517,1.291694
0.950954,1.277526
0.905548,1.251943
0.913356,1.282185
0.907846,1.269175
0.927537,1.306892
0.919045,1.283258
0.968780,1.283386
0.968780,1.283386
0.974581,1.278358
1.014069,1.262802
1.015854,1.255909
1.059478,1.242243
1.019411,1.245348
1.015473,1.249836
1.015473,1.249836
1.015473,1.249836
0.984189,1.261897
1.033279,1.213987
1.070744,1.196361
1.032094,1.203924
1.039150,1.194682
1.036724,1.226933
1.038860,1.225748
1.033725,1.219646
1.046925,1.171449
1.065093,1.216447
1.101009,1.258194
1.060814,1.208899
1.012332,1.258621
1.062122,1.287181
1.097624,1.274248
1.147052,1.310883
1.136080,1.298472
1.126842,1.330333
1.154731,1.361993
1.140487,1.365306
1.154967,1.323856
1.191128,1.289223
1.152374,1.244772
1.149761,1.233537
1.156300,1.239185
1.193307,1.212437
1.231354,1.171568
1.201549,1.126211
1.200672,1.090265
1.159351,1.117914
1.133272,1.110043
1.087559,1.099297
1.130401,1.142615
1.133760,1.104658
1.138033,1.118430
1.101520,1.145055
1.092190,1.130534
1.111327,1.171363
1.105397,1.212432
1.092304,1.246976
1.092304,1.246976
1.077581,1.207155
1.120378,1.192808
1.101419,1.156634
1.120135,1.114042
1.074081,1.075696
1.074081,1.075696
1.109753,1.111598
1.147805,1.151909
1.109764,1.200910
1.084943,1.239950
1.113522,1.263132
1.085704,1.226410
1.085704,1.226410
1.078752,1.186907
1.097130,1.167586
1.146988,1.132047
1.125501,1.098500
1.085731,1.077826
1.124790,1.049069
1.161195,1.096948
1.182486,1.143388
1.164513,1.174054
1.191359,1.175822
1.147318,1.172877
1.172092,1.157208
1.189500,1.126540
1.193653,1.117793
1.158478,1.134456
1.184172,1.171443
1.184172,1.171443
1.225590,1.190102
1.253614,1.187823
1.240008,1.221769
1.213320,1.267883
1.221490,1.290257
1.185996,1.330953
1.166771,1.320127
1.166771,1.320127
1.186046,1.369385
1.174606,1.397711
1.134003,1.391143
1.090104,1.378067
1.087230,1.371197
1.122630,1.336286
1.124494,1.378405
1.144052,1.387219
1.173431,1.357913
1.160655,1.333611
1.178469,1.323167
1.218003,1.273357
1.204601,1.320941
1.209141,1.337207
1.252155,1.375697
1.281009,1.425386
1.327972,1.432925
1.318178,1.409489
1.366109,1.399919
1.396629,1.443677
1.444543,1.434376
1.455796,1.470572
1.436168,1.474787
1.461248,1.503269
1.445052,1.495238
1.428511,1.483536
1.391798,1.452962
1.347899,1.431986
1.312573,1.409538
1.352466,1.392496
1.340468,1.349075
1.313082,1.364565
1.283632,1.408854
1.301077,1.403136
1.350296,1.432993
1.400276,1.446941
1.366710,1.494116
1.359584,1.523567
1.408791,1.556124
1.450841,1.583707
1.443771,1.554925
1.445972,1.550347
1.416206,1.578914
1.411821,1.576503
1.436556,1.592532
1.484335,1.622584
1.522712,1.622309
1.520217,1.584426
1.510542,1.576447
1.523332,1.545094
1.508162,1.579577
1.549592,1.599941
1.540222,1.612322
1.530350,1.598935
1.502352,1.624240
1.517030,1.617900
1.516178,1.603859
1.497688,1.634550
1.467217,1.617259
1.468008,1.618086
1.512519,1.607476
1.536393,1.653480
1.536028,1.614837
1.516923,1.622194
1.564238,1.641640
1.545099,1.676672
1.561973,1.675136
1.517352,1.636178
1.514590,1.606016
1.541454,1.616324
1.501590,1.623395
1.476263,1.652336
1.463808,1.613174
1.471538,1.634362
1.471538,1.634362
1.483596,1.604891
1.435531,1.565034
1.467924,1.605634
1.437033,1.615998
1.430352,1.619076
1.414278,1.663461
1.433168,1.659360
1.463627,1.683007
1.422591,1.685426
1.458517,1.689915
1.475392,1.711463
1.464230,1.706934
1.503483,1.739573
1.483026,1.720046
1.513693,1.742502
1.478805,1.775133
1.472920,1.758775
1.497280,1.784755
1.500975,1.778971
1.472675,1.748871
1.456387,1.791335
1.420130,1.833265
1.448913,1.874349
1.406103,1.880370
1.420354,1.883873
1.458432,1.874053
1.421038,1.883017
1.432998,1.903050
1.434140,1.895522
1.482688,1.944053
1.512067,1.904286
1.506096,1.856487
1.519269,1.856800
1.475368,1.809527
1.506159,1.822636
1.543187,1.835683
1.495265,1.824132
1.528869,1.796059
1.568326,1.747699
1.519865,1.765394
1.516210,1.738937
1.499568,1.732133
1.463968,1.711595
1.456445,1.663056
1.463593,1.614847
1.438643,1.576841
1.445958,1.610126
1.479197,1.566601
1.447020,1.570602
1.426683,1.562702
1.428964,1.600001
1.389760,1.599723
1.429730,1.574325
1.431094,1.602051
1.480421,1.643390
1.431550,1.666493
1.428500,1.704084
1.452313,1.729598
1.491700,1.704007
1.499643,1.702699
1.505516,1.700342
1.510382,1.683640
1.495162,1.685284
1.474034,1.681184
1.432330,1.664253
1.435079,1.673691
1.473555,1.637172
1.495070,1.649609
1.495582,1.650800
1.515863,1.606692
1.551024,1.562831
1.553948,1.604244
1.551946,1.557618
1.571726,1.591128
1.590304,1.635602
1.623336,1.610984
1.623336,1.610984
1.580824,1.614125
1.530964,1.617830
1.527803,1.591965
1.551083,1.558663
1.573893,1.524066
1.611396,1.524642
1.634903,1.522665
1.640504,1.548840
1.689457,1.499064
1.683056,1.518182
1.691088,1.518472
1.680938,1.519161
1.649233,1.566000
1.649233,1.566000
1.678974,1.613969
1.695070,1.641963
1.701849,1.673475
1.727579,1.627964
1.723676,1.620064
1.766791,1.663646
1.749165,1.624327
1.739258,1.607177
1.740921,1.651516
1.736753,1.607076
1.786392,1.583455
1.799644,1.624906
1.792723,1.598080
1.820019,1.551895
1.776024,1.535099
1.748687,1.574802
1.753610,1.619380
1.766573,1.590398
1.782673,1.578920
1.765453,1.564687
1.799635,1.557533
1.806204,1.571021
1.763600,1.617494
1.812913,1.626500
1.840008,1.607652
1.836448,1.583470
1.835087,1.609145
1.831994,1.629386
1.783186,1.601108
1.761472,1.560085
1.719449,1.577321
1.759490,1.553270
1.777811,1.576247
1.762240,1.566174
1.811665,1.548804
1.821727,1.567023
1.806519,1.572214
1.817490,1.549015
1.822512,1.559054
1.830325,1.574391
1.845922,1.618401
1.845922,1.618401
1.859322,1.617154
1.871329,1.620394
1.912758,1.615788
1.920167,1.650789
1.920167,1.650789
1.964915,1.631879
1.933600,1.613699
1.968748,1.644161
1.989964,1.625560
2.012241,1.628608
2.048439,1.618587
2.088162,1.644919
2.133564,1.603346
2.103167,1.633918
2.085588,1.671189
2.127228,1.714140
2.079656,1.673429
2.091669,1.674852
2.077425,1.682016
2.049723,1.696431
2.013804,1.707749
1.988882,1.732203
1.939124,1.755918
1.948788,1.774061
1.948788,1.774061
1.989934,1.725366
1.989934,1.725366
1.989934,1.725366
2.034386,1.730864
2.035180,1.775534
2.035180,1.775534
2.068416,1.765478
2.086516,1.776438
2.037928,1.751665
2.077322,1.751594
2.083422,1.781101
2.056725,1.780299
2.017348,1.768262
2.001904,1.792127
1.998478,1.819727
2.020285,1.823003
2.063092,1.793202
2.042071,1.781273
1.996504,1.746027
1.991770,1.772698
2.033163,1.764461
1.988843,1.777951
1.949356,1.820966
1.988844,1.801847
1.963525,1.771548
1.915032,1.738469
1.891312,1.775898
1.897099,1.741864
1.920376,1.756528
1.901201,1.786529
1.901201,1.786529
1.922555,1.778834
1.888406,1.731904
1.897678,1.770393
1.909886,1.750558
1.862417,1.742469
1.845231,1.702587
1.845231,1.702587
1.822024,1.660508
1.833036,1.640658
1.783880,1.671133
1.778601,1.648493
1.818754,1.695307
1.793606,1.735314
1.761377,1.766683
1.803221,1.727724
1.775185,1.737359
1.766027,1.713876
1.799928,1.683352
1.782446,1.669221
1.791709,1.648917
1.774172,1.601364
1.732396,1.576830
1.762854,1.591967
1.752151,1.604098
1.713754,1.556976
1.731647,1.586938
1.759063,1.573788
1.769481,1.563407
1.778786,1.556043
1.776953,1.550528
1.778464,1.545900
1.779153,1.523453
1.798980,1.557595
1.798980,1.557595
1.781606,1.559580
1.810369,1.569308
1.847186,1.562584
1.879822,1.572308
1.894952,1.560782
1.899430,1.526537
1.931302,1.487905
1.903557,1.475189
1.863924,1.465915
1.900814,1.473870
1.948512,1.443478
1.973821,1.416341
1.990093,1.397501
2.008925,1.405868
2.008925,1.405868
2.053966,1.409204
2.033544,1.377145
1.988709,1.425128
1.977744,1.444263
1.958322,1.413407
1.974111,1.375680
1.941786,1.390658
1.958589,1.397842
1.983258,1.417028
1.936387,1.461177
1.979782,1.494368
1.955968,1.457728
1.948055,1.466291
1.967733,1.488973
1.974090,1.531909
1.966910,1.548275
1.981069,1.524836
1.958456,1.565248
2.002098,1.566090
1.990828,1.545801
2.015063,1.571123
1.980999,1.546594
1.977311,1.569849
1.939255,1.554970
1.945346,1.533376
1.948935,1.557938
1.952132,1.574313
1.932698,1.556313
1.965144,1.568362
1.924547,1.561886
1.941553,1.579481
1.985817,1.621504
1.975021,1.580570
1.940927,1.555404
1.975989,1.547020
1.956702,1.582130
1.930304,1.625370
1.907405,1.658671
1.876731,1.613079
1.876731,1.613079
1.876731,1.613079
1.874439,1.602950
1.881313,1.632365
1.865632,1.671504
1.861737,1.720556
1.840666,1.671479
1.796250,1.679007
1.800254,1.673600
1.833667,1.646279
1.865167,1.668426
1.896542,1.677290
1.898772,1.664747
1.944447,1.622594
1.944447,1.622594
1.986991,1.652828
1.970724,1.660129
1.983288,1.628338
1.957292,1.610660
1.931597,1.647657
1.963331,1.597928
1.979681,1.598260
2.002474,1.587883
2.024117,1.542030
2.038985,1.519504
2.041274,1.485165
2.011641,1.443295
1.966913,1.410761
1.966913,1.410761
1.919984,1.364031
1.911427,1.358915
1.868639,1.311619
1.905165,1.302420
1.912632,1.313851
1.864338,1.333619
1.864338,1.333619
1.839489,1.296645
1.792283,1.293233
1.772626,1.318273
1.732931,1.271373
1.687281,1.223783
1.687281,1.223783
1.719596,1.258216
1.749668,1.272113
1.787503,1.258058
1.756369,1.300960
1.718677,1.297351
1.676478,1.266631
1.662050,1.280849
1.711241,1.327054
1.690202,1.317744
1.682526,1.315840
1.682526,1.315840
1.694598,1.301228
1.730563,1.275173
1.693291,1.241030
1.693291,1.241030
1.693291,1.241030
1.670176,1.250763
1.628913,1.233205
1.585325,1.265479
1.603466,1.256777
1.569931,1.229321
1.612434,1.270693
1.575797,1.318952
1.594907,1.304722
1.622003,1.300791
1.602187,1.263761
1.637036,1.256474
1.672892,1.301375
1.631689,1.293047
1.607852,1.260592
1.638571,1.268058
1.606880,1.232798
1.637160,1.249867
1.606670,1.209337
1.625368,1.163470
1.670836,1.149052
1.670064,1.163354
1.698291,1.175661
1.744159,1.176424
1.746375,1.131053
1.713760,1.160260
1.693834,1.166129
1.679671,1.123933
1.693810,1.160055
1.670847,1.124243
1.630739,1.136029
1.673041,1.102929
1.656450,1.149757
1.700068,1.149488
1.733749,1.113693
1.715038,1.141275
1.757089,1.190728
1.789091,1.159741
1.772739,1.121342
1.736779,1.149208
1.741446,1.179456
1.764720,1.142675
1.725080,1.127763
1.728013,1.113833
1.730302,1.089325
1.716514,1.057886
1.706421,1.018094
1.706421,1.018094
1.698396,1.046935
1.698396,1.046935
1.725299,1.008038
1.765958,1.054043
1.794707,1.035705
1.763512,1.043082
1.772187,1.039757
1.814543,1.022959
1.862348,0.976852
1.862348,0.976852
1.904068,0.963682
1.904068,0.963682
1.870196,0.976131
1.896602,0.989435
1.937156,0.976072
1.889475,1.008078
1.933194,0.985729
1.909836,1.019398
1.951752,0.992793
1.923999,0.943225
1.894141,0.931879
1.888803,0.912970
1.891620,0.949131
1.850305,0.978855
1.831080,0.969465
1.838659,0.933421
1.836944,0.915365
1.836944,0.915365
1.809246,0.890939
1.775556,0.877848
1.785299,0.927751
1.829376,0.915632
1.866337,0.929375
1.861453,0.932319
1.859305,0.946886
1.859305,0.946886
1.908099,0.925618
1.902994,0.915455
1.887569,0.871222
1.845768,0.825347
1.832540,0.806117
1.813186,0.819585
1.805554,0.852247
1.771699,0.848740
1.733185,0.843012
1.703280,0.829314
1.695916,0.857531
1.721909,0.826682
1.692365,0.875407
1.726092,0.829699
1.700307,0.859534
1.688240,0.852379
1.683075,0.845153
1.636374,0.837279
1.636374,0.837279
1.587565,0.805961
1.587565,0.805961
1.579898,0.846363
1.613286,0.894122
1.638346,0.887062
1.652930,0.888464
1.611609,0.914114
1.628370,0.921134
1.638585,0.890488
1.621195,0.919772
1.613671,0.870168
1.658496,0.845541
1.655097,0.809468
1.678100,0.824519
1.670713,0.869707
1.667754,0.834481
1.700463,0.882053
1.724652,0.918263
1.746084,0.939288
1.778829,0.980911
1.778829,0.980911
1.734549,0.967075
1.745823,0.951333
1.761689,0.902865
1.758663,0.946564
1.791524,0.935694
1.779297,0.945830
1.741880,0.971954
1.759415,0.995214
1.777832,1.015603
1.819955,0.978682
1.862544,0.973272
1.884464,0.987056
1.884464,0.987056
1.862647,1.016368
1.817514,1.052927
1.826373,1.042879
1.778381,1.049327
1.751384,1.009130
1.722848,1.006472
1.696806,1.025479
1.677311,1.064730
1.656851,1.097127
1.679585,1.077687
1.700311,1.119945
1.700311,1.119945
1.701839,1.108901
1.696056,1.107799
1.678568,1.093698
1.687687,1.060068
1.673088,1.083406
1.670742,1.065696
1.684230,1.061888
1.675986,1.095629
1.704037,1.050350
1.723087,1.020394
1.726894,1.009852
1.714583,1.000213
1.695711,1.018689
1.724318,1.020462
1.693119,1.043823
1.678660,1.031332
1.694151,0.990579
1.695039,1.016234
1.682688,1.030188
1.713755,0.985442
1.700558,0.971578
1.654750,0.978960
1.645385,0.990694
1.642837,0.957271
1.614125,0.995162
1.624956,1.041259
1.607182,0.999900
1.562763,0.962666
1.557687,0.953695
1.575930,0.959396
1.539567,0.998994
1.520943,0.984657
1.554698,1.004828
1.571366,0.955202
1.620888,0.968212
1.620888,0.968212
1.620625,0.951399
1.643704,0.930650
1.644056,0.944433
1.615527,0.968405
1.608038,1.000682
1.626282,1.017118
1.653739,0.987102
1.681431,1.003866
1.706065,1.042282
1.706172,1.027821
1.689018,1.030586
1.652676,1.025155
1.617924,1.054472
1.620743,1.020847
1.669335,1.015271
1.663945,1.026326
1.663228,1.065676
1.620359,1.072436
1.653798,1.077474
1.645717,1.067510
1.658381,1.109152
1.611255,1.070952
1.594989,1.078379
1.548359,1.076720
1.569502,1.121166
1.548408,1.100188
1.548408,1.100188
1.530837,1.081663
1.578341,1.082620
1.563257,1.062485
1.551196,1.047862
1.543316,1.007011
1.572970,1.012338
1.579981,1.048729
1.542881,1.003795
1.550757,0.975551
1.559516,0.977533
1.571328,1.007748
1.540109,1.016451
1.564792,0.967137
1.569989,1.006997
1.594740,0.991710
1.551033,1.010116
1.567756,0.975037
1.550521,1.011618
1.564608,1.059454
1.542060,1.100588
1.509471,1.086070
1.553148,1.057035
1.593860,1.101851
1.584670,1.053399
1.580374,1.047975
1.537551,1.022123
1.581800,1.006437
1.572273,0.996364
1.584404,0.971961
1.543626,1.015493
1.526214,0.974396
1.499059,0.990760
1.487975,0.998488
1.453888,0.994991
1.404850,1.007424
1.446969,1.002842
1.430426,0.975311
1.406389,0.978979
1.395639,1.005563
1.415403,0.973264
1.383742,0.945712
1.340241,0.930680
1.342503,0.949675
1.305922,0.927477
1.322512,0.964606
1.363544,0.977969
1.385427,0.977006
1.414436,1.022456
1.420764,0.977139
1.397755,0.975701
1.433596,0.950357
1.465057,0.907108
1.458620,0.919351
1.416516,0.887651
1.385556,0.935892
1.380232,0.952316
1.330602,0.931024
1.316853,0.954722
1.297115,0.912958
1.339468,0.940099
1.386350,0.983097
1.404101,1.029456
1.445666,1.011072
1.493024,1.059445
1.513460,1.029409
1.497759,1.036406
1.486278,1.070105
1.521985,1.108674
1.521191,1.064799
1.569606,1.070358
1.560728,1.055442
1.591213,1.015811
1.560563,0.983567
1.547525,0.948208
1.522790,0.935389
1.524314,0.943621
1.502995,0.941598
1.552876,0.990507
1.527147,0.960471
1.544319,0.974843
1.517286,1.017460
1.528602,1.011263
1.528602,1.011263
1.528602,1.011263
1.484982,0.999562
1.528522,0.975846
1.571054,0.998227
1.613080,1.029459
1.585678,0.982046
1.537805,0.996969
1.500159,0.973208
1.492443,0.992773
1.459594,1.001911
1.448130,1.013162
1.444302,0.982415
1.446404,1.014695
1.458767,0.988708
1.476282,0.979537
1.454154,0.968653
1.429671,0.974023
1.413985,0.940103
1.409968,0.936039
1.426788,0.930174
1.418354,0.972987
1.422466,0.989171
1.396862,0.963515
1.366564,0.938904
1.408115,0.893176
1.378711,0.897326
1.341327,0.887052
1.316051,0.873992
1.286144,0.827738
1.236200,0.817271
1.213874,0.785523
1.179211,0.805270
1.192772,0.826818
1.171932,0.856820
1.136180,0.878899
1.131110,0.865867
1.161634,0.888345
1.114561,0.919666
1.082998,0.944725
1.130408,0.970495
1.101184,0.997719
1.118152,0.973142
1.132276,0.971080
1.094741,1.006478
1.060236,0.985937
1.035371,0.976588
1.060620,0.939555
1.079569,0.908452
1.079569,0.908452
1.101454,0.938693
1.104443,0.968084
1.122942,0.994357
1.122634,1.006964
1.123492,1.023551
1.111837,1.047944
1.098838,1.076728
1.115064,1.076509
1.127451,1.076760
1.095343,1.033478
1.062733,1.052369
1.075315,1.021829
1.058260,0.973300
1.065773,0.942255
1.038901,0.904537
1.026361,0.856779
1.026361,0.856779
1.065048,0.869472
1.066548,0.864835
1.044304,0.817213
1.008853,0.793256
1.052249,0.748065
1.085896,0.748954
1.065151,0.699451
1.069432,0.737381
1.055750,0.689699
1.014952,0.690970
0.992271,0.699900
1.007668,0.675220
1.009953,0.673631
1.014907,0.642908
0.997683,0.665395
0.985033,0.642599
0.997101,0.676843
1.003407,0.663906
1.011644,0.702606
0.974689,0.692844
0.927445,0.661418
0.943237,0.686327
0.895866,0.724175
0.864933,0.734128
0.866668,0.694030
0.860965,0.736940
0.863171,0.713749
0.848711,0.690903
0.822801,0.710160
0.818789,0.691084
0.829364,0.712866
0.820629,0.717871
0.772342,0.757682
0.741064,0.767816
0.756007,0.810574
0.792932,0.813739
0.785473,0.851450
0.751029,0.852056
0.781699,0.810400
0.750576,0.829076
0.703935,0.840510
0.703935,0.840510
0.743346,0.809416
0.768720,0.772523
0.753234,0.805796
0.740662,0.812675
0.779035,0.836652
0.750429,0.853467
0.744269,0.824170
0.786795,0.867624
0.800268,0.904005
0.813264,0.921047
0.796998,0.945053
0.749123,0.901969
0.791510,0.901024
0.823992,0.940008
0.849972,0.985809
0.880183,1.031204
0.834755,1.021534
0.880210,0.992036
0.911776,1.012737
0.913124,0.968423
0.874814,1.006366
0.836002,0.986836
0.797463,0.960180
0.819833,0.928843
0.864862,0.942352
0.888472,0.943073
0.932363,0.933298
0.922935,0.963182
0.963291,0.934048
0.977814,0.924072
1.027522,0.969124
1.027522,0.969124
1.001100,0.979614
0.964196,0.950116
0.969961,0.933628
1.001277,0.954701
1.037856,0.941327
1.043955,0.947618
1.089630,0.907065
1.129722,0.941878
1.149419,0.892737
1.149268,0.844735
1.182480,0.845357
1.189388,0.851369
1.237972,0.896867
1.245588,0.892157
1.236201,0.933618
1.265815,0.949669
1.280934,0.964426
1.267439,0.948392
1.293627,0.988641
1.331139,0.958529
1.317946,0.910047
1.298999,0.880631
1.274677,0.903089
1.314303,0.894119
1.289963,0.916511
1.319294,0.878023
1.312167,0.891011
1.345579,0.853015
1.306981,0.822248
1.299921,0.866960
1.309783,0.826776
1.323468,0.830987
1.325948,0.813754
1.368936,0.803383
1.343549,0.821380
1.333778,0.802568
1.376867,0.804818
1.376867,0.804818
1.348963,0.818237
1.386652,0.862827
1.433555,0.867037
1.454863,0.884664
1.463546,0.925861
1.413782,0.942399
1.461922,0.922175
1.471755,0.888136
1.456202,0.881047
1.505586,0.877964
1.526420,0.843820
1.526420,0.843820
1.507286,0.848257
1.483278,0.847821
1.483278,0.847821
1.516901,0.861199
1.532037,0.838390
1.500645,0.832714
1.544372,0.868329
1.581036,0.866935
1.585688,0.865342
1.536942,0.889839
1.547431,0.867556
1.547431,0.867556
1.526589,0.873504
1.513440,0.880268
1.513440,0.880268
1.494390,0.917600
1.473039,0.960026
1.432487,1.004511
1.420292,1.040620
1.389673,1.040589
1.403118,1.006691
1.372348,1.050091
1.395639,1.005448
1.438104,1.007471
1.418168,1.046748
1.389116,1.077844
1.438015,1.122265
1.411758,1.113470
1.374754,1.096899
1.332693,1.065484
1.352509,1.026769
1.389676,0.982545
1.352129,0.938318
1.368754,0.946870
1.367811,0.907125
1.325391,0.946498
1.315301,0.963544
1.357553,0.992464
1.396827,0.973422
1.395719,0.944937
1.380141,0.925672
1.375231,0.913392
1.410518,0.874534
1.387715,0.831380
1.405346,0.845864
1.424328,0.884746
1.428587,0.861606
1.463366,0.890088
1.440506,0.887990
1.478142,0.840165
1.519214,0.829243
1.568966,0.809234
1.618099,0.797463
1.585444,0.760866
1.585109,0.728577
1.596942,0.711495
1.575174,0.747043
1.614548,0.710403
1.591570,0.720312
1.634544,0.689312
1.592883,0.676631
1.592883,0.676631
1.598573,0.712267
1.563730,0.717190
1.530950,0.670280
1.553690,0.674309
1.503979,0.681048
1.548326,0.715565
1.529953,0.719647
1.536855,0.727845
1.530122,0.763994
1.485827,0.795670
1.529960,0.845319
1.493756,0.856474
1.445361,0.878215
1.419934,0.833378
1.406413,0.788267
1.448615,0.764358
1.458216,0.736685
1.458216,0.736685
1.496379,0.747651
1.464647,0.721859
1.455063,0.741544
1.470916,0.693367
1.484642,0.678191
1.448361,0.711030
1.458029,0.688664
1.465279,0.639664
1.465279,0.639664
1.445998,0.689527
1.431517,0.698596
1.453895,0.714173
1.470912,0.716229
1.452575,0.729077
1.452575,0.729077
1.423399,0.774244
1.434877,0.771200
1.458212,0.763137
1.471135,0.768190
1.516917,0.816226
1.537030,0.862693
1.509728,0.893761
1.530599,0.871631
1.509160,0.857373
1.501333,0.808458
1.544895,0.851261
1.566952,0.855565
1.552320,0.847332
1.558689,0.883337
1.554762,0.885673
1.594985,0.910576
1.594985,0.910576
1.573052,0.878638
1.612202,0.885389
1.643763,0.929741
1.612951,0.969930
1.640196,0.968824
1.593226,0.946217
1.640211,0.920223
1.622946,0.951620
1.669090,0.992090
1.650024,0.950293
1.613735,0.944034
1.650011,0.932873
1.695642,0.959909
1.676231,0.914617
1.669770,0.917383
1.681648,0.964915
1.684163,0.934132
1.722956,0.924771
1.756799,0.913474
1.724958,0.870086
1.735347,0.883133
1.735347,0.883133
1.751781,0.889803
1.757252,0.930662
1.736796,0.935395
1.717281,0.935664
1.690182,0.892492
1.699366,0.843704
1.658655,0.812968
1.677380,0.818873
1.711148,0.862265
1.676135,0.894106
1.713881,0.899546
1.706235,0.893238
1.743912,0.920737
1.783706,0.949993
1.749416,0.929942
1.730605,0.979184
1.753688,0.929662
1.766956,0.926565
1.742190,0.894180
1.742190,0.894180
1.764953,0.860038
1.736058,0.825542
1.723403,0.831460
1.704394,0.850977
1.720952,0.832153
1.757876,0.820610
1.716896,0.862993
1.714349,0.857356
1.711212,0.840810
1.692843,0.809408
1.681098,0.808238
1.720625,0.847272
1.720392,0.832898
1.769506,0.879183
1.733597,0.867942
1.743660,0.899917
1.780367,0.928580
1.734003,0.890998
1.770388,0.917271
1.804417,0.937300
1.784184,0.982370
1.755544,1.022842
1.742292,0.993315
1.789482,1.019482
1.768403,1.042844
1.788401,1.057736
1.798523,1.076834
1.847747,1.083471
1.847747,1.083471
1.813278,1.061854
1.843541,1.095961
1.827067,1.114046
1.854487,1.065375
1.870473,1.035835
1.918826,1.014952
1.936292,1.063798
1.936292,1.063798
1.891354,1.082335
1.934228,1.062999
1.914480,1.063394
1.884255,1.080540
1.884163,1.032422
1.919931,0.985924
1.924046,0.941537
1.924046,0.941537
1.888232,0.922998
1.857147,0.966610
1.895483,0.991078
1.892471,0.957407
1.849887,0.954054
1.872571,1.000048
1.868644,0.993758
1.856241,1.040350
1.849674,1.065410
1.875172,1.108431
1.865539,1.108274
1.865539,1.108274
1.850555,1.086075
1.866508,1.092762
1.885477,1.109626
1.877956,1.099543
1.878537,1.066353
1.875236,1.096182
1.909230,1.123419
1.950638,1.077412
1.918244,1.122223
1.925254,1.142148
1.970116,1.143200
1.970116,1.143200
2.007166,1.144799
2.018874,1.107022
2.009721,1.079488
2.009721,1.079488
1.966176,1.118240
1.945585,1.152431
1.916945,1.190732
1.898776,1.231659
1.906688,1.207649
1.948786,1.247202
1.982683,1.252307
1.962547,1.232572
1.976294,1.279707
1.981678,1.270024
1.944126,1.221712
1.963328,1.258698
1.936583,1.253785
1.959543,1.238458
1.923354,1.214979
1.957937,1.249148
1.915954,1.232000
1.901877,1.238504
1.939181,1.207296
1.956403,1.165169
1.956403,1.165169
1.966256,1.172461
1.965620,1.173575
1.981997,1.127340
1.956980,1.154466
1.985625,1.204316
1.988780,1.223286
2.005767,1.229626
2.050807,1.210037
2.011275,1.200011
1.991191,1.244904
1.985194,1.261609
1.991335,1.267061
2.007302,1.231528
2.025450,1.245381
2.042337,1.257937
2.032426,1.285067
2.001997,1.269791
2.017903,1.291206
2.016780,1.321512
2.016780,1.321512
1.989748,1.294160
2.009807,1.320250
1.974417,1.325128
2.004455,1.279654
1.965339,1.248180
1.951865,1.290045
1.933876,1.254961
1.953083,1.270445
1.996599,1.234625
2.036406,1.267389
2.007308,1.226719
1.984219,1.177116
1.951743,1.146967
1.948934,1.135765
1.987065,1.097508
1.996242,1.140058
2.006798,1.156756
2.018076,1.199913
1.968475,1.160608
2.008494,1.152680
1.990245,1.153606
1.990245,1.153606
1.994401,1.197445
1.946947,1.230209
1.981309,1.264677
2.002404,1.310541
1.954368,1.268457
1.954368,1.268457
1.965646,1.310501
1.968968,1.351147
1.972991,1.353475
1.958793,1.341071
1.909292,1.366937
1.911203,1.387408
1.869066,1.398467
1.836924,1.373855
1.849949,1.394787
1.824506,1.365426
1.824506,1.365426
1.814967,1.358017
1.843383,1.337458
1.821889,1.288627
1.789041,1.313914
1.793598,1.303847
1.790156,1.344961
1.752462,1.322563
1.728566,1.310472
1.758820,1.284679
1.721129,1.313649
1.737205,1.305833
1.784182,1.352675
1.740522,1.344998
1.694014,1.295135
1.731087,1.276226
1.713701,1.278831
1.694639,1.292988
1.658601,1.305848
1.643579,1.340170
1.618864,1.354066
1.666805,1.395515
1.684304,1.389814
1.634365,1.367542
1.652854,1.318265
1.652854,1.318265
1.689683,1.300589
1.719997,1.295979
1.738065,1.256567
1.783085,1.216161
1.821307,1.211658
1.821307,1.211658
1.832902,1.184111
1.827002,1.224287
1.854318,1.224369
1.809957,1.240550
1.825275,1.203435
1.848660,1.226623
1.811822,1.196029
1.763118,1.228024
1.741370,1.202478
1.758011,1.192500
1.724679,1.175425
1.739915,1.150898
1.739915,1.150898
1.732280,1.133009
1.692528,1.116570
1.652838,1.140256
1.611588,1.158205
1.589993,1.115059
1.596593,1.144721
1.642925,1.135074
1.651246,1.087062
1.650054,1.055719
1.618365,1.055202
1.582912,1.103668
1.599834,1.113007
1.586996,1.142782
1.629507,1.115922
1.666316,1.081262
1.669871,1.129008
1.702974,1.088551
1.684966,1.116474
1.721286,1.153522
1.721286,1.153522
1.740943,1.125288
1.718105,1.097069
1.706512,1.145751
1.700145,1.136121
1.694008,1.184730
1.646243,1.200184
1.666778,1.242312
1.621885,1.227466
1.648445,1.210367
1.659771,1.176759
1.618317,1.160610
1.618317,1.160610
1.586969,1.190120
1.552288,1.197312
1.536141,1.221327
1.539339,1.172831
1.554394,1.205948
1.585148,1.177757
1.566469,1.140344
1.583861,1.145896
1.590673,1.147237
1.633187,1.167450
1.584889,1.121604
1.584157,1.133308
1.549282,1.083681
1.516868,1.101968
1.514231,1.079739
1.562880,1.032358
1.577176,1.004635
1.543768,1.001029
1.582599,1.041486
1.597420,1.029587
1.593548,1.067752
1.609007,1.077664
1.609007,1.077664
1.607575,1.120597
1.588058,1.094547
1.635822,1.056846
1.607158,1.101718
1.560564,1.092242
1.533971,1.044784
1.581606,1.059396
1.558363,1.102746
1.532526,1.060231
1.559992,1.079287
1.528937,1.042708
1.534882,1.054043
1.497419,1.015579
1.459729,1.064581
1.423188,1.017643
1.418098,0.979884
1.401518,1.012143
1.353156,1.001180
1.330630,1.002886
1.317522,0.996191
1.295560,0.973782
1.304774,0.935415
1.283087,0.940713
1.325817,0.911807
1.348441,0.943426
1.314264,0.939403
1.323617,0.937992
1.277819,0.910277
1.299275,0.917886
1.332470,0.928640
1.282818,0.926256
1.252434,0.961485
1.287348,0.962111
1.246023,1.007662
1.295675,1.005772
1.289992,1.001706
1.281467,1.010016
1.259025,1.028674
1.256092,1.040388
1.266376,1.075179
1.270922,1.083582
1.304273,1.118346
1.295836,1.114893
1.263526,1.074957
1.238796,1.040348
1.279865,1.085213
1.239591,1.104745
1.266385,1.133232
1.220404,1.122997
1.185041,1.084371
1.186752,1.037926
1.177160,1.020122
1.196515,1.035752
1.244735,1.064280
1.268845,1.079671
1.231396,1.073586
1.251372,1.116440
1.229096,1.113542
1.224959,1.083781
1.267356,1.056000
1.296516,1.050208
1.247765,1.091074
1.286462,1.071077
1.291858,1.051365
1.313412,1.009434
1.272736,0.969799
1.243509,0.952488
1.263951,0.925200
1.312722,0.920454
1.306919,0.879397
1.285490,0.833651
1.242537,0.818322
1.262027,0.792869
1.262027,0.792869
1.257128,0.748793
1.261999,0.718571
1.310029,0.758308
1.266014,0.792512
1.281665,0.838613
1.283384,0.832028
1.267581,0.829676
1.253284,0.846712
1.232065,0.817698
1.182569,0.833113
1.220576,0.828393
1.209450,0.823951
1.186783,0.855455
1.161937,0.881877
1.144522,0.882128
1.159962,0.882673
1.124944,0.928638
1.107732,0.949641
1.148518,0.941576
1.138452,0.957806
1.130162,0.936705
1.130162,0.936705
1.142234,0.919378
1.158713,0.887592
1.164499,0.933672
1.145773,0.910081
1.195098,0.909121
1.195098,0.909121
1.183333,0.884675
1.213862,0.875494
1.263583,0.831497
1.227427,0.859554
1.226912,0.810630
1.245332,0.793449
1.199989,0.816900
1.236216,0.776984
1.269706,0.749061
1.292761,0.727041
1.323714,0.768855
1.323714,0.768855
1.334694,0.807379
1.292534,0.817879
1.251077,0.858460
1.279675,0.903003
1.288674,0.936943
1.327953,0.907522
1.314510,0.873427
1.344367,0.871472
1.298460,0.914482
1.274506,0.925996
1.251579,0.885695
1.222679,0.869480
1.257052,0.880045
1.275700,0.883202
1.318836,0.868505
1.269711,0.832301
1.309068,0.810115
1.325910,0.769961
1.342971,0.816139
1.371942,0.833150
1.408790,0.837135
1.366726,0.861217
1.363560,0.846123
1.355001,0.796802
1.402231,0.801830
1.413481,0.775230
1.418989,0.754247
1.403142,0.715547
1.384304,0.705595
1.384304,0.705595
1.392817,0.672549
1.381750,0.677758
1.405960,0.665776
1.395594,0.644070
1.394099,0.616463
1.393859,0.581738
1.346569,0.589755
1.343877,0.545224
1.305530,0.543722
1.265034,0.519678
1.307031,0.564403
1.263788,0.578165
1.265495,0.582132
1.265021,0.611227
1.237077,0.647465
1.195339,0.668335
1.145374,0.704195
1.169659,0.664716
1.213158,0.647665
1.257999,0.684185
1.215188,0.656388
1.258841,0.632671
1.274275,0.643064
1.297111,0.644025
1.310928,0.662798
1.304345,0.620734
1.289030,0.630238
1.261513,0.645580
1.239448,0.610648
1.272329,0.627124
1.283869,0.583543
1.255275,0.602489
1.292211,0.584284
1.271747,0.544337
1.305563,0.500672
1.333259,0.476611
1.365295,0.514540
1.337705,0.509127
1.348606,0.518347
1.371394,0.524995
1.365411,0.570444
1.374985,0.580896
1.376779,0.532475
1.394770,0.496006
1.349788,0.482022
1.379123,0.515613
1.345892,0.504586
1.349618,0.538097
1.395058,0.541962
1.408902,0.511319
1.389731,0.503976
1.402171,0.489647
1.366979,0.511740
1.343995,0.529197
1.296859,0.510054
1.312225,0.464026
1.294895,0.504954
1.286924,0.530053
1.315133,0.539563
1.344448,0.541911
1.347121,0.568566
1.344142,0.590445
1.316430,0.545652
1.316430,0.545652
1.292364,0.560296
1.287541,0.600306
1.317714,0.622799
1.293572,0.657399
1.293572,0.657399
1.288337,0.683573
1.336749,0.641169
1.376214,0.634785
1.337222,0.586928
1.306478,0.582741
1.302145,0.559354
1.343127,0.531871
1.367086,0.515628
1.324722,0.495715
1.287588,0.495452
1.264223,0.488448
1.304956,0.492642
1.304956,0.492642
1.265641,0.524246
1.266548,0.568014
1.239244,0.566959
1.229191,0.607094
1.233564,0.607617
1.189498,0.598649
1.192444,0.610382
1.192444,0.610382
1.182147,0.649294
1.200831,0.664055
1.206399,0.643623
1.195120,0.688928
1.206916,0.732074
1.199161,0.691533
1.166577,0.659809
1.183396,0.644655
1.171445,0.669761
1.171003,0.643986
1.220565,0.637863
1.243033,0.657386
1.225624,0.657528
1.258472,0.647301
1.265237,0.637817
1.311842,0.624658
1.319609,0.576596
1.356430,0.615303
1.402400,0.643177
1.353711,0.620944
1.305895,0.585490
1.297865,0.617596
1.309565,0.661532
1.309565,0.661532
1.309565,0.661532
1.348072,0.645323
1.320376,0.652370
1.277929,0.654919
1.310144,0.690042
1.276787,0.651935
1.294747,0.609721
1.280481,0.649022
1.235820,0.631286
1.261266,0.604508
1.261266,0.604508
1.283772,0.564060
1.236204,0.584016
1.222872,0.611936
1.270761,0.585442
1.309149,0.571841
1.329238,0.611039
1.312180,0.606541
1.334913,0.576673
1.287107,0.613496
1.290111,0.589900
1.297108,0.594042
1.320950,0.614713
1.271180,0.628074
1.223236,0.631431
1.250324,0.598807
1.234393,0.648332
1.213861,0.662899
1.239268,0.685165
1.274951,0.698169
1.254718,0.740585
1.300313,0.752797
1.338000,0.770441
1.335779,0.742247
1.380608,0.785260
1.371766,0.778816
1.371433,0.781668
1.351163,0.803678
1.356141,0.769553
1.336378,0.804016
1.292911,0.848329
1.278626,0.871197
1.301820,0.894788
1.257029,0.878905
1.222580,0.903879
1.210097,0.904943
1.223086,0.898562
1.259768,0.918257
1.281732,0.872166
1.283940,0.877314
1.316352,0.926597
1.341655,0.894409
1.369929,0.898309
1.387187,0.945610
1.363033,0.995015
1.389878,0.982897
1.375314,0.997022
1.400804,1.010091
1.442599,1.053818
1.446282,1.063257
1.454128,1.032867
1.420930,1.075465
1.436180,1.085468
1.404126,1.050213
1.358845,1.099520
1.322767,1.051216
1.325732,1.081043
1.347915,1.112806
1.314787,1.133099
1.356590,1.105923
1.321184,1.141018
1.321184,1.141018
1.318060,1.129874
1.310250,1.179454
1.338559,1.154828
1.376398,1.121977
1.354967,1.126918
1.393999,1.148838
1.395449,1.104667
1.441414,1.149123
1.397838,1.158594
1.351639,1.193394
1.394937,1.207799
1.355294,1.224497
1.376679,1.242254
1.426014,1.223072
1.448514,1.271231
1.470395,1.223858
1.510964,1.265756
1.533109,1.255275
1.518273,1.211902
1.518910,1.228248
1.533567,1.268794
1.578426,1.302911
1.627991,1.346380
1.594704,1.394195
1.555971,1.401956
1.586355,1.360203
1.578844,1.328827
1.595791,1.366884
1.584656,1.408775
1.604850,1.420129
1.647757,1.453738
1.652991,1.419794
1.639615,1.414347
1.617470,1.414836
1.650991,1.399586
1.605160,1.421377
1.632781,1.458412
1.649041,1.430838
1.645006,1.419131
1.650019,1.464555
1.684409,1.454072
1.665752,1.494556
1.661687,1.467593
1.634707,1.422932
1.672106,1.383095
1.695275,1.382082
1.694938,1.420592
1.667754,1.434003
1.687365,1.441383
1.703919,1.472079
1.686516,1.467185
1.658783,1.471794
1.694419,1.496979
1.655682,1.453950
1.609767,1.456301
1.644721,1.424184
1.599713,1.379223
1.584089,1.388405
1.559657,1.357384
1.544415,1.376786
1.532669,1.362647
1.558617,1.372547
1.521116,1.400539
1.508155,1.367227
1.547377,1.363311
1.566165,1.329095
1.546207,1.299683
1.583835,1.311039
1.593905,1.354158
1.632913,1.365074
1.669746,1.317496
1.630250,1.304523
1.600061,1.329625
1.599200,1.353081
1.594042,1.355892
1.582610,1.323008
1.544549,1.334420
1.535276,1.291750
1.503145,1.254820
1.460720,1.226970
1.429836,1.260438
1.465949,1.309036
1.424605,1.332302
1.400452,1.293170
1.386852,1.320035
1.359912,1.335705
1.382918,1.299990
1.361931,1.275563
1.365525,1.283904
1.348135,1.304077
1.364895,1.293989
1.397436,1.300020
1.357160,1.294477
1.375623,1.299672
1.328201,1.267895
1.363013,1.260169
1.358551,1.266949
1.368572,1.295665
1.324479,1.324234
1.331134,1.370346
1.322802,1.336252
1.348236,1.304596
1.393786,1.261574
1.424608,1.291867
1.423658,1.314662
1.380479,1.314848
1.415032,1.349663
1.431072,1.319498
1.445070,1.291309
1.454496,1.314568
1.429515,1.359497
1.384447,1.408651
1.419228,1.363762
1.443477,1.318738
1.443477,1.318738
1.490569,1.300394
1.454527,1.339975
1.406874,1.333112
1.367297,1.368267
1.362990,1.380131
1.384997,1.345894
1.373769,1.340712
1.414141,1.370697
1.387474,1.378614
1.347403,1.400342
1.310445,1.352488
1.280977,1.379140
1.278618,1.428493
1.259780,1.429078
1.225481,1.464498
1.218746,1.467619
1.244431,1.449873
1.258902,1.466536
1.223935,1.480201
1.186508,1.445085
1.147636,1.412462
1.146999,1.414964
1.156640,1.441532
1.131190,1.404964
1.131159,1.382395
1.174894,1.348424
1.165283,1.317638
1.174442,1.339303
1.213424,1.325402
1.166687,1.311068
1.156869,1.302213
1.113983,1.316516
1.136621,1.291695
1.117874,1.309102
1.146585,1.259670
1.144585,1.242224
1.163248,1.206886
1.149256,1.252507
1.171008,1.236882
1.212892,1.282306
1.196741,1.319648
1.148798,1.350266
1.100344,1.387781
1.063051,1.403114
1.067760,1.439975
1.024274,1.480736
0.977524,1.445452
0.971613,1.401263
1.004354,1.380188
1.038440,1.366344
1.068327,1.368679
1.100234,1.341209
1.067660,1.363160
1.072784,1.372671
1.033935,1.342339
1.058070,1.378922
1.107806,1.392852
1.076209,1.440522
1.116535,1.398674
1.095235,1.414041
1.087792,1.414535
1.111009,1.427161
1.146694,1.383765
1.179271,1.411931
1.168389,1.414405
1.134283,1.399641
1.152613,1.362487
1.137557,1.318247
1.116080,1.358736
1.071859,1.341045
1.106345,1.343419
1.056926,1.357225
1.040083,1.380066
1.048489,1.353931
1.059902,1.369525
1.051474,1.331385
1.092582,1.328860
1.133266,1.294157
1.112667,1.289717
1.144712,1.274772
1.114892,1.295593
1.114892,1.295593
1.127025,1.313584
1.173596,1.327285
1.192409,1.312761
1.210096,1.280134
1.221674,1.277852
1.221674,1.277852
1.271401,1.237840
1.309798,1.275010
1.288617,1.279674
1.310803,1.266186
1.339146,1.227612
1.388040,1.196344
1.402712,1.182123
1.411418,1.197069
1.411418,1.197069
1.455500,1.192493
1.465194,1.217699
1.478489,1.260714
1.488254,1.290363
1.535971,1.270621
1.501092,1.259710
1.476763,1.264004
1.436114,1.263612
1.422187,1.296979
1.398523,1.278210
1.439127,1.310209
1.398081,1.352755
1.430727,1.335809
1.436928,1.348755
1.430506,1.311625
1.439877,1.316559
1.426524,1.293363
1.401723,1.254271
1.430343,1.268644
1.439918,1.293513
1.442276,1.324499
1.404983,1.348918
1.391910,1.332717
1.438144,1.287573
1.486591,1.337272
1.471147,1.360753
1.467500,1.368632
1.438410,1.362018
1.427765,1.338795
1.403399,1.326468
1.432866,1.282942
1.450151,1.283905
1.492982,1.255127
1.464230,1.221823
1.509267,1.257416
1.520298,1.241545
1.508537,1.280739
1.543743,1.285106
1.560087,1.284406
1.522655,1.267746
1.556370,1.313534
1.598075,1.353475
1.550534,1.321290
1.573962,1.273685
1.551809,1.251832
1.587373,1.271854
1.549645,1.287501
1.547921,1.311717
1.595511,1.350755
1.573851,1.312656
1.540047,1.266287
1.491935,1.256087
1.496950,1.231122
1.488515,1.277547
1.480044,1.306632
1.526001,1.296771
1.558923,1.326401
1.563072,1.354276
1.611559,1.368036
1.627658,1.342426
1.613908,1.343650
1.573487,1.388033
1.574536,1.426559
1.574536,1.426559
1.588175,1.455925
1.614655,1.503436
1.656671,1.473768
1.666132,1.475888
1.702036,1.514660
1.713371,1.520058
1.680286,1.472363
1.645721,1.434136
1.669555,1.418048
1.696825,1.433139
1.734163,1.474168
1.767926,1.424411
1.718367,1.402382
1.703878,1.382800
1.710410,1.361644
1.754426,1.339594
1.793840,1.377148
1.793840,1.377148
1.756962,1.357568
1.724884,1.329715
1.772023,1.283129
1.776802,1.312219
1.794513,1.274961
1.773516,1.276584
1.817658,1.281229
1.791497,1.283057
1.798411,1.295195
1.830724,1.282347
1.846802,1.307337
1.864609,1.277936
1.832169,1.267177
1.792406,1.269526
1.767086,1.308058
1.744836,1.354963
1.794260,1.332504
1.834182,1.290542
1.829815,1.302619
1.794333,1.348630
1.794333,1.348630
1.836045,1.299931
1.845511,1.308743
1.895410,1.349573
1.845956,1.385998
1.853195,1.345736
1.810380,1.359494
1.844608,1.328322
1.816631,1.318930
1.789767,1.320283
1.806001,1.356044
1.758620,1.318876
1.754790,1.356984
1.725513,1.391065
1.689793,1.351028
1.647262,1.331477
1.607681,1.293998
1.632621,1.257448
1.682003,1.220946
1.692551,1.204873
1.737340,1.177868
1.754623,1.150171
1.770765,1.144610
1.813473,1.133921
1.775071,1.124129
1.775071,1.124129
1.786803,1.101215
1.831251,1.137469
1.813957,1.175097
1.818081,1.195284
1.776366,1.189832
1.758115,1.234891
1.758115,1.234891
1.787807,1.264850
1.786748,1.272785
1.823164,1.310420
1.824415,1.350363
1.825187,1.310681
1.868900,1.295996
1.838391,1.329543
1.838391,1.329543
1.803712,1.279719
1.803712,1.279719
1.852657,1.304959
1.831503,1.264930
1.848913,1.281517
1.846880,1.310535
1.843480,1.273182
1.825013,1.298937
1.817799,1.252330
1.849878,1.294816
1.858010,1.279554
1.841222,1.309782
1.804001,1.342348
1.777789,1.296632
1.790865,1.272439
1.810326,1.242853
1.776938,1.289656
1.781739,1.280739
1.812417,1.288033
1.810665,1.244290
1.851467,1.199451
1.890762,1.241432
1.858682,1.276613
1.855202,1.287859
1.850057,1.311113
1.847054,1.338900
1.866707,1.341904
1.895509,1.313625
1.908504,1.328310
1.903915,1.306896
1.905533,1.293973
1.943843,1.263529
1.928114,1.215750
1.951450,1.215853
1.962966,1.176454
1.970763,1.210843
1.968746,1.215877
1.968746,1.215877
1.968746,1.215877
1.979595,1.257509
1.976634,1.287242
1.937634,1.320578
1.915858,1.323928
1.923493,1.344450
1.973315,1.304928
1.948980,1.302346
1.937611,1.321618
1.938931,1.318411
1.911479,1.326923
1.954048,1.279253
1.946260,1.288928
1.953245,1.286197
1.912727,1.299661
1.958576,1.292090
2.004596,1.245068
2.002604,1.271643
2.002604,1.271643
1.997456,1.236996
1.999597,1.233511
1.993502,1.186331
1.983704,1.219600
1.998554,1.203365
1.968751,1.201011
2.016878,1.164079
1.968703,1.183077
2.004655,1.138792
2.004655,1.138792
1.997797,1.172793
1.999610,1.150470
2.022318,1.105587
2.062169,1.080809
2.063128,1.089418
2.044105,1.079082
2.012395,1.118669
2.015080,1.149088
2.015080,1.149088
2.021160,1.139104
1.997918,1.104610
1.990748,1.100619
1.991670,1.102983
1.948741,1.081993
1.922434,1.056223
1.934860,1.099006
1.890736,1.097715
1.856988,1.104325
1.817616,1.065034
1.853641,1.041876
1.875852,1.049184
1.857751,1.022928
1.875737,1.016018
1.880613,0.967387
1.889688,0.980614
1.917086,0.959647
1.965697,0.972656
1.935037,0.962902
1.962125,0.938035
2.002190,0.901571
2.014003,0.946761
2.058008,0.936627
2.039198,0.902481
2.010138,0.883729
1.986175,0.837534
1.986175,0.837534
1.986175,0.837534
1.986603,0.845023
1.997879,0.848587
2.040953,0.898264
2.066448,0.891623
2.066448,0.891623
2.050528,0.927075
2.050528,0.927075
2.057950,0.960062
2.030768,0.911378
2.073636,0.898943
2.075218,0.880828
2.094096,0.874037
2.055679,0.893107
2.022051,0.915238
2.067940,0.869231
2.031845,0.917859
2.049874,0.925843
2.018421,0.906592
1.979203,0.872652
1.993356,0.826510
2.014940,0.804288
1.994564,0.834934
2.006313,0.805953
1.968726,0.773481
1.957801,0.756351
1.961180,0.750693
1.936267,0.744551
1.936267,0.744551
1.905103,0.762230
1.872040,0.777592
1.888327,0.806200
1.931752,0.847518
1.907921,0.824828
1.903284,0.800394
1.874181,0.765876
1.836553,0.750811
1.820682,0.799260
1.838811,0.798605
1.838811,0.798605
1.878830,0.800197
1.878896,0.803143
1.832357,0.817353
1.832660,0.821630
1.803281,0.840641
1.768376,0.802424
1.753545,0.835086
1.735449,0.883329
1.760497,0.867025
1.737867,0.836095
1.769429,0.790999
1.721273,0.829162
1.771188,0.858312
1.819562,0.882136
1.795642,0.846719
1.760699,0.872886
1.786308,0.872678
1.763581,0.906529
1.734818,0.887089
1.767356,0.854864
1.728266,0.867477
1.728266,0.867477
1.680012,0.856824
1.707597,0.890486
1.682663,0.922721
1.663950,0.915736
1.648414,0.899287
1.681483,0.881638
1.648765,0.891657
1.654573,0.911782
1.629890,0.862216
1.651815,0.855189
1.660124,0.902561
1.611146,0.938709
1.622906,0.984928
1.590501,0.948445
1.578025,0.967389
1.542816,1.003430
1.520867,1.004430
1.537366,1.009269
1.537028,1.031363
1.503241,1.071987
1.477855,1.107990
1.438128,1.113806
1.396825,1.142195
1.438660,1.153619
1.428119,1.202817
1.454300,1.222702
1.410881,1.174616
1.458673,1.212868
1.436512,1.260997
1.451979,1.218107
1.489081,1.190954
1.472026,1.149028
1.459310,1.126965
1.490200,1.085494
1.467968,1.131602
1.508860,1.103686
1.508860,1.103686
1.506088,1.125175
1.458510,1.076367
1.425373,1.048032
1.468744,1.079662
1.467014,1.109268
1.504106,1.110321
1.504106,1.110321
1.527770,1.135410
1.562903,1.117527
1.591596,1.158805
1.622868,1.146795
1.593446,1.155269
1.564793,1.172335
1.570937,1.137197
1.562466,1.160681
1.521693,1.194921
1.545526,1.154718
1.577237,1.122888
1.579426,1.114750
1.533033,1.082711
1.509691,1.073354
1.474558,1.094506
1.462208,1.131389
1.490188,1.093935
1.461719,1.106683
1.450591,1.083842
1.475372,1.074750
1.499375,1.103984
1.524040,1.134707
1.543531,1.118819
1.525554,1.092600
1.510677,1.141749
1.483685,1.099715
1.510464,1.062202
1.501912,1.043012
1.525517,1.061379
1.536845,1.059727
1.507482,1.057931
1.483479,1.029331
1.483479,1.029331
1.477786,1.051128
1.450842,1.094002
1.450842,1.094002
1.402879,1.088782
1.398884,1.044621
1.382051,1.023723
1.430759,1.060258
1.459390,1.063955
1.415072,1.110705
1.371523,1.079185
1.321865,1.085572
1.302482,1.119673
1.317745,1.140025
1.289935,1.144366
1.310705,1.111822
1.324127,1.104483
1.280924,1.089918
1.291472,1.073777
1.262495,1.056515
1.274833,1.019530
1.281096,0.982141
1.304881,0.942054
1.301364,0.923870
1.342665,0.877185
1.322269,0.879348
1.371920,0.853951
1.354531,0.902483
1.358297,0.902879
1.333241,0.884486
1.359352,0.925590
1.386922,0.899910
1.368426,0.942723
1.399156,0.918291
1.438620,0.883348
1.471367,0.867026
1.480449,0.901738
1.491461,0.877443
1.534042,0.840508
1.581841,0.801231
1.549565,0.835949
1.547859,0.870737
1.554768,0.885365
1.524811,0.904658
1.506491,0.896070
1.502447,0.934410
1.509487,0.943307
1.485866,0.957977
1.448074,0.982575
1.426320,0.959580
1.474413,0.959215
1.514564,0.975510
1.506462,1.009328
1.542886,0.990216
1.568395,1.016309
1.576217,0.976577
1.593413,0.987190
1.608236,1.027336
1.604197,1.043014
1.576349,0.994919
1.541720,0.990373
1.507221,0.969761
1.502231,0.997027
1.542163,1.035062
1.553481,1.049793
1.516533,1.065523
1.547267,1.113772
1.542237,1.070875
1.505156,1.048494
1.504099,1.089193
1.504099,1.089193
1.534192,1.072013
1.573507,1.037201
1.549979,0.992745
1.525912,1.010211
1.492369,1.039459
1.479225,1.026240
1.509366,1.011098
1.550933,1.037290
1.523965,1.073355
1.548342,1.090635
1.533250,1.134490
1.509658,1.114414
1.541454,1.113405
1.586449,1.151710
1.567980,1.139929
1.553201,1.153155
1.578918,1.174366
1.549418,1.165444
1.563650,1.168969
1.529774,1.212378
1.483831,1.243543
1.475922,1.226098
1.514998,1.264722
1.527190,1.281573
1.492019,1.264986
1.524385,1.237218
1.544108,1.222168
1.568712,1.249597
1.595090,1.284563
1.645078,1.325517
1.674680,1.347033
1.637230,1.316517
1.608511,1.345389
1.639447,1.378608
1.607790,1.424564
1.636157,1.389166
1.636157,1.389166
1.655208,1.383054
1.686190,1.396003
1.654936,1.412492
1.680494,1.366346
1.663021,1.387142
1.663021,1.387142
1.701856,1.388773
1.730117,1.369765
1.698830,1.327469
1.666715,1.370933
1.645047,1.409630
1.621140,1.401153
1.573726,1.405196
1.558860,1.357724
1.594013,1.381478
1.581791,1.364180
1.541361,1.348461
1.526576,1.364699
1.513338,1.364150
1.532121,1.354821
1.565644,1.376633
1.564377,1.381990
1.595121,1.403509
1.587440,1.407613
1.631577,1.415399
1.609508,1.409059
1.599429,1.401732
1.627353,1.423072
1.598352,1.404035
1.580309,1.358013
1.575887,1.333501
1.571453,1.305439
1.557117,1.267151
1.586576,1.278371
1.571322,1.316345
1.619240,1.358308
1.620914,1.398733
1.605852,1.349889
1.590320,1.310309
1.603303,1.308391
1.565817,1.285926
1.552994,1.266205
1.583975,1.275172
1.600734,1.230475
1.619858,1.248027
1.576373,1.297078
1.542340,1.309879
1.579895,1.300052
1.591319,1.299161
1.543168,1.326908
1.504965,1.340659
1.491561,1.365387
1.501879,1.385672
1.518382,1.339770
1.497942,1.305795
1.493273,1.345234
1.459466,1.338323
1.426384,1.340028
1.472613,1.301434
1.466831,1.330963
1.513014,1.327613
1.506493,1.321907
1.490096,1.339770
1.531489,1.337329
1.488471,1.327107
1.510157,1.311364
1.536564,1.325804
1.491010,1.308441
1.536203,1.271325
1.513760,1.266385
1.509660,1.256221
1.514205,1.242085
1.504228,1.264469
1.493334,1.272521
1.487375,1.317045
1.443494,1.302239
1.415054,1.310547
1.404004,1.293004
1.371192,1.316080
1.368105,1.345200
1.373857,1.319963
1.346656,1.349527
1.372442,1.333923
1.377227,1.350478
1.337776,1.303634
1.317062,1.257070
1.306117,1.215643
1.269564,1.253792
1.242327,1.283411
1.206490,1.270509
1.178824,1.292624
1.182721,1.285925
1.213114,1.311921
1.198959,1.295743
1.243314,1.278694
1.235482,1.241179
1.222312,1.197568
1.251212,1.219181
1.257829,1.239612
1.255333,1.283127
1.222928,1.255514
1.213525,1.208518
1.246657,1.164926
1.239254,1.146855
1.262270,1.167817
1.255349,1.152111
1.246686,1.156033
1.199904,1.180228
1.216900,1.131598
1.208604,1.111739
1.179858,1.080791
1.133541,1.126270
1.180394,1.078707
1.178747,1.105471
1.178747,1.105471
1.187739,1.135780
1.230266,1.182367
1.212549,1.216396
1.174907,1.265398
1.180993,1.246970
1.155491,1.239314
1.198571,1.277357
1.212637,1.297625
1.258253,1.258543
1.242192,1.224545
1.210310,1.178635
1.242360,1.150565
1.233859,1.171311
1.227368,1.172216
1.201324,1.155229
1.177391,1.116658
1.141738,1.086160
1.112371,1.120623
1.085260,1.170158
1.054078,1.184650
1.050878,1.206687
1.085350,1.169203
1.097379,1.148955
1.050769,1.176626
1.090507,1.143432
1.090507,1.143432
1.121965,1.171586
1.133681,1.176247
1.114711,1.143519
1.134683,1.123919
1.181936,1.092968
1.183492,1.047169
1.140571,1.070079
1.127082,1.060825
1.154483,1.094148
1.161654,1.117258
1.128973,1.151301
1.167299,1.197585
1.146795,1.184630
1.116624,1.207092
1.162177,1.212984
1.201824,1.252467
1.217684,1.208818
1.244971,1.233073
1.283792,1.184398
1.240396,1.233411
1.268828,1.191381
1.307343,1.212770
1.303498,1.185381
1.348194,1.193441
1.394309,1.144775
1.376013,1.157708
1.419018,1.133503
1.448874,1.118385
1.450375,1.157737
1.458966,1.144911
1.427414,1.144629
1.392118,1.127798
1.409367,1.135608
1.380435,1.171982
1.353911,1.174260
1.403646,1.169962
1.367253,1.121475
1.351634,1.112716
1.349005,1.128328
1.320831,1.110531
1.331900,1.151406
1.338510,1.132960
1.346253,1.167479
1.348774,1.147265
1.328438,1.155238
1.373873,1.180870
1.405795,1.191777
1.426805,1.217041
1.456514,1.225586
1.431383,1.251887
1.395203,1.280271
1.395458,1.261600
1.437526,1.298185
1.390908,1.285642
1.383495,1.306010
1.370284,1.266434
1.366984,1.304010
1.374686,1.349013
1.363793,1.372471
1.366911,1.369780
1.344188,1.362301
1.310723,1.313575
1.270801,1.351316
1.277217,1.389223
1.228010,1.372051
1.254903,1.358898
1.291942,1.367986
1.250615,1.391859
1.249085,1.374969
1.248353,1.362020
1.256712,1.364477
1.302861,1.392223
1.316546,1.387372
1.303623,1.399151
1.313769,1.415819
1.331074,1.452913
1.289085,1.459326
1.328948,1.421722
1.335671,1.415156
1.300756,1.414452
1.286029,1.382399
1.246785,1.413843
1.259503,1.370980
1.273865,1.353017
1.261691,1.337357
1.261691,1.337357
1.276548,1.334840
1.267636,1.364767
1.314636,1.390814
1.311167,1.391059
1.318948,1.356349
1.361335,1.364573
1.409893,1.366321
1.424664,1.320185
1.382684,1.364839
1.381594,1.347975
1.352009,1.309283
1.401229,1.263078
1.445648,1.304319
1.420649,1.342158
1.409509,1.323301
1.445633,1.346465
1.405439,1.315059
1.444041,1.301387
1.468844,1.259826
1.472141,1.274445
1.451571,1.248572
1.437858,1.271893
1.424363,1.276907
1.399944,1.264955
1.384396,1.251930
1.403027,1.273053
1.450530,1.258742
1.400583,1.303930
1.442941,1.314670
1.463633,1.274917
1.415829,1.233047
1.429882,1.230301
1.475160,1.218115
1.451397,1.233664
1.464642,1.233276
1.471345,1.198380
1.457515,1.153206
1.488898,1.110119
1.474766,1.098661
1.483785,1.080695
1.480980,1.033191
1.480980,1.033191
1.477079,1.067168
1.513153,1.055877
1.502341,1.042890
1.471642,1.080488
1.466428,1.054200
1.424777,1.029555
1.465871,0.986398
1.463076,1.011278
1.435750,1.054250
1.448783,1.097649
1.435421,1.125553
1.441562,1.138376
1.462183,1.105402
1.417988,1.130580
1.464160,1.130374
1.492530,1.143764
1.517615,1.153100
1.484442,1.113716
1.513358,1.115240
1.519885,1.103504
1.514583,1.102423
1.486063,1.059703
1.455148,1.071406
1.449004,1.108200
1.468001,1.089219
1.418641,1.104916
1.465998,1.132665
1.490850,1.113666
1.495797,1.153396
1.470356,1.177844
1.491982,1.139630
1.514433,1.182775
1.477358,1.149753
1.451188,1.120063
1.488466,1.146059
1.521132,1.171957
1.500759,1.150178
1.486141,1.163619
1.457655,1.205960
1.453722,1.200006
1.485343,1.166493
1.443018,1.201887
1.468436,1.198226
1.451013,1.169868
1.455314,1.164525
1.407779,1.135721
1.448589,1.135303
1.424016,1.139899
1.389594,1.098792
1.389594,1.098792
1.378645,1.091771
1.413886,1.083166
1.389709,1.131856
1.370694,1.157793
1.414414,1.159342
1.456348,1.135323
1.468243,1.154750
1.504135,1.196469
1.460228,1.154711
1.494646,1.122373
1.494646,1.122373
1.505006,1.143897
1.480575,1.120490
1.493750,1.160606
1.507397,1.116174
1.520818,1.088793
1.523506,1.062970
1.523370,1.074976
1.552157,1.096146
1.543049,1.123102
1.544757,1.129458
1.555027,1.138573
1.553426,1.132828
1.532952,1.121969
1.508863,1.168454
1.549640,1.193473
1.542625,1.194879
1.504185,1.234430
1.530592,1.256769
1.530592,1.256769
1.549396,1.297080
1.572885,1.284210
1.563788,1.284274
1.521815,1.243573
1.480848,1.209031
1.496799,1.208105
1.487351,1.204255
1.454437,1.224465
1.467545,1.228556
1.424056,1.212200
1.445225,1.194119
1.397068,1.223025
1.392569,1.206664
1.377913,1.190822
1.350134,1.194116
1.301448,1.237568
1.297981,1.260941
1.270609,1.229102
1.281184,1.263575
1.286480,1.269769
1.280514,1.292425
1.328358,1.307090
1.376948,1.260157
1.401914,1.272185
1.377064,1.318374
1.396128,1.320933
1.429573,1.338890
1.419521,1.387163
1.453429,1.383824
1.426917,1.401257
1.398125,1.393602
1.390620,1.353363
1.380424,1.380475
1.405221,1.347514
1.396202,1.370702
1.438878,1.329574
1.394160,1.348441
1.424623,1.341563
1.443153,1.372934
1.423568,1.401890
1.390497,1.379214
1.342353,1.420255
1.371233,1.407450
1.389114,1.445339
1.426274,1.486516
1.462237,1.511868
1.447079,1.464922
1.480585,1.490979
1.431995,1.537175
1.404568,1.566170
1.425358,1.593083
1.384503,1.635922
1.373977,1.624126
1.353289,1.631064
1.394982,1.654991
1.436063,1.612245
1.410781,1.595597
1.364390,1.602061
1.392552,1.613759
1.370928,1.580309
1.393106,1.625832
1.393811,1.588591
1.380548,1.567381
1.342187,1.534516
1.372716,1.541138
1.365143,1.557623
1.329480,1.573464
1.296339,1.562966
1.268355,1.547915
1.267400,1.589027
1.247034,1.603651
1.226456,1.638512
1.193837,1.612061
1.211101,1.581651
1.246789,1.576963
1.276608,1.551086
1.272174,1.522119
1.272174,1.522119
1.268054,1.490276
1.258207,1.484283
1.209650,1.483555
1.225813,1.437668
1.220071,1.427632
1.201412,1.428450
1.162892,1.425023
1.185068,1.444134
1.144493,1.400293
1.144493,1.400293
1.184552,1.359313
1.140650,1.407181
1.116097,1.444423
1.101365,1.447468
1.078306,1.485098
1.106284,1.510641
1.151411,1.471431
1.123147,1.426349
1.102450,1.382715
1.077788,1.390888
1.041188,1.352067
1.064425,1.385324
1.014510,1.366398
0.988929,1.323106
0.961130,1.317610
0.928897,1.274242
0.968837,1.247578
0.933844,1.214060
0.919517,1.227706
0.890656,1.259802
0.851983,1.279616
0.848956,1.308237
0.832603,1.262022
0.873608,1.236001
0.903736,1.282791
0.913689,1.268215
0.932919,1.268212
0.943716,1.242699
0.957827,1.200980
1.000797,1.189633
0.963776,1.182968
0.928160,1.188168
0.941089,1.179595
0.973888,1.228082
0.993269,1.273047
0.984891,1.255322
0.940669,1.216042
0.937873,1.232027
0.889538,1.273259
0.933560,1.245747
0.931903,1.201705
0.969396,1.239316
0.925522,1.249102
0.931569,1.284051
0.963182,1.297981
0.957432,1.258083
0.955222,1.223126
0.948820,1.213087
0.973664,1.166445
1.009169,1.197712
0.990775,1.152697
0.995599,1.134166
0.948672,1.131095
0.984406,1.105740
1.005438,1.096835
0.996964,1.071957
0.968663,1.023571
0.968663,1.023571
0.956164,1.050459
0.976824,1.075061
0.969603,1.113648
0.976089,1.125619
0.928125,1.103472
0.976500,1.136671
1.016634,1.172382
1.051005,1.148590
1.037849,1.123533
1.072053,1.087675
1.079636,1.043127
1.033062,1.066169
1.058672,1.095136
1.081465,1.084948
1.081465,1.084948
1.095145,1.100901
1.136407,1.086131
1.176650,1.053623
1.225694,1.039833
1.257495,1.024812
1.213726,0.997982
1.221733,0.970105
1.204495,0.947647
1.209833,0.968212
1.168664,0.928285
1.163638,0.957906
1.189911,0.941782
1.142779,0.893190
1.162322,0.848776
1.152578,0.873397
1.162057,0.887607
1.169152,0.934229
1.128376,0.918970
1.126349,0.946009
1.150686,0.980503
1.142756,1.007144
1.147518,1.034774
1.106065,1.036544
1.083754,1.045414
1.081358,1.088277
1.063728,1.068324
1.103306,1.070595
1.112264,1.023661
1.153087,1.025253
1.159727,1.031864
1.168446,1.078164
1.148652,1.096571
1.101450,1.068485
1.056337,1.063450
1.033124,1.106868
1.011590,1.097993
1.023850,1.051619
1.008365,1.091504
1.031170,1.066015
1.046262,1.033284
1.087260,1.078657
1.084051,1.048884
1.090967,1.083062
1.107867,1.128985
1.113014,1.131614
1.129499,1.097409
1.173564,1.085064
1.181765,1.123157
1.134537,1.160162
1.152791,1.159025
1.111385,1.142529
1.124438,1.136366
1.172786,1.111901
1.204934,1.117982
1.241070,1.161464
1.244059,1.206461
1.215132,1.226963
1.241337,1.251239
1.227158,1.238930
1.183691,1.191319
1.178538,1.195259
1.145717,1.164189
1.166886,1.157905
1.118192,1.156020
1.072771,1.154714
1.029517,1.194942
1.069977,1.195399
1.109360,1.208923
1.110138,1.193048
1.101125,1.202395
1.051672,1.248839
1.084844,1.272477
1.053580,1.312753
1.023066,1.275425
1.051929,1.267870
1.066650,1.291410
1.038102,1.275887
1.056265,1.245146
1.097236,1.246107
1.101412,1.227243
1.129891,1.179933
1.179683,1.224453
1.179683,1.224453
1.130683,1.194470
1.140942,1.207813
1.125569,1.244207
1.172425,1.240501
1.156322,1.205009
1.108201,1.230475
1.090462,1.199365
1.086513,1.226462
1.086513,1.226462
1.087197,1.221746
1.059438,1.271566
1.020922,1.229314
1.007659,1.233046
0.983460,1.218153
0.936917,1.255966
0.946989,1.238710
0.991304,1.241110
1.040393,1.285128
1.046529,1.315756
1.073374,1.301502
1.054117,1.350006
1.025646,1.324600
0.987451,1.290635
0.942407,1.329631
0.960573,1.344058
0.926540,1.352525
0.909867,1.342255
0.861694,1.388056
0.819193,1.382878
0.828203,1.408019
0.807746,1.384781
0.854809,1.369478
0.867578,1.388848
0.871408,1.347649
0.836583,1.346767
0.883424,1.304180
0.903875,1.320037
0.873989,1.326204
0.831703,1.331177
0.841537,1.318498
0.824029,1.359349
0.856825,1.350433
0.813410,1.380140
0.826983,1.408973
0.815343,1.371178
0.801225,1.388736
0.833182,1.390930
0.814087,1.362986
0.819802,1.315808
0.777781,1.357743
0.808219,1.333509
0.761732,1.329294
0.805617,1.310001
0.833112,1.319264
0.868095,1.271293
0.848363,1.236278
0.845069,1.267759
0.807668,1.280504
0.856677,1.264086
0.829790,1.280637
0.872466,1.327767
0.893082,1.333841
0.919078,1.345926
0.889210,1.357544
0.889242,1.389191
0.847680,1.357316
0.849947,1.359856
0.824620,1.381951
0.808628,1.415653
0.808628,1.415653
0.848342,1.386663
0.874959,1.428707
0.858655,1.407121
0.856675,1.435710
0.809053,1.457305
0.856526,1.433587
0.889566,1.429663
0.906924,1.476901
0.943504,1.478590
0.963167,1.448790
0.939588,1.455010
0.921473,1.493240
0.961861,1.503101
0.959319,1.469060
1.009230,1.429786
1.051393,1.467237
1.011098,1.430149
1.023539,1.423265
1.023539,1.423265
0.996430,1.394266
0.963964,1.348475
1.000125,1.299780
1.040849,1.344502
1.056162,1.312910
1.038778,1.349301
1.038778,1.349301
1.027652,1.349064
1.067285,1.359149
1.111107,1.367348
1.147580,1.371561
1.197378,1.332883
1.192642,1.339732
1.212436,1.308306
1.210185,1.271897
1.216691,1.318213
1.230333,1.313163
1.202732,1.311184
1.202732,1.311184
1.212284,1.359365
1.201561,1.338447
1.205359,1.372556
1.180766,1.332989
1.153421,1.344060
1.155950,1.352664
1.121414,1.312483
1.125577,1.268975
1.136691,1.257604
1.091477,1.256982
1.072968,1.265859
1.056133,1.222063
1.030350,1.185907
1.050089,1.151170
1.088277,1.166915
1.088248,1.180081
1.125885,1.142613
1.083918,1.117544
1.060466,1.146972
1.054603,1.120841
1.013692,1.117590
1.053792,1.084596
1.051865,1.103104
1.047538,1.076305
1.040482,1.087694
1.005448,1.063174
0.963817,1.068697
0.999956,1.061061
0.962667,1.043052
1.009026,0.994817
0.984722,1.023983
0.941319,1.055033
0.908533,1.008890
0.884712,1.050301
0.885790,1.064238
0.927218,1.047119
0.972838,1.092289
0.923631,1.072825
0.909286,1.066913
0.935075,1.101338
0.895761,1.147131
0.909117,1.123587
0.954817,1.114422
0.909148,1.152777
0.915404,1.193473
0.897283,1.230956
0.857040,1.275263
0.858580,1.249992
0.829648,1.289476
0.780678,1.259316
0.744794,1.250549
0.760793,1.249018
0.761240,1.265888
0.804265,1.284357
0.835351,1.235939
0.855346,1.200291
0.817418,1.248567
0.772009,1.250482
0.727673,1.291766
0.706156,1.262136
0.691872,1.298335
0.662051,1.294830
0.648546,1.305337
0.691736,1.299252
0.649218,1.300494
0.649218,1.300494
0.697451,1.253725
0.681527,1.218918
0.703172,1.215514
0.670186,1.219573
0.663310,1.245824
0.701523,1.291283
0.667314,1.248593
0.678036,1.242822
0.684528,1.265899
0.636400,1.278620
0.636400,1.278620
0.672101,1.295089
0.697115,1.304641
0.741367,1.262438
0.761332,1.310183
0.725055,1.297091
0.734091,1.259161
0.720879,1.217893
0.755709,1.195311
0.724434,1.169267
0.749659,1.212122
0.754957,1.254722
0.773828,1.226062
0.776015,1.182872
0.775626,1.140353
0.821672,1.136978
0.789656,1.142526
0.819142,1.118009
0.813843,1.165270
0.808277,1.212684
0.844464,1.209574
0.816360,1.257446
0.766404,1.245216
0.738871,1.213067
0.736385,1.222608
0.688604,1.261299
0.713691,1.304677
0.736988,1.255772
0.772677,1.287264
0.814780,1.309217
0.814872,1.358101
0.828426,1.352312
0.828426,1.352312
0.861025,1.344372
0.899643,1.297515
0.869969,1.264522
0.886054,1.214788
0.902692,1.252185
0.928053,1.279893
0.917928,1.317958
0.938534,1.335688
0.971330,1.340619
0.944851,1.314139
0.941017,1.274307
0.940578,1.295184
0.977905,1.256632
0.994187,1.304408
0.994723,1.315433
1.016624,1.306538
1.002849,1.286936
1.037572,1.276130
1.037485,1.311529
1.013207,1.266453
1.052695,1.239870
1.031020,1.249076
1.039254,1.244841
1.002622,1.272186
0.989074,1.263405
1.020643,1.250025
1.058938,1.278178
1.048168,1.258810
1.019193,1.277135
1.068931,1.322299
1.082614,1.296780
1.067157,1.305291
1.049883,1.286536
1.081239,1.286630
1.064496,1.279757
1.022872,1.309883
1.000225,1.279266
0.968349,1.249184
0.956926,1.259607
0.956799,1.221855
0.965396,1.203742
0.993892,1.241492
0.980773,1.253902
0.975196,1.221669
0.971257,1.217565
0.932094,1.198613
0.944508,1.152179
0.981630,1.158379
1.015427,1.176713
1.062709,1.154215
1.072990,1.148076
1.063944,1.099750
1.028334,1.109989
1.071413,1.136567
1.099243,1.180257
1.091547,1.225517
1.074181,1.259895
1.074181,1.259895
1.090282,1.274012
1.104708,1.229171
1.123013,1.276730
1.100548,1.309865
1.057247,1.345406
1.047491,1.385924
1.050734,1.389620
1.093306,1.386917
1.091457,1.416790
1.050343,1.413606
1.075254,1.398572
1.079811,1.385495
1.095001,1.383903
1.123708,1.363441
1.123708,1.363441
1.134484,1.365280
1.130102,1.318585
1.084686,1.310769
1.124808,1.356148
1.142228,1.328068
1.116827,1.315580
1.105878,1.296247
1.122826,1.339254
1.132057,1.377354
1.143937,1.344428
1.141820,1.371294
1.177909,1.322931
1.179018,1.352855
1.225975,1.363744
1.219375,1.332234
1.174627,1.354584
1.170042,1.395363
1.189352,1.345713
1.186836,1.355312
1.199997,1.344630
1.165533,1.310856
1.209932,1.334044
1.191366,1.380901
1.141645,1.425294
1.186991,1.450799
1.188736,1.484886
1.210644,1.490997
1.190397,1.497488
1.164675,1.493204
1.121483,1.460301
1.164967,1.501697
1.207143,1.460545
1.208005,1.447713
1.247389,1.462456
1.295916,1.458407
1.278848,1.492600
1.295845,1.470728
1.302146,1.475671
1.294859,1.490266
1.262953,1.450756
1.294382,1.473711
1.278065,1.445436
1.268450,1.445096
1.261989,1.451309
1.266891,1.442494
1.277136,1.425455
1.310136,1.461376
1.343007,1.424121
1.350325,1.407728
1.350225,1.438687
1.303721,1.434865
1.291343,1.408817
1.288955,1.370195
1.302718,1.389190
1.341256,1.388084
1.335687,1.395674
1.298632,1.405502
1.274812,1.362141
1.257165,1.371639
1.257165,1.371639
1.257165,1.371639
1.236393,1.361450
1.242351,1.393204
1.246501,1.439460
1.209647,1.438920
1.209647,1.438920
1.191436,1.459880
1.152306,1.509474
1.113352,1.501874
1.140564,1.464219
1.161763,1.447978
1.211394,1.403048
1.242153,1.367455
1.267844,1.349078
1.300849,1.363006
1.303087,1.383345
1.320406,1.370051
1.303443,1.372042
1.283802,1.366019
1.234234,1.367737
1.261207,1.409589
1.241175,1.429563
1.226343,1.443088
1.253233,1.491759
1.223071,1.451369
1.220729,1.496308
1.220729,1.496308
1.258875,1.517498
1.286725,1.495382
1.281892,1.459925
1.240742,1.446460
1.251642,1.440764
1.266247,1.406126
1.245950,1.389241
1.284505,1.368502
1.330635,1.383228
1.356095,1.391160
1.339140,1.425287
1.381956,1.438766
1.429810,1.418263
1.457651,1.447624
1.503937,1.471018
1.508620,1.477758
1.507837,1.524568
1.502125,1.511267
1.524342,1.514902
1.572107,1.500335
1.561654,1.523266
1.514623,1.568267
1.552346,1.586071
1.590895,1.568054
1.589552,1.599234
1.618014,1.556701
1.650523,1.538539
1.603659,1.502055
1.639428,1.467059
1.681124,1.454905
1.701993,1.499517
1.660178,1.505658
1.663392,1.535942
1.668948,1.507814
1.679190,1.541784
1.673994,1.519609
1.666151,1.492465
1.666151,1.492465
1.623445,1.446550
1.617798,1.425458
1.616314,1.394120
1.635223,1.395672
1.602617,1.379166
1.559331,1.376140
1.540879,1.357395
1.500574,1.348860
1.500574,1.348860
1.487101,1.311348
1.489137,1.319362
1.465800,1.297409
1.455345,1.277370
1.457292,1.303822
1.499603,1.323160
1.461235,1.273798
1.504301,1.289746
1.501656,1.328300
1.467274,1.366508
1.513667,1.404447
1.487862,1.390139
1.496325,1.435922
1.530235,1.464014
1.490258,1.466243
1.523454,1.494470
1.538244,1.474370
1.556140,1.441410
1.588210,1.437395
1.595876,1.396178
1.603975,1.402940
1.585263,1.412656
1.555924,1.409723
1.526000,1.380581
1.543882,1.331770
1.532287,1.348847
1.489387,1.326524
1.538471,1.290154
1.520101,1.241817
1.529560,1.213492
1.485200,1.257385
1.523404,1.254522
1.559372,1.257992
1.543177,1.281473
1.495905,1.278662
1.476460,1.268530
1.451609,1.295031
1.494364,1.271453
1.492184,1.239269
1.476164,1.280624
1.514305,1.317763
1.494358,1.268420
1.499239,1.302012
1.522267,1.347660
1.512981,1.372727
1.481703,1.375832
1.487505,1.404907
1.477186,1.357301
1.493625,1.347323
1.471337,1.357952
1.488112,1.392552
1.443248,1.365632
1.452454,1.386493
1.433397,1.397733
1.479139,1.382019
1.465240,1.385988
1.440721,1.391381
1.440990,1.425563
1.428687,1.438879
1.471669,1.434388
1.436677,1.425900
1.423731,1.448533
1.448244,1.434016
1.467406,1.395180
1.509879,1.434074
1.469181,1.422048
1.429755,1.397619
1.421777,1.412221
1.460684,1.423978
1.492832,1.422208
1.481269,1.393742
1.446299,1.348285
1.415147,1.378342
1.414789,1.361280
1.373244,1.406707
1.407726,1.454857
1.422393,1.457089
1.422393,1.457089
1.393580,1.504694
1.380601,1.459984
1.368581,1.447024
1.373576,1.487505
1.404434,1.516741
1.447625,1.529617
1.410121,1.502533
1.451387,1.456512
1.431022,1.490223
1.405143,1.535160
1.448292,1.536415
1.465701,1.541570
1.502095,1.512071
1.508804,1.466056
1.477936,1.472836
1.463111,1.501342
1.414471,1.516695
1.379403,1.522875
1.424348,1.521557
1.384627,1.527379
1.343692,1.533019
1.367905,1.485253
1.374768,1.533745
1.355293,1.511919
1.349993,1.525874
1.365978,1.487652
1.321347,1.486177
1.347388,1.448431
1.321060,1.463170
1.287540,1.491848
1.325423,1.476088
1.366077,1.453501
1.318661,1.433677
1.285365,1.432628
1.304480,1.393825
1.277868,1.430541
1.277211,1.385999
1.231170,1.381497
1.242313,1.354921
1.237617,1.332206
1.205050,1.368086
1.156848,1.347567
1.156848,1.347567
1.198763,1.308636
1.192627,1.285110
1.202051,1.278493
1.204874,1.318274
1.226905,1.284014
1.183515,1.235934
1.139647,1.246893
1.106815,1.243828
1.067621,1.212920
1.062369,1.235026
1.059484,1.255292
1.062330,1.285592
1.103167,1.329750
1.063361,1.309225
1.083622,1.332837
1.083622,1.332837
1.067747,1.329206
1.085821,1.287113
1.056341,1.323503
1.086357,1.304688
1.082116,1.331836
1.080473,1.309078
1.053966,1.312249
1.053966,1.312249
1.022451,1.341076
1.036451,1.335394
1.015663,1.344703
0.973510,1.380539
0.949046,1.419523
0.921429,1.464777
0.890649,1.431568
0.875360,1.479779
0.828618,1.482401
0.841847,1.528726
0.866827,1.562015
0.911162,1.597814
0.869174,1.608127
0.827168,1.615883
0.841254,1.651650
0.799739,1.608416
0.810189,1.646395
0.810878,1.627445
0.859603,1.640601
0.907226,1.641481
0.931557,1.670782
0.931557,1.670782
0.949687,1.681134
0.921102,1.662629
0.927217,1.632474
0.957677,1.680979
0.970265,1.647947
0.964359,1.675546
0.962478,1.668670
0.921597,1.676274
0.965695,1.642666
0.996218,1.627930
1.045837,1.677874
1.063343,1.705783
1.056344,1.666833
1.102270,1.653835
1.109163,1.604839
1.118413,1.561358
1.118413,1.561358
1.158376,1.517253
1.140455,1.523238
1.104427,1.510656
1.059391,1.485791
1.056576,1.473398
1.095693,1.518259
1.072071,1.497445
1.119748,1.502344
1.137043,1.479059
1.155232,1.481104
1.161552,1.500520
1.158397,1.473661
1.191245,1.447988
1.235345,1.446604
1.244100,1.486191
1.292481,1.528229
1.309149,1.573729
1.343237,1.585302
1.301407,1.553940
1.303273,1.603861
1.285776,1.640992
1.295568,1.610464
1.273379,1.581510
1.297374,1.560419
1.332812,1.568732
1.293731,1.543379
1.290040,1.503361
1.285196,1.485625
1.293849,1.527127
1.257716,1.533502
1.287310,1.527440
1.251942,1.495258
1.247632,1.545136
1.199926,1.555990
1.210047,1.552742
1.254955,1.521523
1.298679,1.500802
1.337112,1.544028
1.329750,1.505879
1.369615,1.523972
1.417174,1.546935
1.427206,1.543947
1.393279,1.547357
1.432589,1.526783
1.410380,1.548316
1.409653,1.546173
1.378165,1.517198
1.348474,1.502620
1.340672,1.479790
1.340672,1.479790
1.360647,1.491794
1.368872,1.527672
1.393310,1.562146
1.353065,1.555378
1.398711,1.533481
1.420233,1.555095
1.414989,1.525627
1.415919,1.553915
1.435942,1.575952
1.397256,1.583943
1.385063,1.555014
1.394540,1.536853
1.442462,1.560664
1.464596,1.564169
1.424704,1.607920
1.390985,1.586646
1.360387,1.620318
1.324680,1.602475
1.319489,1.643630
1.318791,1.621623
1.340411,1.590266
1.328363,1.592326
1.336115,1.576622
1.335490,1.573308
1.346582,1.597623
1.326983,1.608551
1.289726,1.618770
1.332777,1.581484
1.286524,1.607045
1.299229,1.646129
1.291467,1.693380
1.269819,1.648850
1.246888,1.650328
1.294436,1.689916
1.269526,1.730877
1.269526,1.730877
1.222329,1.681874
1.266755,1.652961
1.238535,1.663409
1.235465,1.652370
1.242398,1.678433
1.242398,1.678433
1.252295,1.714728
1.296165,1.745546
1.325767,1.768881
1.290994,1.728655
1.248390,1.690696
1.247810,1.646544
1.228518,1.608847
1.181369,1.575774
1.203056,1.557715
1.245847,1.557581
1.210271,1.519716
1.251657,1.506972
1.233910,1.519386
1.210512,1.470935
1.237163,1.504108
1.193087,1.510446
1.166034,1.537715
1.147664,1.587618
1.121486,1.608878
1.133205,1.572437
1.097647,1.557142
1.116873,1.576506
1.077157,1.570413
1.098562,1.537422
1.098562,1.537422
1.118544,1.560989
1.078394,1.571037
1.078450,1.607698
1.036751,1.574284
1.055015,1.531009
1.050760,1.516999
1.080081,1.524267
1.076583,1.522860
1.096663,1.515455
1.080709,1.476686
1.059964,1.507067
1.031884,1.476563
1.027406,1.510104
0.991056,1.470224
1.012474,1.448925
1.015430,1.435838
1.031067,1.441002
1.071821,1.398376
1.053675,1.418105
1.063666,1.427401
1.105549,1.464014
1.128926,1.453037
1.176731,1.420826
1.176384,1.381079
1.180139,1.395625
1.197739,1.396009
1.187635,1.387429
1.235175,1.383426
1.243858,1.424552
1.242525,1.421508
1.276240,1.468474
1.236546,1.435260
1.242362,1.483290
1.199899,1.506965
1.149910,1.545397
1.131450,1.585298
1.152300,1.605000
1.182215,1.588510
1.160497,1.575665
1.179553,1.552370
1.174934,1.509286
1.174934,1.509286
1.179199,1.496425
1.221891,1.526321
1.187238,1.515796
1.186740,1.545160
1.168086,1.517640
1.129699,1.544146
1.151665,1.527285
1.188630,1.498946
1.189811,1.450461
1.151330,1.409301
1.195871,1.402575
1.181643,1.374158
1.208675,1.404336
1.162138,1.450944
1.141794,1.429172
1.137758,1.398781
1.186185,1.408746
1.199309,1.388650
1.196343,1.436784
1.189573,1.446249
1.233632,1.448317
1.193150,1.480298
1.152053,1.446788
1.120672,1.431080
1.145704,1.443752
1.145704,1.443752
1.108226,1.462415
1.097255,1.459468
1.065972,1.491068
1.059309,1.509078
1.050279,1.543041
1.043036,1.504888
1.025006,1.483728
0.994899,1.465482
1.016327,1.499811
1.006675,1.490463
1.047628,1.482524
1.065342,1.501604
1.093696,1.550336
1.093646,1.500946
1.114732,1.496116
1.088459,1.529202
1.059006,1.510225
1.089708,1.514436
1.138552,1.549728
1.160177,1.586713
1.120483,1.559321
1.145538,1.551319
1.164917,1.566780
1.175595,1.529787
1.199033,1.541713
1.184646,1.552419
1.140472,1.520489
1.144822,1.529188
1.122543,1.484826
1.121409,1.526666
1.118038,1.556509
1.134840,1.547753
1.118149,1.534216
1.117104,1.562595
1.137509,1.606765
1.118370,1.643004
1.125145,1.611183
1.165927,1.631210
1.178600,1.624162
1.151410,1.652423
1.160677,1.692233
1.123180,1.682209
1.128810,1.712076
1.102891,1.696816
1.102891,1.696816
1.108659,1.729849
1.157090,1.713767
1.136025,1.670498
1.122202,1.652619
1.123030,1.662197
1.136272,1.622013
1.165473,1.597060
1.166076,1.634718
1.143165,1.671724
1.148723,1.684578
1.110674,1.694098
1.063361,1.716352
1.023217,1.715088
1.042784,1.675044
1.046585,1.651221
1.051719,1.647843
1.073793,1.633135
1.030363,1.602994
1.062710,1.567741
1.033853,1.568712
1.024257,1.593147
1.049654,1.633209
1.049654,1.633209
1.062500,1.634619
1.076400,1.654991
1.033471,1.651508
0.996271,1.626083
1.020397,1.607672
1.062332,1.614390
1.063009,1.590480
1.017314,1.590521
0.974181,1.568173
1.012518,1.586039
0.980855,1.635117
1.024302,1.644926
0.992538,1.683992
1.008959,1.675337
0.996321,1.666846
0.995564,1.642462
1.029894,1.624024
1.004034,1.597477
1.033945,1.613209
0.994576,1.644357
1.005183,1.609981
1.025759,1.632949
1.025759,1.632949
1.046919,1.663444
1.022549,1.675462
1.017608,1.644571
1.044022,1.684047
1.000217,1.652921
0.981163,1.610003
0.933959,1.645707
0.929702,1.604106
0.948021,1.586199
0.925807,1.633702
0.954338,1.659961
0.987906,1.635961
0.987906,1.635961
1.020641,1.611922
1.011108,1.596943
1.013939,1.580307
1.022332,1.533098
1.047967,1.574956
1.011819,1.548723
0.995633,1.502090
0.974288,1.456869
1.001499,1.499188
0.979799,1.488989
0.956665,1.466295
1.003780,1.438520
1.046858,1.446015
1.082231,1.463088
1.086351,1.499460
1.040559,1.472150
1.022693,1.502302
0.983290,1.548437
1.027228,1.521215
0.989481,1.510870
0.983711,1.535275
1.002417,1.520210
0.979635,1.525448
0.943743,1.496420
0.952801,1.531097
0.904495,1.555689
0.911019,1.589650
0.938189,1.544628
0.961354,1.582838
0.932327,1.627883
0.955686,1.611622
0.931128,1.567850
0.967903,1.554054
0.988827,1.509339
0.980060,1.461371
0.986612,1.484380
0.950232,1.447746
0.941761,1.477003
0.911035,1.457445
0.861059,1.422057
0.909729,1.413175
0.885376,1.408173
0.877631,1.435967
0.877631,1.435967
0.921901,1.389349
0.892553,1.343547
0.863033,1.302111
0.902865,1.258536
0.903311,1.250267
0.866481,1.238647
0.878764,1.278218
0.830774,1.315518
0.875517,1.320006
0.905990,1.271930
0.934310,1.243802
0.906095,1.231543
0.936746,1.195072
0.906500,1.238469
0.898686,1.207437
0.916615,1.240587
0.952939,1.243485
0.910598,1.218128
0.909057,1.213886
0.950319,1.204755
0.904196,1.229667
0.913334,1.211523
0.878196,1.242734
0.873923,1.226435
0.901038,1.247547
0.930343,1.276066
0.934326,1.316371
0.972651,1.339688
0.928329,1.317921
0.962426,1.287956
0.912676,1.337546
0.924978,1.309220
0.957670,1.260354
0.994630,1.251382
1.020858,1.268182
1.011569,1.240455
0.969029,1.273230
0.963745,1.258142
0.991590,1.246138
1.032949,1.276321
1.079856,1.241325
1.067746,1.207312
1.029493,1.186383
0.986280,1.203867
1.008856,1.239356
1.003324,1.263448
0.986511,1.290793
1.025196,1.269462
0.983678,1.275107
0.980164,1.310424
0.939448,1.296041
0.924049,1.295200
0.943930,1.330439
0.956861,1.358078
0.924364,1.388995
0.924109,1.399990
0.884341,1.419356
0.875789,1.390540
0.829287,1.423379
0.798920,1.452144
0.767049,1.484618
0.808966,1.485545
0.849615,1.475410
0.874383,1.457615
0.897941,1.501376
0.903672,1.507431
0.929697,1.516495
0.891152,1.486681
0.930891,1.479685
0.918677,1.507517
0.918677,1.507517
0.939252,1.509708
0.962704,1.467284
0.934808,1.513140
0.950199,1.489397
0.902557,1.477899
0.909715,1.475241
0.930305,1.428929
0.952983,1.379168
0.969059,1.380245
0.934804,1.345367
0.972570,1.389783
0.942639,1.437988
0.940594,1.461905
0.966318,1.509870
0.993935,1.460889
1.005461,1.484905
1.052385,1.534048
1.018179,1.530669
1.058873,1.578646
1.075463,1.602125
1.065252,1.583793
1.100418,1.632315
1.068565,1.679885
1.060799,1.647909
1.095353,1.696363
1.104787,1.655782
1.098959,1.612246
1.118232,1.624815
1.080163,1.593053
1.102686,1.550734
1.102686,1.550734
1.079743,1.544515
1.097690,1.581037
1.111998,1.547269
1.140805,1.502962
1.169983,1.512507
1.144193,1.546893
1.120737,1.534459
1.133128,1.580503
1.123320,1.545008
1.142805,1.526653
1.186588,1.477717
1.226667,1.490524
1.243553,1.488281
1.259538,1.453877
1.299184,1.481936
1.333515,1.492554
1.367975,1.450487
1.405761,1.424062
1.422229,1.396055
1.418058,1.403623
1.420301,1.391528
1.453927,1.350688
1.433515,1.393555
1.447676,1.384772
1.471589,1.393420
1.438204,1.390011
1.438204,1.390011
1.421538,1.381040
1.399731,1.373093
1.411667,1.380496
1.457846,1.416197
1.499317,1.426723
1.516361,1.379934
1.469064,1.363096
1.419107,1.327145
1.402964,1.318176
1.378976,1.344894
1.419648,1.316356
1.397594,1.269964
1.389368,1.305713
1.393394,1.281050
1.419006,1.232267
1.452170,1.218539
1.438532,1.215159
1.423964,1.169546
1.414030,1.206158
1.414030,1.206158
1.448248,1.204722
1.450926,1.215845
1.445068,1.256868
1.400063,1.255208
1.397566,1.283840
1.430520,1.241271
1.426431,1.229528
1.441589,1.180456
1.460071,1.215586
1.415095,1.205690
1.368534,1.248441
1.326793,1.216697
1.368929,1.185316
1.396292,1.178995
1.433843,1.202013
1.398239,1.207800
1.348894,1.164514
1.339951,1.152401
1.322425,1.195881
1.299838,1.170687
1.261283,1.188452
1.260691,1.232541
1.252636,1.252359
1.204887,1.228401
1.235791,1.231187
1.277862,1.218587
1.325479,1.229620
1.276272,1.201273
1.298765,1.235731
1.262085,1.265107
1.285491,1.247525
1.257382,1.212120
1.213434,1.187296
1.228784,1.172204
1.204962,1.188516
1.155332,1.157345
1.116545,1.172847
1.126522,1.151368
1.160951,1.109136
1.200488,1.107675
1.238964,1.066449
1.263878,1.100831
1.260439,1.104686
1.283932,1.142801
1.290145,1.173284
1.335896,1.200031
1.303435,1.228890
1.305401,1.268615
1.266427,1.243704
1.282578,1.286830
1.266318,1.303078
1.258330,1.256314
1.275583,1.227921
1.263435,1.250845
1.282718,1.237312
1.317105,1.282156
1.303269,1.247687
1.280168,1.290054
1.329304,1.318343
1.338051,1.328311
1.302207,1.298594
1.260624,1.300570
1.223497,1.315338
1.211596,1.302108
1.192554,1.263367
1.179238,1.247173
1.169818,1.224337
1.144490,1.248576
1.164357,1.252415
1.121408,1.209198
1.088337,1.186061
1.135040,1.212610
1.167224,1.228877
1.174547,1.213354
1.218082,1.210673
1.205155,1.236683
1.236574,1.206555
1.280156,1.181699
1.328856,1.188666
1.284697,1.201834
1.305362,1.210849
1.306025,1.258029
1.262503,1.283821
1.269713,1.272312
1.239194,1.231541
1.205831,1.207597
1.171299,1.228331
1.171299,1.228331
1.207448,1.179321
1.229950,1.173916
1.184889,1.135372
1.175999,1.107091
1.167508,1.109969
1.205833,1.133284
1.210390,1.119788
1.200695,1.080414
1.215086,1.043065
1.223505,1.048546
1.245504,1.093739
1.280925,1.108084
1.323656,1.087530
1.328279,1.090570
1.367346,1.092561
1.321824,1.095409
1.297178,1.073912
1.272891,1.077567
1.321590,1.069503
1.312970,1.090958
1.344413,1.055493
1.324259,1.018435
1.293536,1.058376
1.333023,1.010616
1.318906,1.058429
1.345478,1.056168
1.300702,1.098006
1.298392,1.080094
1.268123,1.050961
1.275897,1.094705
1.289828,1.137054
1.292742,1.112390
1.294682,1.118235
1.256736,1.155580
1.269723,1.129864
1.283457,1.154408
1.266751,1.184593
1.267188,1.230942
1.281453,1.280336
1.329787,1.323821
1.339692,1.299355
1.357849,1.274671
1.390336,1.268773
1.417918,1.249858
1.411990,1.216372
1.447359,1.168360
1.486498,1.178505
1.532321,1.218757
1.549685,1.255847
1.539848,1.227972
1.586137,1.208002
1.586137,1.208002
1.583506,1.193177
1.606235,1.185017
1.585028,1.169380
1.585028,1.169380
1.582500,1.179668
1.572723,1.155402
1.614141,1.159909
1.656621,1.126462
1.621015,1.094333
1.590565,1.128753
1.590052,1.099588
1.585229,1.136395
1.546143,1.133388
1.502006,1.112627
1.506011,1.122913
1.503655,1.134971
1.470220,1.086278
1.458818,1.047868
1.442816,1.003940
1.442816,1.003940
1.397253,1.031523
1.440924,1.009723
1.440924,1.009723
1.452291,1.050844
1.483556,1.017463
1.502358,1.025557
1.476538,0.979419
1.521950,1.020320
1.521950,1.020320
1.503488,1.016932
1.544619,1.005159
1.545586,0.970783
1.531659,0.991123
1.531659,0.991123
1.514697,1.017359
1.484784,1.063579
1.448879,1.104815
1.468188,1.131789
1.448135,1.099308
1.452102,1.071063
1.427203,1.103078
1.426841,1.115873
1.423716,1.101223
1.380283,1.121409
1.336772,1.125499
1.317751,1.143700
1.349727,1.159263
1.343293,1.128466
1.296725,1.152426
1.250722,1.191384
1.264640,1.202705
1.227366,1.247201
1.207397,1.228906
1.215058,1.186249
1.220334,1.145191
1.184024,1.190818
1.222250,1.159383
1.228962,1.156004
1.209208,1.151108
1.218341,1.164569
1.172732,1.206412
1.162234,1.162507
1.150128,1.208933
1.147816,1.248195
1.145224,1.285540
1.108330,1.301144
1.112328,1.303967
1.068854,1.336929
1.028728,1.323315
1.066306,1.310220
1.096041,1.264221
1.061276,1.263541
1.012688,1.249164
0.998192,1.219928
0.969676,1.243504
0.920324,1.288745
0.873656,1.331073
0.876647,1.308675
0.899492,1.265626
0.909667,1.277773
0.944315,1.296069
0.989454,1.250090
1.005473,1.285035
1.043295,1.263566
1.011034,1.252402
1.060777,1.281783
1.041090,1.306874
1.057853,1.343682
1.077484,1.381303
1.040654,1.367101
1.003180,1.352128
0.998659,1.364705
0.975589,1.320537
0.998659,1.353897
0.984639,1.324705
1.016022,1.285282
0.976302,1.313816
1.002012,1.322139
1.045784,1.297849
1.070817,1.325125
1.097654,1.364733
1.138018,1.368649
1.094140,1.402646
1.093807,1.415582
1.046555,1.454153
1.046555,1.454153
1.068140,1.433881
1.044610,1.460139
1.020989,1.454677
1.064065,1.447675
1.091700,1.407109
1.117719,1.402739
1.111194,1.443778
1.078383,1.476818
1.111993,1.459286
1.096581,1.431254
1.049563,1.411813
1.096274,1.381288
1.096274,1.381288
1.058154,1.399250
1.080583,1.351704
1.101383,1.349961
1.054528,1.357734
1.083156,1.307834
1.102471,1.326751
1.082622,1.324290
1.075318,1.366787
1.088736,1.384005
1.088029,1.411493
1.041501,1.408775
1.034820,1.419343
1.033039,1.391903
0.995871,1.409501
1.012991,1.434248
1.053422,1.470504
1.052133,1.498078
1.036172,1.448404
1.059088,1.485361
1.026067,1.499713
1.016010,1.480634
0.986076,1.480124
1.018703,1.436295
1.032972,1.455046
1.080110,1.410135
1.084429,1.390354
1.059405,1.420643
1.107839,1.446546
1.107085,1.477775
1.121713,1.435444
1.076040,1.398532
1.050351,1.355044
1.079839,1.359748
1.078132,1.369006
1.100480,1.366905
1.125658,1.326659
1.142461,1.349845
1.102212,1.379226
1.117398,1.406092
1.082294,1.418909
1.105253,1.390919
1.099653,1.371528
1.058273,1.387507
1.014704,1.437254
0.984937,1.441828
1.021316,1.455707
0.982873,1.447056
1.011661,1.489097
0.975266,1.498360
0.975436,1.458594
0.965432,1.413255
0.991470,1.442798
1.037138,1.483445
1.041803,1.484445
0.992427,1.526257
0.980413,1.500910
0.984747,1.546158
0.976112,1.521055
0.970848,1.547023
0.991863,1.544603
1.014749,1.580367
1.014749,1.580367
0.977359,1.571110
0.984892,1.572237
1.012467,1.538608
0.997090,1.586678
0.960081,1.586908
0.980081,1.629400
0.932372,1.678189
0.941167,1.687665
0.895935,1.683230
0.883302,1.660906
0.883302,1.660906
0.914482,1.694283
0.906191,1.649582
0.906475,1.627582
0.869016,1.651919
0.835113,1.647174
0.792771,1.600350
0.765831,1.618797
0.802045,1.666283
0.845881,1.628581
0.845881,1.628581
0.865478,1.592162
0.845080,1.566733
0.808167,1.570295
0.850167,1.563033
0.894455,1.603624
0.866979,1.616903
0.914095,1.599976
0.914095,1.599976
0.948797,1.625592
0.925664,1.639787
0.942906,1.613543
0.928212,1.661132
0.959265,1.659701
0.980512,1.668136
1.020791,1.629717
0.987556,1.651197
1.026544,1.631835
0.989857,1.627634
1.019426,1.598925
1.005404,1.629534
0.970050,1.633708
0.946470,1.617571
0.966191,1.575834
0.927768,1.598043
0.947113,1.620276
0.932215,1.645394
0.955872,1.641274
0.924938,1.639037
0.946945,1.597224
0.934204,1.572848
0.900188,1.558941
0.946670,1.590665
0.959609,1.554841
0.966443,1.604230
0.984360,1.646191
1.013829,1.630881
1.039422,1.657299
1.073912,1.633772
1.044562,1.655297
1.089504,1.687155
1.040420,1.646421
1.082161,1.675719
1.037802,1.633069
1.063797,1.633243
1.078189,1.625226
1.044235,1.659671
1.081473,1.618677
1.083964,1.575058
1.095374,1.546428
1.063513,1.559852
1.053842,1.527019
1.062255,1.516638
1.027504,1.559413
1.069234,1.520555
1.069234,1.520555
1.081944,1.529514
1.069620,1.496873
1.059379,1.476086
1.030618,1.502678
1.031419,1.467069
1.022680,1.477296
1.018380,1.518144
0.969460,1.513271
0.936998,1.531590
0.889716,1.561317
0.856511,1.576717
0.896262,1.575451
0.930032,1.547571
0.919914,1.500586
0.969250,1.487994
0.986991,1.465430
0.994403,1.434329
0.970475,1.481114
0.993147,1.526550
0.998354,1.543710
0.981635,1.534376
0.961231,1.506223
0.926661,1.497478
0.919861,1.506106
0.959174,1.535092
0.932106,1.512720
0.968532,1.515905
1.013604,1.536224
1.036147,1.526604
1.068803,1.477278
1.100871,1.437694
1.109030,1.469223
1.113314,1.472318
1.096227,1.483229
1.075301,1.492088
1.078285,1.534477
1.110221,1.576559
1.150117,1.617689
1.152479,1.620699
1.148725,1.618821
1.129460,1.635406
1.168798,1.595106
1.198351,1.586499
1.168949,1.628980
1.208631,1.657726
1.235970,1.645674
1.260211,1.657878
1.251949,1.700193
1.257980,1.675142
1.225184,1.673039
1.176305,1.663946
1.168198,1.696294
1.130498,1.686491
1.106365,1.669726
1.100425,1.649660
1.080474,1.628368
1.054507,1.599567
1.041944,1.554649
1.024940,1.560984
0.995070,1.533470
1.017369,1.522727
1.036084,1.558361
1.020462,1.509484
1.009391,1.538655
0.974532,1.565451
0.944296,1.577072
0.970640,1.547165
0.928696,1.585523
0.969545,1.538342
0.969545,1.538342
1.004464,1.527876
1.015159,1.484791
1.063064,1.514446
1.032481,1.515147
1.045884,1.472885
1.052962,1.438709
1.102195,1.390558
1.094897,1.432038
1.051067,1.480934
1.014774,1.500502
1.001608,1.532715
0.961551,1.494401
1.010454,1.497187
1.035326,1.525886
1.064559,1.539836
1.107514,1.587223
1.122984,1.589480
1.144947,1.631478
1.115855,1.671125
1.092385,1.718502
1.128559,1.683726
1.105114,1.658369
1.153763,1.701976
1.112970,1.692761
1.126162,1.712574
1.087253,1.760692
1.042179,1.809101
1.071889,1.844524
1.022117,1.812972
1.057470,1.806682
1.065372,1.803824
1.039086,1.824697
1.039086,1.824697
1.069555,1.809434
1.028426,1.853384
1.023180,1.881913
1.065906,1.880807
1.053872,1.919094
1.099305,1.923782
1.131385,1.886937
1.117613,1.920808
1.150139,1.891163
1.166797,1.854197
1.167282,1.804864
1.167190,1.765912
1.216791,1.798718
1.216791,1.798718
1.211331,1.831943
1.212089,1.873824
1.184578,1.896363
1.137490,1.900557
1.110554,1.877733
1.109105,1.835809
1.122676,1.820907
1.112935,1.800310
1.132988,1.827848
1.132988,1.827848
1.163264,1.782454
1.163264,1.782454
1.203008,1.759391
1.180073,1.780563
1.180073,1.780563
1.214952,1.796717
1.214952,1.796717
1.236361,1.812297
1.210950,1.829701
1.191641,1.812156
1.164986,1.826315
1.163047,1.833914
1.204255,1.819900
1.197463,1.854154
1.211165,1.851597
1.229373,1.870587
1.259986,1.890261
1.259986,1.890261
1.259986,1.890261
1.260848,1.875594
1.310783,1.836880
1.313381,1.800869
1.301306,1.849579
1.315164,1.866333
1.284712,1.856580
1.272200,1.860205
1.239833,1.872494
1.283904,1.869314
1.301820,1.897042
1.301820,1.897042
1.350132,1.872826
1.384108,1.910267
1.396086,1.921310
1.421044,1.893367
1.372810,1.911272
1.416305,1.944392
1.373181,1.947252
1.373181,1.947252
1.372477,1.920805
1.367754,1.941032
1.411052,1.946802
1.412057,1.934810
1.412057,1.934810
1.393667,1.968956
1.344084,2.013048
1.344084,2.013048
1.391244,2.032459
1.401113,2.005644
1.435693,1.986340
1.471466,2.033896
1.462540,2.017469
1.443011,1.983988
1.451754,1.937326
1.406920,1.906984
1.420456,1.903526
1.430396,1.867438
1.425511,1.855156
1.468770,1.811756
1.452917,1.776596
1.498483,1.803769
1.520767,1.833621
1.501078,1.810633
1.483225,1.767951
1.492783,1.801086
1.502272,1.781485
1.486142,1.780198
1.456104,1.738547
1.441536,1.695354
1.464767,1.646587
1.464767,1.646587
1.437434,1.652194
1.437434,1.652194
1.461913,1.676516
1.497187,1.626976
1.481353,1.605730
1.505271,1.597964
1.536727,1.577964
1.560017,1.600093
1.528965,1.611251
1.574012,1.613200
1.556210,1.618668
1.519018,1.633520
1.510697,1.676614
1.489504,1.692214
1.527240,1.729894
1.492832,1.720413
1.474661,1.732450
1.492208,1.739074
1.512157,1.727539
1.527161,1.694227
1.537313,1.715206
1.513473,1.732988
1.503312,1.759455
1.541530,1.795706
1.533543,1.761467
1.545993,1.810880
1.534231,1.819303
1.531552,1.794812
1.487959,1.833499
1.528778,1.878249
1.525085,1.900682
1.477026,1.871343
1.463295,1.902186
1.498866,1.938984
1.472590,1.927385
1.438990,1.899615
1.400321,1.897884
1.438407,1.910618
1.400313,1.867863
1.416069,1.864247
1.387559,1.906245
1.429019,1.924228
1.419487,1.912757
1.460184,1.908976
1.427980,1.951868
1.382193,1.916551
1.400405,1.912083
1.351070,1.930046
1.351070,1.930046
1.337244,1.952572
1.330224,1.978990
1.334950,2.008167
1.325809,1.977220
1.326564,1.963057
1.309341,1.992000
1.295520,2.009698
1.295520,2.009698
1.253432,2.024931
1.253432,2.024931
1.216979,2.064859
1.219969,2.113004
1.219941,2.156723
1.189635,2.197639
1.189635,2.197639
1.203491,2.181194
1.195263,2.177581
1.157882,2.217945
1.157882,2.217945
1.137702,2.259766
1.137702,2.259766
1.143187,2.240001
1.115995,2.225939
1.138360,2.223431
1.135272,2.210235
1.109728,2.201330
1.135894,2.174767
1.109803,2.155083
1.109803,2.155083
1.119330,2.178204
1.119330,2.178204
1.086967,2.162752
1.059418,2.130375
1.105606,2.116341
1.142582,2.071805
1.110315,2.067533
1.150222,2.073889
1.150222,2.073889
1.181433,2.049722
1.160311,2.041910
1.206446,2.043418
1.185961,2.047473
1.176048,2.031123
1.129130,1.993309
1.173484,1.948949
1.205320,1.905934
1.212173,1.895430
1.168335,1.912714
1.119581,1.896472
1.157363,1.898193
1.161367,1.903325
1.192907,1.894272
1.174848,1.866699
1.146762,1.833017
1.195079,1.798409
1.232192,1.750535
1.217374,1.798912
1.246530,1.837281
1.256048,1.792916
1.208534,1.828400
1.205792,1.848753
1.199298,1.801464
1.231241,1.762829
1.278534,1.728216
1.303543,1.752335
1.260099,1.785292
1.221586,1.794006
1.185742,1.773263
1.145661,1.817614
1.145241,1.769035
1.146670,1.781210
1.138498,1.744238
1.118946,1.729316
1.135497,1.692524
1.157839,1.701678
1.157839,1.701678
1.152637,1.676551
1.134583,1.636246
1.183643,1.680860
1.136367,1.717245
1.168053,1.762508
1.205491,1.789976
1.158610,1.750351
1.206752,1.782200
1.236596,1.776813
1.265989,1.781079
1.314009,1.757179
1.271676,1.750965
1.301075,1.769411
1.301822,1.729881
1.320746,1.771687
1.309199,1.805200
1.331223,1.768394
1.317979,1.765230
1.317580,1.764697
1.267731,1.761023
1.271639,1.740475
1.274621,1.759858
1.304712,1.799877
1.314081,1.753358
1.324658,1.726600
1.296478,1.702088
1.326737,1.664954
1.337257,1.674349
1.366787,1.697354
1.319309,1.732260
1.328195,1.766217
1.305781,1.766084
1.349447,1.756349
1.396677,1.757595
1.348314,1.719521
1.308952,1.757169
1.321223,1.787924
1.316510,1.789324
1.267412,1.786998
1.254621,1.810826
1.230834,1.830106
1.182042,1.781049
1.215848,1.754917
1.258819,1.778221
1.258819,1.778221
1.243105,1.768754
1.272941,1.719509
1.269785,1.683970
1.285210,1.723570
1.259781,1.740297
1.292962,1.718524
1.304704,1.753800
1.321726,1.755846
1.316986,1.782779
1.299713,1.783125
1.261419,1.764731
1.236465,1.774948
1.285650,1.816556
1.250600,1.839963
1.297191,1.796172
1.273961,1.770832
1.290104,1.770562
1.322009,1.807363
1.300018,1.799732
1.312664,1.841160
1.349863,1.850820
1.334376,1.864405
1.321056,1.891012
1.345699,1.869553
1.379055,1.872919
1.329069,1.867197
1.283507,1.896845
1.331422,1.912815
1.316700,1.884421
1.294389,1.890997
1.299634,1.849372
1.326962,1.845346
1.332694,1.882599
1.352654,1.862819
1.329218,1.862254
1.280290,1.828079
1.265618,1.849974
1.227931,1.841483
1.235016,1.815141
1.241059,1.786102
1.219118,1.822418
1.224957,1.850443
1.263263,1.859838
1.260544,1.860226
1.288406,1.837773
1.284310,1.801021
1.242338,1.770987
1.291425,1.776576
1.248747,1.797461
1.220300,1.780028
1.251901,1.806006
1.233218,1.791460
1.282357,1.770636
1.236909,1.723762
1.273694,1.678140
1.317341,1.653324
1.325466,1.604774
1.321116,1.602200
1.355681,1.632020
1.336170,1.612002
1.324839,1.566289
1.355231,1.571620
1.316343,1.581499
1.342759,1.552551
1.388626,1.545382
1.360410,1.503968
1.334555,1.458161
1.315651,1.446249
1.324936,1.403771
1.361054,1.441717
1.336750,1.452485
1.316356,1.488804
1.354314,1.450177
1.340502,1.415529
1.297572,1.396130
1.261389,1.359797
1.310113,1.371455
