1.205300,0.972913
1.205300,0.972913
0.958311,0.838227
1.140831,0.954762
1.038428,0.863269
1.168671,0.850637
1.168671,0.850637
1.228300,1.037289
1.296321,1.273688
1.321727,1.264110
1.474914,1.375591
1.331647,1.498168
1.288097,1.538457
1.272508,1.541203
1.340240,1.415892
1.361919,1.278964
1.444396,1.463032
1.444396,1.463032
1.528182,1.654176
1.358750,1.515624
1.344001,1.621727
1.248291,1.522971
1.401988,1.719322
1.326323,1.510008
1.326323,1.510008
1.326323,1.510008
1.523238,1.568294
1.467784,1.548638
1.313887,1.494669
1.505659,1.605611
1.505659,1.605611
1.505659,1.605611
1.673005,1.695811
1.465293,1.681573
1.493380,1.745257
1.493380,1.745257
1.414413,1.533962
1.644073,1.437333
1.745637,1.421522
1.575952,1.518608
1.633692,1.468680
1.527169,1.622842
1.768922,1.766289
1.775191,1.637874
1.871922,1.396359
1.934219,1.422707
2.130746,1.446436
2.130746,1.446436
1.974857,1.413560
1.746243,1.603272
1.746243,1.603272
1.525896,1.728046
1.525896,1.728046
1.661184,1.518577
1.611927,1.652533
1.543198,1.524256
1.688114,1.628431
1.652791,1.463262
1.541356,1.568940
1.625955,1.430952
1.625955,1.430952
1.449108,1.661320
1.436221,1.572407
1.526156,1.606386
1.526156,1.606386
1.278164,1.595183
1.334483,1.661344
1.087295,1.658963
1.044069,1.665082
1.084829,1.728187
1.292344,1.927738
1.253358,1.690981
1.217966,1.854741
1.248763,1.953204
1.141873,1.958725
1.141873,1.958725
1.141873,1.958725
1.141873,1.958725
1.340658,1.933759
1.392652,1.800047
1.536298,1.567767
1.748067,1.758720
1.800445,1.584992
2.022098,1.404728
1.883252,1.309963
1.680213,1.336205
1.668075,1.339689
1.431065,1.405755
1.407152,1.502826
1.407152,1.502826
1.583346,1.297403
1.529826,1.279943
1.641117,1.257365
1.641117,1.257365
1.641117,1.257365
1.398396,1.340337
1.344343,1.365891
1.499582,1.466706
1.579625,1.265120
1.396416,1.061155
1.593977,0.966703
1.593977,0.966703
1.463779,0.733316
1.501780,0.916410
1.501780,0.916410
1.330552,1.091567
1.099307,1.056141
0.859848,0.966736
0.634827,1.032829
0.650928,1.145490
0.522764,1.091725
0.714660,1.288985
0.843064,1.369241
1.088317,1.345228
1.034698,1.161510
1.006078,1.149895
1.096258,1.307467
0.933221,1.150299
0.886638,1.218188
0.690098,0.983480
0.878398,0.742002
0.942022,0.569637
0.942022,0.569637
1.038446,0.666353
1.066767,0.648618
0.906859,0.577870
0.893414,0.611945
0.700865,0.434038
0.626051,0.541889
0.635685,0.463926
0.594431,0.604466
0.831716,0.644594
0.856796,0.665367
0.718236,0.895225
0.583104,0.735168
0.603573,0.745152
0.730663,0.757117
0.824934,0.674039
0.780575,0.615897
0.561395,0.864000
0.367974,1.035870
0.534714,0.939197
0.639185,0.785397
0.419715,0.653215
0.419715,0.653215
0.316116,0.468732
0.400448,0.333156
0.473556,0.555581
0.302143,0.609304
0.344417,0.619188
0.408399,0.466752
0.408399,0.466752
0.236039,0.600114
0.209931,0.804889
0.091880,0.729373
-0.007082,0.971509
0.133578,1.052636
0.216771,1.272630
0.216771,1.272630
0.216771,1.272630
0.216771,1.272630
0.279009,1.309111
0.279009,1.309111
0.279009,1.309111
0.232654,1.220795
0.000426,1.159979
-0.010256,1.129042
0.114352,0.917431
0.250585,1.078274
0.173675,0.949745
0.042982,0.894227
-0.060347,0.752791
-0.076390,0.616469
-0.184282,0.774192
-0.217684,0.892805
-0.119459,0.751317
-0.172297,0.702258
-0.279706,0.485095
-0.402356,0.599141
-0.402356,0.599141
-0.286602,0.575901
-0.119897,0.398559
0.103300,0.156870
-0.074041,0.096433
0.082045,-0.069858
-0.099863,0.102770
-0.048082,-0.108950
-0.134202,-0.027317
-0.260004,0.111785
-0.023019,0.115394
-0.202142,0.099470
-0.083798,0.113366
-0.193570,0.164598
-0.229852,0.383468
-0.375684,0.370616
-0.310582,0.546976
-0.439057,0.771704
-0.316562,0.548424
-0.360062,0.442647
-0.278946,0.261288
-0.074393,0.174053
-0.021873,0.379001
0.080960,0.191982
-0.073427,0.414467
-0.040543,0.587266
0.184698,0.719359
0.095888,0.594886
0.289409,0.594106
0.348866,0.396272
0.519340,0.540049
0.447032,0.766719
0.616884,0.964472
0.375528,0.999086
0.511765,1.236119
0.752667,1.066624
0.752667,1.066624
0.599849,1.160529
0.602188,0.971852
0.443313,0.760957
0.351754,0.930930
0.351754,0.930930
0.598192,0.816550
0.768995,1.000484
0.736782,1.087816
0.501808,0.893151
0.477754,1.106369
0.393408,1.000986
0.243640,0.858300
0.243640,0.858300
0.023623,1.023536
0.168377,0.914896
0.168377,0.914896
0.328981,0.680478
0.296907,0.617435
0.296907,0.617435
0.480813,0.518288
0.584130,0.479432
0.598169,0.421989
0.652765,0.520965
0.574514,0.349455
0.441034,0.457747
0.424916,0.568302
0.193058,0.730827
0.400058,0.777192
0.614614,0.815324
0.449654,0.834390
0.449654,0.834390
0.228069,0.659808
0.228069,0.659808
0.039252,0.701810
0.201491,0.462860
0.442063,0.246238
0.472415,0.381456
0.241267,0.474549
0.241267,0.474549
0.262696,0.631428
0.454220,0.576570
0.504172,0.622989
0.546550,0.866179
0.521239,0.958460
0.665543,0.787207
0.768183,0.856233
0.885997,0.956212
0.916260,1.082513
0.916260,1.082513
0.916260,1.082513
0.769940,0.883749
1.004346,1.041125
1.204523,0.919969
1.044298,1.009109
1.140597,1.009220
1.059154,1.207644
0.922821,1.354657
0.695217,1.508839
0.550754,1.524362
0.638528,1.747420
0.881059,1.950777
0.881059,1.950777
0.985770,1.842606
0.985770,1.842606
0.898865,1.725185
0.898865,1.725185
0.752495,1.689218
0.874375,1.624682
1.072473,1.546841
1.217122,1.667516
1.305268,1.642622
1.305268,1.642622
1.178560,1.550643
1.141296,1.754238
1.344119,1.605150
1.344119,1.605150
1.326380,1.468627
1.345790,1.693293
1.578864,1.472239
1.378154,1.633916
1.422032,1.588102
1.422032,1.588102
1.422032,1.588102
1.564533,1.601201
1.428109,1.729993
1.335263,1.762383
1.236163,1.686896
1.472762,1.704456
1.472762,1.704456
1.472762,1.704456
1.721727,1.561028
1.503009,1.566064
1.503009,1.566064
1.503009,1.566064
1.503009,1.566064
1.393554,1.455443
1.393554,1.455443
1.177858,1.258062
1.301082,1.287343
1.536337,1.207624
1.343170,1.154612
1.516935,1.128577
1.591622,0.884683
1.477006,1.040791
1.706495,1.060192
1.780462,1.222667
1.780462,1.222667
1.688430,1.448742
1.765298,1.358655
1.715307,1.159059
1.486146,1.163834
1.506206,1.298450
1.302814,1.402647
1.488886,1.212283
1.543204,1.128718
1.533867,1.207328
1.462330,1.380605
1.368711,1.427440
1.263196,1.530490
1.213564,1.362082
1.080215,1.166121
1.304279,1.011063
1.304279,1.011063
1.212659,1.159581
1.086021,1.257805
0.983735,1.138862
1.123779,1.346830
1.223473,1.407496
1.469933,1.656948
1.220954,1.568216
1.163394,1.665666
1.059735,1.474348
1.163986,1.604576
1.404129,1.701781
1.404129,1.701781
1.404129,1.701781
1.315879,1.473423
1.224475,1.249502
1.442701,1.477123
1.518074,1.273019
1.438705,1.311719
1.623934,1.465136
1.605545,1.402700
1.504366,1.385170
1.283398,1.568663
1.147228,1.461930
0.938169,1.300778
1.024791,1.154520
1.023132,1.278031
1.172080,1.143925
1.367211,1.216142
1.246219,1.201283
1.081436,1.199080
0.834440,1.428121
0.917090,1.528560
0.797334,1.296209
1.018558,1.410872
0.786019,1.624906
0.971659,1.671792
0.998862,1.874879
0.758480,1.778834
0.651421,1.932418
0.715477,2.018023
0.715477,2.018023
0.868363,2.068657
0.721749,1.940603
0.721749,1.940603
0.721749,1.940603
0.721749,1.940603
0.785013,1.705806
0.908508,1.801761
0.908508,1.801761
1.072125,1.711744
1.179752,1.588452
1.428415,1.377566
1.597656,1.301934
1.707252,1.278427
1.721086,1.288406
1.704012,1.338046
1.487791,1.297744
1.724731,1.546766
1.602863,1.319722
1.552298,1.479901
1.400261,1.680878
1.315050,1.544937
1.112213,1.458244
0.948993,1.231222
0.948993,1.231222
1.106413,1.481027
1.106413,1.481027
1.195175,1.306475
1.231890,1.380686
1.253264,1.605472
1.495533,1.425177
1.272751,1.622461
1.490731,1.713169
1.293464,1.741107
1.344150,1.630779
1.119756,1.737755
1.119213,1.611396
0.919481,1.722622
1.041207,1.569237
0.955000,1.678182
1.075720,1.621960
1.262613,1.740137
1.378804,1.561983
1.418417,1.326701
1.432778,1.192554
1.328797,1.088421
1.347150,1.054284
1.177040,1.006857
1.015071,0.800449
1.103410,1.006496
1.280092,1.003175
1.526877,1.222496
1.726594,1.357590
1.791757,1.554924
1.644378,1.565311
1.649608,1.453351
1.649608,1.453351
1.654709,1.694288
1.589938,1.586373
1.393944,1.513209
1.294603,1.386836
1.294603,1.386836
1.423380,1.250024
1.565239,1.465417
1.565239,1.465417
1.398260,1.563734
1.257773,1.391512
1.060734,1.252551
1.041059,1.070710
0.909954,1.101758
0.909954,1.101758
0.968229,1.033136
0.968229,1.033136
1.203437,1.166812
1.386152,1.064991
1.628978,1.225715
1.659803,1.302928
1.563880,1.124994
1.524815,1.067063
1.377181,1.272728
1.298253,1.246006
1.325446,1.276416
1.287038,1.253185
1.173971,1.437879
1.081777,1.426775
1.264471,1.456849
1.366572,1.467267
1.371027,1.348002
1.247952,1.324400
1.479243,1.142380
1.317066,0.929152
1.161649,0.830712
1.161649,0.830712
0.973148,0.693953
0.973148,0.693953
1.082534,0.652907
1.051124,0.737044
0.984633,0.725060
1.036697,0.766756
1.143460,0.633864
1.350107,0.744025
1.372844,0.890220
1.372844,0.890220
1.396387,1.083841
1.349294,1.081300
1.176973,0.887976
1.010142,0.951576
0.779330,1.194960
0.569106,0.968972
0.379380,0.745273
0.347228,0.867451
0.403785,0.915805
0.367622,1.126924
0.590186,1.257053
0.590186,1.257053
0.590186,1.257053
0.766689,1.248418
0.703160,1.005057
0.903765,1.078091
0.668032,1.105423
0.912904,1.169351
0.730468,0.977700
0.849041,0.829511
0.866180,0.879061
1.083088,0.954442
1.006990,0.980633
1.006990,0.980633
1.028762,0.910419
1.207057,1.012495
0.979427,1.226338
0.979427,1.226338
1.157021,1.054632
1.306221,1.164237
1.264220,1.244112
1.430228,1.349114
1.353824,1.212610
1.544794,1.358687
1.544794,1.358687
1.631793,1.553184
1.816663,1.652602
1.816663,1.652602
1.854930,1.813213
1.711136,2.056019
1.513641,2.261902
1.671602,2.107748
1.914809,2.194128
1.938697,2.183880
1.938697,2.183880
1.938697,2.183880
1.897064,1.959285
1.737242,1.828345
1.679316,1.768540
1.689316,1.841634
1.689316,1.841634
1.709504,1.627430
1.709504,1.627430
1.674407,1.761412
1.676722,1.671304
1.509661,1.877843
1.509661,1.877843
1.362599,1.700691
1.204481,1.711779
1.221099,1.513397
1.333518,1.445169
1.407943,1.304543
1.435201,1.425612
1.287678,1.508816
1.287678,1.508816
1.404712,1.495611
1.394768,1.363423
1.249944,1.303684
1.050535,1.339261
1.020402,1.400536
1.090290,1.497877
1.090290,1.497877
1.252542,1.479411
1.406251,1.354305
1.454800,1.330451
1.454800,1.330451
1.324423,1.574876
1.467034,1.445603
1.531860,1.476457
1.496685,1.283729
1.295992,1.240558
1.105583,1.037845
1.191315,0.925029
1.119692,1.164335
1.252125,0.958048
1.287613,0.905382
1.512614,1.000501
1.353325,0.840929
1.176232,0.927347
1.176232,0.927347
1.051914,1.019188
1.059403,0.881233
0.873938,0.768261
0.769695,0.762703
0.944531,0.732775
0.944531,0.732775
0.852662,0.696776
0.984012,0.787614
1.192531,0.870765
1.192531,0.870765
0.959988,1.020791
0.927500,0.997573
0.927500,0.997573
1.061463,1.015678
0.907605,1.119178
0.735679,1.051753
0.735679,1.051753
0.979522,0.831759
0.758037,0.827790
0.701900,0.837694
0.931517,0.999951
0.931517,0.999951
1.031161,1.230627
0.955400,1.404264
0.955400,1.404264
1.174353,1.352753
1.204728,1.370997
1.175851,1.530871
1.175851,1.530871
1.303030,1.525425
1.491511,1.330088
1.480613,1.168819
1.480613,1.168819
1.427635,1.261029
1.599210,1.420481
1.509586,1.610482
1.509586,1.610482
1.620585,1.673816
1.386067,1.627956
1.510657,1.618904
1.366620,1.781484
1.245833,1.722315
1.455237,1.663287
1.432688,1.683872
1.607205,1.791703
1.429746,1.737619
1.341885,1.559298
1.201127,1.345136
1.022616,1.105915
1.166665,1.145589
1.017991,1.370792
1.261360,1.180314
1.261360,1.180314
1.104438,1.294441
1.104438,1.294441
1.132676,1.391716
1.154729,1.529697
1.138355,1.336786
1.138355,1.336786
1.304967,1.577644
1.503086,1.369818
1.656158,1.551430
1.696716,1.701902
1.492725,1.721979
1.333255,1.509633
1.355172,1.378969
1.512843,1.355017
1.334224,1.299135
1.493083,1.240862
1.428598,1.446227
1.550596,1.373397
1.602521,1.562353
1.404141,1.402752
1.404141,1.402752
1.379245,1.474648
1.516923,1.430921
1.564125,1.241521
1.811387,1.476297
1.757882,1.230502
1.563315,1.141978
1.622939,1.228672
1.599785,1.085585
1.578463,1.222169
1.757954,1.435984
1.628784,1.469160
1.628784,1.469160
1.791961,1.487216
1.728827,1.400823
1.715596,1.520369
1.722488,1.351450
1.762829,1.368193
1.796980,1.342569
1.796980,1.342569
1.752742,1.343169
1.524777,1.425774
1.483238,1.278029
1.428126,1.517019
1.548103,1.459444
1.518654,1.522519
1.518654,1.522519
1.435609,1.273568
1.435609,1.273568
1.557160,1.186864
1.557160,1.186864
1.384324,1.332007
1.617958,1.520131
1.617958,1.520131
1.617958,1.520131
1.855976,1.391788
1.717512,1.218449
1.602859,1.256833
1.537675,1.209296
1.491504,1.210781
1.329044,1.240822
1.481890,1.118576
1.412095,1.086779
1.412095,1.086779
1.412095,1.086779
1.475280,1.037978
1.475280,1.037978
1.239519,1.089944
1.272726,1.203510
1.228272,1.068914
1.062451,1.108919
1.248566,1.154311
1.259224,1.269649
1.102994,1.512629
1.186569,1.665054
1.426088,1.764077
1.426088,1.764077
1.426088,1.764077
1.649198,1.570804
1.708131,1.565123
1.708131,1.565123
1.544296,1.474915
1.623592,1.712073
1.623592,1.712073
1.623592,1.712073
1.775693,1.577017
1.783366,1.526325
1.783366,1.526325
1.783366,1.526325
1.671764,1.335712
1.775191,1.133438
1.667767,1.167854
1.498783,1.038738
1.690903,1.010347
1.690903,1.010347
1.802835,1.246472
1.573542,1.026097
1.573542,1.026097
1.598570,1.163757
1.466664,1.230029
1.414866,1.149568
1.487492,1.282559
1.709991,1.326800
1.800288,1.433307
1.607992,1.519965
1.606426,1.708750
1.819813,1.601029
1.819813,1.601029
1.819813,1.601029
1.929444,1.668049
2.009457,1.435757
2.009457,1.435757
2.009457,1.435757
2.029626,1.428522
2.029626,1.428522
1.834155,1.641506
1.834155,1.641506
1.938999,1.759037
1.809047,1.646766
1.809047,1.646766
1.809047,1.646766
1.887647,1.690753
1.887647,1.690753
1.834430,1.772752
1.727926,1.751231
1.498625,1.897495
1.454617,1.750931
1.415110,1.748331
1.572449,1.647657
1.665670,1.417697
1.752035,1.459395
1.797442,1.600946
1.926733,1.600434
1.926733,1.600434
1.843429,1.510102
1.769086,1.535429
1.602471,1.735575
1.651433,1.638707
1.484015,1.834778
1.484015,1.834778
1.484015,1.834778
1.649680,1.667066
1.598834,1.610555
1.431888,1.741801
1.431888,1.741801
1.541683,1.558937
1.531466,1.355151
1.538802,1.140477
1.757281,1.121996
1.515848,1.358697
1.698860,1.245827
1.576740,1.267745
1.516727,1.123743
1.631890,1.171098
1.636865,1.296908
1.822337,1.509616
1.822337,1.509616
1.822337,1.509616
1.749239,1.455407
1.523645,1.398294
1.680642,1.541869
1.573958,1.516064
1.396443,1.512136
1.146456,1.489880
1.133529,1.729394
1.133529,1.729394
1.069291,1.575319
1.076010,1.501408
1.032859,1.262184
0.796229,1.215913
0.796229,1.215913
0.796229,1.215913
0.796229,1.215913
0.841932,1.346920
0.842821,1.290537
1.044684,1.506543
0.987085,1.429192
0.959138,1.235524
1.073904,1.108375
1.073904,1.108375
0.938693,1.113871
0.840292,1.295136
1.002879,1.394247
1.144529,1.596907
1.232525,1.545978
1.457070,1.468066
1.672861,1.279281
1.767298,1.471128
1.901580,1.362411
2.070464,1.296684
1.889993,1.116431
1.889993,1.116431
1.905247,0.992880
1.662379,1.097245
1.780589,0.855343
1.670997,0.949726
1.670997,0.949726
1.582462,0.936130
1.506935,1.055298
1.604660,1.028450
1.375095,1.220445
1.375095,1.220445
1.280117,1.433152
1.398224,1.456453
1.435112,1.433269
1.580355,1.525732
1.580355,1.525732
1.412087,1.450798
1.177058,1.314246
1.063688,1.401387
1.179185,1.570532
1.065568,1.507205
1.200008,1.526363
1.200008,1.526363
1.383448,1.610986
1.551266,1.621453
1.540602,1.394096
1.540602,1.394096
1.494192,1.392080
1.485216,1.533637
1.255888,1.708413
1.402652,1.872626
1.495403,1.737689
1.495403,1.737689
1.628414,1.746901
1.498768,1.795002
1.278493,1.635797
1.091482,1.543388
1.010346,1.391164
1.140146,1.433826
1.140146,1.433826
1.386607,1.205541
1.456967,1.247108
1.228813,1.162969
1.383781,1.205594
1.467901,1.016749
1.279666,0.846154
1.400670,1.056058
1.383489,0.807523
1.421848,1.000885
1.424576,0.849453
1.179448,0.984677
1.302362,0.793382
1.385249,0.872488
1.385249,0.872488
1.231149,0.917562
1.374556,1.155027
1.203014,1.062020
1.361240,0.863293
1.361240,0.863293
1.346558,1.100341
1.120129,1.009574
1.361567,0.864669
1.173379,0.984937
1.173379,0.984937
1.200937,1.141915
1.320401,0.987105
1.366943,1.214862
1.473498,1.084323
1.505827,0.927952
1.463918,1.076415
1.693220,0.946133
1.683296,1.156267
1.837462,1.223973
1.803384,1.467541
1.858394,1.528737
1.858394,1.528737
1.858394,1.528737
1.735463,1.419128
1.516951,1.389074
1.392562,1.281927
1.392562,1.281927
1.488190,1.504318
1.488190,1.504318
1.353950,1.329813
1.298499,1.367873
1.356050,1.129302
1.262341,1.170766
1.495523,1.255541
1.522237,1.243382
1.442411,1.107658
1.504974,1.092137
1.283380,1.261188
1.476435,1.442946
1.592554,1.557039
1.752253,1.621374
1.813419,1.632619
1.707034,1.622824
1.707034,1.622824
1.707034,1.622824
1.572517,1.788315
1.351506,1.759549
1.463976,1.550935
1.326767,1.476873
1.345735,1.266887
1.558595,1.311663
1.797792,1.487211
1.797792,1.487211
1.821979,1.504732
1.821979,1.504732
1.580187,1.703811
1.559813,1.781269
1.559813,1.781269
1.504703,1.541465
1.437300,1.696423
1.677767,1.726886
1.628278,1.969481
1.403892,1.721135
1.523336,1.701115
1.503122,1.479116
1.598207,1.558606
1.443053,1.392939
1.355559,1.374491
1.351122,1.314387
1.113037,1.316594
1.201691,1.322451
1.279023,1.534240
1.384371,1.620980
1.608765,1.515843
1.676559,1.424982
1.676559,1.424982
1.689488,1.231198
1.689488,1.231198
1.632252,1.266965
1.754433,1.251467
1.747446,1.321208
1.747446,1.321208
1.844834,1.126312
1.728605,1.155840
1.728605,1.155840
1.533758,1.373330
1.589512,1.434326
1.400491,1.553473
1.400491,1.553473
1.559881,1.420994
1.486437,1.552865
1.486437,1.552865
1.465401,1.491705
1.692789,1.697143
1.692789,1.697143
1.772208,1.500164
1.561578,1.439112
1.530977,1.626499
1.620955,1.397641
1.813032,1.621639
1.721320,1.719315
1.866457,1.541998
1.687645,1.750085
1.687645,1.750085
1.816716,1.541627
1.819422,1.519569
1.628656,1.319145
1.720342,1.283005
1.542634,1.045331
1.751991,1.209666
1.751991,1.209666
1.751991,1.209666
1.614643,1.308092
1.522225,1.530098
1.696306,1.311801
1.599833,1.395601
1.649436,1.575323
1.530862,1.698397
1.530862,1.698397
1.673925,1.656843
1.673925,1.656843
1.602609,1.548846
1.522450,1.311140
1.640675,1.328241
1.655814,1.260764
1.529610,1.157387
1.736681,1.403143
1.736681,1.403143
1.567026,1.509643
1.597386,1.267477
