0,0
-0.126539,-0.239811
-0.038433,-0.439314
0.070144,-0.595393
0.318451,-0.792156
0.468893,-0.812112
0.538693,-0.681139
0.725618,-0.544881
0.647322,-0.460252
0.628192,-0.483074
0.526730,-0.251589
0.728331,-0.442705
0.746539,-0.413144
0.673261,-0.494738
0.830344,-0.407906
0.830344,-0.407906
0.806900,-0.437679
0.767465,-0.210342
0.568003,-0.066834
0.754234,-0.094222
0.808665,-0.259849
0.695191,-0.421259
0.480815,-0.447288
0.443707,-0.624681
0.443707,-0.624681
0.255820,-0.434010
0.147682,-0.407182
-0.097867,-0.354576
0.010028,-0.467782
-0.073498,-0.284444
-0.231871,-0.053180
-0.341076,0.029071
-0.293343,0.277124
-0.293343,0.277124
-0.291194,0.407051
-0.291194,0.407051
-0.135117,0.581666
-0.262015,0.814412
-0.212573,0.779733
-0.036031,0.924178
0.142155,0.699724
0.111023,0.457803
-0.056829,0.368530
-0.093374,0.166730
-0.116211,0.337411
-0.114792,0.191616
-0.063029,0.176921
-0.142381,-0.005353
-0.116205,-0.057433
-0.301683,0.114788
-0.127401,0.268385
-0.115873,0.028397
-0.237830,-0.207043
0.008846,-0.333414
-0.194571,-0.158932
-0.274320,0.006560
-0.393087,-0.108702
-0.350882,-0.278237
-0.497744,-0.088253
-0.455897,-0.260234
-0.238024,-0.476904
-0.272570,-0.587857
-0.452099,-0.423109
-0.652327,-0.652710
-0.813045,-0.845791
-0.648735,-0.783862
-0.803792,-0.838847
-0.804768,-0.742844
-0.570740,-0.926842
-0.749911,-0.757265
-0.733053,-0.921248
-0.644306,-0.850270
-0.736839,-1.055773
-0.563930,-0.963161
-0.804648,-0.715621
-0.591060,-0.941083
-0.651412,-0.787311
-0.651355,-0.827550
-0.448385,-1.009234
-0.350187,-1.095620
-0.543171,-1.070078
-0.604485,-1.085495
-0.604485,-1.085495
-0.604485,-1.085495
-0.604485,-1.085495
-0.604485,-1.085495
-0.788993,-1.108790
-0.559313,-0.872286
-0.739407,-0.715907
-0.801847,-0.641209
-0.652943,-0.520675
-0.652943,-0.520675
-0.789964,-0.423649
-0.606549,-0.273182
-0.510572,-0.190809
-0.453659,-0.147683
-0.225575,-0.236365
-0.116100,-0.294509
-0.329088,-0.476626
-0.103749,-0.709953
0.134811,-0.731798
0.158672,-0.705736
0.008618,-0.651442
0.145188,-0.824820
0.329398,-0.799421
0.307780,-0.634221
0.308363,-0.841381
0.223925,-0.995348
0.223925,-0.995348
0.173109,-1.059314
0.173109,-1.059314
0.198863,-1.203576
0.148663,-1.423727
0.148663,-1.423727
0.148663,-1.423727
0.148663,-1.423727
-0.030454,-1.333147
-0.257082,-1.278930
-0.160768,-1.521038
-0.160768,-1.521038
-0.328901,-1.341977
-0.231138,-1.240536
-0.231138,-1.240536
-0.250760,-1.017360
-0.449221,-1.061007
-0.363889,-0.886167
-0.507132,-0.872381
-0.363048,-0.746599
-0.484749,-0.671666
-0.606874,-0.737880
-0.538421,-0.741018
-0.622655,-0.963086
-0.674506,-0.913977
-0.674506,-0.913977
-0.545312,-1.054340
-0.603032,-1.154988
-0.485688,-0.956711
-0.356649,-1.199178
-0.316287,-1.337037
-0.530254,-1.485714
-0.690932,-1.487531
-0.686539,-1.652700
-0.771464,-1.491957
-0.917394,-1.645921
-0.917394,-1.645921
-1.097650,-1.706768
-1.138495,-1.683397
-1.101054,-1.912600
-1.101054,-1.912600
-1.129168,-1.927643
-1.129168,-1.927643
-1.254915,-1.849932
-1.027244,-1.894651
-1.150110,-1.896798
-1.150110,-1.896798
-1.173797,-2.002572
-1.109649,-1.869216
-1.019708,-1.726488
-0.779174,-1.585507
-0.589273,-1.411768
-0.709394,-1.287818
-0.666093,-1.526715
-0.859900,-1.336410
-0.852842,-1.212837
-0.852842,-1.212837
-0.976734,-1.460651
-1.159969,-1.592910
-1.085862,-1.586507
-1.085862,-1.586507
-0.872221,-1.421277
-0.635473,-1.401267
-0.656777,-1.458390
-0.607397,-1.513013
-0.549851,-1.341736
-0.461266,-1.491141
-0.418951,-1.313301
-0.418951,-1.313301
-0.655967,-1.338846
-0.655967,-1.338846
-0.552968,-1.234676
-0.380852,-0.987792
-0.462716,-0.870111
-0.646594,-0.798303
-0.646594,-0.798303
-0.449012,-0.551831
-0.416123,-0.775396
-0.465205,-0.698255
-0.596469,-0.857921
-0.596469,-0.857921
-0.425413,-0.912642
-0.315968,-0.978905
-0.448894,-1.062188
-0.429769,-1.120177
-0.331061,-1.143599
-0.395741,-1.211668
-0.488987,-1.412726
-0.649459,-1.463814
-0.824655,-1.469992
-1.005256,-1.343992
-1.233241,-1.585860
-1.415833,-1.409425
-1.415833,-1.409425
-1.415833,-1.409425
-1.428651,-1.338634
-1.497679,-1.486756
-1.497679,-1.486756
-1.497679,-1.486756
-1.342762,-1.306574
-1.342762,-1.306574
-1.176453,-1.152742
-0.981484,-1.295892
-1.124617,-1.432672
-1.124617,-1.432672
-0.938915,-1.338571
-0.938915,-1.338571
-1.126411,-1.582699
-1.298591,-1.411481
-1.298591,-1.411481
-1.485233,-1.313424
-1.268843,-1.448225
-1.287158,-1.266730
-1.222822,-1.473641
-1.351757,-1.471803
-1.437886,-1.554962
-1.589353,-1.753037
-1.756995,-1.820867
-1.701239,-1.730409
-1.701239,-1.730409
-1.499200,-1.546448
-1.628490,-1.527520
-1.628490,-1.527520
-1.628490,-1.527520
-1.628490,-1.527520
-1.775151,-1.466207
-1.528886,-1.484784
-1.747635,-1.503829
-1.747635,-1.503829
-1.773942,-1.636280
-1.546219,-1.797249
-1.593905,-1.755824
-1.375064,-1.703070
-1.588252,-1.754381
-1.588252,-1.754381
-1.637213,-1.630672
-1.621341,-1.386115
-1.623947,-1.181083
-1.820302,-1.314940
-1.647519,-1.351574
-1.749996,-1.188250
-1.682120,-1.395522
-1.462293,-1.258366
-1.640129,-1.146151
-1.736320,-1.327284
-1.510512,-1.167322
-1.646449,-1.369291
-1.725738,-1.472023
-1.646036,-1.430182
-1.867709,-1.588256
-1.924744,-1.668018
-1.936809,-1.456542
-1.747944,-1.701264
-1.640407,-1.814725
-1.789708,-1.616004
-1.715901,-1.651219
-1.519514,-1.473538
-1.519514,-1.473538
-1.519514,-1.473538
-1.519514,-1.473538
-1.573312,-1.652654
-1.560303,-1.517235
-1.547945,-1.316194
-1.343332,-1.387465
-1.397122,-1.432942
-1.397122,-1.432942
-1.547178,-1.421556
-1.516787,-1.644282
-1.276316,-1.540992
-1.040479,-1.329594
-1.240156,-1.304264
-1.428009,-1.539540
-1.428009,-1.539540
-1.345679,-1.334902
-1.365361,-1.126230
-1.365361,-1.126230
-1.192996,-1.180335
-1.151790,-1.135224
-1.134060,-1.138880
-1.300395,-1.246058
-1.311456,-1.141125
-1.488671,-1.087261
-1.299189,-0.961762
-1.437951,-1.139020
-1.282836,-1.130208
-1.282836,-1.130208
-1.194470,-0.954176
-1.284782,-0.829100
-1.210419,-1.010008
-1.242587,-1.164473
-1.445157,-1.251658
-1.641158,-1.450110
-1.641158,-1.450110
-1.641158,-1.450110
-1.528894,-1.618147
-1.464028,-1.411497
-1.613039,-1.353310
-1.516432,-1.164437
-1.481141,-1.037625
-1.570806,-1.039253
-1.810435,-0.982802
-1.810435,-0.982802
-1.810435,-0.982802
-1.789769,-1.145938
-1.918688,-1.383994
-1.839737,-1.459344
-1.839737,-1.459344
-1.930980,-1.476124
-1.831806,-1.667870
-1.773882,-1.639226
-1.726473,-1.827819
-1.918145,-1.761183
-1.918145,-1.761183
-1.716714,-1.805116
-1.539117,-1.940418
-1.691761,-1.919724
-1.691761,-1.919724
-1.691761,-1.919724
-1.702911,-1.820921
-1.835145,-1.774395
-1.808357,-1.555974
-1.785348,-1.338205
-1.675123,-1.293496
-1.675123,-1.293496
-1.548806,-1.275542
-1.392500,-1.251551
-1.308492,-1.327369
-1.308492,-1.327369
-1.232628,-1.286135
-1.170090,-1.197999
-1.256410,-0.988928
-1.256410,-0.988928
-1.256410,-0.988928
-1.380625,-1.171650
-1.223582,-1.237597
-1.181513,-1.182777
-1.181513,-1.182777
-1.135917,-1.353158
-1.056432,-1.451756
-0.971527,-1.448019
-1.003561,-1.354536
-1.078450,-1.510953
-1.078450,-1.510953
-1.177184,-1.434194
-1.177184,-1.434194
-1.413140,-1.639950
-1.217494,-1.414473
-1.413777,-1.347045
-1.368879,-1.257630
-1.487929,-1.122074
-1.356128,-0.947362
-1.356128,-0.947362
-1.600678,-1.093071
-1.586871,-1.039139
-1.603871,-1.262011
-1.681360,-1.115622
-1.681360,-1.115622
-1.454936,-1.108867
-1.241705,-1.343803
-1.470903,-1.464504
-1.672588,-1.689780
-1.672588,-1.689780
-1.675974,-1.601695
-1.675974,-1.601695
-1.675974,-1.601695
-1.478855,-1.623811
-1.478855,-1.623811
-1.638593,-1.832484
-1.430330,-2.050440
-1.514796,-2.176853
-1.271533,-2.148382
-1.512590,-2.107650
-1.321025,-1.960358
-1.321025,-1.960358
-1.136286,-2.062380
-1.136286,-2.062380
-1.032745,-1.846641
-1.066056,-1.695070
-1.297767,-1.576568
-1.095820,-1.449604
-1.236921,-1.434547
-1.255358,-1.307192
-1.255358,-1.307192
-1.288173,-1.323503
-1.226164,-1.142903
-0.976309,-1.329580
-0.898532,-1.128953
-0.839522,-1.343855
-0.591108,-1.249463
-0.473220,-1.412252
-0.575598,-1.579846
-0.594290,-1.725383
-0.762549,-1.665195
-0.971691,-1.707219
-0.971691,-1.707219
-0.803746,-1.565226
-0.693700,-1.511852
-0.693700,-1.511852
-0.693700,-1.511852
-0.614910,-1.296351
-0.461011,-1.214520
-0.697836,-1.030992
-0.464970,-1.244172
-0.464970,-1.244172
-0.510031,-1.097740
-0.510031,-1.097740
-0.632576,-1.201707
-0.571632,-1.414875
-0.638743,-1.349450
-0.473392,-1.301315
-0.473392,-1.301315
-0.473392,-1.301315
-0.517288,-1.058085
-0.317672,-1.106580
-0.180406,-1.079000
-0.280549,-1.188842
-0.319902,-1.099845
-0.319902,-1.099845
-0.348078,-1.140248
-0.427421,-1.164413
-0.662526,-1.066529
-0.434521,-0.998970
-0.614249,-1.179490
-0.853172,-1.257556
-0.943178,-1.489690
-1.177745,-1.353085
-1.329505,-1.496267
-1.231187,-1.567253
-1.475231,-1.711639
-1.480638,-1.579756
-1.552122,-1.511667
-1.522438,-1.619298
-1.522438,-1.619298
-1.576102,-1.544835
-1.576102,-1.544835
-1.422918,-1.487688
-1.356134,-1.543652
-1.523836,-1.610611
-1.523836,-1.610611
-1.504267,-1.712838
-1.504267,-1.712838
-1.504267,-1.712838
-1.504267,-1.712838
-1.475846,-1.535330
-1.611531,-1.506278
-1.641983,-1.302541
-1.817601,-1.423683
-1.817601,-1.423683
-1.670316,-1.496719
-1.734398,-1.534023
-1.734398,-1.534023
-1.616723,-1.764682
-1.562173,-1.937116
-1.756809,-1.688204
-1.711969,-1.556032
-1.711969,-1.556032
-1.478248,-1.408329
-1.244037,-1.526370
-1.305054,-1.543563
-1.305054,-1.543563
-1.387210,-1.334678
-1.174234,-1.358739
-1.066181,-1.304488
-1.066181,-1.304488
-0.974557,-1.380201
-0.974557,-1.380201
-0.974557,-1.380201
-0.974557,-1.380201
-1.203450,-1.385735
-1.123050,-1.599139
-1.123050,-1.599139
-1.123050,-1.599139
-1.133899,-1.440322
-1.234753,-1.489403
-1.149392,-1.327083
-1.149392,-1.327083
-1.194469,-1.433290
-1.194469,-1.433290
-1.429027,-1.660991
-1.395712,-1.728186
-1.483021,-1.639616
-1.585981,-1.578572
-1.450328,-1.669518
-1.603984,-1.659477
-1.603148,-1.606556
-1.576188,-1.486114
-1.721906,-1.570102
-1.935911,-1.358178
-1.935911,-1.358178
-1.959123,-1.474403
-2.201812,-1.353873
-2.126508,-1.214683
-2.150076,-1.330881
-2.150076,-1.330881
-1.960062,-1.264565
-1.723367,-1.136389
-1.860149,-1.022670
-1.757448,-0.928922
-1.723588,-0.849870
-1.929141,-1.077878
-1.973794,-1.061318
-1.989943,-0.972888
-1.797463,-0.965939
-1.624141,-0.930578
-1.650356,-1.026959
-1.650356,-1.026959
-1.406980,-1.109276
-1.201510,-1.283875
-1.342477,-1.513152
-1.342477,-1.513152
-1.479977,-1.474793
-1.618128,-1.380141
-1.745568,-1.268758
-1.630762,-1.208764
-1.831793,-1.441479
-1.678883,-1.489246
-1.571796,-1.673756
-1.430866,-1.563705
-1.437852,-1.478620
-1.437852,-1.478620
-1.570979,-1.442546
-1.426605,-1.447596
-1.452707,-1.651737
-1.336018,-1.457018
-1.336018,-1.457018
-1.543787,-1.419968
-1.492856,-1.425276
-1.536297,-1.549630
-1.536297,-1.549630
-1.536297,-1.549630
-1.554134,-1.322877
-1.397952,-1.370976
-1.490034,-1.509096
-1.490034,-1.509096
-1.732339,-1.422259
-1.549928,-1.641747
-1.505089,-1.531613
-1.495683,-1.452464
-1.351031,-1.282401
-1.515499,-1.495637
-1.515499,-1.495637
-1.515499,-1.495637
-1.275747,-1.485226
-1.203276,-1.461244
-1.204392,-1.212957
-1.204392,-1.212957
-1.165482,-1.252128
-1.087964,-1.417571
-1.087964,-1.417571
-1.334470,-1.438570
-1.424969,-1.455793
-1.520875,-1.352643
-1.494793,-1.491086
-1.494793,-1.491086
-1.643305,-1.522451
-1.777109,-1.371635
-1.740894,-1.212422
-1.873604,-1.154631
-1.957025,-1.223771
-1.957025,-1.223771
-1.935873,-1.213822
-1.935873,-1.213822
-1.935873,-1.213822
-2.172350,-1.181675
-2.172350,-1.181675
-2.034238,-0.931822
-2.034238,-0.931822
-2.034238,-0.931822
-1.964029,-0.935260
-2.075473,-0.974574
-1.835073,-1.064906
-1.733740,-0.961078
-1.555801,-0.851301
-1.555801,-0.851301
-1.396117,-1.043103
-1.408134,-1.004050
-1.501289,-1.166523
-1.711471,-1.188176
-1.700226,-1.193252
-1.500404,-1.290839
-1.663804,-1.055315
-1.663804,-1.055315
-1.661394,-1.056286
-1.423389,-0.899110
-1.425708,-0.879315
-1.616862,-1.098638
-1.616862,-1.098638
-1.768710,-1.202464
-1.547278,-1.106221
-1.363226,-1.234376
-1.363226,-1.234376
-1.363226,-1.234376
-1.431952,-1.318790
-1.497008,-1.209950
-1.375571,-1.213567
-1.370299,-1.121554
-1.216643,-1.114260
-1.051690,-1.257139
-1.084053,-1.173756
-1.296796,-1.245003
-1.075526,-1.368686
-1.053715,-1.282463
-0.979021,-1.400572
-1.004898,-1.319544
-1.163366,-1.199071
-0.937565,-1.152372
-0.693725,-0.939051
-0.550358,-0.871469
-0.748242,-0.705217
-0.963652,-0.593780
-0.963652,-0.593780
-0.883868,-0.673602
-1.052026,-0.893017
-1.221440,-0.733717
-1.286640,-0.550219
-1.343116,-0.748493
-1.366453,-0.977254
-1.253539,-1.222909
-1.346083,-1.125273
-1.291646,-1.188754
-1.122257,-1.277968
-1.122257,-1.277968
-1.322325,-1.311029
-1.569505,-1.165081
-1.502861,-1.092337
-1.638122,-0.916143
-1.565476,-0.949481
-1.365670,-0.815516
-1.169424,-1.008842
-1.238753,-1.225258
-1.442712,-1.159906
-1.445977,-1.029585
-1.209109,-0.991271
-1.451899,-1.059124
-1.612751,-1.012894
-1.701586,-1.064147
-1.701586,-1.064147
-1.705519,-1.151948
-1.747352,-1.246480
-1.613845,-1.391099
-1.613845,-1.391099
-1.644993,-1.395336
-1.436429,-1.561081
-1.328021,-1.557283
-1.328493,-1.488395
-1.105617,-1.599696
-1.105617,-1.599696
-1.205077,-1.724337
-1.056306,-1.837417
-1.181778,-1.640865
-1.394740,-1.889128
-1.188365,-1.852391
-1.188365,-1.852391
-1.368247,-1.625642
-1.171715,-1.507386
-1.171715,-1.507386
-1.238552,-1.335388
-1.425176,-1.424878
-1.177508,-1.370462
-1.188227,-1.526754
-1.073481,-1.489181
-1.042593,-1.357830
-1.279867,-1.220170
-1.096645,-1.315220
-1.096645,-1.315220
-1.224710,-1.203992
-1.423162,-1.089692
-1.589020,-1.167215
-1.589020,-1.167215
-1.589020,-1.167215
-1.589020,-1.167215
-1.775159,-1.088977
-1.775159,-1.088977
-1.866199,-1.207551
-1.813931,-1.241342
-1.786783,-1.463859
-1.579608,-1.464382
-1.442236,-1.659946
-1.565857,-1.866411
-1.565857,-1.866411
-1.686894,-1.633393
-1.686894,-1.633393
-1.630656,-1.439015
-1.611903,-1.260569
-1.664431,-1.093646
-1.659796,-1.197262
-1.659796,-1.197262
-1.793788,-1.194807
-1.644165,-0.976064
-1.802513,-0.838306
-2.026889,-0.926853
-1.957978,-0.728479
-1.769524,-0.893504
-1.800426,-0.754465
-1.800426,-0.754465
-1.808256,-0.854365
-1.631126,-0.833712
-1.640585,-0.806264
-1.399581,-0.764837
-1.583110,-0.835676
-1.568205,-0.818219
-1.578586,-0.792915
-1.624363,-0.669496
-1.467885,-0.740259
-1.243211,-0.653980
-1.387897,-0.885711
-1.494982,-0.657842
-1.582427,-0.846163
-1.541548,-0.804074
-1.716658,-0.873514
-1.516830,-0.861571
-1.483746,-0.817450
-1.309692,-0.990604
-1.554082,-0.964497
-1.583950,-0.947302
-1.390687,-0.773301
-1.345724,-0.590592
-1.312698,-0.512833
-1.505802,-0.511026
-1.505802,-0.511026
-1.659380,-0.699158
-1.659380,-0.699158
-1.659380,-0.699158
-1.659896,-0.868875
-1.433696,-0.627727
-1.309805,-0.392412
-1.309805,-0.392412
-1.061732,-0.529067
-1.075549,-0.758560
-1.297137,-0.975447
-1.412116,-0.926667
-1.184815,-0.684338
-0.959297,-0.905737
-0.923925,-0.905538
-0.880441,-1.064715
-0.724134,-1.024922
-0.572981,-1.086124
-0.526024,-0.884371
-0.450717,-0.698180
-0.686523,-0.891010
-0.833802,-0.717249
-0.833802,-0.717249
-0.742085,-0.726687
-0.815017,-0.498457
-0.980859,-0.302018
-0.980859,-0.302018
-0.950043,-0.374766
-1.199545,-0.247878
-1.215578,-0.227700
-1.361645,-0.172614
-1.477678,-0.326333
-1.328874,-0.381327
-1.372228,-0.531843
-1.434051,-0.599090
-1.619921,-0.513983
-1.576499,-0.725146
-1.487379,-0.872160
-1.344735,-0.958973
-1.344735,-0.958973
-1.380787,-0.895262
-1.188999,-1.004430
-1.091827,-0.837073
-0.973247,-0.870089
-0.968187,-0.825198
-1.047893,-0.941245
-1.098083,-0.974397
-1.102573,-0.948163
-1.339379,-0.950332
-1.374576,-1.003539
-1.378607,-1.242461
-1.219658,-1.296675
-1.186732,-1.396932
-1.316743,-1.505985
-1.100490,-1.438326
-1.139610,-1.424159
-1.139610,-1.424159
-1.238627,-1.607624
-1.238627,-1.607624
-1.301524,-1.713256
-1.379503,-1.813184
-1.379503,-1.813184
-1.251428,-1.742660
-1.130578,-1.624948
-1.075536,-1.530302
-1.056679,-1.601888
-1.056679,-1.601888
-0.996940,-1.576363
-1.035824,-1.592943
-1.188438,-1.570062
-1.188438,-1.570062
-1.188438,-1.570062
-0.966411,-1.466898
-0.727715,-1.697974
-0.781653,-1.736947
-0.796827,-1.770532
-0.781565,-1.767961
-0.781565,-1.767961
-0.636067,-1.885873
-0.884079,-1.715472
-0.884079,-1.715472
-0.938366,-1.610452
-0.957622,-1.748072
-0.957622,-1.748072
-1.203075,-1.576637
-1.423521,-1.620606
-1.332069,-1.587716
-1.283969,-1.673776
-1.252527,-1.726439
-1.039817,-1.701297
-1.011456,-1.537195
-0.957891,-1.779125
-1.137544,-1.694563
-1.187568,-1.460029
-1.187568,-1.460029
-1.073558,-1.292299
-0.944981,-1.288557
-1.120858,-1.266341
-1.003139,-1.262985
-1.114434,-1.286171
-1.174382,-1.340316
-1.117879,-1.198165
-1.060891,-1.397847
-1.294073,-1.493262
-1.066223,-1.515958
-1.161411,-1.337389
-1.227437,-1.536860
-1.152401,-1.403300
-1.026549,-1.212470
-1.108352,-1.080140
-1.340234,-1.311978
-1.329814,-1.187110
-1.249698,-1.180145
-1.481252,-1.401412
-1.496659,-1.342707
-1.596572,-1.580331
-1.596572,-1.580331
-1.486156,-1.828532
-1.486156,-1.828532
-1.264465,-1.867746
-1.264465,-1.867746
-1.264465,-1.867746
-1.264465,-1.867746
-1.125856,-1.761145
-1.125856,-1.761145
-1.125856,-1.761145
-1.090980,-1.600471
-1.021654,-1.434097
-1.158125,-1.608392
-1.179898,-1.541989
-1.337985,-1.506680
-1.243478,-1.631250
-1.416319,-1.580516
-1.549687,-1.588934
-1.734704,-1.662533
-1.734704,-1.662533
-1.716382,-1.725847
-1.762550,-1.672618
-1.740422,-1.777229
-1.740422,-1.777229
-1.642029,-1.586945
-1.642029,-1.586945
-1.451324,-1.409369
-1.451324,-1.409369
-1.597076,-1.550200
-1.597076,-1.550200
-1.537993,-1.551415
-1.537993,-1.551415
-1.495847,-1.699778
-1.689145,-1.464494
-1.934814,-1.412535
-1.959826,-1.300315
-1.861194,-1.085176
-1.861194,-1.085176
-1.858175,-0.843386
-1.654747,-0.826056
-1.654747,-0.826056
-1.654747,-0.826056
-1.660989,-0.735681
-1.897972,-0.711479
-1.675337,-0.882311
-1.722212,-0.723164
-1.732662,-0.843190
-1.732662,-0.843190
-1.610909,-1.040701
-1.820506,-1.249546
-1.655621,-1.027441
-1.472032,-0.950115
-1.631293,-1.143306
-1.531632,-1.136876
-1.609471,-1.384491
-1.781669,-1.508288
-1.733152,-1.590303
-1.733152,-1.590303
-1.594780,-1.473816
-1.513240,-1.531043
-1.685238,-1.286742
-1.497301,-1.137859
-1.717238,-1.118410
-1.672373,-1.077424
-1.456573,-1.120537
-1.280275,-1.073784
-1.158657,-1.041060
-1.245771,-1.167915
-1.029309,-1.090180
-0.992859,-0.973071
-1.191264,-1.081115
-1.267691,-1.076255
-1.435004,-1.113824
-1.302084,-1.125796
-1.293586,-1.298562
-1.344550,-1.355164
-1.496426,-1.434332
-1.719844,-1.412501
-1.740932,-1.342466
-1.760361,-1.388174
-1.801554,-1.224856
-1.916147,-1.180213
-1.916147,-1.180213
-1.722854,-1.011287
-1.708527,-1.211536
-1.634475,-1.126336
-1.481467,-1.015176
-1.358853,-1.236498
-1.358853,-1.236498
-1.284231,-1.069685
-1.436603,-0.985565
-1.494065,-0.753460
-1.592104,-0.984974
-1.577401,-0.880980
-1.593452,-0.652064
-1.469387,-0.490963
-1.261018,-0.433597
-1.467606,-0.552060
-1.350955,-0.493414
-1.514257,-0.618206
-1.691976,-0.538250
-1.597837,-0.339289
-1.668085,-0.510218
-1.544834,-0.518172
-1.622483,-0.574240
-1.477921,-0.426139
-1.477921,-0.426139
-1.332571,-0.520083
-1.314168,-0.721244
-1.398627,-0.717830
-1.296476,-0.871645
-1.333071,-0.931297
-1.133077,-1.130901
-1.357551,-1.360602
-1.324480,-1.530967
-1.392083,-1.740311
-1.322455,-1.495433
-1.309972,-1.704399
-1.482094,-1.551191
-1.579971,-1.567130
-1.519586,-1.686987
-1.624563,-1.534749
-1.431842,-1.469346
-1.429234,-1.633600
-1.429234,-1.633600
-1.215176,-1.470994
-1.138777,-1.416983
-1.287646,-1.464775
-1.445624,-1.599074
-1.656389,-1.424041
-1.656389,-1.424041
-1.656389,-1.424041
-1.656389,-1.424041
-1.523508,-1.594622
-1.523508,-1.594622
-1.537399,-1.573290
-1.680068,-1.396383
-1.589736,-1.185841
-1.541067,-1.211326
-1.382111,-1.142584
-1.411770,-1.119943
-1.583485,-1.134553
-1.583485,-1.134553
-1.831692,-1.239316
-1.892913,-1.197054
-1.892913,-1.197054
-2.013491,-1.248382
-1.953838,-1.149080
-1.717401,-1.355151
-1.717401,-1.355151
-1.821568,-1.593385
-1.821568,-1.593385
-1.573680,-1.345553
-1.698552,-1.560912
-1.474073,-1.751577
-1.474073,-1.751577
-1.496749,-1.863263
-1.496749,-1.863263
-1.496749,-1.863263
-1.352491,-1.817004
-1.352491,-1.817004
-1.493085,-1.784799
-1.696774,-1.688926
-1.646732,-1.628888
-1.535042,-1.450184
-1.353717,-1.429127
-1.284524,-1.494305
-1.055526,-1.727341
-0.957494,-1.609971
-1.098018,-1.396813
-1.098018,-1.396813
-1.098018,-1.396813
-1.234466,-1.168270
-1.234466,-1.168270
-1.125314,-1.152474
-1.286206,-1.264305
-1.286206,-1.264305
-1.142295,-1.044371
-1.086270,-0.947595
-0.955208,-1.185842
-1.009630,-1.346966
-0.938941,-1.276910
-0.938941,-1.276910
-1.156945,-1.270227
-1.186464,-1.407576
-1.045094,-1.389917
-1.026057,-1.436192
-1.102234,-1.244651
-1.102663,-1.458073
-1.238333,-1.664302
-1.174367,-1.578502
-1.274467,-1.462546
-1.365253,-1.306940
-1.478599,-1.308108
-1.256338,-1.266074
-1.459876,-1.141454
-1.296601,-0.971890
-1.296601,-0.971890
-1.370772,-1.067997
-1.255265,-1.244054
-1.251215,-1.166423
-1.323029,-1.151800
-1.240290,-1.054642
-1.240290,-1.054642
-1.154793,-1.104052
-1.403032,-1.253252
-1.270689,-1.478093
-1.270689,-1.478093
-1.306091,-1.473380
-1.186652,-1.562898
-0.982126,-1.598068
-0.982126,-1.598068
-0.982126,-1.598068
-0.987005,-1.588789
-1.230760,-1.386610
-1.328739,-1.615382
-1.515538,-1.651211
-1.714280,-1.401410
-1.757162,-1.615055
-1.605246,-1.369167
-1.620036,-1.444909
-1.620036,-1.444909
-1.519090,-1.346089
-1.416577,-1.402537
-1.458756,-1.317410
-1.535878,-1.497413
-1.535878,-1.497413
-1.535878,-1.497413
-1.535878,-1.497413
-1.463336,-1.287345
-1.477873,-1.111565
-1.685682,-1.257299
-1.776467,-1.088091
-1.647763,-0.955330
-1.874436,-1.149753
-1.874436,-1.149753
-1.965506,-1.262417
-1.910636,-1.067011
-1.910636,-1.067011
-1.704506,-1.132094
-1.601828,-0.916406
-1.838662,-0.890627
-1.838662,-0.890627
-1.838662,-0.890627
-1.782080,-0.914205
-1.607342,-1.104796
-1.802603,-1.345860
-1.802603,-1.345860
-1.717015,-1.371225
-1.717015,-1.371225
-1.724401,-1.503861
-1.919680,-1.553938
-1.966116,-1.505446
-1.966116,-1.505446
-1.966116,-1.505446
-1.849828,-1.558325
-1.897574,-1.525985
-1.895345,-1.569340
-1.892263,-1.771198
-1.892263,-1.771198
-1.871740,-1.833425
-1.878322,-1.953596
-1.878322,-1.953596
-1.711307,-1.940349
-1.937535,-2.158843
-1.937535,-2.158843
-1.937535,-2.158843
-1.937535,-2.158843
-1.937535,-2.158843
-1.947993,-1.916148
-1.860787,-1.752299
-1.892642,-1.635901
-1.800846,-1.825488
-1.958836,-1.651035
-2.019056,-1.779951
-2.019056,-1.779951
-1.832130,-1.610282
-1.731305,-1.548240
-1.513669,-1.737595
-1.513669,-1.737595
-1.423576,-1.537649
-1.177647,-1.717962
-1.387368,-1.498143
-1.387368,-1.498143
-1.160992,-1.295989
-1.086318,-1.245713
-1.243105,-1.358750
-1.030737,-1.589233
-1.112595,-1.382574
-1.319564,-1.417416
-1.319564,-1.417416
-1.201145,-1.647410
-1.423522,-1.625955
-1.667275,-1.387317
-1.777860,-1.494449
-1.943290,-1.372933
-1.943290,-1.372933
-1.785002,-1.534514
-1.582060,-1.680275
-1.734849,-1.614208
-1.734849,-1.614208
-1.695493,-1.646929
-1.674536,-1.421891
-1.720331,-1.607176
-1.660182,-1.673742
-1.561654,-1.715305
-1.373771,-1.473623
-1.340236,-1.342867
-1.168413,-1.525613
-1.274792,-1.430452
-1.266678,-1.562759
-1.266678,-1.562759
-1.196745,-1.698188
-1.284498,-1.566179
-1.224771,-1.730350
-1.125454,-1.508828
-1.125454,-1.508828
-1.293981,-1.442967
-1.259617,-1.387175
-1.340701,-1.157297
-1.340701,-1.157297
-1.419688,-1.193273
-1.354621,-1.119949
-1.384382,-1.305187
-1.505112,-1.410235
-1.505112,-1.410235
-1.494296,-1.633443
-1.615647,-1.679976
-1.615647,-1.679976
-1.642118,-1.578027
-1.789297,-1.706789
-1.789297,-1.706789
-1.701738,-1.615327
-1.818616,-1.475511
-1.728687,-1.543223
-1.581860,-1.316314
-1.376040,-1.101737
-1.257569,-0.967720
-1.041389,-1.118326
-1.238369,-1.271669
-1.223991,-1.119822
-1.120486,-1.001509
-1.286066,-0.907758
-1.267266,-0.940035
-1.156458,-1.095283
-0.946321,-1.319921
-0.958669,-1.356824
-0.730663,-1.245661
-0.555337,-1.056971
-0.555337,-1.056971
-0.555337,-1.056971
-0.361587,-1.196939
-0.151848,-1.115495
-0.163086,-0.986182
-0.384023,-0.776402
-0.462499,-0.725688
-0.651594,-0.848100
-0.651594,-0.848100
-0.739605,-1.044407
-0.536278,-1.224162
-0.672766,-1.174802
-0.740663,-1.315233
-0.738139,-1.401800
-0.760074,-1.565179
-0.765305,-1.485334
-0.765305,-1.485334
-0.769428,-1.273854
-0.697458,-1.178238
-0.926547,-0.971372
-0.707025,-0.969742
-0.874192,-1.047718
-0.656666,-1.082730
-0.844680,-1.043959
-0.914182,-1.164153
-1.082809,-1.263999
-0.918181,-1.362409
-1.130288,-1.255811
-1.332525,-1.241205
-1.096520,-1.209207
-0.904894,-1.052282
-0.858871,-1.049009
-1.063260,-1.207361
-1.063260,-1.207361
-1.170056,-1.138112
-0.938600,-1.042800
-1.073497,-1.271687
-1.073497,-1.271687
-1.185033,-1.343087
-1.364702,-1.553919
-1.604205,-1.380640
-1.651025,-1.284825
-1.560909,-1.198413
-1.524171,-1.235212
-1.529271,-1.452243
-1.468043,-1.397501
-1.461214,-1.626556
-1.451001,-1.480733
-1.471353,-1.528936
-1.301566,-1.422883
-1.429315,-1.495171
-1.409979,-1.511654
-1.224727,-1.493204
-1.177481,-1.425512
-1.193771,-1.211574
-1.193771,-1.211574
-1.193771,-1.211574
-1.371980,-1.361159
-1.230406,-1.426343
-1.230406,-1.426343
-1.127689,-1.567425
-1.127689,-1.567425
-1.167570,-1.353269
-1.131049,-1.539356
-1.041387,-1.598551
-0.988520,-1.554501
-0.989101,-1.321769
-0.964273,-1.528496
-1.129274,-1.712548
-0.977452,-1.539544
-0.882857,-1.678924
-0.882857,-1.678924
-0.678833,-1.648134
-0.678833,-1.648134
-0.678833,-1.648134
-0.678833,-1.648134
-0.859449,-1.765401
-1.067664,-1.729320
-1.067664,-1.729320
-1.021864,-1.972357
-0.870670,-1.858558
-0.870670,-1.858558
-0.722420,-1.715352
-0.722420,-1.715352
-0.765858,-1.773385
-0.655641,-1.856308
-0.618458,-1.916115
-0.778551,-2.101763
-0.778551,-2.101763
-0.836738,-2.060445
-0.836738,-2.060445
-0.836738,-2.060445
-0.635471,-1.861702
-0.780148,-1.942282
-0.881645,-1.804416
-0.710324,-1.920063
-0.710324,-1.920063
-0.710324,-1.920063
-0.505938,-1.808286
-0.505938,-1.808286
-0.505938,-1.808286
-0.730306,-1.761022
-0.642239,-1.606909
-0.855025,-1.406709
-1.055396,-1.541847
-0.834760,-1.315426
-0.622837,-1.527871
-0.859082,-1.595430
-0.734426,-1.501105
-0.628930,-1.425627
-0.445710,-1.540713
-0.670419,-1.725885
-0.834001,-1.548874
-1.031252,-1.748387
-0.903022,-1.597196
-0.983232,-1.684983
-0.826090,-1.598587
-0.610373,-1.534665
-0.713937,-1.643667
-0.714659,-1.776392
-0.853621,-1.816292
-0.853621,-1.816292
-0.606092,-1.593544
-0.454624,-1.361064
-0.645985,-1.567254
-0.657158,-1.349579
-0.757372,-1.147178
-0.757372,-1.147178
-0.610734,-1.104055
-0.538996,-0.909771
-0.564922,-1.143241
-0.564922,-1.143241
-0.640601,-1.076796
-0.453013,-1.287848
-0.490903,-1.114802
-0.494608,-0.877371
-0.494608,-0.877371
-0.431273,-0.901279
-0.307932,-0.915563
-0.354235,-1.135304
-0.354235,-1.135304
-0.164939,-1.131211
-0.385563,-1.157884
-0.385563,-1.157884
-0.263485,-1.394107
-0.263485,-1.394107
-0.064625,-1.156539
-0.273265,-1.268269
-0.273265,-1.268269
-0.323900,-1.288728
-0.561212,-1.294752
-0.515517,-1.299228
-0.515517,-1.299228
-0.716129,-1.472573
-0.716129,-1.472573
-0.860892,-1.507347
-0.860892,-1.507347
-0.839105,-1.341999
-1.074020,-1.558927
-0.958581,-1.372704
-0.800218,-1.264749
-0.968949,-1.125986
-1.204726,-1.335111
-1.042870,-1.519272
-1.175259,-1.585787
-1.008828,-1.368137
-1.008828,-1.368137
-1.005046,-1.316099
-0.976618,-1.510936
-0.976618,-1.510936
-1.063781,-1.462464
-1.235724,-1.307780
-1.147696,-1.328926
-0.987681,-1.462108
-0.986649,-1.606733
-0.959909,-1.683374
-0.992568,-1.585881
-0.898684,-1.686122
-0.973534,-1.694144
-0.973534,-1.694144
-0.851079,-1.588542
-0.806563,-1.401782
-0.694634,-1.206026
-0.836178,-1.143781
-0.756979,-1.048228
-0.542813,-1.056525
-0.324365,-1.109507
-0.131278,-0.883567
-0.265896,-0.908501
-0.436053,-0.737911
-0.537196,-0.660226
-0.537196,-0.660226
-0.779848,-0.906284
-0.799003,-0.835967
-0.798744,-0.990241
-0.909403,-0.842775
-0.909403,-0.842775
-0.862200,-0.988852
-0.961676,-0.896271
-0.966605,-0.726593
-0.915917,-0.822591
-1.126967,-0.927224
-1.213239,-0.914890
-1.121252,-0.880972
-0.948149,-1.036808
-1.146103,-1.046809
-0.930004,-1.068974
-0.930004,-1.068974
-0.930004,-1.068974
-1.002676,-0.978635
-1.108337,-0.815342
-1.160886,-1.011951
-1.145665,-1.184870
-1.226322,-1.297190
-1.338717,-1.312405
-1.319868,-1.518506
-1.244433,-1.689878
-1.045710,-1.743695
-0.991569,-1.794424
-1.113077,-1.988429
-1.113077,-1.988429
-1.277263,-1.951075
-1.095422,-1.753904
-1.095422,-1.753904
-1.295920,-1.525043
-1.524436,-1.697901
-1.420003,-1.491660
-1.608866,-1.715805
-1.418432,-1.592119
-1.249488,-1.647357
-1.082192,-1.403801
-1.082192,-1.403801
-1.230443,-1.556132
-1.307557,-1.607552
-1.070530,-1.403542
-1.240357,-1.172535
-1.417030,-1.018322
-1.417030,-1.018322
-1.583634,-1.133215
-1.814092,-0.951515
-1.819061,-0.950030
-1.583966,-0.718341
-1.373466,-0.851172
-1.373466,-0.851172
-1.493077,-0.645609
-1.493077,-0.645609
-1.439075,-0.533624
-1.423017,-0.649653
-1.195915,-0.741251
-1.136980,-0.727073
-1.259035,-0.598279
-1.313935,-0.812773
-1.520009,-0.792392
-1.303652,-0.985001
-1.080096,-1.174359
-1.080096,-1.174359
-1.201764,-1.039293
-1.150980,-1.015565
-1.173561,-1.035520
-1.014029,-0.787026
-1.014029,-0.787026
-1.227104,-0.932245
-1.138723,-1.014483
-1.225251,-0.792107
-1.267979,-0.929477
-1.211709,-0.691812
-1.460503,-0.667833
-1.413713,-0.781264
-1.350826,-0.840777
-1.300751,-0.717282
-1.261692,-0.751656
-1.223227,-0.776977
-1.223227,-0.776977
-1.372230,-0.575402
-1.372230,-0.575402
-1.285687,-0.544176
-1.485901,-0.537257
-1.485901,-0.537257
-1.656021,-0.739982
-1.794398,-0.940958
-1.794398,-0.940958
-1.896297,-1.055414
-1.928582,-1.181455
-2.068090,-1.387297
-2.068090,-1.387297
-1.889660,-1.507841
-1.889660,-1.507841
-1.889660,-1.507841
-1.889660,-1.507841
-1.809184,-1.454101
-1.656927,-1.474368
-1.411109,-1.515984
-1.578779,-1.534464
-1.533080,-1.477252
-1.634774,-1.645729
-1.499079,-1.513409
-1.642489,-1.310076
-1.747407,-1.175993
-1.722398,-1.346265
-1.523508,-1.098758
-1.633972,-1.173167
-1.633972,-1.173167
-1.608340,-1.375952
-1.492806,-1.588402
-1.574087,-1.682231
-1.770061,-1.909199
-1.545777,-1.876311
-1.417989,-1.649383
-1.452348,-1.613290
-1.686979,-1.561294
-1.646711,-1.774359
-1.646711,-1.774359
-1.503861,-1.899036
-1.307775,-1.768679
-1.306490,-1.672183
-1.122244,-1.554359
-1.343393,-1.408773
-1.508242,-1.526663
-1.571944,-1.667179
-1.716101,-1.512005
-1.716101,-1.512005
-1.716101,-1.512005
-1.672024,-1.709032
-1.901320,-1.480239
-1.901320,-1.480239
-2.016207,-1.397361
-2.016207,-1.397361
-2.016207,-1.397361
-2.016207,-1.397361
-1.793428,-1.637772
-1.774536,-1.620033
-1.651865,-1.387328
-1.465396,-1.402203
-1.484920,-1.543718
-1.584717,-1.330275
-1.805840,-1.253445
-1.805840,-1.253445
-1.889937,-1.165040
-1.783187,-1.029260
-1.783187,-1.029260
-1.646600,-0.904309
-1.420915,-0.823856
-1.546789,-0.888453
-1.786161,-1.004459
-1.786161,-1.004459
-1.794682,-1.225304
-1.902187,-1.059787
-1.864669,-0.995502
-1.864669,-0.995502
-1.864669,-0.995502
-1.864669,-0.995502
-1.864669,-0.995502
-1.872190,-0.900168
-1.692726,-1.147468
-1.576270,-1.362764
-1.569163,-1.428043
-1.691625,-1.646031
-1.728568,-1.548686
-1.594413,-1.305131
-1.649257,-1.057361
-1.547558,-0.815285
-1.470804,-0.801764
-1.470804,-0.801764
-1.262485,-0.583855
-1.195931,-0.515468
-1.141605,-0.462356
-1.141605,-0.462356
-1.141605,-0.462356
-1.342441,-0.406133
-1.342441,-0.406133
-1.264810,-0.655215
-1.460884,-0.571959
-1.470505,-0.771755
-1.382719,-0.853824
-1.445469,-0.991508
-1.330160,-1.005460
-1.084591,-1.227868
-1.326140,-1.436270
-1.245064,-1.283728
-1.231681,-1.354366
-1.231681,-1.354366
-1.206300,-1.286412
-1.128405,-1.109052
-1.188550,-0.954858
-1.152088,-1.137092
-1.263440,-1.143729
-1.054768,-0.985476
-1.081180,-0.899232
-1.081180,-0.899232
-1.081180,-0.899232
-1.262198,-0.753672
-1.199917,-0.510654
-1.427265,-0.539001
-1.427265,-0.539001
-1.471638,-0.324096
-1.471638,-0.324096
-1.471638,-0.324096
-1.471638,-0.324096
-1.471638,-0.324096
-1.498332,-0.467334
-1.360565,-0.507652
-1.431194,-0.570634
-1.609554,-0.776784
-1.380331,-0.723387
-1.527197,-0.608267
-1.728060,-0.498084
-1.728060,-0.498084
-1.572375,-0.413933
-1.572375,-0.413933
-1.659873,-0.490734
-1.457592,-0.246222
-1.255370,-0.008674
-1.255370,-0.008674
-1.446509,0.025495
-1.446509,0.025495
-1.446509,0.025495
-1.654141,-0.142709
-1.654141,-0.142709
-1.654141,-0.142709
-1.582158,-0.326910
-1.488915,-0.186557
-1.488915,-0.186557
-1.488915,-0.186557
-1.270885,-0.258005
-1.395990,-0.398844
-1.388570,-0.194828
-1.215534,0.025430
-1.115781,0.063234
-1.033635,0.198957
-0.790282,0.224648
-0.832980,0.099542
-0.763754,0.093617
-0.867445,-0.147617
-0.993356,-0.339583
-0.993356,-0.339583
-1.192151,-0.484485
-1.279861,-0.622562
-1.323167,-0.470154
-1.323776,-0.703067
-1.548802,-0.716694
-1.628513,-0.914276
-1.574949,-0.664502
-1.696243,-0.749080
-1.696243,-0.749080
-1.511204,-0.799263
-1.478548,-0.954799
-1.519303,-0.933263
-1.355259,-0.831637
-1.272673,-0.807355
-1.146651,-0.767446
-1.189384,-0.975691
-1.189384,-0.975691
-1.332569,-0.987756
-1.494031,-1.180053
-1.494031,-1.180053
-1.494031,-1.180053
-1.669746,-1.426560
-1.669746,-1.426560
-1.528359,-1.631402
-1.528359,-1.631402
-1.528359,-1.631402
-1.716127,-1.438812
-1.716127,-1.438812
-1.562966,-1.273257
-1.708478,-1.388572
-1.499068,-1.332904
-1.499068,-1.332904
-1.477675,-1.286223
-1.566307,-1.415917
-1.607235,-1.297090
-1.767731,-1.254919
-1.629323,-1.037778
-1.629323,-1.037778
-1.731168,-1.236794
-1.742324,-1.244880
-1.554246,-1.212530
-1.462546,-1.005956
-1.430199,-0.856413
-1.249076,-0.720918
-1.452579,-0.494764
-1.464240,-0.476060
-1.622630,-0.550388
-1.475049,-0.650513
-1.517185,-0.830068
-1.451865,-0.995576
-1.341087,-1.154036
-1.286351,-1.206207
-1.217503,-1.070799
-1.210502,-0.908766
-1.449652,-0.798935
-1.680217,-0.901252
-1.540576,-0.968013
-1.442526,-1.033068
-1.508089,-0.944183
-1.585907,-0.842389
-1.585907,-0.842389
-1.585907,-0.842389
-1.585907,-0.842389
-1.603604,-0.778026
-1.727368,-0.870121
-1.713842,-1.034092
-1.713842,-1.034092
-1.596471,-0.893817
-1.779059,-1.140758
-1.779059,-1.140758
-1.779059,-1.140758
-1.640415,-0.959170
-1.640415,-0.959170
-1.466425,-1.207843
-1.383205,-1.029490
-1.331856,-1.001067
-1.248924,-1.161558
-1.200352,-1.314126
-0.998867,-1.461185
-1.095966,-1.396644
-1.292213,-1.227587
-1.354988,-1.285230
-1.143466,-1.235937
-1.138356,-1.348928
-1.085394,-1.210781
-1.127134,-1.243228
-1.338357,-1.261391
-1.373528,-1.392318
-1.436794,-1.204722
-1.615989,-1.419624
-1.466188,-1.229987
-1.466429,-1.272825
-1.466429,-1.272825
-1.466429,-1.272825
-1.563431,-1.076983
-1.530938,-0.979704
-1.507272,-1.222200
-1.630455,-1.057101
-1.794708,-1.161728
-1.885653,-1.169232
-1.844403,-1.385391
-1.740311,-1.403094
-1.740311,-1.403094
-1.740311,-1.403094
-1.706166,-1.530210
-1.772952,-1.503462
-1.779918,-1.577445
-1.623674,-1.592314
-1.456726,-1.698669
-1.302321,-1.611785
-1.302321,-1.611785
-1.289886,-1.617244
-1.293450,-1.517287
-1.477199,-1.287341
-1.251685,-1.070564
-1.120556,-1.177082
-1.245164,-0.965206
-1.190815,-1.031944
-1.169293,-0.803897
-0.942522,-0.968822
-1.179037,-1.074564
-1.345298,-0.928435
-1.475668,-1.050026
-1.247743,-0.818367
-1.211127,-0.907205
-1.031482,-1.124901
-1.083594,-0.956829
-1.083594,-0.956829
-1.208763,-1.185412
-1.129246,-1.240657
-1.129246,-1.240657
-1.200811,-1.027649
-1.443428,-1.195072
-1.538691,-1.285902
-1.509951,-1.243520
-1.520141,-1.011486
-1.520141,-1.011486
-1.520141,-1.011486
-1.461919,-0.966182
-1.461919,-0.966182
-1.519430,-1.059298
-1.398246,-0.819372
-1.398246,-0.819372
-1.606625,-1.044097
-1.764247,-1.200055
-1.604139,-1.260774
-1.515179,-1.108868
-1.537160,-1.051786
-1.537160,-1.051786
-1.584925,-0.841134
-1.584925,-0.841134
-1.461279,-0.717852
-1.461279,-0.717852
-1.511897,-0.948700
-1.452064,-0.835918
-1.431158,-0.977892
-1.190152,-0.883442
-1.147623,-1.099636
-1.147623,-1.099636
-0.924855,-1.029962
-0.924711,-1.116324
-1.065655,-0.968276
-1.185770,-0.740964
-1.185770,-0.740964
-1.185770,-0.740964
-1.211080,-0.628314
-1.103925,-0.662599
-1.160002,-0.659959
-1.173292,-0.521719
-1.173292,-0.521719
-1.221049,-0.670657
-1.427096,-0.697692
-1.427096,-0.697692
-1.231712,-0.890983
-1.192907,-0.688040
-1.004611,-0.488939
-0.874395,-0.462431
-0.726264,-0.322134
-0.687802,-0.381230
-0.828286,-0.503355
-0.828286,-0.503355
-0.790210,-0.552609
-0.745020,-0.552334
-0.658920,-0.466599
-0.892719,-0.424284
-0.723561,-0.394649
-0.723561,-0.394649
-0.816843,-0.182203
-0.906752,-0.286202
-1.054932,-0.245353
-1.054932,-0.245353
-1.066715,-0.283810
-1.084045,-0.045314
-1.084045,-0.045314
-1.186455,-0.252567
-1.214533,-0.159301
-1.214533,-0.159301
-1.214533,-0.159301
-1.334071,-0.231337
-1.334071,-0.231337
-1.334071,-0.231337
-1.334071,-0.231337
-1.463815,-0.345526
-1.232103,-0.458150
-1.474453,-0.638865
-1.395003,-0.823416
-1.224966,-0.996406
-1.224966,-0.996406
-1.042463,-1.175249
-0.823134,-1.410696
-1.041022,-1.457711
-0.860992,-1.687003
-0.854369,-1.878961
-1.008647,-1.822409
-1.024336,-2.013770
-1.024336,-2.013770
-1.236568,-1.998891
-1.173043,-1.841119
-1.173452,-1.711996
-1.173452,-1.711996
-1.203818,-1.577434
-1.358828,-1.822808
-1.358828,-1.822808
-1.358828,-1.822808
-1.358828,-1.822808
-1.536237,-2.030114
-1.528460,-1.828086
-1.528460,-1.828086
-1.528460,-1.828086
-1.528460,-1.828086
-1.368800,-1.925615
-1.216325,-1.768052
-1.372658,-1.770473
-1.487815,-1.706544
-1.540714,-1.786129
-1.345515,-1.571438
-1.590586,-1.486665
-1.640747,-1.533404
-1.396660,-1.672146
-1.210557,-1.827895
-1.134483,-1.750273
-1.151281,-1.577452
-1.324984,-1.499799
-1.345935,-1.625654
-1.513891,-1.467247
-1.513891,-1.467247
-1.389068,-1.562614
-1.513267,-1.480464
-1.527502,-1.720671
-1.640210,-1.511382
-1.640210,-1.511382
-1.726626,-1.406072
-1.818296,-1.596177
-1.699825,-1.464864
-1.545283,-1.579090
-1.392663,-1.486348
-1.575193,-1.270896
-1.430044,-1.251111
-1.566619,-1.168776
-1.707543,-1.171160
-1.838139,-1.106380
-1.593811,-1.181679
-1.380029,-1.147584
-1.413373,-1.052268
-1.415557,-1.262567
-1.628298,-1.308179
-1.421796,-1.123354
-1.199170,-0.942491
-1.089098,-0.974019
-1.266649,-1.066000
-1.266649,-1.066000
-1.325438,-1.141337
-1.106289,-0.903996
-1.318184,-0.716764
-1.285068,-0.638952
-1.250686,-0.771635
-1.339722,-0.702580
-1.339722,-0.702580
-1.364923,-0.755180
-1.190874,-0.521737
-1.206983,-0.755629
-1.405259,-0.692407
-1.274952,-0.610773
-1.204682,-0.583987
-1.209538,-0.713185
-1.209538,-0.713185
-1.425823,-0.810000
-1.373748,-0.576887
-1.172014,-0.544852
-1.172014,-0.544852
-1.417783,-0.679808
-1.502955,-0.663649
-1.414742,-0.562699
-1.179597,-0.485254
-0.979954,-0.591579
-1.030998,-0.478171
-0.984512,-0.684808
-0.975176,-0.783923
-1.089583,-0.620545
-1.089583,-0.620545
-1.240651,-0.618983
-1.061913,-0.579781
-0.998048,-0.698327
-0.891360,-0.592274
-1.114674,-0.819219
-1.266670,-0.924990
-1.266670,-0.924990
-1.283742,-0.846623
-1.050628,-0.911616
-1.123995,-0.985330
-1.123995,-0.985330
-1.156766,-0.766848
-1.077872,-0.801311
-1.077872,-0.801311
-0.898440,-0.588763
-0.894506,-0.460214
-0.894506,-0.460214
-1.017009,-0.377801
-1.113704,-0.515749
-1.241214,-0.590437
-1.101775,-0.540635
-1.101775,-0.540635
-1.101775,-0.540635
-1.101775,-0.540635
-0.964713,-0.435484
-0.964713,-0.435484
-1.151972,-0.198412
-1.075002,-0.062261
-1.025893,-0.178209
-1.084202,-0.183569
-1.193797,-0.140974
-1.193797,-0.140974
-1.135268,0.051205
-1.115112,-0.192519
-0.995521,-0.217062
-0.980725,-0.051246
-1.154285,-0.060654
-1.253955,-0.222986
-1.334134,-0.285999
-1.328928,-0.290957
-1.461849,-0.291429
-1.382809,-0.372372
-1.476951,-0.616710
-1.406360,-0.699246
-1.406360,-0.699246
-1.389272,-0.492589
-1.609959,-0.577766
-1.371465,-0.709696
-1.150899,-0.659696
-1.252982,-0.866721
-1.339320,-0.945767
-1.339320,-0.945767
-1.305791,-0.926289
-1.208242,-0.925936
-1.085812,-0.734652
-1.153644,-0.797900
-1.153644,-0.797900
-1.227969,-0.975527
-1.272383,-0.938949
-1.236983,-0.980930
-1.048967,-0.983341
-0.937138,-0.974633
-0.984132,-0.805501
-0.984132,-0.805501
-1.063560,-0.747100
-0.978567,-0.774608
-0.948799,-0.957493
-1.000587,-0.868396
-1.238655,-1.080296
-1.265384,-1.314445
-1.265384,-1.314445
-1.301979,-1.363563
-1.057221,-1.220089
-1.062630,-1.127737
-1.196597,-1.201464
-1.129763,-1.431453
-1.100774,-1.210114
-1.226533,-1.341614
-1.462533,-1.292335
-1.692888,-1.367640
-1.847761,-1.312574
-1.650197,-1.368498
-1.695747,-1.415859
-1.695747,-1.415859
-1.481540,-1.239639
-1.254797,-1.376133
-1.234396,-1.486924
-1.234396,-1.486924
-1.190402,-1.594267
-1.376560,-1.348572
-1.617302,-1.492859
-1.617302,-1.492859
-1.369318,-1.627798
-1.343819,-1.567872
-1.221517,-1.529609
-1.180077,-1.556174
-1.282753,-1.735187
-1.279379,-1.526449
-1.488624,-1.310138
-1.488624,-1.310138
-1.560087,-1.382947
-1.713603,-1.517251
-1.944642,-1.590447
-2.001668,-1.534493
-2.061842,-1.371079
-1.901726,-1.315111
-1.901726,-1.315111
-1.851719,-1.346323
-1.699700,-1.350486
-1.509065,-1.362006
-1.566147,-1.236700
-1.566147,-1.236700
-1.780797,-1.350136
-1.780797,-1.350136
-1.570425,-1.132585
-1.648352,-1.346137
-1.648352,-1.346137
-1.648352,-1.346137
-1.813059,-1.584495
-1.756798,-1.509575
-1.940464,-1.385765
-2.040475,-1.268468
-2.040475,-1.268468
-1.994149,-1.153863
-1.994149,-1.153863
-2.035617,-1.115934
-2.035617,-1.115934
-2.035617,-1.115934
-1.857822,-0.915856
-1.679095,-1.051140
-1.458086,-1.045052
-1.436977,-1.275195
-1.436977,-1.275195
-1.217281,-1.337875
-1.439079,-1.104741
-1.583363,-1.086600
-1.583363,-1.086600
-1.773162,-1.028054
-1.848829,-1.261129
-1.848829,-1.261129
-1.848829,-1.261129
-1.995801,-1.430476
-1.995801,-1.430476
-1.959223,-1.654232
-1.959223,-1.654232
-1.959223,-1.654232
-1.959223,-1.654232
-1.959223,-1.654232
-1.959223,-1.654232
-1.738424,-1.692811
-1.568410,-1.759480
-1.436880,-1.638979
-1.229888,-1.732585
-1.229888,-1.732585
-1.370416,-1.582958
-1.390821,-1.526525
-1.614512,-1.600839
-1.439534,-1.741878
-1.439534,-1.741878
-1.305204,-1.567402
-1.456123,-1.555778
-1.456123,-1.555778
-1.630457,-1.595578
-1.599434,-1.685978
-1.383022,-1.453566
-1.399620,-1.407881
-1.270261,-1.281400
-1.311834,-1.488884
-1.381786,-1.678003
-1.613336,-1.843007
-1.613336,-1.843007
-1.615659,-1.876885
-1.615659,-1.876885
-1.420945,-1.815213
-1.420945,-1.815213
-1.420945,-1.815213
-1.376785,-1.627294
-1.443870,-1.629806
-1.331103,-1.842488
-1.331103,-1.842488
-1.091379,-1.809892
-1.235039,-1.793765
-1.132398,-1.713386
-1.132398,-1.713386
-1.132398,-1.713386
-0.994623,-1.635032
-0.821752,-1.686064
-0.921970,-1.554699
-1.021345,-1.752921
-1.257762,-1.710258
-1.319852,-1.756043
-1.328479,-1.746478
-1.332964,-1.627689
-1.281230,-1.633398
-1.405089,-1.836974
-1.405089,-1.836974
-1.405089,-1.836974
-1.634867,-1.702744
-1.726128,-1.538312
-1.820741,-1.696557
-1.820741,-1.696557
-1.714182,-1.763534
-1.714182,-1.763534
-1.479059,-1.542220
-1.343997,-1.564148
-1.413855,-1.668956
-1.571020,-1.641130
-1.584280,-1.487354
-1.416928,-1.301575
-1.294642,-1.551076
-1.227492,-1.455017
-1.131011,-1.394001
-1.337534,-1.441007
-1.207656,-1.574025
-1.091993,-1.626201
-1.091993,-1.626201
-1.091993,-1.626201
-1.077288,-1.486711
-1.045401,-1.550122
-1.045401,-1.550122
-1.045401,-1.550122
-0.939033,-1.325258
-0.939033,-1.325258
-1.187212,-1.468366
-1.357293,-1.530773
-1.268432,-1.541881
-1.231919,-1.363356
-1.358726,-1.611183
-1.580823,-1.391949
-1.729929,-1.411624
-1.588921,-1.487874
-1.586747,-1.455570
-1.605848,-1.489908
-1.605848,-1.489908
-1.566632,-1.391304
-1.566632,-1.391304
-1.767048,-1.270819
-1.802014,-1.446421
-1.626741,-1.642881
-1.626741,-1.642881
-1.472357,-1.409072
-1.683163,-1.413533
-1.685980,-1.266285
-1.627949,-1.434289
-1.502199,-1.459485
-1.618157,-1.372380
-1.779152,-1.200859
-1.657268,-1.209741
-1.657268,-1.209741
-1.493845,-1.054800
-1.493845,-1.054800
-1.403490,-0.950881
-1.403490,-0.950881
-1.403490,-0.950881
-1.457902,-0.959212
-1.704508,-1.162630
-1.759908,-1.281412
-1.574181,-1.265321
-1.537869,-1.466218
-1.537869,-1.466218
-1.537869,-1.466218
-1.535367,-1.411014
-1.624109,-1.408232
-1.624109,-1.408232
-1.716168,-1.628859
-1.716168,-1.628859
-1.690157,-1.470492
-1.780625,-1.464792
-1.729126,-1.423753
-1.835530,-1.252641
-1.835530,-1.252641
-1.919434,-1.418923
-1.987362,-1.584839
-1.987362,-1.584839
-1.987362,-1.584839
-1.991170,-1.590105
-2.001610,-1.553733
-2.080294,-1.502334
-1.887641,-1.583757
-1.877513,-1.357117
-1.955557,-1.539017
-1.921384,-1.697878
-1.743940,-1.904412
-1.813308,-1.775484
-1.813308,-1.775484
-1.705112,-1.809698
-1.705112,-1.809698
-1.705112,-1.809698
-1.798082,-1.860390
-1.820948,-1.672290
-1.699301,-1.643871
-1.699301,-1.643871
-1.874334,-1.424801
-1.874334,-1.424801
-2.057690,-1.596201
-2.061268,-1.735046
-2.061268,-1.735046
-1.827927,-1.967121
-1.728380,-1.890627
-1.728380,-1.890627
-1.922171,-1.934515
-1.791556,-2.176511
-1.605581,-1.993822
-1.785641,-1.766810
-2.030631,-1.823019
-2.030631,-1.823019
-1.899676,-1.852334
-1.899676,-1.852334
-1.748258,-1.966221
-1.865977,-1.973628
-1.780437,-1.801884
-1.531867,-1.593329
-1.624260,-1.439053
-1.479221,-1.263938
-1.412435,-1.288373
-1.624096,-1.183277
-1.577900,-1.266724
-1.512760,-1.458619
-1.679627,-1.495242
-1.671612,-1.277101
-1.671612,-1.277101
-1.800942,-1.435722
-1.673209,-1.623352
-1.723098,-1.607075
-1.652407,-1.500752
-1.472939,-1.686865
-1.534074,-1.675429
-1.704049,-1.445899
-1.587210,-1.234826
-1.826956,-1.150405
-1.729738,-1.210739
-1.600162,-1.419411
-1.593115,-1.488270
-1.363845,-1.641999
-1.146730,-1.599314
-1.030344,-1.493151
-1.106286,-1.347196
-0.916780,-1.325761
-0.982293,-1.392845
-1.181942,-1.396899
-1.310560,-1.582443
-1.447931,-1.369551
-1.414126,-1.211694
-1.388522,-1.394830
-1.388522,-1.394830
-1.308824,-1.399023
-1.501002,-1.337173
-1.475970,-1.133369
-1.609495,-1.285506
-1.627731,-1.268394
-1.481530,-1.078392
-1.411562,-1.130529
-1.490258,-1.262838
-1.621333,-1.238807
-1.621333,-1.238807
-1.823911,-1.467054
-1.823911,-1.467054
-1.823911,-1.467054
-1.592804,-1.253696
-1.441229,-1.241132
-1.468873,-1.350767
-1.369993,-1.476268
-1.369993,-1.476268
-1.522084,-1.661490
-1.522084,-1.661490
-1.520987,-1.727689
-1.614480,-1.568051
-1.385018,-1.504712
-1.322189,-1.532049
-1.437467,-1.501169
-1.329307,-1.666873
-1.442981,-1.685092
-1.336100,-1.839204
-1.336100,-1.839204
-1.267488,-1.667468
-1.331518,-1.823398
-1.331518,-1.823398
-1.406115,-1.577558
-1.207525,-1.374823
-1.308005,-1.132493
-1.127672,-1.283348
-0.894741,-1.408502
-1.060520,-1.165024
-1.290019,-1.352524
-1.290019,-1.352524
-1.388811,-1.238592
-1.564632,-1.266032
-1.426047,-1.065131
-1.651784,-1.031138
-1.768116,-1.228968
-1.760678,-1.211287
-1.760678,-1.211287
-1.714656,-1.219354
-1.791156,-1.461747
-1.878444,-1.506914
-1.785733,-1.307672
-1.688599,-1.281146
-1.688599,-1.281146
-1.780675,-1.296475
-1.829387,-1.501535
-1.711537,-1.308192
-1.708167,-1.163488
-1.780158,-1.122557
-1.984430,-1.312225
-2.059085,-1.542309
-2.077357,-1.635074
-2.077357,-1.635074
-2.120943,-1.685974
-2.051359,-1.696893
-2.222644,-1.478423
-2.222644,-1.478423
-2.222644,-1.478423
-2.222644,-1.478423
-2.144448,-1.238705
-2.144448,-1.238705
-1.971136,-1.387178
-1.910764,-1.216508
-1.792190,-1.335050
-1.792190,-1.335050
-1.657884,-1.554663
-1.559196,-1.411782
-1.559196,-1.411782
-1.524750,-1.477664
-1.685726,-1.497103
-1.476485,-1.288226
-1.627551,-1.254219
-1.586951,-1.380895
-1.827779,-1.475984
-1.697840,-1.600531
-1.680583,-1.560634
-1.680583,-1.560634
-1.589128,-1.476959
-1.418093,-1.382313
-1.560490,-1.162462
-1.560490,-1.162462
-1.539291,-1.364229
-1.573177,-1.381604
-1.799299,-1.312884
-1.799299,-1.312884
-1.957655,-1.311645
-1.957655,-1.311645
-1.803310,-1.236034
-1.921712,-1.216589
-1.892100,-1.021566
-1.661799,-0.862118
-1.452941,-1.072922
-1.692406,-1.272077
-1.770861,-1.356784
-1.719429,-1.450776
-1.621093,-1.203021
-1.704982,-1.132809
-1.769087,-1.038364
-1.769087,-1.038364
-1.728526,-0.835827
-1.728526,-0.835827
-1.762009,-1.083863
-1.720751,-1.170037
-1.645665,-1.197024
-1.670758,-1.422370
-1.799715,-1.308027
-1.799715,-1.308027
-1.948935,-1.255618
-1.948935,-1.255618
-1.948935,-1.255618
-1.948935,-1.255618
-1.895642,-1.055649
-1.881757,-1.183870
-1.918776,-1.374953
-1.944196,-1.597341
-1.944196,-1.597341
-2.032253,-1.575298
-2.154875,-1.478329
-2.121138,-1.462969
-2.121138,-1.462969
-2.121138,-1.462969
-2.070411,-1.403458
-1.924292,-1.578316
-1.755475,-1.773585
-1.674072,-1.634127
-1.503602,-1.540952
-1.442120,-1.716710
-1.452888,-1.685922
-1.452888,-1.685922
-1.603204,-1.555335
-1.518504,-1.501430
-1.354141,-1.551499
-1.354141,-1.551499
-1.588959,-1.632207
-1.346835,-1.756153
-1.346835,-1.756153
-1.412480,-1.547099
-1.364431,-1.486139
-1.245844,-1.399380
-1.456933,-1.172870
-1.585251,-1.318111
-1.683246,-1.311183
-1.539578,-1.191292
-1.599522,-1.161703
-1.599522,-1.161703
-1.398199,-1.031035
-1.339135,-0.847156
-1.375520,-0.871614
-1.484675,-0.930678
-1.484675,-0.930678
-1.484675,-0.930678
-1.618766,-1.100287
-1.768203,-1.188979
-1.961915,-1.398251
-1.966916,-1.450552
-1.966916,-1.450552
-1.966916,-1.450552
-1.966916,-1.450552
-1.969597,-1.521914
-2.082343,-1.447137
-2.082343,-1.447137
-1.956352,-1.413519
-1.985180,-1.428123
-1.769951,-1.565798
-1.937278,-1.328648
-1.903557,-1.084668
-1.903557,-1.084668
-2.001563,-1.276280
-2.053709,-1.192935
-2.053709,-1.192935
-2.053709,-1.192935
-1.906913,-0.991168
-1.906913,-0.991168
-1.730886,-1.003854
-1.624241,-1.113085
-1.640371,-1.210186
-1.640371,-1.210186
-1.577462,-1.398623
-1.634442,-1.567099
-1.474002,-1.551562
-1.615399,-1.515261
-1.592959,-1.357305
-1.438729,-1.215613
-1.399061,-1.019717
-1.341268,-1.190493
-1.290739,-0.949711
-1.425667,-1.190436
-1.195537,-1.396464
-1.018899,-1.638720
-1.004214,-1.830254
-1.055034,-1.959645
-0.939324,-1.726774
-0.802888,-1.640505
-0.931393,-1.425920
-1.052812,-1.611424
-1.052812,-1.611424
-1.209669,-1.412473
-1.362789,-1.398381
-1.573295,-1.376286
-1.757485,-1.553959
-1.691402,-1.393797
-1.691402,-1.393797
-1.467652,-1.334464
-1.412385,-1.446471
-1.412385,-1.446471
-1.480372,-1.607757
-1.604281,-1.651885
-1.604281,-1.651885
-1.604281,-1.651885
-1.768045,-1.534679
-1.677667,-1.548419
-1.551884,-1.507428
-1.534216,-1.564505
-1.421314,-1.520790
-1.619895,-1.574155
-1.414039,-1.749392
-1.648821,-1.728514
-1.670198,-1.522094
-1.683250,-1.376459
-1.611715,-1.595920
-1.611715,-1.595920
-1.611715,-1.595920
-1.590174,-1.550290
-1.532836,-1.380837
-1.532836,-1.380837
-1.369893,-1.299030
-1.363009,-1.093324
-1.363009,-1.093324
-1.445544,-1.250178
-1.311285,-1.261365
-1.146094,-1.410127
-1.302723,-1.359769
-1.165356,-1.134532
-1.137035,-1.151007
-1.144486,-1.379084
-0.905502,-1.270826
-0.905502,-1.270826
-0.854280,-1.377554
-0.854280,-1.377554
-0.656126,-1.507094
-0.703599,-1.396559
-0.878244,-1.642918
-0.878244,-1.642918
-1.121690,-1.741322
-1.346290,-1.589551
-1.373489,-1.722776
-1.222198,-1.486328
-1.222198,-1.486328
-1.046887,-1.535798
-0.802461,-1.457624
-0.730061,-1.639482
-0.865589,-1.451621
-0.755760,-1.561141
-0.631283,-1.473562
-0.611876,-1.293741
-0.497298,-1.080051
-0.334146,-0.984025
-0.334146,-0.984025
-0.502541,-1.198364
-0.375037,-1.247004
-0.343143,-1.205584
-0.174200,-1.284434
-0.168161,-1.288327
-0.226086,-1.319468
-0.311593,-1.440266
-0.467901,-1.514135
-0.524628,-1.415607
-0.419882,-1.449619
-0.651740,-1.288679
-0.454818,-1.118966
-0.579497,-1.107369
-0.801979,-0.863614
-0.627629,-1.062566
-0.675195,-1.001437
-0.924487,-0.861038
-1.154215,-0.890510
-0.905366,-0.978255
-0.787685,-1.113468
-0.748427,-1.318218
-0.626307,-1.336689
-0.722149,-1.157304
-0.885791,-0.981505
-0.660699,-0.875095
-0.543259,-1.047567
-0.654074,-1.028146
-0.894578,-1.176547
-0.918909,-1.098959
-0.836039,-1.305330
-0.982501,-1.397603
-1.001361,-1.375472
-1.213302,-1.463426
-1.376139,-1.263880
-1.311244,-1.071710
-1.350685,-0.964613
-1.292515,-0.792407
-1.085743,-0.589756
-0.901643,-0.409689
-1.068549,-0.607195
-1.140756,-0.682144
-1.140756,-0.682144
-1.096484,-0.612977
-1.096484,-0.612977
-1.107221,-0.570126
-1.094468,-0.731599
-1.183142,-0.565862
-1.183142,-0.565862
-1.144387,-0.715265
-1.164915,-0.726081
-1.222805,-0.687591
-1.208345,-0.646513
-1.248715,-0.648558
-1.235487,-0.829639
-1.189225,-0.797382
-1.296168,-0.702420
-1.298310,-0.699690
-1.298310,-0.699690
-1.298310,-0.699690
-1.097334,-0.887850
-1.039269,-0.990555
-1.041097,-1.216722
-1.235027,-1.096988
-1.316627,-1.057593
-1.250190,-0.939525
-1.408747,-0.811314
-1.205334,-1.043919
-1.128510,-0.874616
-1.128510,-0.874616
-0.965473,-0.701873
-0.965473,-0.701873
-1.040153,-0.848379
-0.928605,-1.068038
-0.853649,-1.274634
-1.060748,-1.497795
-1.060748,-1.497795
-1.291980,-1.302362
-1.291980,-1.302362
-1.268402,-1.537702
-1.206570,-1.321343
-1.350299,-1.474811
-1.173823,-1.446098
-1.173823,-1.446098
-1.173823,-1.446098
-1.176939,-1.321963
-1.176939,-1.321963
-1.217200,-1.475693
-1.173056,-1.548369
-1.173056,-1.548369
-1.244315,-1.705637
-1.278948,-1.771942
-1.278948,-1.771942
-1.034669,-1.683152
-1.258535,-1.693697
-1.165692,-1.792705
-1.279095,-1.747141
-1.296288,-1.708475
-1.166640,-1.712200
-1.164188,-1.506747
-0.978591,-1.671364
-0.978591,-1.671364
-1.017561,-1.640514
-1.017561,-1.640514
-1.115306,-1.445489
-1.040191,-1.485778
-1.237112,-1.635369
-1.451149,-1.457478
-1.284599,-1.249524
-1.487889,-1.455136
-1.520831,-1.604360
-1.321675,-1.385563
-1.321675,-1.385563
-1.214084,-1.605174
-1.179537,-1.474886
-1.277060,-1.544483
-1.138162,-1.591157
-1.275673,-1.739277
-1.275673,-1.739277
-1.043646,-1.559965
-1.024301,-1.427603
-0.859230,-1.571619
-0.859230,-1.571619
-0.676825,-1.400840
-0.676825,-1.400840
-0.694171,-1.434255
-0.694171,-1.434255
-0.595592,-1.612609
-0.418698,-1.554627
-0.418698,-1.554627
-0.418698,-1.554627
-0.496319,-1.636617
-0.437168,-1.486100
-0.302990,-1.351786
-0.302990,-1.351786
-0.397557,-1.242589
-0.570204,-1.414813
-0.654272,-1.357292
-0.686708,-1.503279
-0.761264,-1.566574
-0.758463,-1.482093
-0.955728,-1.423312
-1.064467,-1.493470
-0.870708,-1.483662
-0.870708,-1.483662
-1.050517,-1.538007
-1.236487,-1.642930
-1.484143,-1.492905
-1.484143,-1.492905
-1.447024,-1.631014
-1.447024,-1.631014
-1.515279,-1.791902
-1.673670,-1.868401
-1.706565,-1.743938
-1.509876,-1.978374
-1.449308,-2.021161
-1.476574,-1.772504
-1.257441,-1.816478
-1.324840,-1.578913
-1.170197,-1.496308
-1.170197,-1.496308
-0.921019,-1.561138
-0.861768,-1.741929
-1.094424,-1.978387
-1.244984,-1.946704
-1.335677,-1.726392
-1.335677,-1.726392
-1.150691,-1.671849
-1.322052,-1.733276
-1.542050,-1.739477
-1.452462,-1.527604
-1.447509,-1.291195
-1.404844,-1.215802
-1.558494,-1.107167
-1.319611,-1.209210
-1.454301,-1.444214
-1.663547,-1.234446
-1.529805,-1.436575
-1.651148,-1.338683
-1.696458,-1.376248
-1.659584,-1.136474
-1.410538,-0.909881
-1.410538,-0.909881
-1.268697,-0.995901
-1.327096,-0.995373
-1.159737,-1.202838
-1.203054,-1.235215
-1.423123,-1.427068
-1.384018,-1.187606
-1.384018,-1.187606
-1.384018,-1.187606
-1.261246,-1.258598
-1.166034,-1.026579
-1.033595,-1.123887
-1.071798,-1.202792
-0.949606,-1.034915
-0.949606,-1.034915
-1.013427,-1.171534
-1.161602,-1.044532
-1.092526,-1.081462
-1.301586,-1.252784
-1.124080,-1.414889
-1.163201,-1.425856
-1.259933,-1.193381
-1.046377,-0.960631
-1.140764,-0.820892
-1.140764,-0.820892
-0.910784,-1.052991
-0.930359,-1.046426
-1.058490,-1.046468
-1.058490,-1.046468
-1.058490,-1.046468
-0.913227,-1.113401
-0.739107,-1.167916
-0.803585,-1.361152
-0.559033,-1.162873
-0.671891,-0.963870
-0.906036,-0.742310
-0.994589,-0.556517
-0.870541,-0.688916
-0.995163,-0.699473
-0.999676,-0.561611
-1.017189,-0.388601
-1.073568,-0.460321
-1.142794,-0.432165
-1.142794,-0.432165
-1.063313,-0.609966
-1.204269,-0.645564
-1.103269,-0.643597
-1.157785,-0.892121
-1.247781,-0.952373
-1.378262,-0.941570
-1.248372,-0.890891
-1.442389,-0.736497
-1.264070,-0.719951
-1.145047,-0.812422
-1.148966,-0.669811
-1.292311,-0.875134
-1.390879,-1.002729
-1.211612,-1.060016
-1.365058,-1.028981
-1.219227,-1.056184
-1.219227,-1.056184
-1.223868,-1.055257
-0.985369,-1.090219
-0.814861,-0.865083
-1.012625,-0.689314
-1.116495,-0.923379
-1.362232,-1.031068
-1.439045,-1.026196
-1.460969,-1.005930
-1.687315,-1.200739
-1.646978,-1.256214
-1.460937,-1.475930
-1.283797,-1.278468
-1.035619,-1.156565
-1.178158,-1.306690
-1.036935,-1.262970
-1.127060,-1.491897
-1.358913,-1.244675
-1.491116,-1.186582
-1.491116,-1.186582
-1.310372,-1.420997
-1.330228,-1.642491
-1.489998,-1.401580
-1.370637,-1.295339
-1.526239,-1.499044
-1.680253,-1.519905
-1.695634,-1.525517
-1.695634,-1.525517
-1.660485,-1.771457
-1.638101,-1.568180
-1.638101,-1.568180
-1.787380,-1.492181
-1.787380,-1.492181
-1.787380,-1.492181
-1.806205,-1.386739
-1.620075,-1.592386
-1.426316,-1.587027
-1.381349,-1.831283
-1.539456,-1.630492
-1.405433,-1.608326
-1.441296,-1.362101
-1.401290,-1.481623
-1.240590,-1.591529
-1.031541,-1.605340
-1.052943,-1.812105
-0.993374,-1.641535
-1.153123,-1.534463
-1.160960,-1.752475
-1.201550,-1.950288
-1.133569,-1.896666
-0.994275,-1.773078
-0.994275,-1.773078
-0.994275,-1.773078
-1.181833,-1.565067
-1.217194,-1.372037
-1.243076,-1.370428
-1.406551,-1.402168
-1.569093,-1.240712
-1.485531,-1.323553
-1.619800,-1.476820
-1.619800,-1.476820
-1.452554,-1.575699
-1.645297,-1.502758
-1.669844,-1.561101
-1.551730,-1.423186
-1.552701,-1.244514
-1.359654,-1.207168
-1.172940,-1.105310
-1.248147,-1.108233
-1.248147,-1.108233
-1.125429,-1.090595
-1.136579,-0.978463
-0.972949,-0.850762
-1.058667,-1.015360
-1.193878,-1.015589
-1.017572,-0.836896
-1.017572,-0.836896
-1.017572,-0.836896
-0.882652,-0.738975
-0.765294,-0.792578
-0.680725,-0.949913
-0.477279,-1.132304
-0.457292,-1.212102
-0.560726,-1.119550
-0.662117,-1.199490
-0.691445,-1.112372
-0.779527,-1.011035
-0.966243,-1.151908
-1.083568,-1.019893
-1.278997,-1.095233
-1.194297,-1.056958
-0.973763,-1.031340
-1.143643,-1.214504
-1.143643,-1.214504
-1.176015,-1.276246
-1.078247,-1.096889
-1.017170,-1.068890
-1.188611,-0.993037
-1.151705,-1.201559
-1.151705,-1.201559
-1.057640,-1.257498
-1.274263,-1.037204
-1.114345,-0.796533
-1.275947,-0.848269
-1.151024,-0.761178
-1.032295,-0.784218
-1.233367,-0.702143
-1.459824,-0.756936
-1.557938,-0.768163
-1.336284,-0.923190
-1.525769,-1.100606
-1.525769,-1.100606
-1.646646,-1.179878
-1.525565,-1.166054
-1.525565,-1.166054
-1.573009,-1.057363
-1.713290,-1.264174
-1.574333,-1.316496
-1.422251,-1.277381
-1.275353,-1.350364
-1.416019,-1.536584
-1.267478,-1.510549
-1.221482,-1.450452
-1.332845,-1.631174
-1.431157,-1.457131
-1.376231,-1.307808
-1.376231,-1.307808
-1.329675,-1.339843
-1.329675,-1.339843
-1.501999,-1.102853
-1.501999,-1.102853
-1.345406,-1.244732
-1.510827,-1.476265
-1.583930,-1.615406
-1.638481,-1.443750
-1.626574,-1.328350
-1.457853,-1.141462
-1.341839,-1.281325
-1.257489,-1.110080
-1.311132,-1.197208
-1.516084,-1.329873
-1.516084,-1.329873
-1.512360,-1.232363
-1.375842,-1.273239
-1.252359,-1.404413
-1.367068,-1.305608
-1.367068,-1.305608
-1.367068,-1.305608
-1.600938,-1.461803
-1.441808,-1.466746
-1.241274,-1.595854
-1.087905,-1.416760
-1.302492,-1.476450
-1.431808,-1.398957
-1.447110,-1.570756
-1.447110,-1.570756
-1.683151,-1.714455
-1.731154,-1.507041
-1.731154,-1.507041
-1.654549,-1.510743
-1.903347,-1.553711
-1.804484,-1.460371
-1.718477,-1.439531
-1.718477,-1.439531
-1.767064,-1.551475
-1.539426,-1.632250
-1.715427,-1.687207
-1.539456,-1.639414
-1.451516,-1.633056
-1.532649,-1.724634
-1.717207,-1.602099
-1.752391,-1.440993
-1.638081,-1.234028
-1.610254,-1.041993
-1.564198,-0.979334
-1.755986,-0.848832
-1.573049,-0.735929
-1.808887,-0.959289
-1.808887,-0.959289
-1.800151,-1.131708
-1.800151,-1.131708
-1.810404,-0.966878
-1.810404,-0.966878
-1.810404,-0.966878
-1.610082,-1.144865
-1.823470,-1.056067
-1.823470,-1.056067
-1.926957,-0.874278
-2.075298,-1.028721
-2.104098,-1.070635
-2.094224,-1.116292
-2.094224,-1.116292
-2.095480,-1.225476
-2.136536,-1.263511
-2.136536,-1.263511
-2.136536,-1.263511
-2.136536,-1.263511
-2.176942,-1.371297
-2.126639,-1.425963
-1.974001,-1.529390
-1.924515,-1.327842
-1.955314,-1.465487
-1.786470,-1.702894
-1.786470,-1.702894
-1.956202,-1.882058
-1.856737,-1.686671
-1.711198,-1.605723
-1.711198,-1.605723
-1.498376,-1.701027
-1.440455,-1.726518
-1.440455,-1.726518
-1.672819,-1.567492
-1.504885,-1.603814
-1.606499,-1.435047
-1.606499,-1.435047
-1.507497,-1.500409
-1.311329,-1.499353
-1.227322,-1.606727
-1.359622,-1.665386
-1.127197,-1.808044
-1.127197,-1.808044
-1.127197,-1.808044
-1.127197,-1.808044
-1.127197,-1.808044
-1.054862,-1.558343
-0.917765,-1.369192
-0.917765,-1.369192
-0.980019,-1.186381
-1.144894,-1.233681
-1.005809,-1.130984
-1.005809,-1.130984
-1.180598,-1.304237
-1.178380,-1.530134
-1.413833,-1.287669
-1.519511,-1.425387
-1.408358,-1.264719
-1.282401,-1.320622
-1.282124,-1.156413
-1.282124,-1.156413
-1.451220,-1.161651
-1.455726,-1.382366
-1.685066,-1.401473
-1.648948,-1.376978
-1.648948,-1.376978
-1.648948,-1.376978
-1.517723,-1.372285
-1.552454,-1.587074
-1.479895,-1.602195
-1.546952,-1.615007
-1.546952,-1.615007
-1.663391,-1.606798
-1.507906,-1.372356
-1.509457,-1.439040
-1.285581,-1.252715
-1.482886,-1.371744
-1.546159,-1.295227
-1.531691,-1.131451
-1.569623,-1.146052
-1.323751,-1.285163
-1.108086,-1.105030
-1.064857,-1.050854
-0.922215,-1.173343
-0.922215,-1.173343
-1.083719,-1.062516
-0.964596,-0.969249
-1.126956,-0.757423
-1.213240,-0.928770
-1.300362,-0.684123
-1.300362,-0.684123
-1.245313,-0.469045
-1.245313,-0.469045
-1.359444,-0.668720
-1.286612,-0.588913
-1.046362,-0.710747
-1.046362,-0.710747
-0.968915,-0.558441
-1.046350,-0.506091
-1.267543,-0.586816
-1.373107,-0.812900
-1.506178,-0.834934
-1.394686,-0.984581
-1.511152,-0.939728
-1.590965,-0.857022
-1.461663,-0.676686
-1.461663,-0.676686
-1.445569,-0.683549
-1.678214,-0.742129
-1.678214,-0.742129
-1.764520,-0.791780
-1.546101,-0.818559
-1.565811,-0.583630
-1.661130,-0.619063
-1.416752,-0.854354
-1.416752,-0.854354
-1.451148,-0.936857
-1.230445,-1.091289
-1.224264,-1.210819
-1.453742,-1.039394
-1.480940,-1.165027
-1.392488,-1.037951
-1.355841,-1.114491
-1.263016,-1.011852
-1.184709,-0.897292
-1.254523,-0.769963
-1.254523,-0.769963
-1.183299,-0.709952
-1.035422,-0.840489
-0.810071,-0.859275
-1.040616,-0.634379
-0.798060,-0.497775
-0.735388,-0.674471
-0.735388,-0.674471
-0.534107,-0.742522
-0.529196,-0.695796
-0.694338,-0.745978
-0.688365,-0.850059
-0.586654,-0.894170
-0.750300,-0.788370
-0.659210,-0.848739
-0.412732,-0.788259
-0.650602,-0.662099
-0.650602,-0.662099
-0.835796,-0.723040
-0.835796,-0.723040
-0.976814,-0.810451
-0.819683,-0.904989
-1.065606,-1.144142
-1.177120,-1.354104
-0.991800,-1.184544
-0.991800,-1.184544
-0.772006,-1.101409
-0.994995,-0.873382
-0.993026,-0.795853
-0.980491,-0.611302
-1.081991,-0.519157
-1.156963,-0.568875
-1.024165,-0.637535
-1.160484,-0.749144
-1.386544,-0.636919
-1.501261,-0.694865
-1.393386,-0.640856
-1.570817,-0.719778
-1.592751,-0.872639
-1.564430,-0.867016
-1.620253,-1.096446
-1.650006,-1.157714
-1.482433,-1.244673
-1.359084,-1.120746
-1.293200,-1.308483
-1.359217,-1.363933
-1.359217,-1.363933
-1.446419,-1.458076
-1.615762,-1.607074
-1.547564,-1.414613
-1.547564,-1.414613
-1.305426,-1.292842
-1.460078,-1.522657
-1.460078,-1.522657
-1.222071,-1.343537
-1.222071,-1.343537
-1.451666,-1.149756
-1.387730,-1.077226
-1.596070,-1.154221
-1.468214,-1.278636
-1.698448,-1.309306
-1.698448,-1.309306
-1.522936,-1.482766
-1.522936,-1.482766
-1.449565,-1.334318
-1.409933,-1.247438
-1.535892,-1.236881
-1.513406,-1.319954
-1.277451,-1.123069
-1.451730,-1.228471
-1.445685,-1.120971
-1.473058,-1.184784
-1.612466,-1.219560
-1.843030,-1.309441
-1.843030,-1.309441
-1.818833,-1.120601
-1.982406,-1.304704
-2.207610,-1.298975
-2.207610,-1.298975
-1.993802,-1.326631
-1.773721,-1.429202
-1.827828,-1.305650
-1.819380,-1.320514
-1.613999,-1.484685
-1.726926,-1.446946
-1.545371,-1.543987
-1.545371,-1.543987
-1.403076,-1.506246
-1.249861,-1.408411
-1.311590,-1.390686
-1.074425,-1.356812
-1.073465,-1.233433
-0.914124,-1.179240
-1.126058,-1.157054
-1.155196,-1.374202
-1.177671,-1.623147
-0.978794,-1.582926
-1.174019,-1.735404
-1.101658,-1.561932
-1.080983,-1.573412
-1.080983,-1.573412
-1.120399,-1.541711
-1.206683,-1.723898
-1.307176,-1.709683
-1.255170,-1.635933
-1.025642,-1.470516
-1.143763,-1.220876
-1.302258,-1.055319
-1.302258,-1.055319
-1.302258,-1.055319
-1.441777,-0.947007
-1.235704,-0.972463
-1.462112,-1.214464
-1.680701,-1.033540
-1.680701,-1.033540
-1.680701,-1.033540
-1.680701,-1.033540
-1.650393,-1.158635
-1.549579,-1.279233
-1.515545,-1.257391
-1.441702,-1.178620
-1.252183,-0.939440
-1.366421,-0.942553
-1.183588,-1.071295
-1.427603,-1.231088
-1.362670,-1.400337
-1.419255,-1.423701
-1.419255,-1.423701
-1.419255,-1.423701
-1.419255,-1.423701
-1.464243,-1.528481
-1.414493,-1.378531
-1.580828,-1.472968
-1.466424,-1.685620
-1.678083,-1.543121
-1.594052,-1.737587
-1.622961,-1.603262
-1.622961,-1.603262
-1.622961,-1.603262
-1.867428,-1.361254
-1.707127,-1.176480
-1.707127,-1.176480
-1.701007,-1.328633
-1.630103,-1.143589
-1.460785,-0.906453
-1.259062,-1.062107
-1.297671,-0.952860
-1.297671,-0.952860
-1.297671,-0.952860
-1.093184,-1.147359
-0.948240,-1.075100
-0.862650,-1.063854
-0.853590,-1.290247
-1.069902,-1.348168
-1.016595,-1.404878
-1.233242,-1.600497
-1.329159,-1.674462
-1.529321,-1.794715
-1.413645,-1.624846
-1.379468,-1.723792
-1.165481,-1.734241
-1.165481,-1.734241
-1.011993,-1.564335
-1.011760,-1.643341
-0.945452,-1.709210
-1.135760,-1.712337
-1.164852,-1.674530
-1.231133,-1.655800
-1.072265,-1.550764
-1.298294,-1.422421
-1.264434,-1.338767
-1.174057,-1.380498
-0.970709,-1.201704
-1.060571,-1.013851
-1.060571,-1.013851
-0.951807,-1.014776
-0.951488,-1.162754
-0.718833,-0.927951
-0.878798,-0.964137
-1.097973,-1.134386
-1.097973,-1.134386
-1.139522,-0.938100
-1.275296,-0.908263
-1.183465,-0.994472
-1.071337,-0.958774
-1.071337,-0.958774
-1.064577,-0.838028
-1.212738,-0.979518
-1.460428,-0.916220
-1.247277,-0.984273
-1.247277,-0.984273
-1.190404,-1.124819
-1.365240,-1.095775
-1.435487,-1.236368
-1.586007,-1.016411
-1.477850,-1.227547
-1.380419,-1.209781
-1.331615,-1.457890
-1.468967,-1.433885
-1.468967,-1.433885
-1.377789,-1.499437
-1.403785,-1.410385
-1.484464,-1.380139
-1.469725,-1.176204
-1.426396,-0.933450
-1.657464,-0.996726
-1.464161,-1.153382
-1.529623,-1.376791
-1.529623,-1.376791
-1.576914,-1.199752
-1.576914,-1.199752
-1.477617,-1.308549
-1.341217,-1.340544
-1.401163,-1.339755
-1.250903,-1.432329
-1.319386,-1.425849
-1.319386,-1.425849
-1.308021,-1.402780
-1.155992,-1.258555
-1.188449,-1.263573
-1.279358,-1.172345
-1.419750,-1.236111
-1.499985,-1.246584
-1.575084,-1.436513
-1.575084,-1.436513
-1.618935,-1.439439
-1.618935,-1.439439
-1.613883,-1.527381
-1.613883,-1.527381
-1.448862,-1.525281
-1.311601,-1.574224
-1.342782,-1.635730
-1.255580,-1.525468
-1.417075,-1.286523
-1.538828,-1.090597
-1.339309,-1.258403
-1.343429,-1.507044
-1.343429,-1.507044
-1.365983,-1.584336
-1.291626,-1.355055
-1.272669,-1.249109
-1.141381,-1.196787
-1.141381,-1.196787
-0.911101,-1.366626
-1.040568,-1.323080
-1.268839,-1.377418
-1.064273,-1.231029
-1.064273,-1.231029
-1.310769,-1.089208
-1.310769,-1.089208
-1.179763,-1.269863
-1.179763,-1.269863
-0.970016,-1.053746
-0.902672,-1.202289
-0.883410,-0.972274
-0.968983,-1.193554
-0.968983,-1.193554
-0.814817,-1.132602
-0.936289,-1.204098
-0.843056,-1.242405
-0.993561,-1.276277
-1.075600,-1.106164
-0.835922,-1.347040
-0.835922,-1.347040
-0.750707,-1.139038
-0.811866,-1.031255
-0.811866,-1.031255
-0.734021,-1.193308
-0.865195,-1.329689
-0.686783,-1.258713
-0.894495,-1.284557
-0.929101,-1.399019
-0.956449,-1.542161
-0.931987,-1.403020
-0.996806,-1.321258
-1.178847,-1.382456
-1.264943,-1.390780
-1.338902,-1.424641
-1.282747,-1.635977
-1.424927,-1.754351
-1.284309,-1.888558
-1.405368,-2.019947
-1.405368,-2.019947
-1.417284,-1.793466
-1.417284,-1.793466
-1.275220,-1.619507
-1.524505,-1.858675
-1.499535,-1.679917
-1.499535,-1.679917
-1.368761,-1.760847
-1.550370,-1.570851
-1.550370,-1.570851
-1.686523,-1.391433
-1.575990,-1.157136
-1.794118,-1.234614
-1.794118,-1.234614
-1.794118,-1.234614
-1.794118,-1.234614
-1.794118,-1.234614
-1.627959,-1.109521
-1.790617,-0.903546
-1.741649,-0.891048
-1.580295,-1.018034
-1.421490,-0.982089
-1.590136,-0.920416
-1.600088,-0.678382
-1.578045,-0.704391
-1.670537,-0.722841
-1.670537,-0.722841
-1.641166,-0.569578
-1.641166,-0.569578
-1.696463,-0.460967
-1.459851,-0.710333
-1.456208,-0.482285
-1.456208,-0.482285
-1.420629,-0.503926
-1.420629,-0.503926
-1.408051,-0.607495
-1.405049,-0.658001
-1.405049,-0.658001
-1.405049,-0.658001
-1.447581,-0.492693
-1.447581,-0.492693
-1.342979,-0.446462
-1.128353,-0.233310
-1.232660,-0.318038
-1.232660,-0.318038
-1.109058,-0.439995
-1.109058,-0.439995
-1.281837,-0.329766
-1.344712,-0.576574
-1.429880,-0.485254
-1.429880,-0.485254
-1.420189,-0.614837
-1.420189,-0.614837
-1.256103,-0.825728
-1.290805,-1.056558
-1.351938,-1.023471
-1.351938,-1.023471
-1.484510,-1.163467
-1.450750,-1.251150
-1.388139,-1.445853
-1.356949,-1.238941
-1.356949,-1.238941
-1.152730,-1.435961
-1.383053,-1.472574
-1.345796,-1.299602
-1.345796,-1.299602
-1.580084,-1.467590
-1.585610,-1.340075
-1.580332,-1.134697
-1.483583,-1.080242
-1.694817,-1.281855
-1.618741,-1.171875
-1.585334,-1.210083
-1.472281,-1.126465
-1.442242,-1.264542
-1.583208,-1.479912
-1.736459,-1.671475
-1.783485,-1.534834
-1.811923,-1.490905
-1.936470,-1.254102
-1.820338,-1.416864
-1.841692,-1.319968
-1.816206,-1.472625
-1.823468,-1.518571
-1.760927,-1.394524
-1.752226,-1.169323
-1.752226,-1.169323
-1.613133,-0.934514
-1.395325,-0.732746
-1.429569,-0.769355
-1.564373,-0.911822
-1.564373,-0.911822
-1.564373,-0.911822
-1.503987,-1.003261
-1.506039,-0.992394
-1.272512,-1.107990
-1.244654,-0.902338
-1.465921,-0.736796
-1.632667,-0.732788
-1.604153,-0.496550
-1.361449,-0.372623
-1.604514,-0.574942
-1.390761,-0.520157
-1.460852,-0.534871
-1.680484,-0.398601
-1.543008,-0.341238
-1.453381,-0.467105
-1.381669,-0.715183
-1.231616,-0.771410
-1.002700,-0.884614
-0.769830,-1.030034
-0.534424,-1.064379
-0.534424,-1.064379
-0.655010,-1.246360
-0.670605,-1.352361
-0.738824,-1.421254
-0.655039,-1.243125
-0.896122,-1.116847
-1.039998,-1.245941
-0.805631,-1.238982
-0.941360,-1.438002
-0.923725,-1.538737
-0.934529,-1.626437
-1.132988,-1.634067
-1.251964,-1.751320
-1.245031,-1.738210
-1.478887,-1.655721
-1.246444,-1.478265
-1.338125,-1.364189
-1.342618,-1.388502
-1.342618,-1.388502
-1.525720,-1.279363
-1.525720,-1.279363
-1.517411,-1.123264
-1.766454,-1.292220
-1.615201,-1.191254
-1.615201,-1.191254
-1.378422,-1.145949
-1.303909,-1.294193
-1.542380,-1.284742
-1.542380,-1.284742
-1.506026,-1.286564
-1.698960,-1.426297
-1.796834,-1.382569
-1.796834,-1.382569
-1.556974,-1.562176
-1.408455,-1.398135
-1.375426,-1.282589
-1.506034,-1.417945
-1.601005,-1.594418
-1.611536,-1.585248
-1.612570,-1.456667
-1.630220,-1.612797
-1.463893,-1.651753
-1.615409,-1.671949
-1.844121,-1.642887
-1.844121,-1.642887
-1.747858,-1.750572
-1.638622,-1.821393
-1.645366,-1.659275
-1.531847,-1.755392
-1.551765,-1.508648
-1.794568,-1.302604
-1.893179,-1.158685
-1.712907,-1.328901
-1.712907,-1.328901
-1.655828,-1.505551
-1.655828,-1.505551
-1.422921,-1.528321
-1.422921,-1.528321
-1.264401,-1.294025
-1.421531,-1.178590
-1.209397,-1.343585
-0.976856,-1.524498
-0.940773,-1.564025
-0.940773,-1.564025
-0.918001,-1.347644
-1.140855,-1.355883
-0.955272,-1.250271
-1.202366,-1.169225
-1.054608,-1.297740
-1.300749,-1.191404
-1.184054,-1.392493
-1.162351,-1.635908
-1.366472,-1.793882
-1.342490,-1.732666
-1.395771,-1.715367
-1.550306,-1.500834
-1.487315,-1.304160
-1.514373,-1.072288
-1.457137,-1.100573
-1.220629,-1.115549
-1.388660,-1.210637
-1.594260,-1.228729
-1.594260,-1.228729
-1.368707,-1.364872
-1.368707,-1.364872
-1.368707,-1.364872
-1.427173,-1.490321
-1.319716,-1.462940
-1.411690,-1.280730
-1.166018,-1.272175
-1.300655,-1.101575
-1.406858,-1.067742
-1.567748,-1.143239
-1.443378,-1.360973
-1.281444,-1.236408
-1.091856,-1.327863
-1.070287,-1.309490
-0.929067,-1.337467
-1.119549,-1.260252
-1.236508,-1.488759
-1.403085,-1.652286
-1.485600,-1.470853
-1.566894,-1.288739
-1.609834,-1.481009
-1.858616,-1.264917
-1.967983,-1.393560
-1.967983,-1.393560
-1.729033,-1.363549
-1.576289,-1.191571
-1.576289,-1.191571
-1.434629,-1.305073
-1.555417,-1.393728
-1.589065,-1.417128
-1.540348,-1.637134
-1.615040,-1.484789
-1.693681,-1.700815
-1.698252,-1.524614
-1.841926,-1.757240
-1.841926,-1.757240
-1.617371,-1.651326
-1.617371,-1.651326
-1.609566,-1.475533
-1.661303,-1.517510
-1.440672,-1.369188
-1.414259,-1.451300
-1.414259,-1.451300
-1.488437,-1.657383
-1.488437,-1.657383
-1.298873,-1.650698
-1.343782,-1.440649
-1.343782,-1.440649
-1.366814,-1.539562
-1.456229,-1.345696
-1.217381,-1.525050
-1.217381,-1.525050
-1.451006,-1.561398
-1.616641,-1.384995
-1.486669,-1.445860
-1.629489,-1.318186
-1.449321,-1.233889
-1.553180,-1.296424
-1.553180,-1.296424
-1.701506,-1.214697
-1.584104,-1.030231
-1.584104,-1.030231
-1.584104,-1.030231
-1.584104,-1.030231
-1.366861,-0.835232
-1.242029,-0.773590
-1.290057,-0.981819
-1.154575,-0.936457
-1.154575,-0.936457
-0.976894,-1.149742
-0.976894,-1.149742
-1.131400,-0.946770
-1.118053,-1.124688
-1.011773,-1.361840
-0.905496,-1.173836
-1.152916,-1.057043
-1.307034,-0.827916
-1.072682,-1.066952
-1.017096,-0.827593
-1.017096,-0.827593
-0.832880,-0.715051
-1.067038,-0.709957
-1.065395,-0.598838
-1.024003,-0.414755
-0.968265,-0.628773
-0.750505,-0.745937
-0.936651,-0.785725
-0.913313,-0.559221
-1.018363,-0.634130
-1.095544,-0.804137
-1.126995,-0.899557
-1.148006,-1.043845
-1.148006,-1.043845
-1.168866,-1.126199
-1.366389,-0.906075
-1.363961,-1.097967
-1.363961,-1.097967
-1.230094,-1.192188
-1.230094,-1.192188
-1.121914,-1.015089
-0.966871,-1.198880
-0.728670,-1.251757
-0.688514,-1.351955
-0.688514,-1.351955
-0.579467,-1.109717
-0.729238,-1.303893
-0.729238,-1.303893
-0.481742,-1.145187
-0.428042,-1.098390
-0.398482,-1.286548
-0.461975,-1.418538
-0.640416,-1.473148
-0.640416,-1.473148
-0.798209,-1.504268
-0.798209,-1.504268
-0.917092,-1.562454
-1.040741,-1.732514
-1.071966,-1.533162
-1.240405,-1.487984
-1.454856,-1.260206
-1.527417,-1.298105
-1.308616,-1.410611
-1.363204,-1.369761
-1.140266,-1.454994
-1.081964,-1.564173
-1.256259,-1.451449
-1.131498,-1.587100
-1.192926,-1.509811
-1.371687,-1.443927
-1.371687,-1.443927
-1.549438,-1.397792
-1.783115,-1.307030
-1.621544,-1.297141
-1.447542,-1.338141
-1.377098,-1.378537
-1.243739,-1.521223
-1.030678,-1.605721
-1.268673,-1.592829
-1.462703,-1.645258
-1.288430,-1.646424
-1.494345,-1.463445
-1.424733,-1.482649
-1.424835,-1.693691
-1.327301,-1.943445
-1.084152,-1.834426
-0.930702,-1.802474
-0.964899,-1.559009
-1.028226,-1.396202
-1.046111,-1.488702
-1.021648,-1.344635
-0.932917,-1.542615
-0.780150,-1.489227
-0.749159,-1.608373
-0.850512,-1.549548
-0.640258,-1.314612
-0.640258,-1.314612
-0.692219,-1.125397
-0.603504,-1.094728
-0.420666,-1.129390
-0.533103,-1.355947
-0.533103,-1.355947
-0.767593,-1.436008
-0.658844,-1.194484
-0.618469,-1.101004
-0.618469,-1.101004
-0.564557,-1.011009
-0.737704,-1.088868
-0.894087,-0.923459
-0.767547,-1.169408
-0.531770,-0.955990
-0.744107,-1.202231
-0.512604,-1.331745
-0.584957,-1.370341
-0.381312,-1.211812
-0.561387,-1.223294
-0.367360,-1.224973
-0.419028,-1.101494
-0.487447,-1.027426
-0.372762,-1.007559
-0.357748,-1.175438
-0.562296,-1.007970
-0.562296,-1.007970
-0.505030,-1.043068
-0.543539,-1.261331
-0.779484,-1.292884
-0.942774,-1.203445
-0.936008,-0.993428
-0.772062,-1.042188
-0.961794,-0.864475
-0.961794,-0.864475
-1.134107,-0.937152
-1.267094,-1.052443
-1.132569,-1.092778
-1.149049,-1.060428
-1.275691,-1.037834
-1.275691,-1.037834
-1.275691,-1.037834
-1.275691,-1.037834
-1.409343,-0.822004
-1.284832,-0.668555
-1.233814,-0.708246
-1.213187,-0.527669
-1.382003,-0.331188
-1.344581,-0.379875
-1.344581,-0.379875
-1.115120,-0.326718
-1.094815,-0.557877
-1.075994,-0.732042
-1.232459,-0.933204
-1.106833,-1.037338
-1.106833,-1.037338
-1.106833,-1.037338
-1.187473,-0.856901
-1.249383,-0.875956
-1.233730,-0.807621
-1.233730,-0.807621
-1.233730,-0.807621
-1.233730,-0.807621
-1.393036,-0.764086
-1.458028,-0.570422
-1.249473,-0.391278
-1.482946,-0.374444
-1.535532,-0.182805
-1.288122,0.027389
-1.288122,0.027389
-1.288122,0.027389
-1.209704,-0.000474
-0.989704,0.047692
-0.989704,0.047692
-0.989704,0.047692
-0.989704,0.047692
-1.225467,0.075244
-1.303062,-0.070277
-1.303062,-0.070277
-1.534022,-0.304761
-1.667279,-0.455766
-1.430192,-0.240182
-1.600914,-0.062324
-1.364836,-0.297376
-1.121962,-0.315968
-1.183644,-0.497945
-1.390849,-0.506856
-1.389853,-0.265679
-1.257588,-0.287373
-1.257588,-0.287373
-1.487042,-0.216701
-1.319939,-0.223155
-1.319939,-0.223155
-1.335742,-0.310994
-1.335742,-0.310994
-1.519046,-0.100471
-1.381287,-0.290550
-1.337559,-0.353132
-1.409429,-0.281535
-1.356580,-0.044049
-1.295434,0.133691
-1.295434,0.133691
-1.340301,0.061559
-1.487481,-0.093527
-1.487481,-0.093527
-1.369146,-0.236631
-1.299485,-0.436371
-1.266523,-0.456025
-1.266523,-0.456025
-1.266523,-0.456025
-1.362128,-0.282026
-1.169097,-0.514967
-1.189988,-0.624740
-1.130174,-0.837006
-1.287313,-0.865585
-1.468713,-0.651657
-1.304159,-0.500553
-1.501239,-0.324059
-1.673828,-0.527664
-1.673828,-0.527664
-1.551007,-0.767293
-1.524839,-0.966361
-1.733873,-1.202267
-1.733873,-1.202267
-1.588142,-1.409533
-1.368983,-1.505139
-1.368983,-1.505139
-1.368983,-1.505139
-1.252818,-1.617957
-1.399393,-1.593590
-1.549802,-1.515156
-1.549802,-1.515156
-1.549802,-1.515156
-1.398930,-1.316770
-1.606614,-1.353298
-1.563067,-1.473536
-1.433648,-1.316706
-1.278948,-1.275672
-1.153061,-1.494022
-1.333486,-1.404583
-1.333486,-1.404583
-1.558094,-1.378308
-1.716634,-1.466398
-1.575896,-1.590371
-1.447528,-1.600775
-1.447528,-1.600775
-1.460419,-1.765201
-1.328436,-1.517019
-1.328436,-1.517019
-1.267800,-1.412628
-1.300346,-1.415610
-1.372121,-1.230306
-1.191296,-1.110094
-1.263960,-0.873503
-1.372965,-0.915195
-1.235199,-0.989060
-1.208042,-1.055833
-1.454954,-0.918731
-1.529775,-0.926432
-1.529775,-0.926432
-1.393936,-0.876128
-1.628435,-1.109262
-1.628435,-1.109262
-1.601305,-1.137908
-1.396307,-1.238341
-1.347509,-1.084069
-1.150045,-1.303159
-1.371403,-1.172755
-1.144295,-1.162799
-1.350699,-1.204509
-1.258352,-1.124775
-1.263091,-1.264251
-1.263091,-1.264251
-1.328558,-1.067152
-1.213337,-1.055025
-1.229084,-1.210153
-1.006796,-1.213515
-1.119589,-1.437333
-0.993017,-1.634192
-0.743439,-1.486168
-0.743439,-1.486168
-0.755399,-1.496795
-0.594505,-1.337673
-0.576007,-1.443280
-0.659035,-1.396120
-0.566527,-1.611073
-0.566527,-1.611073
-0.566527,-1.611073
-0.620925,-1.392059
-0.666329,-1.497120
-0.785806,-1.540368
-0.785806,-1.540368
-0.983010,-1.444409
-1.129832,-1.593809
-1.198344,-1.566804
-1.198344,-1.566804
-1.198344,-1.566804
-1.198344,-1.566804
-1.255419,-1.332787
-1.119938,-1.294202
-0.882010,-1.434396
-0.822984,-1.388320
-0.822984,-1.388320
-0.792069,-1.301337
-0.576498,-1.199622
-0.636846,-0.974728
-0.573424,-1.031893
-0.578848,-1.195627
-0.578848,-1.195627
-0.575550,-1.272503
-0.804256,-1.137413
-0.753126,-1.286002
-0.807286,-1.056749
-0.807286,-1.056749
-1.020729,-0.891604
-1.135710,-0.874352
-1.364450,-0.804080
-1.216014,-1.044715
-1.226213,-0.954847
-1.151583,-1.157922
-1.365474,-1.015357
-1.226463,-1.166508
-1.226463,-1.166508
-1.414575,-1.263636
-1.414575,-1.263636
-1.308164,-1.317340
-1.395470,-1.163632
-1.595333,-1.257540
-1.562373,-1.296145
-1.432042,-1.337131
-1.432042,-1.337131
-1.443894,-1.521979
-1.517608,-1.437507
-1.495848,-1.216298
-1.577192,-1.369562
-1.676618,-1.418264
-1.676618,-1.418264
-1.705047,-1.231927
-1.705047,-1.231927
-1.705047,-1.231927
-1.749001,-1.463095
-1.923209,-1.370315
-1.923209,-1.370315
-1.784472,-1.615087
-1.700980,-1.373612
-1.622354,-1.408347
-1.590109,-1.464100
-1.508244,-1.564500
-1.447816,-1.436818
-1.447816,-1.436818
-1.258933,-1.381375
-1.420473,-1.386326
-1.328101,-1.385439
-1.199241,-1.144017
-1.199241,-1.144017
-1.199241,-1.144017
-1.250207,-1.224685
-1.388448,-1.153009
-1.411364,-1.293373
-1.268900,-1.403993
-1.493673,-1.168140
-1.429394,-1.332916
-1.215910,-1.291399
-1.107374,-1.141614
-1.006303,-0.935877
-1.006303,-0.935877
-1.093329,-1.087231
-0.983277,-0.929450
-1.180908,-1.014369
-1.180908,-1.014369
-0.948416,-1.028289
-1.020405,-0.953258
-1.052288,-0.804301
-1.121768,-0.560992
-0.945600,-0.696810
-1.002604,-0.760975
-1.113846,-0.908133
-1.113846,-0.908133
-1.298740,-0.920956
-1.057157,-1.140716
-0.957565,-1.292044
-1.108519,-1.382999
-1.022630,-1.340395
-1.131077,-1.509854
-1.007876,-1.377738
-0.975907,-1.575701
-1.190903,-1.501852
-1.271844,-1.388277
-1.519791,-1.630590
-1.652000,-1.670194
-1.582367,-1.844822
-1.669146,-1.837180
-1.669146,-1.837180
-1.669146,-1.837180
-1.669146,-1.837180
-1.421207,-1.718453
-1.552640,-1.723083
-1.552640,-1.723083
-1.552640,-1.723083
-1.479681,-1.503949
-1.658018,-1.300197
-1.477847,-1.175466
-1.246809,-1.122094
-1.246809,-1.122094
-1.310255,-0.949521
-1.128166,-1.082594
-1.096348,-1.313863
-1.064676,-1.513241
-1.216202,-1.700922
-1.216202,-1.700922
-1.454761,-1.666961
-1.454761,-1.666961
-1.355887,-1.896189
-1.441621,-1.818207
-1.441621,-1.818207
-1.441621,-1.818207
-1.525411,-1.583620
-1.525411,-1.583620
-1.323860,-1.619609
-1.411393,-1.789089
-1.566754,-1.931092
-1.815274,-1.811763
-1.658492,-1.767109
-1.658492,-1.767109
-1.732524,-1.526101
-1.732524,-1.526101
-1.526772,-1.461653
-1.766228,-1.487098
-1.806753,-1.602802
-1.846702,-1.518014
-1.924989,-1.294088
-1.802792,-1.532536
-1.759176,-1.477450
-1.600496,-1.537058
-1.600496,-1.537058
-1.600496,-1.537058
-1.427246,-1.726766
-1.610150,-1.786947
-1.610150,-1.786947
-1.610150,-1.786947
-1.668816,-1.798138
-1.712978,-2.028378
-1.581673,-2.176455
-1.581673,-2.176455
-1.374780,-1.931340
-1.358536,-1.909045
-1.308668,-1.778968
-1.539250,-1.679478
-1.717991,-1.774915
-1.683899,-1.786893
-1.683899,-1.786893
-1.544910,-1.795752
-1.659255,-1.591476
-1.486457,-1.386309
-1.284703,-1.497835
-1.284703,-1.497835
-1.362769,-1.556312
-1.412082,-1.354246
-1.412082,-1.354246
-1.346961,-1.376046
-1.346961,-1.376046
-1.346961,-1.376046
-1.346961,-1.376046
-1.346961,-1.376046
-1.287530,-1.515925
-1.339062,-1.619575
-1.554652,-1.543395
-1.564747,-1.702444
-1.564747,-1.702444
-1.521850,-1.726881
-1.586053,-1.787455
-1.383133,-1.816586
-1.383133,-1.816586
-1.383133,-1.816586
-1.338568,-1.813469
-1.338568,-1.813469
-1.175825,-1.597874
-1.207478,-1.588384
-1.450666,-1.347876
-1.229260,-1.168242
-1.229260,-1.168242
-1.229260,-1.168242
-1.464306,-1.098554
-1.345643,-1.214789
-1.253724,-1.341791
-1.418286,-1.135621
-1.317664,-0.985246
-1.194277,-1.210784
-0.958407,-1.440905
-0.917897,-1.600810
-0.897173,-1.779319
-1.076111,-1.702927
-0.960888,-1.642156
-1.011754,-1.557388
-0.848644,-1.654939
-0.794627,-1.795062
-0.735594,-1.626812
-0.695224,-1.627236
-0.601931,-1.650272
-0.729816,-1.525105
-0.940889,-1.515675
-0.940889,-1.515675
-0.773777,-1.369394
-0.904687,-1.568661
-0.822488,-1.557292
-0.933267,-1.420241
-0.946362,-1.505507
-0.978065,-1.331463
-1.200384,-1.345912
-1.324720,-1.561448
-1.338457,-1.454009
-1.338457,-1.454009
-1.338457,-1.454009
-1.481926,-1.232424
-1.481926,-1.232424
-1.416209,-1.226399
-1.337763,-1.290451
-1.557356,-1.488842
-1.522427,-1.437140
-1.522427,-1.437140
-1.522427,-1.437140
-1.488044,-1.551880
-1.351879,-1.527399
-1.176953,-1.549808
-1.415144,-1.318944
-1.415144,-1.318944
-1.370454,-1.215142
-1.420639,-1.171541
-1.203734,-1.163463
-1.107800,-1.299081
-1.283145,-1.319058
-1.370815,-1.280831
-1.413611,-1.065249
-1.384572,-1.008219
-1.384572,-1.008219
-1.377615,-1.081865
-1.517051,-1.084434
-1.411131,-0.880675
-1.633640,-1.079655
-1.674563,-0.887245
-1.633820,-1.116533
-1.633820,-1.116533
-1.488007,-0.940152
-1.488007,-0.940152
-1.352871,-0.707020
-1.286446,-0.800722
-1.491614,-0.557105
-1.495344,-0.746458
-1.660318,-0.964880
-1.660318,-0.964880
-1.588932,-1.184818
-1.689129,-1.191331
-1.808049,-1.377274
-1.912394,-1.603740
-1.769434,-1.376577
-1.642233,-1.515930
-1.503596,-1.434046
-1.260635,-1.489302
-1.260635,-1.489302
-1.073977,-1.331097
-1.127500,-1.385701
-1.119067,-1.161805
-1.141539,-1.338055
-1.141539,-1.338055
-1.034362,-1.516616
-1.034362,-1.516616
-1.034362,-1.516616
-1.034362,-1.516616
-1.069175,-1.628643
-1.069175,-1.628643
-1.310287,-1.493266
-1.542393,-1.493234
-1.304029,-1.312783
-1.127518,-1.189008
-0.982404,-1.260113
-0.820805,-1.262739
-0.880296,-1.133647
-0.889533,-1.382511
-1.081296,-1.341441
-1.220960,-1.171942
-1.467362,-0.958258
-1.660618,-1.008341
-1.828712,-1.154186
-1.971461,-1.351015
-2.138716,-1.392854
-2.138716,-1.392854
-2.000339,-1.196710
-1.867830,-1.112894
-1.867830,-1.112894
-1.801075,-1.159716
-1.801075,-1.159716
-1.623688,-1.330161
-1.555749,-1.468782
-1.707202,-1.449362
-1.602941,-1.630026
-1.671397,-1.669683
-1.671397,-1.669683
-1.671397,-1.669683
-1.601849,-1.782383
-1.399766,-1.860532
-1.170266,-1.660542
-1.170266,-1.660542
-1.112613,-1.691266
-1.279728,-1.893964
-1.429784,-1.874172
-1.379277,-2.006657
-1.476639,-1.877449
-1.676463,-1.805881
-1.522956,-1.823769
-1.293012,-1.661038
-1.116323,-1.546599
-1.154058,-1.748068
-1.384944,-1.756156
-1.286411,-1.702163
-1.535347,-1.571696
-1.535347,-1.571696
-1.494057,-1.621529
-1.494057,-1.621529
-1.246111,-1.379325
-1.192376,-1.260823
-1.327438,-1.244820
-1.250808,-1.338162
-1.345748,-1.478763
-1.345748,-1.478763
-1.211293,-1.705310
-1.304036,-1.938854
-1.198714,-1.780562
-1.332078,-1.728520
-1.465980,-1.729851
-1.465980,-1.729851
-1.382923,-1.790543
-1.382923,-1.790543
-1.369665,-1.961161
-1.369665,-1.961161
-1.192119,-1.951673
-1.192119,-1.951673
-1.072633,-1.750114
-0.915548,-1.617924
-1.111923,-1.595387
-1.157403,-1.478087
-1.334518,-1.238071
-1.256395,-1.234900
-1.233259,-1.384817
-1.233259,-1.384817
-1.306768,-1.354973
-1.176440,-1.420788
-1.231023,-1.310835
-1.390893,-1.244728
-1.532455,-1.473468
-1.359135,-1.489820
-1.547517,-1.616948
-1.569438,-1.551801
-1.777064,-1.617429
-1.615273,-1.395552
-1.503994,-1.618857
-1.503994,-1.618857
-1.680070,-1.431195
-1.677360,-1.384271
-1.462816,-1.542432
-1.464862,-1.427325
-1.324048,-1.281814
-1.478788,-1.488919
-1.478788,-1.488919
-1.538874,-1.357466
-1.454843,-1.544353
-1.454843,-1.544353
-1.454843,-1.544353
-1.257416,-1.392753
-1.447127,-1.360807
-1.509232,-1.161396
-1.260333,-0.924176
-1.419048,-0.936957
-1.220399,-0.739279
-0.983083,-0.681629
-1.178270,-0.691558
-1.031154,-0.612930
-0.851802,-0.737897
-0.664023,-0.728918
-0.859584,-0.526819
-0.859584,-0.526819
-0.935140,-0.395969
-1.075887,-0.439148
-1.044925,-0.548937
-0.799531,-0.725533
-0.859628,-0.764632
-0.926778,-0.855194
-0.710520,-0.714491
-0.685168,-0.618643
-0.609321,-0.863866
-0.834983,-1.058533
-0.655962,-1.252983
-0.761419,-1.166711
-0.992226,-1.348370
-0.892477,-1.352719
-1.000595,-1.506606
-1.071420,-1.363218
-1.304560,-1.244261
-1.311913,-1.329541
-1.359971,-1.536016
-1.448313,-1.304678
-1.345376,-1.231737
-1.375131,-1.331511
-1.285743,-1.477119
-1.441591,-1.312704
-1.514023,-1.189488
-1.608591,-1.094441
-1.415661,-1.006104
-1.377938,-1.005249
-1.578275,-1.075992
-1.578275,-1.075992
-1.734110,-1.189461
-1.849696,-1.346177
-1.773077,-1.101399
-1.773077,-1.101399
-1.773077,-1.101399
-1.705481,-1.015805
-1.705481,-1.015805
-1.900617,-1.176311
-1.763265,-1.193590
-1.677063,-1.401703
-1.572821,-1.401303
-1.691564,-1.621812
-1.672514,-1.437342
-1.736976,-1.363961
-1.663715,-1.560963
-1.663715,-1.560963
-1.646851,-1.623864
-1.537565,-1.857108
-1.537565,-1.857108
-1.411926,-1.738398
-1.630491,-1.657930
-1.433155,-1.540545
-1.433155,-1.540545
-1.392995,-1.567817
-1.637477,-1.581027
-1.766733,-1.477055
-1.732594,-1.702827
-1.582269,-1.690317
-1.582269,-1.690317
-1.796869,-1.476486
-1.632999,-1.316511
-1.389235,-1.365415
-1.638823,-1.203134
-1.745839,-1.322019
-1.866638,-1.078800
-1.813817,-1.324333
-1.813817,-1.324333
-1.813817,-1.324333
-1.813817,-1.324333
-1.781232,-1.167685
-1.797342,-0.935321
-1.787966,-0.842143
-1.787966,-0.842143
-1.787966,-0.842143
-1.756511,-0.678430
-1.823458,-0.853090
-1.730472,-1.046484
-1.669176,-0.833920
-1.544389,-1.050434
-1.540590,-1.194655
-1.469607,-1.177872
-1.620861,-1.304963
-1.714513,-1.325199
-1.837056,-1.405433
-1.902973,-1.262075
-1.976351,-1.033852
-1.844650,-1.029510
-1.844650,-1.029510
-1.719899,-0.837091
-1.719899,-0.837091
-1.494065,-0.747336
-1.308129,-0.718660
-1.524741,-0.819248
-1.524741,-0.819248
-1.476925,-0.684375
-1.634810,-0.748321
-1.393282,-0.882967
-1.393282,-0.882967
-1.435199,-0.895469
-1.240559,-1.083015
-1.084069,-0.939503
-1.019081,-0.700587
-0.889684,-0.921293
-0.880122,-0.703973
-1.126424,-0.807565
-0.886171,-0.868733
-0.796489,-1.092779
-0.956909,-1.274130
-0.968254,-1.449798
-0.968254,-1.449798
-1.165955,-1.204833
-1.126535,-1.180450
-1.372512,-1.311418
-1.210490,-1.203913
-1.424452,-1.268370
-1.516257,-1.236117
-1.292060,-1.154172
-1.468362,-1.263176
-1.674713,-1.399050
-1.688967,-1.465072
-1.529041,-1.590100
-1.503314,-1.705572
-1.503314,-1.705572
-1.503314,-1.705572
-1.503314,-1.705572
-1.328114,-1.605047
-1.325353,-1.703707
-1.544377,-1.838991
-1.443612,-1.792565
-1.495229,-1.821565
-1.685506,-1.795386
-1.685506,-1.795386
-1.823056,-1.602217
-1.668964,-1.781936
-1.746334,-1.636270
-1.548634,-1.398841
-1.548634,-1.398841
-1.351347,-1.594737
-1.590634,-1.793912
-1.590634,-1.793912
-1.590634,-1.793912
-1.631902,-1.869363
-1.590299,-1.655576
-1.400843,-1.472122
-1.261611,-1.396806
-1.249779,-1.538485
-1.163515,-1.694437
-0.990967,-1.687601
-1.174619,-1.823995
-1.405361,-1.895981
-1.405361,-1.895981
-1.556807,-1.758391
-1.567786,-1.780713
-1.567786,-1.780713
-1.567786,-1.780713
-1.616965,-1.824022
-1.616965,-1.824022
-1.679967,-1.709261
-1.679967,-1.709261
-1.730359,-1.650436
-1.594821,-1.658749
-1.485151,-1.427227
-1.485151,-1.427227
-1.426064,-1.349976
-1.349942,-1.472178
-1.522993,-1.451218
-1.590527,-1.484960
-1.667649,-1.674441
-1.686309,-1.788082
-1.686309,-1.788082
-1.491229,-1.583900
-1.491229,-1.583900
-1.247806,-1.375054
-1.278118,-1.337141
-1.444419,-1.349688
-1.574310,-1.425031
-1.670466,-1.515317
-1.670466,-1.515317
-1.592111,-1.607507
-1.528889,-1.537407
-1.528889,-1.537407
-1.691155,-1.744235
-1.577471,-1.551152
-1.694638,-1.777142
-1.667821,-1.575548
-1.716838,-1.403910
-1.716838,-1.403910
-1.885502,-1.629395
-1.810330,-1.719351
-1.619793,-1.859374
-1.776712,-1.694869
-1.685490,-1.532640
-1.716970,-1.609170
-1.716970,-1.609170
-1.750156,-1.378148
-1.658972,-1.336894
-1.439135,-1.549491
-1.383798,-1.501368
-1.511010,-1.543482
-1.492451,-1.616650
-1.492451,-1.616650
-1.742000,-1.799920
-1.876369,-1.636123
-1.911047,-1.475052
-1.913475,-1.265934
-1.929550,-1.445179
-2.134248,-1.305757
-2.085364,-1.219216
-1.958109,-1.441588
-1.944094,-1.387672
-1.738587,-1.436948
-1.892113,-1.250010
-1.892113,-1.250010
-2.086435,-1.216612
-2.116166,-1.406287
-2.116166,-1.406287
-1.920130,-1.627506
-1.700545,-1.563889
-1.636925,-1.800188
-1.581049,-1.686570
-1.662218,-1.897323
-1.662218,-1.897323
-1.662218,-1.897323
-1.662218,-1.897323
-1.741251,-1.697681
-1.758989,-1.836118
-1.758989,-1.836118
-1.561436,-2.059580
-1.350118,-1.930316
-1.350118,-1.930316
-1.334071,-1.724919
-1.253605,-1.836578
-1.186425,-1.739407
-1.314571,-1.498420
-1.392833,-1.349216
-1.433034,-1.498146
-1.366192,-1.585660
-1.420115,-1.367995
-1.503366,-1.575779
-1.487946,-1.409675
-1.487946,-1.409675
-1.400484,-1.427440
-1.561290,-1.593149
-1.483417,-1.786669
-1.546372,-1.874252
-1.657311,-1.930282
-1.657311,-1.930282
-1.811387,-1.973333
-1.811387,-1.973333
-1.927308,-1.772844
-1.776781,-1.855883
-1.776781,-1.855883
-1.792726,-1.851610
-1.890559,-1.618633
-1.823485,-1.819391
-1.895484,-1.897260
-1.810744,-1.666606
-1.576368,-1.510442
-1.474432,-1.274021
-1.609389,-1.492671
-1.673864,-1.627655
-1.458898,-1.696445
-1.358532,-1.844362
-1.589528,-1.703579
-1.662024,-1.642714
-1.623027,-1.716574
-1.623027,-1.716574
-1.779433,-1.929414
-1.558115,-1.736239
-1.619813,-1.689122
-1.727444,-1.643025
-1.727444,-1.643025
-1.600618,-1.591965
-1.450313,-1.411837
-1.227533,-1.648507
-1.029297,-1.896004
-1.244135,-1.675973
-1.353984,-1.907644
-1.592482,-1.847724
-1.592482,-1.847724
-1.592482,-1.847724
-1.712374,-1.878014
-1.547827,-1.821835
-1.481860,-1.612791
-1.410420,-1.420547
-1.321301,-1.607558
-1.321301,-1.607558
-1.231305,-1.540271
-1.311639,-1.724605
-1.097220,-1.482174
-1.215734,-1.347655
-1.438735,-1.326354
-1.495748,-1.533409
-1.571160,-1.485351
-1.607924,-1.371359
-1.546947,-1.539730
-1.549777,-1.609296
-1.549777,-1.609296
-1.750367,-1.411495
-1.914656,-1.621687
-1.967405,-1.683149
-1.893198,-1.476487
-1.848507,-1.357013
-1.799034,-1.366523
-1.616359,-1.151601
-1.616359,-1.151601
-1.660419,-1.163472
-1.691164,-1.400608
-1.691164,-1.400608
-1.646462,-1.581221
-1.792441,-1.561086
-1.625791,-1.662010
-1.631061,-1.747116
-1.631061,-1.747116
-1.564532,-1.587364
-1.564532,-1.587364
-1.466841,-1.689199
-1.508217,-1.605096
-1.736379,-1.827007
-1.879701,-1.631980
-1.743617,-1.470726
-1.926132,-1.507715
-1.851234,-1.696281
-1.980307,-1.522169
-1.956969,-1.286215
-1.956969,-1.286215
-1.956969,-1.286215
-1.738010,-1.239963
-1.563753,-0.993596
-1.463954,-1.175898
-1.689254,-1.283853
-1.772463,-1.285679
-1.767968,-1.231051
-1.616972,-1.455718
-1.795462,-1.337537
-1.800967,-1.351613
-1.849959,-1.263444
-2.017273,-1.300789
-1.849601,-1.241233
-1.600766,-1.073227
-1.600766,-1.073227
-1.449275,-0.969883
-1.449275,-0.969883
-1.250965,-0.972502
-1.372044,-0.945187
-1.395797,-1.166113
-1.395797,-1.166113
-1.533959,-1.246094
-1.360756,-1.224430
-1.491753,-1.394480
-1.673136,-1.397128
-1.517445,-1.190146
-1.326551,-1.339920
-1.459099,-1.574992
-1.539376,-1.792825
-1.539376,-1.792825
-1.539376,-1.792825
-1.411331,-1.741725
-1.182308,-1.545293
-1.120023,-1.731259
-1.120023,-1.731259
-1.120023,-1.731259
-1.228810,-1.613016
-1.228810,-1.613016
-1.299320,-1.664895
-1.356062,-1.839895
-1.279524,-1.966693
-1.525465,-1.991567
-1.398279,-1.871221
-1.365454,-1.682987
-1.545350,-1.696140
-1.418759,-1.580378
-1.392389,-1.382160
-1.431954,-1.351500
-1.288631,-1.521745
-1.300462,-1.367356
-1.283683,-1.363590
-1.366512,-1.469969
-1.505497,-1.392312
-1.742568,-1.332604
-1.654637,-1.492071
-1.501337,-1.462644
-1.493135,-1.621438
-1.460566,-1.733411
-1.240347,-1.520199
-1.457644,-1.615861
-1.520757,-1.864010
-1.520757,-1.864010
-1.426271,-1.835183
-1.214214,-1.793517
-1.283587,-1.743330
-1.128880,-1.593866
-0.969057,-1.443963
-1.079436,-1.574888
-1.051327,-1.658877
-1.021808,-1.523214
-0.996125,-1.379977
-1.200867,-1.471816
-1.200867,-1.471816
-1.134666,-1.331426
-1.019978,-1.275589
-1.242904,-1.487461
-1.242904,-1.487461
-1.161182,-1.492032
-1.366271,-1.410400
-1.195105,-1.626574
-1.050186,-1.479796
-0.947937,-1.482971
-1.155042,-1.289925
-1.320457,-1.427134
-1.338217,-1.414885
-1.496654,-1.261514
-1.604464,-1.227333
-1.429627,-1.246093
-1.493987,-1.439227
-1.493987,-1.439227
-1.506666,-1.541625
-1.590984,-1.670926
-1.391200,-1.896763
-1.391200,-1.896763
-1.391200,-1.896763
-1.391200,-1.896763
-1.523338,-1.736298
-1.578218,-1.604973
-1.578218,-1.604973
-1.821774,-1.560648
-1.867582,-1.442359
-1.989808,-1.209936
-1.828939,-0.977277
-1.622250,-1.157898
-1.400821,-1.095398
-1.509115,-1.193596
-1.324571,-1.064439
-1.324571,-1.064439
-1.324571,-1.064439
-1.389466,-1.257983
-1.458759,-1.358178
-1.444266,-1.286714
-1.367557,-1.527968
-1.209231,-1.542453
-1.424841,-1.307331
-1.203666,-1.521829
-1.203666,-1.521829
-1.039543,-1.593285
-1.230408,-1.461712
-1.278620,-1.265869
-1.351873,-1.434418
-1.351873,-1.434418
-1.368876,-1.192054
-1.345206,-1.369552
-1.166188,-1.615108
-1.374398,-1.514197
-1.408693,-1.397200
-1.614473,-1.446159
-1.511501,-1.303757
-1.686803,-1.102631
-1.689099,-1.187874
-1.689099,-1.187874
-1.487467,-1.364144
-1.606546,-1.223630
-1.778190,-1.045712
-1.625994,-1.088760
-1.406102,-0.864217
-1.536078,-0.861322
-1.536078,-0.861322
-1.546939,-0.905091
-1.491558,-1.112836
-1.491558,-1.112836
-1.333562,-1.183895
-1.471430,-1.328086
-1.612324,-1.326248
-1.614433,-1.268069
-1.705566,-1.446924
-1.641542,-1.388314
-1.755698,-1.519610
-1.755698,-1.519610
-2.005095,-1.628506
-1.847202,-1.424914
-1.822966,-1.595964
-1.782843,-1.744426
-1.555156,-1.506583
-1.803469,-1.404366
-2.044006,-1.607329
-2.044006,-1.607329
-1.971161,-1.801116
-1.971161,-1.801116
-1.795313,-1.821480
-1.691789,-1.905734
-1.832705,-1.772369
-1.832705,-1.772369
-1.741290,-1.858800
-1.741290,-1.858800
-1.497660,-1.669556
-1.497660,-1.669556
-1.685361,-1.870705
-1.685361,-1.870705
-1.541734,-1.925126
-1.300633,-1.732253
-1.327323,-1.809429
-1.125030,-1.883983
-0.961168,-1.843360
-1.198566,-1.806775
-1.075747,-1.574892
-1.075747,-1.574892
-1.296219,-1.553201
-1.533333,-1.726683
-1.563197,-1.647809
-1.563197,-1.647809
-1.400887,-1.706480
-1.332886,-1.814008
-1.505562,-1.974308
-1.505562,-1.974308
-1.489734,-1.963696
-1.526047,-1.780060
-1.386457,-1.687459
-1.386457,-1.687459
-1.577183,-1.707846
-1.577183,-1.707846
-1.781711,-1.715294
-1.668002,-1.617885
-1.703014,-1.560760
-1.703014,-1.560760
-1.703014,-1.560760
-1.730369,-1.314391
-1.730369,-1.314391
-1.951501,-1.384998
-2.100552,-1.473154
-2.047280,-1.634752
-1.865872,-1.711092
-1.865872,-1.711092
-1.865872,-1.711092
-1.662468,-1.606376
-1.597872,-1.438715
-1.365150,-1.569688
-1.557204,-1.423480
-1.444739,-1.223290
-1.272965,-1.218015
-1.175916,-1.115391
-0.964424,-1.079586
-0.724503,-1.227732
-0.583756,-1.186855
-0.762683,-1.420204
-0.882077,-1.574726
-1.035124,-1.335338
-1.176388,-1.548588
-1.110366,-1.421147
-0.898985,-1.241197
-0.715708,-1.407152
-0.538376,-1.485550
-0.755075,-1.543275
-0.799653,-1.763872
-0.730025,-1.536779
-0.830638,-1.528170
-0.587510,-1.283852
-0.587510,-1.283852
-0.400831,-1.272458
-0.497374,-1.363909
-0.298781,-1.610572
-0.533050,-1.465815
-0.672098,-1.449703
-0.672098,-1.449703
-0.672098,-1.449703
-0.745395,-1.360603
-0.815652,-1.166047
-0.658876,-1.223143
-0.597540,-1.358553
-0.597540,-1.358553
-0.775489,-1.145230
-1.001991,-0.961247
-1.001991,-0.961247
-1.126636,-0.863826
-1.126636,-0.863826
-1.309791,-0.655643
-1.323139,-0.494520
-1.458441,-0.520551
-1.451131,-0.666301
-1.473799,-0.634049
-1.487215,-0.614809
-1.450236,-0.612388
-1.526130,-0.661733
-1.753001,-0.692384
-1.653935,-0.679073
-1.653935,-0.679073
-1.410593,-0.838695
-1.176110,-0.881624
-1.122497,-0.809972
-1.106486,-0.709596
-1.106486,-0.709596
-1.288684,-0.920005
-1.265132,-1.080685
-1.085745,-1.123045
-1.004374,-1.010271
-1.049666,-1.236373
-1.065587,-1.326624
-1.007282,-1.388962
-1.007282,-1.388962
-0.911790,-1.462585
-0.884230,-1.248314
-0.856004,-1.354833
-0.918738,-1.236963
-1.022845,-1.448158
-1.102964,-1.522712
-1.278973,-1.703983
-1.195100,-1.539994
-0.998947,-1.310220
-1.084422,-1.377792
-0.889517,-1.620460
-0.889517,-1.620460
-1.020084,-1.550390
-1.007141,-1.526547
-1.240892,-1.674417
-1.200034,-1.469007
-1.382696,-1.479148
-1.478625,-1.256027
-1.257976,-1.298251
-1.097123,-1.354146
-1.180861,-1.235806
-1.375152,-1.184783
-1.302281,-0.942709
-1.239667,-1.090379
-1.398294,-1.125499
-1.258985,-1.260339
-1.323015,-1.420401
-1.120650,-1.270766
-1.305698,-1.364483
-1.275610,-1.179597
-1.127934,-1.186970
-1.127934,-1.186970
-1.127934,-1.186970
-1.226308,-1.059484
-1.226276,-1.023102
-1.126618,-1.071648
-0.954043,-1.107114
-0.954043,-1.107114
-1.123130,-0.939377
-1.116606,-0.804202
-1.019490,-0.566724
-1.019490,-0.566724
-1.019490,-0.566724
-1.182711,-0.317163
-1.182711,-0.317163
-1.151177,-0.324850
-1.036430,-0.282440
-1.041453,-0.205307
-1.041453,-0.205307
-1.053053,-0.160148
-0.928819,-0.164398
-1.017594,-0.198450
-0.958567,-0.133277
-1.118093,-0.285264
-1.326763,-0.409418
-1.127962,-0.657037
-1.312363,-0.876698
-1.302550,-0.965391
-1.524400,-1.094938
-1.654337,-0.934214
-1.654337,-0.934214
-1.488709,-0.736856
-1.532528,-0.702619
-1.532528,-0.702619
-1.763722,-0.883327
-1.845945,-0.791825
-1.845945,-0.791825
-1.869362,-0.867998
-1.869362,-0.867998
-1.632303,-1.112624
-1.632303,-1.112624
-1.743779,-1.188721
-1.743779,-1.188721
-1.786679,-1.210463
-1.671679,-1.414993
-1.843278,-1.472619
-1.843278,-1.472619
-1.846943,-1.571097
-1.841886,-1.570206
-1.934713,-1.717295
-1.934713,-1.717295
-1.943597,-1.534522
-1.839247,-1.723867
-1.839247,-1.723867
-1.622480,-1.525578
-1.569680,-1.615980
-1.450727,-1.366496
-1.607355,-1.307955
-1.484623,-1.064005
-1.534473,-0.895334
-1.337532,-0.901988
-1.548731,-1.019461
-1.480419,-0.910259
-1.380743,-1.155925
-1.282200,-0.931286
-1.282200,-0.931286
-1.180380,-1.148476
-1.260258,-1.154406
-1.197865,-1.019445
-1.272428,-1.194226
-1.367441,-1.080875
-1.138316,-1.172652
-1.324356,-0.943113
-1.216816,-1.034660
-1.171215,-1.115570
-1.011687,-0.925860
-0.785364,-1.108070
-0.600887,-1.105401
-0.707810,-1.165981
