1,1
1.047984,0.966733
1.070780,0.994327
1.062764,0.981320
1.101916,1.005157
1.146577,1.020342
1.169356,0.973042
1.204444,0.986936
1.199239,1.010969
1.169012,0.979407
1.159197,1.022194
1.202469,0.993527
1.205402,0.987902
1.156059,0.982914
1.201760,0.975222
1.161012,0.931531
1.175387,0.926024
1.200849,0.972710
1.214768,1.004695
1.177787,0.969000
1.197654,0.967310
1.219545,0.987775
1.191809,1.027616
1.215600,0.993634
1.180117,1.032884
1.216796,0.984174
1.221562,0.998336
1.254794,1.019425
1.232830,0.972388
1.203216,0.953786
1.160762,0.919086
1.193562,0.898575
1.216746,0.948442
1.249496,0.983851
1.234197,0.950070
1.243535,0.985984
1.267429,0.975622
1.305506,0.934186
1.349291,0.934212
1.331827,0.908110
1.379278,0.921690
1.341508,0.919512
1.301919,0.949873
1.297585,0.917871
1.292667,0.962457
1.264459,0.954797
1.284681,0.931474
1.322064,0.921462
1.342784,0.967515
1.308584,0.969419
1.354314,0.962431
1.397462,0.948905
1.354221,0.993287
1.386191,1.020030
1.341638,1.006481
1.292951,1.035205
1.315828,1.024895
1.329164,1.059792
1.371833,1.095705
1.387458,1.108214
1.372041,1.088076
1.332668,1.052827
1.314403,1.068327
1.350930,1.078884
1.357352,1.114978
1.405836,1.084766
1.428993,1.079254
1.414950,1.065007
1.415602,1.030823
1.427707,1.073648
1.406109,1.078430
1.368259,1.125304
1.391540,1.109008
1.369154,1.075282
1.383072,1.099105
1.349741,1.091322
1.395176,1.122097
1.410916,1.157871
1.431903,1.200857
1.395210,1.189573
1.430519,1.226299
1.429325,1.273651
1.388828,1.235745
1.402679,1.219357
1.438925,1.207694
1.470839,1.183604
1.480086,1.206878
1.460894,1.238133
1.484129,1.253202
1.483006,1.277235
1.518171,1.306959
1.473456,1.268642
1.469515,1.244907
1.469962,1.247963
1.445153,1.294815
1.435171,1.317354
1.464940,1.342213
1.509057,1.319750
1.509208,1.353794
1.478343,1.304796
1.435830,1.290006
1.394177,1.326260
1.355520,1.321179
1.310734,1.306452
1.350635,1.330247
1.307532,1.287680
1.294495,1.280447
1.339728,1.310338
1.358672,1.292216
1.360706,1.282992
1.341086,1.238258
1.351127,1.197747
1.334811,1.169626
1.310621,1.204694
1.317656,1.237685
1.304697,1.242321
1.347444,1.195299
1.347444,1.195299
1.331969,1.211332
1.363761,1.224362
1.393260,1.224808
1.358464,1.203190
1.359541,1.210462
1.327477,1.206891
1.307455,1.188865
1.269429,1.184932
1.220100,1.228931
1.217961,1.270671
1.222871,1.299696
1.205172,1.320511
1.191153,1.315622
1.228183,1.276588
1.200529,1.288064
1.177438,1.304768
1.212929,1.294071
1.247031,1.246387
1.278275,1.268274
1.296087,1.238816
1.343612,1.190242
1.312659,1.152340
1.302441,1.119153
1.327262,1.093528
1.281766,1.142538
1.327525,1.118436
1.319053,1.118050
1.357608,1.115252
1.377818,1.093675
1.423421,1.141981
1.457617,1.172634
1.458583,1.207976
1.456543,1.219225
1.430937,1.252282
1.480322,1.264765
1.524581,1.239868
1.534918,1.265116
1.568405,1.280254
1.611619,1.286795
1.570701,1.269616
1.615247,1.258383
1.568237,1.257820
1.581989,1.293474
1.534688,1.308513
1.569325,1.344219
1.566737,1.344797
1.543043,1.324141
1.527787,1.323941
1.559624,1.308156
1.544076,1.279056
1.524935,1.278673
1.552165,1.239424
1.595330,1.218873
1.608402,1.209888
1.624241,1.218909
1.665132,1.179634
1.704743,1.214414
1.726504,1.260051
1.716052,1.291444
1.753935,1.283102
1.708435,1.260841
1.734327,1.239313
1.774024,1.227129
1.799860,1.243475
1.754878,1.235973
1.752101,1.269469
1.782765,1.225498
1.747704,1.265134
1.725725,1.257596
1.721841,1.277622
1.679077,1.253463
1.695150,1.292972
1.740507,1.295100
1.692042,1.253634
1.741075,1.253235
1.746256,1.222063
1.705336,1.177517
1.673631,1.212637
1.648242,1.201757
1.630393,1.209822
1.635980,1.222142
1.620625,1.249242
1.598250,1.283631
1.567852,1.287478
1.609218,1.326278
1.649028,1.321273
1.640090,1.291261
1.649076,1.312220
1.674041,1.299164
1.658572,1.325815
1.691548,1.345675
1.712083,1.379431
1.720616,1.400674
1.704638,1.355244
1.704670,1.387176
1.691581,1.404300
1.642067,1.414560
1.675199,1.366006
1.714022,1.363751
1.716913,1.358427
1.736071,1.347424
1.717428,1.319318
1.675969,1.313590
1.712315,1.279437
1.717912,1.245678
1.692428,1.244922
1.740370,1.205779
1.732386,1.214809
1.735542,1.249072
1.705329,1.257770
1.696618,1.263361
1.702264,1.243254
1.721770,1.194433
1.679809,1.145316
1.728205,1.144949
1.711767,1.163296
1.702825,1.187253
1.719109,1.157461
1.735619,1.151495
1.738340,1.181879
1.723923,1.179055
1.709852,1.181124
1.741503,1.143217
1.781766,1.144080
1.819554,1.145445
1.814960,1.138192
1.812965,1.096487
1.828815,1.085397
1.858036,1.119404
1.858036,1.119404
1.907686,1.081255
1.882546,1.051128
1.836110,1.001730
1.833420,0.988202
1.874436,1.037467
1.896964,1.071262
1.935813,1.114956
1.956645,1.131743
1.935928,1.137086
1.930278,1.090598
1.889525,1.139581
1.885874,1.181355
1.836430,1.186401
1.787017,1.200827
1.785560,1.204955
1.764640,1.212633
1.718225,1.200913
1.718225,1.200913
1.694189,1.241894
1.707374,1.228846
1.736954,1.186460
1.718837,1.200759
1.744832,1.196111
1.730786,1.213748
1.696077,1.164006
1.718799,1.158718
1.708863,1.157349
1.682560,1.180430
1.707846,1.171471
1.685067,1.217971
1.651555,1.184168
1.657235,1.147471
1.695440,1.159949
1.668960,1.209408
1.656563,1.249745
1.666105,1.231949
1.706633,1.280088
1.677279,1.324908
1.710018,1.372689
1.663846,1.352375
1.689442,1.350069
1.697162,1.399158
1.651018,1.360707
1.616257,1.334239
1.644016,1.378008
1.666213,1.339937
1.630005,1.301959
1.642519,1.309902
1.635112,1.328374
1.634615,1.368201
1.584715,1.410042
1.572864,1.430495
1.546195,1.404567
1.590908,1.393799
1.564949,1.401502
1.518174,1.448726
1.499714,1.488439
1.486036,1.500538
1.460930,1.454977
1.436099,1.409503
1.389162,1.443040
1.401463,1.487150
1.367770,1.518384
1.352372,1.522978
1.364589,1.544868
1.322779,1.540289
1.293706,1.521953
1.276180,1.555284
1.260171,1.598464
1.297240,1.613476
1.252998,1.641287
1.252998,1.641287
1.281547,1.655088
1.330213,1.682800
1.318221,1.732023
1.268836,1.718450
1.268754,1.753384
1.257403,1.774821
1.297927,1.756963
1.300012,1.796949
1.293724,1.826891
1.276821,1.828324
1.268035,1.861448
1.244479,1.854746
1.281070,1.848796
1.270584,1.805398
1.313470,1.793013
1.314136,1.787117
1.277884,1.795640
1.276792,1.844832
1.235803,1.848788
1.235803,1.848788
1.235851,1.840001
1.198162,1.814941
1.213220,1.780405
1.260770,1.753209
1.300408,1.751195
1.349845,1.742485
1.304523,1.723601
1.303974,1.694714
1.272280,1.705752
1.241081,1.749077
1.200238,1.707208
1.158718,1.672566
1.176808,1.706329
1.143680,1.729784
1.150033,1.697262
1.174138,1.738382
1.193302,1.734275
1.234392,1.733130
1.225084,1.781589
1.263459,1.756885
1.265632,1.780210
1.240545,1.736575
1.233393,1.741756
1.215843,1.767201
1.192818,1.787321
1.155869,1.782773
1.188773,1.814396
1.182387,1.783603
1.156248,1.765397
1.199313,1.757981
1.212539,1.742431
1.197402,1.733642
1.172306,1.739410
1.180863,1.761157
1.184961,1.739983
1.136706,1.718992
1.134101,1.729964
1.142185,1.711557
1.104991,1.681787
1.088486,1.677019
1.093388,1.672445
1.090596,1.652048
1.055684,1.676742
1.031347,1.656097
1.058455,1.656729
1.023870,1.679252
1.048242,1.710031
1.029766,1.677438
1.037871,1.692037
1.078212,1.704326
1.121813,1.715046
1.113277,1.738909
1.113525,1.712313
1.133760,1.709444
1.161859,1.756348
1.124939,1.755150
1.111899,1.786547
1.077998,1.811428
1.028482,1.792948
1.027750,1.789380
1.004649,1.829886
0.995278,1.845308
1.013635,1.863362
0.973176,1.870206
0.962437,1.885525
1.006788,1.884618
0.963489,1.856804
0.924534,1.834835
0.960375,1.815537
0.972507,1.825381
0.933937,1.784294
0.916237,1.796325
0.886366,1.748393
0.885501,1.711186
0.883490,1.716826
0.919405,1.741121
0.954903,1.747897
0.949330,1.792829
0.936065,1.749700
0.925000,1.767142
0.960328,1.725316
0.983170,1.734346
1.021957,1.731735
1.069507,1.695846
1.069507,1.695846
1.099080,1.729976
1.091310,1.754224
1.123055,1.789030
1.106177,1.809093
1.123833,1.854313
1.139570,1.845315
1.169191,1.888492
1.132680,1.849072
1.117040,1.888148
1.090607,1.932044
1.112134,1.938242
1.086971,1.915940
1.111203,1.883622
1.095061,1.892602
1.100758,1.941668
1.080532,1.900548
1.088926,1.885374
1.058266,1.873951
1.065860,1.910741
1.045722,1.949070
0.999471,1.911204
0.955847,1.922354
0.944363,1.909097
0.974819,1.884469
0.984595,1.887010
0.958364,1.915602
1.007078,1.957899
0.983791,1.976018
0.966333,1.964894
0.962694,1.999292
0.998122,2.038981
1.037891,2.029615
1.083363,2.075705
1.094017,2.051771
1.094017,2.051771
1.084188,2.043720
1.050202,2.040730
1.045525,2.041042
1.042586,2.048331
1.037737,2.052007
1.035548,2.058209
1.020745,2.066070
0.995481,2.041294
1.040612,2.070588
1.001293,2.035976
0.952251,2.078572
0.976959,2.047133
0.943805,2.031083
0.922079,1.983102
0.955158,1.939709
0.926060,1.986645
0.901944,1.964559
0.947596,1.939260
0.978928,1.941857
1.021233,1.969974
0.973912,1.932268
0.994390,1.910283
1.016627,1.948851
1.020837,1.904274
1.034451,1.915670
1.080896,1.923560
1.098087,1.952641
1.143346,1.913307
1.188191,1.932286
1.154176,1.934010
1.195608,1.981778
1.213834,2.003461
1.211449,2.021502
1.207745,2.067452
1.210791,2.069368
1.211201,2.053524
1.248679,2.052458
1.287097,2.038496
1.304318,2.077307
1.273090,2.029335
1.285950,2.054760
1.290987,2.017857
1.316848,1.972424
1.280672,1.961760
1.259616,1.964451
1.233931,1.979802
1.279792,1.962064
1.235144,1.957451
1.275800,1.970010
1.325204,2.010333
1.371927,1.972542
1.407411,1.959127
1.423901,1.911922
1.403409,1.892039
1.427613,1.892200
1.443021,1.855844
1.449492,1.814784
1.403659,1.804547
1.392061,1.761782
1.439746,1.808820
1.483100,1.759906
1.528551,1.762748
1.576546,1.807194
1.553832,1.757469
1.530165,1.781857
1.484874,1.783813
1.465154,1.746016
1.435934,1.748036
1.472966,1.742770
1.480035,1.746105
1.478250,1.741510
1.506013,1.756782
1.506013,1.756782
1.502828,1.723122
1.535234,1.678832
1.567744,1.679802
1.598091,1.713566
1.579591,1.679134
1.561351,1.723764
1.595541,1.763164
1.640693,1.721428
1.662124,1.711271
1.612144,1.699038
1.574397,1.687971
1.577377,1.670700
1.529941,1.622826
1.543960,1.642847
1.569821,1.681911
1.555062,1.731200
1.597754,1.743211
1.553818,1.725405
1.587788,1.748412
1.540987,1.760686
1.532306,1.765183
1.483744,1.777440
1.528813,1.767656
1.491046,1.806169
1.519088,1.804431
1.505460,1.762092
1.530485,1.768514
1.499937,1.732785
1.472546,1.773737
1.433568,1.780035
1.405618,1.826096
1.403798,1.834281
1.384192,1.817370
1.387360,1.852874
1.363478,1.870009
1.318013,1.847930
1.275931,1.866664
1.304437,1.879078
1.337536,1.869942
1.331704,1.851227
1.357373,1.862359
1.341151,1.829422
1.378260,1.814084
1.378260,1.814084
1.413543,1.813748
1.384253,1.836212
1.411787,1.801123
1.453713,1.846899
1.486544,1.841676
1.464141,1.816229
1.469719,1.769169
1.429780,1.815657
1.413055,1.809960
1.451000,1.760327
1.437657,1.805336
1.458001,1.820744
1.479349,1.822713
1.495208,1.860771
1.446176,1.882072
1.411690,1.876016
1.448805,1.867323
1.445351,1.909990
1.427986,1.863117
1.431170,1.878328
1.385898,1.892527
1.422794,1.897988
1.454960,1.906130
1.405188,1.889048
1.403661,1.935122
1.423306,1.908350
1.380216,1.889449
1.333880,1.915012
1.304219,1.909466
1.295497,1.912271
1.338320,1.946191
1.372038,1.938433
1.384693,1.942097
1.391298,1.947936
1.346473,1.963484
1.372138,1.919539
1.334582,1.928029
1.290209,1.945612
1.318235,1.977940
1.364683,2.025174
1.409829,1.988467
1.362917,1.942419
1.330794,1.962587
1.302881,1.927105
1.295953,1.877745
1.312961,1.829905
1.312569,1.854370
1.313124,1.881279
1.323677,1.833818
1.309205,1.800789
1.297882,1.803833
1.269755,1.763953
1.269755,1.763953
1.318815,1.729816
1.315550,1.747174
1.343323,1.723274
1.338433,1.735424
1.358943,1.749811
1.360771,1.770654
1.391960,1.777101
1.437522,1.737957
1.413669,1.741782
1.365210,1.790943
1.397193,1.821476
1.384063,1.852847
1.391734,1.871628
1.345793,1.836166
1.390099,1.794615
1.414937,1.840891
1.382863,1.875189
1.342986,1.861030
1.346456,1.880827
1.392784,1.926794
1.361081,1.890424
1.354760,1.850244
1.361435,1.832438
1.407970,1.844039
1.422575,1.811702
1.450243,1.837955
1.462798,1.848334
1.422072,1.862771
1.455945,1.874515
1.456711,1.840499
1.462794,1.878179
1.451524,1.868854
1.427695,1.871280
1.411659,1.846849
1.366376,1.887913
1.326774,1.889291
1.321924,1.871728
1.309132,1.884933
1.326681,1.932524
1.362690,1.925104
1.319554,1.946836
1.306742,1.917779
1.267902,1.923665
1.302669,1.965794
1.337044,1.991269
1.359390,1.968792
1.341672,1.978794
1.320130,2.026026
1.299618,2.075921
1.266220,2.067605
1.249096,2.058939
1.230597,2.046644
1.242011,2.083173
1.202260,2.088270
1.237295,2.125390
1.227935,2.100714
1.194190,2.145478
1.230763,2.125580
1.192821,2.144925
1.185011,2.180101
1.221724,2.209907
1.265181,2.191440
1.298714,2.194106
1.251914,2.224307
1.257224,2.266931
1.234678,2.234881
1.208166,2.239175
1.193598,2.203813
1.175515,2.180368
1.194583,2.151578
1.171233,2.110897
1.205475,2.120430
1.223666,2.162766
1.261746,2.158926
1.282378,2.122456
1.301052,2.089281
1.252578,2.080594
1.287176,2.069746
1.266590,2.073896
1.242803,2.093997
1.257009,2.057339
1.259634,2.066187
1.260798,2.038776
1.277559,2.027969
1.269970,1.984053
1.307345,1.955110
1.298469,1.962028
1.316681,1.964535
1.338370,1.977361
1.326444,1.948243
1.369505,1.962547
1.418298,1.928378
1.373379,1.879338
1.325631,1.886760
1.331635,1.893115
1.312460,1.910608
1.266946,1.866277
1.269624,1.876581
1.251889,1.896935
1.281857,1.869704
1.257026,1.835989
1.207086,1.791349
1.205564,1.819996
1.214722,1.827305
1.222423,1.857332
1.260746,1.853763
1.285460,1.831199
1.329065,1.788863
1.292372,1.787948
1.253611,1.744369
1.229548,1.716428
1.220929,1.759671
1.257589,1.806172
1.219810,1.841326
1.250281,1.866290
1.244947,1.826053
1.268023,1.859205
1.226345,1.886115
1.262522,1.903184
1.295413,1.913896
1.295400,1.895154
1.317789,1.872090
1.300854,1.855645
1.307854,1.896754
1.257875,1.905458
1.239926,1.929359
1.280625,1.961141
1.319005,2.010233
1.323761,2.045651
1.364841,2.085702
1.343500,2.110199
1.302922,2.107893
1.269654,2.071135
1.318902,2.092759
1.327060,2.104286
1.306383,2.081104
1.317199,2.064794
1.286379,2.072488
1.268882,2.099838
1.274263,2.140106
1.240675,2.124200
1.215881,2.110865
1.188621,2.144883
1.143881,2.106167
1.120536,2.149952
1.125218,2.141035
1.160428,2.112391
1.204967,2.081630
1.226795,2.038658
1.230166,1.994820
1.264366,1.999544
1.216343,1.983194
1.231626,1.943510
1.238923,1.984011
1.252620,1.984916
1.279179,1.954529
1.248229,1.978861
1.235972,1.985658
1.202347,1.954117
1.153941,1.987566
1.146749,2.016800
1.159852,2.039382
1.113615,2.019497
1.140545,2.045851
1.124111,2.028654
1.153921,2.057503
1.152375,2.073057
1.150296,2.117373
1.110432,2.129058
1.090003,2.178117
1.075884,2.176461
1.096775,2.192581
1.132877,2.170104
1.165916,2.151866
1.156701,2.173877
1.138825,2.135668
1.093291,2.146031
1.109109,2.099729
1.115010,2.069275
1.076186,2.050252
1.033544,2.077598
1.008150,2.083698
1.055725,2.068759
1.007952,2.045904
1.020113,2.031171
1.020113,2.031171
0.984729,2.034277
0.966045,2.014879
0.939884,2.030973
0.939740,2.016437
0.912754,2.061219
0.918251,2.037889
0.880162,2.075219
0.902937,2.054942
0.896197,2.085680
0.906060,2.042190
0.876496,2.066720
0.876496,2.066720
0.916752,2.048600
0.937948,2.083739
0.940636,2.066595
0.931241,2.075732
0.963870,2.064678
0.926547,2.072586
0.909070,2.036414
0.902947,2.030074
0.937865,1.993943
0.967588,1.945346
1.004528,1.906295
1.025172,1.862052
1.068407,1.818227
1.064092,1.791177
1.069432,1.746424
1.042127,1.722825
1.010943,1.721255
1.003380,1.709761
1.046018,1.717907
1.070104,1.733960
1.073332,1.688354
1.088410,1.698483
1.038744,1.664447
1.021988,1.660287
1.005842,1.692021
1.038130,1.656015
1.034527,1.693942
1.023255,1.646824
1.056885,1.673628
1.008834,1.675450
1.009138,1.677989
0.959816,1.630806
0.994077,1.643980
1.007514,1.681349
1.027041,1.672189
0.978260,1.709472
0.945863,1.721927
0.953790,1.744611
0.955688,1.749107
0.980201,1.742856
0.994144,1.784424
0.979414,1.807138
0.943650,1.824279
0.959855,1.782352
0.912710,1.813328
0.881671,1.850354
0.920756,1.849245
0.943176,1.857633
0.932327,1.815992
0.928562,1.835878
0.904810,1.846088
0.911431,1.821107
0.880496,1.803427
0.866520,1.807308
0.881618,1.849792
0.892004,1.806393
0.874159,1.794200
0.891254,1.800984
0.907256,1.756269
0.900101,1.789637
0.899234,1.833202
0.850508,1.881332
0.825598,1.921710
0.797756,1.881510
0.838099,1.927682
0.874943,1.964149
0.850203,1.967678
0.864241,1.993975
0.897659,1.955572
0.887906,1.939463
0.880284,1.936325
0.872770,1.950180
0.863673,1.954613
0.876152,1.978281
0.880098,2.008749
0.847233,2.046866
0.827945,2.070968
0.842662,2.022797
0.853667,1.987846
0.892598,1.996695
0.876462,1.993589
0.872304,2.005452
0.842513,2.021211
0.855364,2.004806
0.880753,2.010213
0.928240,2.022245
0.882597,2.006920
0.898046,2.055609
0.940611,2.044056
0.979941,2.067895
0.954464,2.068188
0.924962,2.044358
0.886617,2.065247
0.857386,2.093366
0.819720,2.128033
0.775564,2.104701
0.775571,2.117427
0.823488,2.165804
0.819285,2.115877
0.863172,2.124800
0.898974,2.159518
0.925615,2.116798
0.905286,2.136611
0.901896,2.164358
0.904382,2.152240
0.906892,2.125926
0.900440,2.095460
0.852766,2.143463
0.852766,2.143463
0.811093,2.144206
0.776758,2.174890
0.726822,2.195102
0.773242,2.182202
0.765801,2.220019
0.795239,2.189259
0.825388,2.196934
0.854595,2.182051
0.888450,2.175164
0.907535,2.147652
0.937745,2.181395
0.971553,2.187543
1.008676,2.213316
1.035823,2.169764
1.035823,2.169764
0.998485,2.137089
0.997843,2.149997
0.964437,2.187449
0.959909,2.198228
0.978413,2.191795
0.999346,2.215831
0.976976,2.236142
0.959608,2.230462
0.944401,2.248581
0.939803,2.269535
0.943505,2.292575
0.981051,2.327107
1.020554,2.342772
0.974856,2.303646
1.004889,2.266713
0.961977,2.249797
0.991452,2.228277
0.991452,2.228277
1.010935,2.182726
1.001783,2.170446
0.980586,2.207916
1.010391,2.241329
1.010391,2.241329
0.976201,2.214186
0.960106,2.193760
0.972552,2.185195
0.936563,2.213441
0.984232,2.182433
1.012865,2.216147
1.017199,2.169613
0.969713,2.173014
0.993491,2.200534
0.943662,2.219124
0.905679,2.251597
0.903493,2.208325
0.949969,2.223843
0.959523,2.204995
0.938462,2.231218
0.895416,2.259590
0.878651,2.287724
0.900540,2.272702
0.931591,2.255251
0.928744,2.206865
0.959569,2.168117
1.006591,2.173239
1.000266,2.167813
1.027612,2.167317
0.998994,2.186771
0.991182,2.193637
0.952323,2.194186
0.976611,2.205933
0.959186,2.237456
0.979485,2.199807
1.003368,2.210891
1.034943,2.187750
1.078164,2.197789
1.088708,2.207550
1.115222,2.228435
1.087671,2.187136
1.119353,2.157816
1.164752,2.187122
1.164752,2.187122
1.121936,2.176081
1.169579,2.220235
1.125629,2.240568
1.112244,2.280541
1.153819,2.236410
1.202555,2.238240
1.205483,2.247175
1.188398,2.204562
1.178557,2.215499
1.226877,2.222933
1.224659,2.251838
1.214798,2.214484
1.188388,2.236151
1.198773,2.271433
1.236470,2.250415
1.186845,2.202961
1.231508,2.161328
1.182213,2.161996
1.146507,2.149264
1.127151,2.134820
1.128699,2.137652
1.128699,2.137652
1.147483,2.143180
1.171028,2.174672
1.198089,2.180120
1.169271,2.135694
1.217747,2.178217
1.242760,2.162911
1.233388,2.156159
1.195185,2.180794
1.177664,2.196126
1.216419,2.246064
1.198362,2.271041
1.182212,2.243670
1.231986,2.290137
1.204816,2.337714
1.211228,2.302906
1.208533,2.313224
1.207521,2.313246
1.169583,2.284107
1.182685,2.292046
1.174450,2.283630
1.174450,2.283630
1.162370,2.249493
1.116090,2.225276
1.093171,2.224738
1.088555,2.236714
1.074181,2.265331
1.100114,2.220754
1.128881,2.202112
1.092289,2.198990
1.105086,2.175154
1.144711,2.153420
1.103651,2.163312
1.132445,2.199759
1.160809,2.222104
1.178060,2.262725
1.148881,2.243912
1.186849,2.276039
1.218836,2.278239
1.183642,2.268868
1.200582,2.275199
1.171829,2.322586
1.211854,2.330708
1.184884,2.341655
1.145101,2.313067
1.124292,2.276636
1.134744,2.246649
1.103578,2.228554
1.074148,2.200028
1.049889,2.192400
1.097373,2.145960
1.073247,2.163770
1.100823,2.132722
1.084081,2.143605
1.059812,2.159150
1.011767,2.163359
0.967577,2.164519
1.008019,2.169119
1.001649,2.215165
0.975890,2.190482
0.996566,2.178161
0.957766,2.174012
1.002133,2.153121
0.959415,2.184917
0.973603,2.153454
0.983830,2.137403
0.986572,2.123979
1.030458,2.114230
1.043083,2.101463
1.076898,2.119697
1.091203,2.149199
1.064233,2.159823
1.017950,2.188984
1.054127,2.209610
1.009637,2.176807
1.026575,2.139843
0.989179,2.134700
0.946986,2.092005
0.952299,2.081852
1.001146,2.052969
1.030571,2.015068
1.054658,2.029701
1.091080,1.984962
1.086961,1.961198
1.112928,1.973870
1.074043,1.932596
1.059956,1.976715
1.095793,1.989110
1.060234,1.946467
1.067782,1.904675
1.018981,1.910579
0.974956,1.880203
0.966286,1.872679
0.975276,1.864860
0.935355,1.905599
0.914170,1.952372
0.948227,1.957992
0.913573,1.925687
0.939024,1.877600
0.978850,1.829617
1.026495,1.799262
1.064639,1.788940
1.023220,1.757933
1.001119,1.802033
1.040920,1.841092
1.073739,1.836527
1.030417,1.817030
1.014144,1.815368
0.987170,1.772981
1.023798,1.781338
1.061822,1.749961
1.071058,1.768296
1.073140,1.770657
1.118706,1.794224
1.133618,1.823961
1.139432,1.827518
1.169725,1.871818
1.184160,1.879218
1.163874,1.926738
1.201189,1.885861
1.235363,1.848022
1.268702,1.875742
1.223708,1.866509
1.213707,1.880069
1.174280,1.918775
1.162992,1.907795
1.116548,1.920592
1.090905,1.941405
1.120464,1.933773
1.159808,1.888525
1.167120,1.877501
1.140827,1.886254
1.171217,1.847160
1.214278,1.875430
1.240769,1.902422
1.228518,1.904499
1.185207,1.871394
1.189727,1.835410
1.172839,1.802898
1.164739,1.763796
1.171138,1.720005
1.217328,1.725174
1.258643,1.716332
1.308428,1.750139
1.305855,1.705924
1.338310,1.678095
1.353682,1.632262
1.322369,1.649774
1.295588,1.654163
1.280174,1.682534
1.233709,1.652534
1.268273,1.659974
1.268273,1.659974
1.221252,1.685476
1.235642,1.643003
1.273697,1.624378
1.321221,1.664756
1.353355,1.642193
1.382246,1.605530
1.380190,1.560883
1.378485,1.602306
1.363147,1.606382
1.388684,1.614805
1.345786,1.632323
1.354885,1.646180
1.392044,1.687871
1.395716,1.700671
1.444282,1.739852
1.439631,1.781763
1.464755,1.739287
1.444411,1.716614
1.470203,1.695593
1.516427,1.690722
1.542535,1.687474
1.554745,1.691497
1.594540,1.732470
1.552538,1.703396
1.559421,1.687838
1.525082,1.660519
1.508543,1.678739
1.526537,1.713483
1.485503,1.748780
1.468266,1.750743
1.488891,1.797315
1.466071,1.750703
1.469620,1.702568
1.430800,1.747613
1.400007,1.722534
1.440201,1.749976
1.411942,1.711491
1.362416,1.720249
1.327559,1.690209
1.311796,1.649038
1.341844,1.679598
1.355437,1.636216
1.381462,1.629112
1.337881,1.673990
1.329837,1.677521
1.359179,1.723299
1.350439,1.732589
1.324622,1.727151
1.344391,1.686333
1.344391,1.686333
1.371028,1.666411
1.333119,1.623728
1.350627,1.589267
1.369577,1.586016
1.393168,1.568238
1.425110,1.616154
1.440218,1.637154
1.405761,1.619804
1.359373,1.576489
1.355766,1.554353
1.351449,1.596797
1.382804,1.579694
1.374486,1.580886
1.413842,1.539877
1.373202,1.508560
1.327732,1.498322
1.345059,1.498510
1.329707,1.481549
1.296372,1.517756
1.276758,1.472997
1.289185,1.429271
1.257515,1.449078
1.265613,1.451198
1.297384,1.435520
1.303352,1.430425
1.282730,1.434927
1.234762,1.440569
1.215071,1.392461
1.206376,1.366316
1.244529,1.405050
1.284274,1.395131
1.249356,1.427469
1.228855,1.460078
1.206188,1.506012
1.166436,1.491547
1.165969,1.532662
1.168122,1.519968
1.133010,1.499839
1.088361,1.482058
1.123063,1.515770
1.073636,1.503527
1.104156,1.544938
1.121594,1.532328
1.088883,1.564548
1.116193,1.547833
1.120245,1.552905
1.076250,1.540755
1.051793,1.581042
1.052785,1.556008
1.064024,1.554198
1.057624,1.586846
1.080577,1.555618
1.085172,1.582336
1.053164,1.532783
1.010707,1.548539
1.059576,1.589233
1.083526,1.627862
1.098309,1.583362
1.069608,1.606554
1.045411,1.628364
1.036708,1.643567
1.021572,1.656152
1.030171,1.681295
1.038162,1.686593
1.068674,1.705188
1.098473,1.733653
1.104939,1.708824
1.137540,1.736900
1.096290,1.752085
1.094896,1.713712
1.065111,1.727215
1.083952,1.684038
1.034411,1.639066
1.050569,1.617614
1.099881,1.594690
1.108382,1.575033
1.095134,1.618226
1.100297,1.583824
1.082289,1.631647
1.120702,1.632520
1.091928,1.632325
1.090626,1.654248
1.135856,1.638518
1.155816,1.602912
1.122857,1.565916
1.116559,1.602823
1.096625,1.582212
1.047092,1.578695
1.049405,1.545592
1.088946,1.511766
1.068616,1.524980
1.038818,1.518935
1.014919,1.538797
1.034699,1.579433
1.056362,1.578987
1.029838,1.583787
1.011168,1.602428
1.045321,1.616419
1.066934,1.659181
1.072202,1.694924
1.074713,1.699500
1.066908,1.715239
1.029246,1.743638
1.016671,1.697746
1.059477,1.735614
1.032870,1.739990
1.066904,1.763434
1.088717,1.773753
1.121077,1.747670
1.126743,1.769662
1.086049,1.722623
1.090977,1.745430
1.132498,1.699706
1.177041,1.727394
1.134975,1.729472
1.147446,1.719532
1.135134,1.704272
1.140520,1.720224
1.112640,1.734553
1.110761,1.761476
1.151464,1.749674
1.170808,1.778242
1.142859,1.734777
1.192081,1.708568
1.183658,1.746762
1.221276,1.788299
1.180383,1.803260
1.177279,1.825981
1.136909,1.831539
1.145147,1.783196
1.188363,1.814593
1.149948,1.770234
1.108870,1.772701
1.107244,1.756776
1.087394,1.738369
1.134247,1.781222
1.118322,1.745034
1.151189,1.735747
1.193803,1.741136
1.193803,1.741136
1.206968,1.704308
1.242127,1.722504
1.194888,1.682212
1.156855,1.658582
1.179729,1.707464
1.215794,1.748843
1.261473,1.784718
1.289779,1.821529
1.333515,1.781883
1.334485,1.783887
1.376337,1.793500
1.357496,1.833780
1.381947,1.786474
1.407098,1.792009
1.382257,1.791623
1.385815,1.787908
1.407565,1.749703
1.452534,1.743632
1.417234,1.752551
1.417234,1.752551
1.400605,1.771947
1.421149,1.749252
1.415820,1.793619
1.383550,1.826427
1.334469,1.815048
1.300651,1.849260
1.328408,1.861557
1.359363,1.907845
1.400683,1.884648
1.390630,1.918579
1.402225,1.893007
1.411108,1.896477
1.403723,1.870620
1.413774,1.903288
1.429785,1.901827
1.446886,1.921344
1.453071,1.964859
1.477827,1.938287
1.498250,1.985264
1.526830,2.024432
1.574003,2.072335
1.532375,2.027852
1.524191,1.985528
1.554393,1.979119
1.510333,1.962165
1.513931,1.931768
1.472760,1.981713
1.472760,1.981713
1.465847,1.989856
1.509166,1.948656
1.503923,1.935085
1.514823,1.927655
1.562849,1.902013
1.543093,1.864745
1.517493,1.909530
1.512897,1.865431
1.496605,1.844771
1.474502,1.852332
1.444175,1.845655
1.400345,1.799185
1.357963,1.785496
1.390532,1.772826
1.361877,1.766176
1.357213,1.783543
1.336720,1.747727
1.324048,1.782083
1.360449,1.767593
1.387367,1.785267
1.361743,1.812682
1.361743,1.812682
1.336691,1.763797
1.320350,1.714317
1.290141,1.705987
1.306815,1.736817
1.330170,1.764913
1.378453,1.756298
1.381101,1.769395
1.408368,1.738597
1.405020,1.776307
1.415386,1.789852
1.447211,1.782966
1.438708,1.764270
1.483635,1.751971
1.490876,1.748936
1.484776,1.732046
1.498374,1.768590
1.543751,1.725958
1.520861,1.713980
1.527362,1.668711
1.496403,1.648086
1.464611,1.620600
1.456521,1.647495
1.451804,1.673002
1.422336,1.694482
1.440419,1.721963
1.411455,1.730761
1.430162,1.727646
1.441146,1.745770
1.434036,1.749166
1.460776,1.766426
1.509329,1.792005
1.546423,1.825191
1.527954,1.817526
1.510453,1.788991
1.464910,1.746261
1.509460,1.698864
1.532821,1.723968
1.509073,1.683738
1.510836,1.714852
1.517053,1.702500
1.479637,1.655675
1.446969,1.703116
1.397812,1.733222
1.427962,1.762296
1.433241,1.788604
1.445303,1.811107
1.396622,1.820911
1.415076,1.780103
1.423686,1.792519
1.409190,1.753364
1.426488,1.783763
1.468264,1.804658
1.481330,1.817209
1.476012,1.829332
1.441581,1.844258
1.395074,1.815409
1.407998,1.817969
1.417923,1.840073
1.377640,1.798125
1.426503,1.836036
1.461318,1.868347
1.507003,1.891607
1.546533,1.886466
1.579064,1.923483
1.564053,1.939016
1.549408,1.892202
1.556453,1.899990
1.535002,1.880132
1.499800,1.846387
1.463641,1.822417
1.501187,1.850876
1.466520,1.899904
1.430390,1.858860
1.394341,1.893710
1.436266,1.930781
1.484858,1.914881
1.436048,1.866412
1.428164,1.853914
1.393336,1.900744
1.416580,1.862491
1.392603,1.877971
1.351359,1.894370
1.340233,1.902963
1.378230,1.916261
1.329910,1.895491
1.280658,1.926761
1.284066,1.900090
1.289401,1.861727
1.293518,1.861496
1.257195,1.873384
1.289111,1.880570
1.248347,1.861500
1.233854,1.892451
1.261387,1.927271
1.251970,1.955020
1.230521,1.972657
1.249297,1.939963
1.202808,1.897341
1.213575,1.852526
1.198863,1.890334
1.186734,1.936976
1.231156,1.939525
1.264888,1.967307
1.248639,1.967746
1.285227,2.014242
1.241243,1.966778
1.266217,2.006600
1.293991,2.013199
1.331921,1.993183
1.292588,2.031029
1.276650,2.063150
1.269559,2.075357
1.244420,2.071927
1.218859,2.069860
1.229746,2.034926
1.186661,2.008598
1.142318,2.031382
1.149497,1.988375
1.130381,2.012630
1.137820,2.037050
1.137141,2.035058
1.107023,2.032406
1.104728,2.060596
1.134936,2.076591
1.158116,2.047700
1.183388,2.095102
1.138005,2.141939
1.151751,2.176303
1.184810,2.195470
1.227761,2.175048
1.203159,2.186697
1.240836,2.229436
1.219753,2.196363
1.220895,2.176884
1.260116,2.166664
1.238817,2.189767
1.247234,2.165917
1.211607,2.182146
1.231789,2.182678
1.207450,2.220089
1.243394,2.231204
1.218946,2.222811
1.218946,2.222811
1.240365,2.214542
1.226183,2.253925
1.208865,2.288375
1.178135,2.309421
1.188248,2.286451
1.211861,2.246568
1.211861,2.246568
1.249385,2.212157
1.273954,2.247819
1.295150,2.283144
1.281245,2.281873
1.283079,2.310672
1.282962,2.345309
1.307749,2.330192
1.262658,2.300885
1.239752,2.319837
1.210836,2.328897
1.184948,2.319072
1.210653,2.343292
1.210653,2.343292
1.200269,2.329123
1.207929,2.358871
1.199959,2.309178
1.157350,2.284897
1.132309,2.313250
1.180775,2.292254
1.165989,2.270416
1.132858,2.236975
1.115199,2.255589
1.071708,2.296462
1.109791,2.255410
1.149681,2.285488
1.190324,2.272451
1.165195,2.230992
1.169580,2.222730
1.150306,2.199650
1.185989,2.210151
1.223173,2.176255
1.245620,2.143599
1.244318,2.146454
1.232741,2.175543
1.280539,2.220434
1.309817,2.197665
1.297470,2.170603
1.323609,2.188442
1.318214,2.231033
1.357699,2.244894
1.381764,2.210055
1.398174,2.215110
1.387613,2.203394
1.423239,2.180715
1.433151,2.160744
1.391328,2.149160
1.379286,2.164160
1.400761,2.190915
1.434466,2.174344
1.468202,2.171433
1.490444,2.193981
1.442003,2.148780
1.475270,2.167725
1.443869,2.204266
1.406499,2.223897
1.416486,2.179518
1.465949,2.201796
1.423434,2.249432
1.420629,2.206402
1.458918,2.240118
1.412088,2.264799
1.433987,2.223966
1.421574,2.190771
1.449545,2.205000
1.444615,2.239098
1.444615,2.239098
1.423208,2.264936
1.387545,2.269895
1.360764,2.252254
1.391928,2.226369
1.391928,2.226369
1.375038,2.266776
1.421402,2.306487
1.385225,2.278915
1.429991,2.259727
1.386776,2.244594
1.348611,2.209792
1.308774,2.170742
1.356261,2.171973
1.375273,2.219466
1.327045,2.246585
1.340570,2.258836
1.385307,2.250497
1.385307,2.250497
1.432309,2.213069
1.463318,2.187614
1.431725,2.205424
1.382509,2.231924
1.395333,2.265846
1.410209,2.277543
1.394894,2.284697
1.359098,2.267404
1.383590,2.304974
1.383590,2.304974
1.414394,2.322499
1.431271,2.372477
1.456442,2.414552
1.464939,2.436759
1.488677,2.389177
1.499315,2.393252
1.463816,2.361836
1.421592,2.402829
1.463755,2.430687
1.478017,2.426132
1.512183,2.456663
1.470729,2.439544
1.494972,2.396320
1.534581,2.397002
1.535074,2.395744
1.563239,2.363153
1.542541,2.384802
1.503791,2.412721
1.508032,2.393391
1.508271,2.415900
1.531213,2.400892
1.560511,2.413482
1.585099,2.452843
1.568580,2.423077
1.578317,2.469321
1.605461,2.482069
1.649896,2.494576
1.632045,2.483582
1.611992,2.445236
1.565330,2.404581
1.552418,2.381361
1.587329,2.335300
1.633575,2.295220
1.625993,2.258081
1.613460,2.230482
1.630450,2.181213
1.593317,2.179307
1.593317,2.179307
1.574517,2.208837
1.546241,2.177889
1.581430,2.189867
1.560740,2.149563
1.560740,2.149563
1.520381,2.136105
1.526134,2.126198
1.478637,2.159640
1.501678,2.195031
1.512262,2.188030
1.505601,2.236106
1.505601,2.236106
1.473864,2.229256
1.508837,2.217794
1.520606,2.219118
1.525597,2.202680
1.490067,2.161237
1.486888,2.128028
1.462484,2.166450
1.492359,2.175661
1.456215,2.205805
1.442967,2.245397
1.394121,2.286069
1.432992,2.288664
1.427128,2.337336
1.414881,2.309985
1.415881,2.316849
1.419176,2.291578
1.453839,2.271847
1.427049,2.313464
1.407704,2.282257
1.369978,2.323033
1.365823,2.281092
1.347568,2.270984
1.310808,2.244836
1.319091,2.261999
1.325597,2.213180
1.347948,2.259186
1.303480,2.295437
1.340507,2.297174
1.367334,2.290317
1.383018,2.278069
1.371238,2.305005
1.414178,2.294679
1.453115,2.298472
1.411824,2.317712
1.367242,2.341927
1.385940,2.297614
1.394626,2.271113
1.379147,2.228475
1.415641,2.270791
1.417600,2.301272
1.437297,2.254359
1.433541,2.229915
1.426330,2.228844
1.396855,2.235393
1.375221,2.239821
1.408710,2.193726
1.391767,2.231964
1.421386,2.240884
1.424820,2.243971
1.402925,2.264058
1.428194,2.263679
1.412319,2.251461
1.380233,2.278443
1.408734,2.297480
1.414734,2.333620
1.406850,2.325590
1.447100,2.315780
1.447100,2.315780
1.433441,2.347435
1.427004,2.361949
1.437126,2.376382
1.470017,2.381676
1.464440,2.339448
1.501383,2.347395
1.507547,2.343059
1.522592,2.306859
1.561124,2.304119
1.513720,2.289365
1.528879,2.268398
1.526073,2.316151
1.563536,2.343473
1.570368,2.368413
1.552819,2.333226
1.575686,2.355239
1.547236,2.394520
1.576921,2.418348
1.538770,2.409439
1.535348,2.389146
1.501829,2.439136
1.453003,2.427685
1.419522,2.407588
1.396219,2.456520
1.433705,2.474108
1.428852,2.508932
1.464401,2.486464
1.478052,2.524018
1.510587,2.531959
1.542127,2.526718
1.579420,2.507624
1.606354,2.489374
1.639950,2.443676
1.684778,2.459023
1.711122,2.424363
1.690065,2.424496
1.657000,2.407119
1.625103,2.410496
1.618460,2.454775
1.661904,2.424763
1.634700,2.406093
1.664885,2.429726
1.624205,2.410311
1.581005,2.451149
1.597190,2.465158
1.602188,2.481439
1.602188,2.481439
1.602188,2.481439
1.586234,2.441990
1.578947,2.461540
1.545210,2.447563
1.577804,2.449761
1.577804,2.449761
1.558752,2.450485
1.558752,2.450485
1.536606,2.443777
1.515473,2.453865
1.514774,2.413428
1.561421,2.406876
1.522385,2.423569
1.555031,2.399564
1.580791,2.355956
1.595079,2.389287
1.547022,2.394698
1.572043,2.423857
1.530193,2.448161
1.515818,2.459957
1.494793,2.484517
1.536476,2.457585
1.556049,2.412492
1.539179,2.377934
1.579058,2.424545
1.593056,2.397520
1.593056,2.397520
1.627306,2.437983
1.593614,2.475971
1.565609,2.495629
1.539604,2.517023
1.530592,2.552412
1.557848,2.557170
1.577713,2.521769
1.605239,2.552655
1.632704,2.552517
1.655157,2.522355
1.685593,2.561473
1.641624,2.582151
1.687224,2.571738
1.641369,2.588046
1.657248,2.561745
1.698063,2.552605
1.747242,2.601959
1.790018,2.632802
1.777096,2.655302
1.815412,2.630920
1.863010,2.609729
1.821239,2.658471
1.821239,2.658471
1.859709,2.635231
1.869771,2.637285
1.827331,2.646494
1.799997,2.657344
1.786223,2.652676
1.791461,2.692186
1.787398,2.693417
1.828591,2.735857
1.866459,2.774250
1.866459,2.774250
1.863602,2.765419
1.831958,2.723777
1.784285,2.686039
1.794063,2.715431
1.774131,2.726760
1.749918,2.774431
1.724670,2.730407
1.772843,2.778289
1.790728,2.761081
1.837863,2.761525
1.830261,2.800658
1.810303,2.760733
1.843301,2.767367
1.825496,2.815453
1.865642,2.853402
1.870463,2.870074
1.915952,2.910831
1.944790,2.893690
1.935020,2.875361
1.935020,2.875361
1.887150,2.833134
1.839764,2.810575
1.877385,2.808823
1.877385,2.808823
1.874441,2.821537
1.883757,2.805288
1.834968,2.814940
1.866538,2.806908
1.909950,2.830696
1.913992,2.856914
1.948251,2.850895
1.915196,2.894680
1.959214,2.913303
2.003928,2.909728
1.954820,2.862768
1.953433,2.848698
1.953433,2.848698
1.935342,2.801047
1.946826,2.802933
1.897397,2.754784
1.861820,2.801120
1.838303,2.757220
1.829542,2.805372
1.878419,2.785841
1.878419,2.785841
1.916686,2.739369
1.950075,2.703806
1.994516,2.734312
1.989230,2.783087
1.960620,2.745828
2.001729,2.756905
2.033341,2.764401
2.020016,2.814095
2.033356,2.808464
2.045307,2.780864
2.009894,2.780707
1.999934,2.798416
1.953632,2.785736
1.984985,2.740035
2.019259,2.787780
2.059853,2.741038
2.102216,2.748411
2.057381,2.707702
2.020547,2.730413
1.975253,2.774322
2.006418,2.774361
1.978809,2.751167
1.942329,2.722161
1.942329,2.722161
1.920943,2.684202
1.952029,2.643933
1.908286,2.654802
1.950663,2.685933
1.988671,2.690090
1.960661,2.732493
2.003399,2.726705
2.004467,2.775279
1.961042,2.739522
1.961042,2.739522
1.958077,2.693861
1.995206,2.721151
2.030108,2.720190
2.035817,2.676699
1.988019,2.632516
1.941022,2.663121
1.969176,2.647721
1.919362,2.619589
1.931938,2.579362
1.930731,2.603369
1.903352,2.637324
1.869423,2.685200
1.884487,2.675019
1.871683,2.677365
1.919521,2.681371
1.913339,2.688493
1.913339,2.688493
1.880748,2.724887
1.867843,2.742225
1.896539,2.723208
1.940292,2.680913
1.956510,2.660838
2.002312,2.655374
1.963536,2.656726
1.981978,2.608201
1.996414,2.625061
1.951841,2.588861
1.967021,2.615516
1.934690,2.634449
1.938539,2.633079
1.917970,2.625440
1.913537,2.611839
1.931155,2.621399
1.931502,2.656957
1.952218,2.626995
1.925766,2.643628
1.908503,2.611100
1.917380,2.599353
1.890683,2.609714
1.871177,2.570360
1.857220,2.593961
1.834258,2.574039
1.799636,2.583188
1.794774,2.564772
1.753675,2.518587
1.768354,2.527260
1.745192,2.541767
1.756109,2.518146
1.719933,2.522237
1.717151,2.563887
1.717117,2.577158
1.708421,2.529405
1.671400,2.526856
1.708624,2.536159
1.708624,2.536159
1.683402,2.539640
1.663854,2.589281
1.670949,2.540887
1.675203,2.539898
1.628282,2.529653
1.596500,2.570052
1.604857,2.538522
1.559334,2.532205
1.520856,2.531404
1.495362,2.545813
1.487970,2.512369
1.442778,2.473403
1.470647,2.459011
1.435916,2.442226
1.429117,2.471322
1.427468,2.462132
1.422465,2.470841
1.454851,2.482888
1.477619,2.443780
1.513031,2.406105
1.477983,2.365389
1.519371,2.373803
1.505052,2.400984
1.515918,2.432948
1.552473,2.414896
1.598617,2.452951
1.599748,2.471723
1.592655,2.447496
1.598060,2.490107
1.551799,2.481237
1.534127,2.470465
1.552005,2.451162
1.527712,2.460635
1.497525,2.502749
1.455953,2.493997
1.502377,2.457691
1.477543,2.466754
1.494850,2.447539
1.495134,2.414179
1.496550,2.407849
1.543388,2.417845
1.502312,2.464282
1.542508,2.436528
1.579159,2.424184
1.549078,2.458665
1.518216,2.451985
1.509240,2.404324
1.501804,2.415522
1.486743,2.388398
1.478223,2.386395
1.490531,2.352105
1.472290,2.376303
1.447666,2.417804
1.456069,2.456688
1.438374,2.443787
1.448071,2.430325
1.438034,2.430964
1.443359,2.430453
1.465290,2.425059
1.465290,2.425059
1.498410,2.377888
1.485366,2.352585
1.442027,2.348990
1.476998,2.301674
1.509665,2.335014
1.518831,2.297780
1.490608,2.341242
1.537145,2.389589
1.494298,2.365486
1.457242,2.370917
1.434352,2.357912
1.405435,2.337745
1.447031,2.344867
1.491550,2.385673
1.536032,2.389915
1.536032,2.389915
1.496561,2.407261
1.540485,2.430162
1.538253,2.421864
1.491166,2.424581
1.505944,2.408612
1.465002,2.384664
1.427411,2.399744
1.451859,2.392890
1.478355,2.413031
1.480649,2.368978
1.489573,2.360895
1.479915,2.339758
1.479915,2.339758
1.472196,2.292357
1.502407,2.261642
1.466665,2.235634
1.463141,2.205122
1.479055,2.182419
1.446937,2.176728
1.494923,2.171541
1.454054,2.189944
1.449704,2.168314
1.436430,2.176793
1.395092,2.212543
1.432872,2.176567
1.388282,2.147474
1.381005,2.143322
1.363877,2.173947
1.314893,2.212579
1.359899,2.224019
1.317928,2.216323
1.340165,2.255253
1.328901,2.246177
1.280326,2.235738
1.278195,2.219910
1.244364,2.222686
1.264896,2.208471
1.266168,2.179595
1.261753,2.178896
1.282394,2.204190
1.258595,2.202322
1.221334,2.168217
1.269204,2.211774
1.269495,2.204856
1.254936,2.204192
1.284492,2.162303
1.288220,2.113697
1.267381,2.078979
1.224862,2.049988
1.265908,2.009381
1.296700,2.033965
1.326690,2.073970
1.294832,2.034531
1.244896,2.059713
1.200696,2.089646
1.232338,2.100795
1.214994,2.100024
1.174539,2.070693
1.174539,2.070693
1.196741,2.032745
1.219421,2.005905
1.176805,2.055623
1.208318,2.100312
1.201468,2.079813
1.186266,2.076227
1.157311,2.033100
1.128714,1.990481
1.147504,1.992744
1.128392,1.985732
1.112891,1.967340
1.155579,1.920577
1.142356,1.877875
1.158524,1.909928
1.199504,1.958961
1.229694,1.962998
1.200291,1.985714
1.234292,1.939417
1.202102,1.920892
1.231199,1.959656
1.188831,1.982086
1.182850,1.952167
1.209054,1.972179
1.241095,1.987279
1.208664,2.009761
1.222829,1.993011
1.211968,1.952020
1.211968,1.952020
1.169302,1.965289
1.177522,2.010209
1.177522,2.010209
1.177522,2.010209
1.208269,1.980944
1.224657,2.006402
1.193637,2.054258
1.227016,2.064194
1.266793,2.082445
1.288209,2.123452
1.269252,2.113735
1.311759,2.137913
1.357234,2.133893
1.374015,2.175225
1.396733,2.189480
1.361842,2.181294
1.347520,2.166903
1.334036,2.141097
1.303185,2.131452
1.262680,2.167782
1.227927,2.164828
1.243320,2.179114
1.257500,2.194472
1.209239,2.186309
1.198995,2.206247
1.217766,2.200200
1.209274,2.167486
1.181275,2.187596
1.225140,2.229299
1.179181,2.187042
1.143736,2.168589
1.124678,2.156501
1.137636,2.142339
1.172090,2.120420
1.168774,2.086698
1.144664,2.062472
1.179264,2.098423
1.176263,2.146902
1.140827,2.174989
1.175821,2.127972
1.175821,2.127972
1.156179,2.095836
1.205013,2.057255
1.196557,2.039449
1.171997,2.050045
1.176381,2.030790
1.133872,1.987735
1.133872,1.987735
1.131325,1.984197
1.081536,1.977617
1.088021,1.963581
1.063572,1.947046
1.110570,1.950985
1.148748,1.902202
1.162514,1.880566
1.196344,1.861766
1.149476,1.835701
1.151166,1.845429
1.164119,1.855894
1.190398,1.812150
1.156846,1.805842
1.156846,1.805842
1.148192,1.763834
1.172222,1.728661
1.197864,1.695641
1.150684,1.646662
1.100697,1.616422
1.094781,1.586936
1.087358,1.621533
1.072856,1.587235
1.022934,1.545575
1.043569,1.559183
1.054019,1.590607
1.059690,1.606307
1.108200,1.614892
1.077153,1.617002
1.038331,1.629730
1.010921,1.654796
0.981051,1.616199
0.966214,1.656870
0.938721,1.677327
0.939389,1.703309
0.934735,1.685550
0.898201,1.656872
0.867332,1.651932
0.833537,1.651865
0.793516,1.617906
0.812080,1.621474
0.831008,1.649550
0.832488,1.629332
0.863519,1.670035
0.902486,1.680132
0.880698,1.693706
0.843799,1.728234
0.805583,1.736745
0.798210,1.720414
0.822826,1.742684
0.870382,1.710278
0.875001,1.741067
0.892415,1.722636
0.881372,1.723700
0.896097,1.697795
0.875687,1.678665
0.882611,1.637326
0.906645,1.680518
0.932818,1.665404
0.902075,1.669463
0.879070,1.625720
0.837346,1.669149
0.835928,1.638811
0.802595,1.607083
0.797986,1.651914
0.786199,1.649981
0.831904,1.606582
0.788878,1.573725
0.752968,1.539740
0.798405,1.588566
0.817820,1.600870
0.768171,1.552263
0.728637,1.510144
0.697809,1.468441
0.705877,1.469288
0.721246,1.479581
0.766496,1.504453
0.754518,1.476724
0.803452,1.516720
0.808806,1.494989
0.837443,1.503146
0.832921,1.499072
0.859527,1.476748
0.846928,1.522687
0.829805,1.534359
0.802857,1.516162
0.823509,1.507535
0.871327,1.499061
0.913689,1.465825
0.935079,1.473042
0.906610,1.500058
0.863985,1.496407
0.851363,1.449651
0.832714,1.424034
0.853424,1.404582
0.833476,1.432147
0.849293,1.472659
0.811347,1.508463
0.770086,1.528671
0.748860,1.485426
0.710762,1.481110
0.686174,1.527286
0.668497,1.525742
0.700288,1.536344
0.665456,1.517654
0.687624,1.498092
0.703027,1.470158
0.703027,1.470158
0.693859,1.486163
0.667086,1.508353
0.671860,1.546779
0.655276,1.522933
0.623481,1.540904
0.626340,1.589165
0.673157,1.556037
0.659107,1.509256
0.612552,1.556143
0.604107,1.531324
0.573384,1.566197
0.582864,1.596611
0.570779,1.578331
0.584998,1.568951
0.566179,1.577630
0.542115,1.625874
0.526501,1.596765
0.570357,1.586500
0.533614,1.551171
0.580065,1.548587
0.590976,1.530662
0.588471,1.529988
0.636973,1.507535
0.654896,1.538756
0.638625,1.574066
0.615633,1.549037
0.593562,1.591457
0.559877,1.555851
0.540113,1.571384
0.589613,1.524488
0.600641,1.565248
0.577547,1.540601
0.572318,1.551932
0.535559,1.544018
0.504243,1.515989
0.485654,1.481126
0.468630,1.461580
0.464309,1.447087
0.466945,1.450274
0.430547,1.401884
0.388551,1.370056
0.393804,1.365846
0.414939,1.386702
0.427961,1.338031
0.402145,1.349587
0.443311,1.321666
0.479117,1.316456
0.429969,1.288688
0.452770,1.304157
0.456873,1.260696
0.491665,1.306189
0.444300,1.346679
0.426046,1.361381
0.433718,1.402016
0.464518,1.355317
0.508561,1.376447
0.532752,1.365697
0.567014,1.404531
0.608060,1.372223
0.607176,1.403541
0.599591,1.424953
0.625712,1.440391
0.612955,1.438129
0.654127,1.409178
0.648156,1.455941
0.691191,1.440277
0.692551,1.401700
0.680270,1.396716
0.674860,1.371944
0.676449,1.371729
0.660582,1.408120
0.689036,1.421402
0.680255,1.437725
0.670197,1.402981
0.696211,1.414232
0.682026,1.410604
0.684539,1.441524
0.719808,1.419472
0.720664,1.404754
0.687721,1.428619
0.637977,1.378938
0.668579,1.407135
0.715478,1.446002
0.736830,1.401947
0.711475,1.358235
0.680159,1.336846
0.717125,1.320754
0.765075,1.313860
0.775825,1.292820
0.751311,1.287007
0.771764,1.336261
0.760909,1.294271
0.761263,1.248031
0.764720,1.256876
0.800755,1.293053
0.765040,1.320801
0.771325,1.361773
0.781049,1.387124
0.828019,1.412685
0.846483,1.433238
0.798944,1.456480
0.819264,1.469109
0.866069,1.517228
0.878779,1.532339
0.847798,1.544567
0.861374,1.505552
0.827518,1.494230
0.841529,1.480480
0.858981,1.488029
0.906225,1.531919
0.943030,1.499076
0.926697,1.489188
0.973015,1.464611
0.945736,1.483215
0.899785,1.493804
0.858481,1.483102
0.902852,1.528846
0.934968,1.499596
0.911460,1.515403
0.911460,1.515403
0.929078,1.507129
0.956017,1.470766
0.912539,1.435533
0.905437,1.473995
0.942145,1.437636
0.922648,1.445089
0.953325,1.427865
0.966780,1.470853
0.974139,1.449345
0.981584,1.478891
0.973835,1.448932
0.991091,1.468382
0.969838,1.465428
1.008523,1.440339
1.049768,1.456325
1.080157,1.496113
1.073377,1.448732
1.082295,1.435236
1.124553,1.455472
1.140045,1.428573
1.189034,1.402557
1.200131,1.399594
1.189626,1.441683
1.199232,1.485771
1.196556,1.521405
1.215291,1.493866
1.188163,1.454176
1.211178,1.461312
1.227455,1.440148
1.227390,1.439756
1.203506,1.428950
1.171481,1.380036
1.123207,1.344786
1.095616,1.310091
1.060324,1.271573
1.091109,1.270198
1.133483,1.249116
1.150584,1.268918
1.136363,1.253164
1.153129,1.243720
1.167871,1.206988
1.155148,1.176391
1.153672,1.158351
1.193027,1.108539
1.223082,1.133419
1.214215,1.112101
1.226874,1.063189
1.223928,1.059503
1.262292,1.041903
1.284528,1.069561
1.250480,1.112566
1.256884,1.148471
1.232069,1.187934
1.234779,1.234418
1.259865,1.245985
1.274208,1.221889
1.306493,1.231129
1.312495,1.206868
1.340860,1.230910
1.348905,1.252745
1.311973,1.237909
1.289332,1.204925
1.282730,1.243508
1.243364,1.226109
1.230041,1.195296
1.253996,1.203683
1.205697,1.245404
1.225911,1.291374
1.274368,1.311374
1.279614,1.269996
1.284070,1.259314
1.308912,1.283177
1.294639,1.299692
1.284760,1.257632
1.325219,1.261984
1.353811,1.299813
1.308681,1.293340
1.317559,1.305872
1.329692,1.340672
1.365374,1.343126
1.364727,1.371029
1.375235,1.371804
1.389297,1.416893
1.365748,1.430509
1.349639,1.390631
1.364412,1.378232
1.334734,1.380144
1.379113,1.353803
1.424615,1.402309
1.470049,1.415324
1.466192,1.382219
1.424994,1.371562
1.428896,1.355158
1.404573,1.365321
1.388238,1.316994
1.379017,1.332294
1.379017,1.332294
1.368769,1.298723
1.413953,1.301724
1.381503,1.324969
1.403977,1.349750
1.398107,1.381381
1.434948,1.378902
1.467005,1.347644
1.496339,1.370522
1.514983,1.413330
1.485479,1.447466
1.442069,1.450226
1.426841,1.411120
1.424037,1.397182
1.398431,1.425169
1.366688,1.424096
1.369187,1.423697
1.331312,1.454886
1.286873,1.470674
1.297640,1.437429
1.269837,1.443592
1.266969,1.440995
1.283197,1.393521
1.322093,1.420471
1.343525,1.429676
1.361113,1.417870
1.328393,1.395184
1.310681,1.408137
1.299350,1.368529
1.277454,1.366829
1.248627,1.376213
1.294169,1.401192
1.336748,1.430090
1.313953,1.407797
1.293453,1.364539
1.255358,1.404020
1.298153,1.356333
1.276082,1.316462
1.250560,1.268509
1.269747,1.231896
1.263225,1.214616
1.257677,1.180664
1.302226,1.208645
1.315682,1.174568
1.324438,1.127271
1.291778,1.121066
1.262147,1.108638
1.229081,1.072035
1.277150,1.055497
1.275369,1.029972
1.259263,1.033392
1.233799,1.065253
1.230132,1.027391
1.278087,1.009088
1.238842,1.024082
1.244734,1.044507
1.228782,1.043465
1.203492,0.996807
1.168171,1.044875
1.212017,1.065521
1.222288,1.094092
1.255518,1.092575
1.267581,1.134632
1.274358,1.127656
1.284235,1.132526
1.282845,1.168613
1.282096,1.179472
1.278635,1.218773
1.255099,1.242013
1.298621,1.224864
1.281928,1.269579
1.330973,1.266424
1.379286,1.265202
1.357260,1.262596
1.393223,1.295426
1.358951,1.288681
1.407959,1.265869
1.427085,1.311127
1.402001,1.327510
1.405384,1.282958
1.420145,1.279451
1.417468,1.278982
1.428851,1.298384
1.442996,1.341879
1.471691,1.310687
1.520244,1.346381
1.501656,1.338998
1.466040,1.331795
1.471214,1.300358
1.519391,1.297242
1.557758,1.334375
1.530254,1.285866
1.565379,1.330689
1.563268,1.347893
1.524910,1.360407
1.506218,1.312224
1.467799,1.302802
1.428557,1.254993
1.475424,1.247765
1.428693,1.240375
1.463361,1.202113
1.510172,1.162278
1.546477,1.142003
1.544688,1.168479
1.505257,1.160309
1.495892,1.164364
1.493402,1.203432
1.521936,1.181145
1.507134,1.206572
1.538015,1.222016
1.537041,1.242952
1.578505,1.226544
1.559509,1.270860
1.578857,1.251505
1.624282,1.211883
1.649826,1.225255
1.647617,1.203448
1.633716,1.171495
1.631889,1.164512
1.653286,1.173314
1.606339,1.133177
1.632056,1.163941
1.618852,1.137505
1.572771,1.158984
1.620158,1.195072
1.621897,1.219442
1.663914,1.201083
1.698625,1.198509
1.652450,1.221455
1.615021,1.251558
1.590536,1.231884
1.613379,1.263407
1.661862,1.221275
1.698113,1.191613
1.709230,1.228415
1.741456,1.256950
1.782426,1.239554
1.738758,1.210940
1.776570,1.215779
1.768712,1.244642
1.791545,1.198742
1.742935,1.203985
1.696328,1.177577
1.725854,1.219898
1.740867,1.247133
1.711916,1.279324
1.751137,1.256249
1.723656,1.292376
1.713506,1.302448
1.701462,1.279064
1.732195,1.302112
1.702467,1.259925
1.694910,1.249175
1.691497,1.285279
1.645813,1.278450
1.624096,1.273678
1.574481,1.302129
1.604366,1.280862
1.581743,1.256324
1.612055,1.301121
1.595077,1.263796
1.600334,1.308174
1.594870,1.274913
1.628416,1.283924
1.642617,1.262447
1.672562,1.250491
1.703545,1.277051
1.745507,1.231985
1.762986,1.201130
1.809891,1.246342
1.771922,1.286145
1.785886,1.289382
1.802063,1.268532
1.820634,1.292660
1.810627,1.304964
1.825101,1.274128
1.841757,1.304608
1.826343,1.354186
1.843620,1.328448
1.891891,1.312684
1.932872,1.274089
1.948395,1.266389
1.927777,1.252530
1.925607,1.275294
1.934876,1.263691
1.970780,1.299551
1.970780,1.299551
1.984878,1.251258
1.952050,1.207274
1.952994,1.172077
1.992535,1.138696
1.966148,1.149102
1.995128,1.119896
2.023194,1.123784
1.997766,1.146348
1.961396,1.185843
1.972899,1.206994
2.009181,1.203002
1.985171,1.163890
1.939586,1.114640
1.942598,1.147638
1.978685,1.152945
1.947407,1.165819
1.899773,1.181988
1.894309,1.155473
1.908522,1.129167
1.921750,1.150741
1.969338,1.157122
1.933350,1.109618
1.948549,1.060178
1.900325,1.056931
1.936643,1.062866
1.948844,1.029296
1.918152,0.979895
1.920383,0.973537
1.920944,1.002582
1.883193,1.022803
1.873686,1.040834
1.852178,1.060047
1.815473,1.050319
1.773353,1.046031
1.786823,1.039502
1.742519,1.015466
1.738722,1.007954
1.712443,1.024130
1.750687,0.989482
1.769063,0.941216
1.788197,0.934028
1.768056,0.910674
1.718458,0.921793
1.748007,0.950800
1.761900,0.955484
1.712220,0.977481
1.664119,0.947948
1.664633,0.986088
1.697640,1.029252
1.697640,1.029252
1.658895,1.055827
1.621586,1.096600
1.633745,1.144723
1.595460,1.194484
1.579778,1.223841
1.620352,1.251959
1.644089,1.206521
1.615026,1.234867
1.652448,1.188971
1.669509,1.142348
1.679816,1.171615
1.637220,1.151943
1.679919,1.200020
1.687874,1.189947
1.658673,1.211834
1.687465,1.220920
1.644062,1.256538
1.658102,1.224477
1.640758,1.225830
1.647148,1.220011
1.671913,1.237364
1.623090,1.268537
1.667314,1.248789
1.639532,1.212109
1.661103,1.254148
1.701695,1.292439
1.700001,1.323164
1.739514,1.319036
1.784163,1.328523
1.758941,1.317400
1.755422,1.271759
1.706571,1.242817
1.711662,1.198353
1.685732,1.189868
1.699885,1.162677
1.744197,1.115884
1.711594,1.160363
1.671660,1.196761
1.648876,1.163779
1.689954,1.162697
1.733722,1.159695
1.709348,1.204999
1.697959,1.202788
1.650581,1.219842
1.680424,1.186064
1.700389,1.145245
1.730169,1.157592
1.704264,1.165959
1.746891,1.191419
1.704865,1.158498
1.697078,1.183347
1.671661,1.211492
1.649214,1.235057
1.614935,1.210073
1.605417,1.238663
1.654843,1.247973
1.623449,1.204492
1.640107,1.184780
1.672525,1.229663
1.667960,1.200567
1.626487,1.163862
1.585201,1.171826
1.535915,1.129127
1.507325,1.110810
1.527645,1.123793
1.527810,1.102898
1.537475,1.144426
1.510692,1.104773
1.501888,1.125391
1.484498,1.156518
1.446467,1.173155
1.434285,1.222830
1.437259,1.213465
1.430876,1.237758
1.408358,1.274372
1.417552,1.295190
1.426460,1.309059
1.475399,1.332955
1.445367,1.286503
1.438378,1.317649
1.459256,1.314889
1.481313,1.324173
1.482787,1.309154
1.490990,1.274944
1.455437,1.228900
1.448356,1.213956
1.469000,1.182150
1.444653,1.179249
1.488380,1.210799
1.463639,1.186527
1.440891,1.149960
1.465591,1.194966
1.491216,1.169283
1.460816,1.127946
1.441536,1.087805
1.486172,1.084822
1.463223,1.085783
1.477609,1.077606
1.457863,1.099393
1.499226,1.090810
1.502174,1.134447
1.526738,1.177510
1.503564,1.193800
1.474046,1.184152
1.480454,1.193953
1.505531,1.162097
1.498983,1.199143
1.472802,1.187564
1.464589,1.155169
1.476286,1.140664
1.467793,1.188636
1.456979,1.151951
1.453364,1.196950
1.439735,1.219564
1.488567,1.244830
1.536886,1.238605
1.552260,1.231300
1.514827,1.191681
1.480329,1.187307
1.505261,1.221866
1.541713,1.268072
1.557213,1.283623
1.605354,1.286253
1.558289,1.256464
1.525455,1.224359
1.488274,1.218001
1.456856,1.185764
1.492588,1.221509
1.452927,1.237988
1.429713,1.282549
1.426557,1.236594
1.406858,1.258734
1.368648,1.263781
1.326243,1.259233
1.346734,1.262730
1.311667,1.286788
1.361410,1.325831
1.361410,1.325831
1.405185,1.343923
1.384159,1.353393
1.418781,1.349007
1.385042,1.301893
1.384702,1.279433
1.389815,1.324856
1.429781,1.335858
1.455616,1.335017
1.476907,1.377691
1.461653,1.405914
1.425339,1.369813
1.403867,1.392646
1.385483,1.416453
1.377152,1.394052
1.376937,1.385693
1.347512,1.427327
1.347164,1.388807
1.354273,1.373828
1.382778,1.346104
1.418421,1.303901
1.458506,1.312168
1.444628,1.357314
1.449600,1.335503
1.403368,1.299752
1.363073,1.260890
1.379787,1.278021
1.413890,1.248971
1.390285,1.225092
1.390285,1.225092
1.406693,1.193364
1.402238,1.217758
1.373481,1.194791
1.326144,1.205148
1.331256,1.222631
1.360222,1.252662
1.401761,1.302542
1.434884,1.291577
1.403182,1.273514
1.408830,1.307723
1.404834,1.336683
1.361521,1.381906
1.394904,1.343706
1.380029,1.344652
1.400181,1.340921
1.442646,1.354087
1.453568,1.319421
1.478606,1.332642
1.509728,1.292809
1.528501,1.312473
1.510173,1.283038
1.528789,1.258826
1.565136,1.247099
1.557784,1.275294
1.559849,1.280886
1.531642,1.304235
1.511272,1.344465
1.508742,1.334632
1.537682,1.320877
1.535031,1.273676
1.506452,1.244793
1.551354,1.200759
1.571040,1.175981
1.578490,1.185178
1.617227,1.229342
1.625914,1.231260
1.640042,1.184846
1.683029,1.160277
1.714026,1.141071
1.690396,1.178620
1.721875,1.154487
1.769087,1.150669
1.756431,1.134968
1.728841,1.125226
1.714438,1.155059
1.730900,1.141329
1.706075,1.108137
1.726454,1.111656
1.758618,1.086058
1.718741,1.082393
1.762267,1.114421
1.767176,1.133105
1.768164,1.139501
1.743373,1.174560
1.726062,1.125803
1.693555,1.082768
1.731606,1.106606
1.695483,1.088809
1.705367,1.108341
1.750871,1.089915
1.755473,1.137333
1.719866,1.181845
1.709771,1.229081
1.703671,1.190554
1.670794,1.142944
1.681605,1.140766
1.675872,1.176807
1.703870,1.144742
1.672875,1.114963
1.658678,1.096569
1.668862,1.071624
1.679412,1.084145
1.703807,1.081262
1.710373,1.035774
1.703863,1.024178
1.686228,1.028478
1.675256,1.031313
1.709625,1.067766
1.748113,1.037633
1.735338,1.029238
1.720969,1.025187
1.695049,0.993560
1.651592,1.004455
1.669909,0.957786
1.673696,0.911920
1.649114,0.953919
1.636320,0.926996
1.638700,0.937765
1.605273,0.918485
1.605676,0.889331
1.589299,0.851655
1.636617,0.825740
1.600475,0.780803
1.559012,0.816550
1.554319,0.842576
1.505017,0.813881
1.468940,0.773119
1.473193,0.758214
1.484448,0.722169
1.521337,0.712536
1.472756,0.703568
1.452981,0.657769
1.454370,0.697054
1.440731,0.660095
1.401528,0.676091
1.447205,0.667777
1.452301,0.620078
1.430574,0.661824
1.456107,0.694268
1.421181,0.690441
1.452603,0.690459
1.412325,0.740047
1.369915,0.758171
1.407581,0.714905
1.368169,0.719337
1.397704,0.718691
1.406826,0.723229
1.428262,0.691530
1.446076,0.701005
1.452276,0.707511
1.433795,0.693053
1.483548,0.689677
1.445112,0.701166
1.444520,0.743787
1.484906,0.720841
1.460414,0.671312
1.455312,0.625711
1.454871,0.624012
1.473086,0.663289
1.479699,0.706165
1.481823,0.702063
1.495257,0.690530
1.466050,0.697751
1.494585,0.686159
1.514456,0.656991
1.553065,0.658904
1.510629,0.637682
1.534565,0.635420
1.570894,0.615049
1.609813,0.633181
1.649823,0.668470
1.616836,0.668898
1.584651,0.627353
1.547697,0.648815
1.587886,0.602090
1.541353,0.611496
1.546993,0.606652
1.527676,0.652853
1.514604,0.651676
1.520815,0.631325
1.483316,0.587870
1.445252,0.547834
1.413273,0.576791
1.409138,0.582668
1.375931,0.564128
1.357642,0.580700
1.353004,0.539137
1.306093,0.502940
1.354390,0.526028
1.330404,0.505605
1.353862,0.554193
1.360257,0.542434
1.352026,0.500533
1.342288,0.532721
1.342436,0.526074
1.368380,0.563310
1.413266,0.554152
1.373739,0.535100
1.385481,0.574992
1.382962,0.543020
1.398454,0.512163
1.362272,0.500910
1.323812,0.502781
1.325185,0.477202
1.313989,0.519019
1.270419,0.532295
1.295411,0.573119
1.303877,0.563791
1.312113,0.579715
1.312549,0.606339
1.350281,0.565672
1.377673,0.547315
1.424776,0.509813
1.409793,0.486263
1.408266,0.529938
1.434880,0.526900
1.480799,0.488824
1.530114,0.531014
1.499336,0.534591
1.504622,0.584286
1.487952,0.601309
1.462218,0.597714
1.496088,0.551226
1.515454,0.530904
1.555711,0.533117
1.539534,0.541299
1.498188,0.546068
1.500856,0.587348
1.477219,0.624263
1.433224,0.593274
1.415635,0.570963
1.438073,0.600129
1.447005,0.605580
1.401514,0.638446
1.431619,0.612913
1.405140,0.581477
1.400894,0.532651
1.411707,0.555468
1.382691,0.582436
1.400642,0.596761
1.438579,0.595684
1.484449,0.631316
1.435057,0.609878
1.431305,0.636963
1.480656,0.680091
1.522255,0.637802
1.524017,0.647196
1.498783,0.643132
1.483937,0.633384
1.499954,0.627631
1.514540,0.579612
1.472614,0.531739
1.513117,0.564591
1.476354,0.586786
1.487269,0.629619
1.475562,0.667514
1.469915,0.666530
1.469626,0.699110
1.438476,0.667691
1.454196,0.664173
1.495453,0.677315
1.530634,0.664306
1.568509,0.627261
1.569046,0.649445
1.533015,0.683908
1.511248,0.640520
1.486786,0.614845
1.470562,0.640634
1.471883,0.642095
1.487445,0.689546
1.517273,0.699285
1.541861,0.659804
1.528770,0.644805
1.572772,0.671464
1.609819,0.632987
1.644474,0.677210
1.654808,0.657719
1.646031,0.645243
1.630953,0.625939
1.660060,0.630291
1.612857,0.588753
1.657756,0.610005
1.665597,0.588433
1.701472,0.635939
1.688930,0.643232
1.678240,0.681454
1.668632,0.702803
1.667084,0.676456
1.680790,0.645561
1.699131,0.694484
1.729534,0.678186
1.715984,0.637357
1.719319,0.597552
1.741642,0.582705
1.780020,0.589398
1.792943,0.587727
1.822631,0.563570
1.813012,0.589302
1.834238,0.632233
1.872562,0.644679
1.916887,0.612014
1.894778,0.632372
1.934390,0.600060
1.925411,0.577773
1.894545,0.622367
1.937955,0.610715
1.934416,0.631541
1.955792,0.593386
1.964822,0.567330
1.935683,0.525577
1.890074,0.480616
1.881270,0.512565
1.878145,0.485622
1.878145,0.485622
1.915440,0.496733
1.925554,0.492803
1.910234,0.511096
1.931611,0.480206
1.893501,0.473203
1.902279,0.498262
1.879594,0.535247
1.893067,0.569230
1.913031,0.610006
1.885775,0.614837
1.885775,0.614837
1.927044,0.623014
1.973535,0.608888
1.940021,0.637793
1.910780,0.687352
1.886567,0.727529
1.844783,0.771869
1.861432,0.779236
1.820937,0.787049
1.778837,0.821271
1.787066,0.825438
1.796865,0.803369
1.828791,0.793809
1.811086,0.821713
1.804046,0.797648
1.788991,0.773157
1.761984,0.771389
1.739374,0.766082
1.710411,0.772510
1.756265,0.744270
1.744512,0.712579
1.778521,0.697498
1.774041,0.715354
1.729065,0.694745
1.734378,0.691330
1.759407,0.660211
1.712693,0.627725
1.710984,0.612941
1.664903,0.629364
1.691252,0.677467
1.645357,0.711015
1.661896,0.681046
1.653631,0.674858
1.671239,0.711479
1.660782,0.755072
1.640357,0.780225
1.601225,0.787937
1.640389,0.814156
1.607516,0.817237
1.573998,0.791963
1.566915,0.835984
1.597734,0.809806
1.626581,0.842574
1.583393,0.892332
1.554730,0.850556
1.521937,0.889936
1.483507,0.910002
1.446671,0.897634
1.451641,0.934056
1.442046,0.966012
1.404157,0.968851
1.387672,1.003874
1.404364,1.045157
1.377398,1.023226
1.411100,1.061629
1.371857,1.098645
1.400004,1.068811
1.391411,1.041910
1.370348,1.034123
1.368814,1.052482
1.343008,1.043532
1.314436,1.027061
1.269701,1.066602
1.243973,1.053056
1.221559,1.043256
1.241531,1.008878
1.230374,1.000614
1.215091,1.029875
1.192626,1.059128
1.169085,1.104203
1.155573,1.110592
1.127798,1.106611
1.139849,1.145097
1.121030,1.143674
1.161615,1.166327
1.113483,1.212028
1.121539,1.200173
1.122143,1.154775
1.160315,1.115182
1.134407,1.084334
1.141007,1.097444
1.182081,1.142768
1.191723,1.095393
1.178633,1.088574
1.181317,1.096351
1.174506,1.128908
1.209765,1.114145
1.214091,1.119634
1.183415,1.149800
1.214481,1.176534
1.199928,1.195725
1.244950,1.167820
1.211553,1.165173
1.203803,1.210932
1.155546,1.168348
1.113418,1.209472
1.135003,1.199673
1.086955,1.245672
1.052620,1.290611
1.062218,1.296173
1.020900,1.270337
0.983933,1.257795
0.978351,1.247316
0.983522,1.250923
0.934205,1.289307
0.977014,1.270239
0.993131,1.251101
1.028193,1.232841
1.010549,1.197350
0.979555,1.174988
0.952521,1.219324
0.970327,1.178562
0.950080,1.199541
0.925371,1.202516
0.897528,1.153902
0.897528,1.153902
0.931351,1.112701
0.895045,1.127898
0.884541,1.083351
0.841356,1.064270
0.855283,1.037995
0.808490,1.085514
0.788700,1.085345
0.808149,1.061502
0.770619,1.099245
0.811352,1.100614
0.793871,1.089007
0.810290,1.137505
0.785194,1.157136
0.748580,1.177592
0.738876,1.195956
0.764204,1.183430
0.807702,1.149513
0.823073,1.194998
0.823216,1.186054
0.783114,1.199146
0.756267,1.179218
0.769279,1.176262
0.793505,1.134308
0.804647,1.097049
0.798686,1.116904
0.786829,1.136883
0.799034,1.160561
0.845713,1.191010
0.812495,1.211315
0.798336,1.225425
0.839405,1.274057
0.796412,1.296031
0.786367,1.262388
0.817816,1.226374
0.825611,1.248273
0.853061,1.293562
0.847836,1.275368
0.861443,1.266028
0.835704,1.270064
0.813319,1.251259
0.788784,1.291558
0.801141,1.274336
0.825174,1.297117
0.808227,1.268324
0.853822,1.284728
0.893720,1.255382
0.866039,1.224285
0.842023,1.188813
0.832590,1.147409
0.866309,1.157684
0.869188,1.137116
0.879654,1.138456
0.901677,1.179905
0.914605,1.163215
0.958003,1.153920
0.951020,1.199504
0.908480,1.224838
0.873655,1.225205
0.915106,1.183179
0.915106,1.183179
0.900926,1.166333
0.857494,1.193375
0.899805,1.220846
0.910927,1.254836
0.874484,1.254844
0.828734,1.232787
0.819904,1.227086
0.818283,1.276496
0.791662,1.269390
0.809802,1.240700
0.760274,1.220807
0.781014,1.210229
0.821357,1.252832
0.851053,1.253108
0.837133,1.294883
0.856150,1.314281
0.831819,1.289487
0.832869,1.324150
0.813334,1.306792
0.848719,1.314936
0.874493,1.298034
0.832588,1.303871
0.853385,1.345976
0.889465,1.330782
0.929722,1.345170
0.933184,1.329497
0.904749,1.316870
0.920906,1.366420
0.901378,1.353027
0.922302,1.323659
0.880011,1.342734
0.843632,1.315531
0.839574,1.318197
0.854667,1.287402
0.856861,1.256953
0.902259,1.261313
0.899176,1.245044
0.867745,1.288697
0.893954,1.286184
0.914201,1.270669
0.902546,1.297216
0.907693,1.292382
0.903382,1.243546
0.926070,1.264750
0.889289,1.286229
0.874667,1.331583
0.906560,1.355372
0.923394,1.375370
0.880073,1.394070
0.871136,1.380243
0.896367,1.343809
0.907034,1.314315
0.908603,1.292406
0.942694,1.265505
0.916545,1.266290
0.944157,1.252757
0.947426,1.284620
0.997085,1.305064
0.958194,1.261210
1.000709,1.223916
0.960387,1.227230
0.954766,1.258270
0.923867,1.236782
0.958762,1.215223
0.915380,1.194253
0.959792,1.225466
0.930689,1.192830
0.916141,1.183122
0.959954,1.145801
0.948869,1.138787
0.981036,1.176037
0.978579,1.170525
0.930058,1.184936
0.888896,1.167982
0.859176,1.175396
0.847353,1.161918
0.848787,1.155861
0.853900,1.203738
0.876135,1.201557
0.845674,1.249203
0.826389,1.218100
0.848168,1.253959
0.872076,1.278868
0.863985,1.302508
0.827455,1.329560
0.810965,1.280479
0.841743,1.275715
0.835569,1.302930
0.835569,1.302930
0.844108,1.320142
0.862833,1.326091
0.827991,1.337924
0.819149,1.333215
0.860955,1.372935
0.862041,1.420033
0.899102,1.413853
0.882007,1.390237
0.885638,1.416113
0.877272,1.403889
0.915358,1.416313
0.955293,1.411013
1.000264,1.444430
0.971617,1.472590
0.944189,1.484344
0.917576,1.496746
0.953425,1.509705
0.988776,1.556398
0.997704,1.512872
0.974107,1.513213
0.957624,1.482471
0.994237,1.442892
0.982336,1.412930
1.030236,1.371937
1.025970,1.383763
1.016694,1.374454
0.983046,1.360976
1.012630,1.371742
1.012499,1.362547
0.977911,1.356706
0.937475,1.347676
0.967116,1.315985
0.969186,1.316591
0.940712,1.344272
0.928656,1.315552
0.920352,1.364413
0.967932,1.336153
1.000223,1.355239
1.029165,1.369040
1.037293,1.383088
1.042113,1.393595
1.021730,1.409778
1.054521,1.430888
1.095041,1.461495
1.138322,1.473824
1.173376,1.433785
1.161359,1.456376
1.203529,1.415081
1.156491,1.444487
1.203606,1.399842
1.214972,1.432843
1.205715,1.449951
1.254361,1.449255
1.258521,1.459238
1.209447,1.473593
1.177373,1.505635
1.172042,1.508508
1.171474,1.470047
1.144579,1.437521
1.117077,1.416938
1.103113,1.417163
1.091170,1.398966
1.118247,1.382672
1.081055,1.385036
1.104442,1.351845
1.133867,1.307760
1.154188,1.342924
1.190958,1.328233
1.174749,1.303612
1.209839,1.270565
1.230916,1.313168
1.234493,1.320582
1.214661,1.313856
1.241228,1.314753
1.287315,1.311589
1.327826,1.273005
1.319691,1.240916
1.273159,1.285660
1.263511,1.323757
1.310608,1.290514
1.324597,1.308170
1.351553,1.345646
1.309375,1.357474
1.330931,1.354126
1.373372,1.367911
1.369142,1.371148
1.385006,1.392899
1.352608,1.381117
1.401973,1.356073
1.431063,1.372801
1.410466,1.409589
1.395789,1.417674
1.421067,1.464829
1.445560,1.420383
1.491199,1.380721
1.468317,1.402070
1.440405,1.382853
1.432457,1.400197
1.390446,1.420478
1.403845,1.423720
1.355504,1.462811
1.370027,1.438292
1.353925,1.419669
1.361955,1.373764
1.366951,1.337915
1.350545,1.308610
1.313899,1.303223
1.340445,1.261334
1.304587,1.286906
1.273591,1.245881
1.230106,1.293113
1.217836,1.269758
1.247380,1.222058
1.222390,1.205068
1.209932,1.233373
1.241899,1.191828
1.238667,1.172418
1.283496,1.218048
1.273513,1.238344
1.271236,1.268210
1.239755,1.258055
1.285626,1.215645
1.238087,1.228883
1.268123,1.249048
1.219400,1.260034
1.187515,1.257216
1.186586,1.246442
1.160153,1.291670
1.185706,1.260121
1.227396,1.244813
1.267876,1.197226
1.256401,1.236507
1.261269,1.240546
1.251274,1.256770
1.215781,1.230312
1.245412,1.236494
1.205430,1.270291
1.227932,1.245225
1.251180,1.285819
1.273021,1.272054
1.236100,1.239438
1.196615,1.211611
1.194852,1.185289
1.145774,1.229117
1.151900,1.181360
1.117757,1.146379
1.105558,1.116355
1.109967,1.122710
1.118288,1.161805
1.132888,1.150234
1.087835,1.148417
1.079484,1.183806
1.109875,1.160833
1.124339,1.162510
1.084857,1.196707
1.055273,1.172680
1.057746,1.145092
1.087888,1.138535
1.128494,1.103922
1.099753,1.147930
1.112288,1.123317
1.096956,1.136157
1.120777,1.097194
1.097483,1.103153
1.124593,1.131123
1.094958,1.164422
1.065665,1.126749
1.097464,1.169911
1.078897,1.129561
1.066076,1.137595
1.100212,1.157525
1.111932,1.147150
1.119900,1.166119
1.082696,1.167577
1.082696,1.167577
1.120329,1.164672
1.162264,1.165851
1.121054,1.155242
1.117943,1.161808
1.136744,1.157298
1.184114,1.200988
1.217652,1.181239
1.213093,1.147792
1.226504,1.157810
1.273018,1.116846
1.276827,1.129906
1.243486,1.171470
1.239832,1.162396
1.222611,1.117535
1.195364,1.083090
1.205158,1.087472
1.236069,1.113297
1.249410,1.139420
1.254396,1.138866
1.223985,1.117535
1.191263,1.158200
1.224948,1.204315
1.271539,1.164178
1.240434,1.182585
1.288621,1.147446
1.284018,1.192360
1.277531,1.162449
1.251414,1.120898
1.282897,1.147325
1.291612,1.115089
1.299091,1.117018
1.262141,1.110322
1.281385,1.142483
1.270703,1.097943
1.277700,1.106538
1.240971,1.099134
1.278978,1.080881
1.250689,1.124496
1.225692,1.111154
1.229432,1.160090
1.229432,1.160090
1.204359,1.156030
1.158406,1.137994
1.166196,1.160299
1.189239,1.145064
1.162680,1.170016
1.125734,1.213167
1.170836,1.233884
1.133107,1.221209
1.146843,1.182327
1.124929,1.176309
1.165435,1.171558
1.167664,1.127794
1.152588,1.138534
1.199406,1.109012
1.192727,1.062346
1.220669,1.082688
1.264079,1.070886
1.228478,1.031494
1.267733,0.994787
1.302202,1.016098
1.252211,1.002906
1.285485,1.040672
1.329645,1.049381
1.352538,1.005079
1.308488,0.961716
1.289253,0.982975
1.306628,0.991917
1.278456,1.003638
1.230558,0.989351
1.263634,1.004379
1.305702,1.026624
1.339012,1.075310
1.354578,1.100532
1.334493,1.116632
1.356516,1.159501
1.311810,1.187810
1.296300,1.217113
1.281615,1.209458
1.313147,1.255002
1.281609,1.295953
1.320280,1.343869
1.360321,1.317293
1.320365,1.279737
1.368560,1.293072
1.376965,1.243774
1.423305,1.292572
1.461374,1.316481
1.488910,1.303392
1.512957,1.260554
1.561956,1.302452
1.609680,1.292205
1.646622,1.271830
1.692685,1.258531
1.716331,1.272569
1.749099,1.309708
1.785787,1.314463
1.828635,1.361466
1.866863,1.366321
1.864332,1.331874
1.814533,1.363454
1.785242,1.360935
1.769466,1.322894
1.749878,1.292847
1.732722,1.260961
1.729376,1.227937
1.774723,1.271920
1.760634,1.278967
1.745181,1.257417
1.743748,1.273836
1.760081,1.278734
1.739809,1.267987
1.758711,1.253735
1.785273,1.282957
1.746699,1.270154
1.715189,1.287566
1.674710,1.250998
1.709160,1.248908
1.687165,1.286695
1.732734,1.256239
1.726672,1.272041
1.730121,1.243900
1.755080,1.235087
1.732935,1.231509
1.778369,1.255785
1.739450,1.228490
1.736729,1.205627
1.712300,1.225362
1.724253,1.228465
1.728519,1.212776
1.695448,1.186514
1.728945,1.174065
1.730726,1.205416
1.694994,1.167020
1.735572,1.159876
1.775414,1.176599
1.732947,1.148602
1.774379,1.195402
1.799787,1.227929
1.834047,1.231255
1.869307,1.249163
1.872490,1.243763
1.865042,1.256975
1.851024,1.265734
1.888176,1.266665
1.903446,1.219248
1.905358,1.246893
1.951059,1.256663
1.916907,1.253146
1.873018,1.213586
1.844621,1.247062
1.880349,1.228928
1.926969,1.260304
1.923028,1.235613
1.939625,1.283354
1.901796,1.290762
1.917652,1.280769
1.878624,1.327855
1.900421,1.281969
1.861393,1.239303
1.897239,1.204034
1.897239,1.204034
1.935870,1.162174
1.951960,1.197951
1.987909,1.192554
1.983235,1.234443
1.933571,1.220559
1.949399,1.248758
1.909366,1.210970
1.894040,1.222232
1.883711,1.229733
1.925457,1.254672
1.880377,1.300094
1.875213,1.304296
1.863403,1.317344
1.905282,1.280706
1.865085,1.287954
1.842490,1.336953
1.799503,1.345577
1.773782,1.356870
1.811863,1.375324
1.849816,1.349620
1.895628,1.327739
1.890896,1.285236
1.934971,1.262273
1.905198,1.270393
1.910465,1.288317
1.875218,1.292407
1.919242,1.292260
1.891594,1.318404
1.919881,1.347515
1.935890,1.311013
1.981283,1.316294
1.941502,1.326949
1.952460,1.299875
1.952460,1.299875
1.917261,1.312368
1.897346,1.293377
1.945764,1.261429
1.945764,1.261429
1.921560,1.263650
1.936852,1.267241
1.959661,1.223977
1.915390,1.261262
1.885391,1.266782
1.906081,1.307513
1.905285,1.329810
1.900816,1.311904
1.884647,1.356043
1.892277,1.393308
1.888242,1.379549
1.897978,1.421044
1.899374,1.470758
1.901270,1.441295
1.854290,1.452121
1.804324,1.467100
1.822488,1.457338
1.839086,1.415843
1.885256,1.404777
1.835681,1.395244
1.833000,1.425471
1.808134,1.406225
1.794893,1.360234
1.818054,1.336510
1.830750,1.307871
1.798691,1.299336
1.794096,1.269862
1.777469,1.228703
1.824397,1.248538
1.795264,1.202476
1.784809,1.180948
1.746184,1.218010
1.764354,1.194167
1.791739,1.159685
1.793753,1.209121
1.828051,1.251669
1.830244,1.202561
1.812553,1.185008
1.810770,1.214373
1.836708,1.250162
1.836708,1.250162
1.804417,1.229387
1.840286,1.193022
1.858870,1.222041
1.893956,1.211338
1.872344,1.189737
1.897186,1.206356
1.894627,1.196309
1.916125,1.209752
1.899831,1.162359
1.856629,1.158664
1.827409,1.161692
1.810846,1.184697
1.797962,1.142675
1.821624,1.133055
1.798274,1.093567
1.786768,1.101381
1.774339,1.113316
1.737190,1.156673
1.716877,1.159322
1.683105,1.152456
1.707835,1.176315
1.667295,1.129629
1.667295,1.129629
1.658958,1.106979
1.634611,1.103215
1.635071,1.145656
1.659132,1.132362
1.609990,1.099169
1.643065,1.088698
1.671871,1.137083
1.692361,1.105000
1.724378,1.113829
1.741868,1.078638
1.775192,1.052337
1.748256,1.035772
1.779944,1.022224
1.817072,1.033606
1.808596,1.080388
1.857864,1.114009
1.872191,1.113046
1.859477,1.123489
1.821511,1.139476
1.824364,1.180692
1.854948,1.206250
1.848522,1.211435
1.893306,1.189707
1.919374,1.219463
1.872484,1.232912
1.890792,1.234104
1.856039,1.250728
1.818146,1.278320
1.858730,1.275784
1.870429,1.301901
1.880239,1.281653
1.833291,1.320639
1.881811,1.302175
1.894977,1.284225
1.925734,1.312405
1.929949,1.348432
1.922776,1.397536
1.929881,1.417929
1.920756,1.449145
1.935231,1.421911
1.981456,1.423181
2.031060,1.422692
2.060543,1.442624
2.044228,1.437113
2.088253,1.466547
2.046481,1.506730
2.052909,1.545672
2.037614,1.574439
2.069126,1.596343
2.092941,1.561849
2.099964,1.592568
2.067453,1.584544
2.110030,1.569416
2.080615,1.602536
2.049005,1.619198
2.064838,1.630731
2.034715,1.653683
2.074909,1.691315
2.044780,1.715302
2.080114,1.676150
2.089178,1.716260
2.053531,1.691970
2.090628,1.692182
2.127260,1.655977
2.120023,1.626944
2.104759,1.581114
2.135003,1.587134
2.114498,1.570634
2.119556,1.578720
2.119556,1.578720
2.070001,1.608851
2.038303,1.654804
2.042124,1.671901
1.992896,1.697595
1.986605,1.669892
2.034261,1.629644
2.003484,1.660351
1.990181,1.666594
2.017425,1.668483
2.040612,1.671282
2.083278,1.649263
2.083278,1.649263
2.110067,1.600171
2.150769,1.574637
2.160576,1.601548
2.168734,1.618304
2.192412,1.573410
2.167965,1.582904
2.207144,1.565452
2.159783,1.577654
2.177537,1.557650
2.186337,1.563399
2.142174,1.514237
2.146492,1.487736
2.134299,1.466888
2.106271,1.504988
2.129553,1.502365
2.125226,1.476285
2.082739,1.491756
2.048158,1.485932
2.065937,1.496263
2.084499,1.471246
2.054988,1.479715
2.008040,1.529037
2.008949,1.503937
1.979616,1.513108
1.989207,1.496725
2.034682,1.505588
2.028945,1.476768
2.002275,1.435869
2.025128,1.419129
2.074037,1.439891
2.069097,1.406543
2.111000,1.375742
2.135906,1.377311
2.185710,1.334293
2.193707,1.329975
2.207843,1.315483
2.209701,1.343403
2.238639,1.312952
2.203155,1.327424
2.168944,1.338262
2.170823,1.313873
2.219563,1.290723
2.177307,1.290497
2.193502,1.294053
2.179360,1.303744
2.193314,1.329503
2.147599,1.299611
2.128702,1.292977
2.114100,1.274479
2.114100,1.274479
2.081257,1.293675
2.094075,1.326541
2.081910,1.356005
2.121789,1.313665
2.074942,1.354762
2.091355,1.401589
2.124200,1.434952
2.154484,1.412912
2.108962,1.416273
2.108962,1.416273
2.148397,1.406055
2.158941,1.413846
2.124034,1.446627
2.162561,1.459494
2.147407,1.474503
2.103764,1.466735
2.079885,1.427522
2.098666,1.472420
2.123341,1.487205
2.095481,1.442715
2.125336,1.425894
2.107120,1.462977
2.070192,1.413243
2.023742,1.423786
2.063443,1.388896
2.047441,1.433944
2.043383,1.439073
2.071910,1.399608
2.058664,1.369396
2.010711,1.328141
2.016019,1.333570
2.003619,1.320904
2.051677,1.340955
2.013011,1.384135
2.016678,1.414786
2.053979,1.432857
2.044230,1.470954
2.034630,1.424495
2.060336,1.474067
2.026076,1.454967
2.068289,1.427718
2.052866,1.414695
2.038408,1.427951
2.068728,1.408536
2.079651,1.396865
2.048686,1.370038
2.003793,1.351992
1.963336,1.392854
1.942252,1.422702
1.936497,1.410628
1.890885,1.412425
1.899075,1.447526
1.916605,1.476059
1.890443,1.478711
1.938159,1.432574
1.948770,1.478228
1.962689,1.519849
1.926981,1.474196
1.929398,1.493837
1.901024,1.508196
1.878725,1.532572
1.924482,1.565467
1.967006,1.566067
2.012416,1.571920
1.970595,1.586757
1.931000,1.612873
1.914896,1.652843
1.917408,1.672550
1.896932,1.642455
1.894962,1.626915
1.934058,1.616268
1.916478,1.642535
1.952595,1.669266
1.970303,1.688529
1.959499,1.705209
1.997778,1.658193
2.008364,1.667107
2.008364,1.667107
2.039909,1.657804
2.089484,1.655488
2.105708,1.628962
2.126365,1.622659
2.084848,1.643604
2.065299,1.685795
2.111688,1.648341
2.088693,1.665581
2.119523,1.621168
2.155296,1.665655
2.173524,1.712511
2.200097,1.732836
2.156720,1.693090
2.148726,1.741236
2.099955,1.742332
2.091436,1.768967
2.090300,1.773105
2.109410,1.747667
2.134123,1.710882
2.142857,1.701257
2.157323,1.720274
2.136993,1.739703
2.133382,1.747728
2.084972,1.725720
2.134028,1.705984
2.124232,1.675119
2.151592,1.714843
2.146052,1.703852
2.105818,1.684055
2.087051,1.667944
2.121639,1.680735
2.139601,1.671082
2.145718,1.678392
2.158856,1.685078
2.129069,1.654624
2.115057,1.657116
2.159349,1.681352
2.139315,1.663781
2.134631,1.640894
2.170513,1.607131
2.219632,1.557980
2.173071,1.595962
2.165447,1.562827
2.173854,1.562457
2.137987,1.554285
2.143201,1.587021
2.128077,1.593510
2.087457,1.596726
2.062561,1.565323
2.037035,1.554699
2.071044,1.531290
2.026941,1.499541
1.987494,1.518756
1.953502,1.508630
1.967570,1.547286
1.932329,1.560824
1.938981,1.553447
1.946075,1.575027
1.994950,1.616941
1.989214,1.615321
1.968841,1.612956
1.984346,1.599780
2.027914,1.645701
2.054574,1.632414
2.102390,1.674635
2.082343,1.637298
2.104651,1.672842
2.144685,1.721552
2.144685,1.721552
2.134454,1.769518
2.118772,1.801984
2.118772,1.801984
2.134994,1.847372
2.090393,1.829206
2.091939,1.825842
2.049309,1.829106
2.018105,1.789411
2.042686,1.824537
2.047805,1.854720
2.093410,1.846651
2.047233,1.839004
2.048599,1.805741
2.012655,1.788662
1.965848,1.805655
2.015733,1.819985
1.970452,1.792267
1.989359,1.757290
1.968911,1.791293
1.933623,1.807521
1.899197,1.809685
1.882976,1.770397
1.846365,1.760476
1.801608,1.730414
1.787858,1.726793
1.752182,1.720879
1.795599,1.734083
1.790447,1.738058
1.833410,1.716779
1.861791,1.726901
1.837861,1.724603
1.881754,1.745737
1.884425,1.722586
1.860296,1.686755
1.820114,1.659434
1.800901,1.635927
1.814926,1.653301
1.790949,1.687221
1.831405,1.729195
1.810018,1.679608
1.838277,1.722839
1.886871,1.739521
1.898578,1.697416
1.939682,1.736359
1.983721,1.703185
1.989264,1.656764
2.031419,1.667119
2.038495,1.681214
2.063229,1.693285
2.101397,1.683966
2.112114,1.693228
2.089426,1.681147
2.110892,1.653992
2.088133,1.653252
2.079990,1.694441
2.098763,1.713843
2.067658,1.719628
2.051141,1.719422
2.031058,1.695483
2.023257,1.686339
2.034358,1.646974
2.048261,1.625899
2.042111,1.659244
2.069959,1.702819
2.118075,1.682779
2.125539,1.639830
2.104785,1.620886
2.153840,1.583460
2.173774,1.619837
2.165789,1.619910
2.178653,1.629097
2.149652,1.595231
2.186205,1.644803
2.219812,1.684858
2.252478,1.694166
2.299942,1.725836
2.299942,1.725836
2.298935,1.706177
2.298935,1.706177
2.302583,1.714195
2.341642,1.685092
2.341642,1.685092
2.384938,1.652160
2.342064,1.669400
2.310706,1.642500
2.303661,1.626806
2.288175,1.664166
2.252703,1.678144
2.231562,1.668820
2.231539,1.682265
2.264609,1.683071
2.224801,1.635966
2.258267,1.592000
2.282438,1.641753
2.240110,1.634109
2.216301,1.667507
2.220416,1.636100
2.205852,1.661052
2.235745,1.670714
2.285678,1.695963
2.328010,1.659554
2.296465,1.686624
2.322093,1.716469
2.287014,1.743684
2.305057,1.789799
2.325622,1.826382
2.313775,1.809570
2.343808,1.777235
2.343462,1.771406
2.389563,1.783894
2.432484,1.766235
2.457145,1.729728
2.451357,1.763342
2.452075,1.719166
2.413141,1.762870
2.447572,1.745416
2.433559,1.730272
2.396819,1.732301
2.374154,1.704391
2.342949,1.744532
2.325978,1.713459
2.304649,1.737893
2.310995,1.787047
2.340476,1.780282
2.303286,1.827441
2.333735,1.778279
2.376063,1.794056
2.349363,1.844010
2.365738,1.859477
2.337197,1.873913
2.332857,1.920342
2.334908,1.906564
2.291762,1.950176
2.291762,1.950176
2.282696,1.972346
2.278493,1.932326
2.267597,1.900586
2.261938,1.884379
2.241969,1.875926
2.198883,1.831675
2.167231,1.853926
2.167231,1.853926
2.123487,1.844511
2.123487,1.844511
2.084972,1.823137
2.124467,1.821961
2.095794,1.803285
2.140342,1.827868
2.145528,1.793770
2.104101,1.824405
2.088872,1.868013
2.080593,1.833529
2.039832,1.854072
2.046117,1.896800
2.013675,1.943240
1.995087,1.925613
1.947664,1.891252
1.957160,1.883118
1.974270,1.860470
1.948548,1.847061
1.945111,1.873969
1.904080,1.866047
1.854576,1.866447
1.867890,1.831119
1.876353,1.868406
1.849565,1.840049
1.885599,1.865938
1.906688,1.898088
1.891123,1.898912
1.865721,1.870452
1.839870,1.892065
1.883014,1.921714
1.916210,1.945083
1.916210,1.945083
1.904243,1.906824
1.904243,1.906824
1.858226,1.902321
1.877341,1.871203
1.879595,1.856482
1.874963,1.905050
1.830063,1.875502
1.856142,1.873799
1.845425,1.863705
1.871707,1.875411
1.852984,1.897019
1.852984,1.897019
1.895225,1.941117
1.888134,1.961614
1.900152,1.960404
1.896162,1.987994
1.917801,1.979775
1.940537,2.011942
1.922758,1.993170
1.883856,1.964021
1.865884,1.917933
1.891658,1.902323
1.900192,1.931297
1.871151,1.940468
1.859067,1.943071
1.854968,1.949837
1.884946,1.987666
1.927481,1.976964
1.970573,2.012689
1.966109,2.001449
1.970437,2.034101
1.994713,2.047146
1.989323,2.056334
1.976736,2.007628
2.012102,1.994247
2.033348,1.975030
2.044462,1.979830
2.006526,1.987976
2.023383,2.005143
2.036712,2.017279
2.080978,2.004817
2.068495,1.989589
2.113444,1.957093
2.064684,1.948715
2.063250,1.945893
2.048338,1.913576
2.095010,1.938936
2.095769,1.988730
2.085239,2.006551
2.105889,1.972853
2.147619,1.924546
2.176122,1.888587
2.139406,1.900581
2.112531,1.913207
2.110904,1.867957
2.110904,1.867957
2.117685,1.834633
2.078128,1.804165
2.057849,1.767725
2.079716,1.786490
2.099850,1.774470
2.093068,1.800289
2.082682,1.831146
2.042997,1.856503
2.043807,1.860721
2.055314,1.860070
2.097733,1.904736
2.126329,1.916611
2.138713,1.944900
2.142349,1.951251
2.145708,1.909009
2.131627,1.957699
2.136856,1.932102
2.180673,1.966689
2.171288,1.937087
2.200459,1.920271
2.173379,1.873088
2.173379,1.873088
2.137719,1.841511
2.138934,1.871924
2.188245,1.826127
2.140192,1.801460
2.118722,1.756762
2.080138,1.782372
2.067783,1.733970
2.064568,1.686029
2.037845,1.653594
2.033782,1.682266
2.078357,1.643798
2.030923,1.630025
2.068452,1.580401
2.043280,1.602267
2.058820,1.595442
2.102528,1.589659
2.101629,1.581535
2.078135,1.623216
2.101222,1.641552
2.090436,1.664424
2.051296,1.632384
2.024024,1.672523
2.046440,1.623414
2.056652,1.654444
2.091121,1.665762
2.084253,1.648081
2.050438,1.619282
2.068948,1.612101
2.101017,1.591246
2.097152,1.626675
2.048873,1.602832
2.020155,1.640374
2.010666,1.666209
2.041996,1.628191
1.994921,1.645583
1.994921,1.645583
2.038772,1.641345
1.997805,1.602152
1.957513,1.625453
1.920620,1.662987
1.881853,1.695210
1.905810,1.656595
1.890072,1.639414
1.936209,1.657412
1.976137,1.637295
2.013229,1.643951
2.043839,1.604069
1.998489,1.603694
1.973989,1.638986
2.000921,1.685258
2.000032,1.732647
1.980972,1.690044
1.988778,1.699018
2.001366,1.650140
2.021363,1.648817
1.992818,1.690707
1.980504,1.725604
1.962274,1.736460
1.949023,1.737742
1.912125,1.786018
1.945779,1.805216
1.984009,1.832163
2.028621,1.829443
2.034917,1.853861
2.055590,1.808979
2.055590,1.808979
2.042159,1.763667
2.054674,1.799139
2.088988,1.819450
2.077428,1.838714
2.052637,1.862817
2.087874,1.903875
2.112507,1.898377
2.135589,1.852161
2.116546,1.882880
2.080141,1.922141
2.048184,1.921804
2.072421,1.887424
2.025721,1.898290
2.064780,1.858978
2.091847,1.871289
2.124780,1.873360
2.107674,1.877186
2.149601,1.839089
2.107198,1.882463
2.150199,1.892447
2.146021,1.880100
2.163517,1.830683
2.163517,1.830683
2.163575,1.808999
2.180083,1.849182
2.164824,1.891468
2.164824,1.891468
2.183902,1.845597
2.219264,1.867530
2.211401,1.913242
2.181049,1.884881
2.222459,1.869303
2.259118,1.891692
2.301340,1.925789
2.318558,1.906291
2.300998,1.877241
2.302232,1.906161
2.345257,1.926776
2.363321,1.940225
2.321926,1.904210
2.347072,1.945279
2.325632,1.897891
2.340476,1.882968
2.329802,1.885910
2.290173,1.935186
2.286039,1.950643
2.289306,1.965730
2.298957,1.969616
2.321050,1.985628
2.291720,2.034111
2.282404,2.063206
2.281768,2.081881
2.249807,2.108946
2.203516,2.090078
2.169507,2.110378
2.187176,2.066295
2.156034,2.060959
2.173494,2.011066
2.147243,2.012975
2.147522,2.002520
2.183151,2.017201
2.150628,2.009499
2.132378,1.970096
2.109659,1.935104
2.117127,1.958035
2.155294,1.918307
2.137091,1.888347
2.170381,1.889114
2.153591,1.906181
2.190461,1.872685
2.162481,1.916743
2.170721,1.912976
2.139610,1.932064
2.105137,1.935021
2.064668,1.974347
2.050931,2.004647
2.027170,2.046661
2.019811,2.071695
2.037004,2.118168
2.063970,2.137022
2.101815,2.103252
2.068202,2.072998
2.108638,2.075055
2.134655,2.049478
2.139950,2.032119
2.115327,1.993068
2.127395,2.031665
2.101382,2.019931
2.094718,2.024846
2.082423,1.991274
2.034566,1.942773
1.985719,1.986930
2.020080,1.980563
1.994846,1.973498
2.005359,1.971424
2.050528,1.924061
2.054943,1.921316
2.016838,1.898233
2.054804,1.891061
2.065786,1.873353
2.070830,1.838851
2.036727,1.871744
2.062545,1.892838
2.055662,1.917380
2.073790,1.883320
2.111683,1.862911
2.090103,1.868672
2.117250,1.915400
2.097751,1.903319
2.113104,1.941231
2.126326,1.965562
2.077786,1.944054
2.073908,1.967193
2.031264,1.958522
2.034617,1.910849
2.010120,1.891882
1.972358,1.918851
1.978433,1.918499
2.007217,1.888526
2.044010,1.874465
2.013123,1.858367
2.025170,1.829815
1.993402,1.814822
2.017182,1.772111
1.987756,1.812342
1.982935,1.783718
1.952558,1.738345
1.951146,1.713653
1.907376,1.762461
1.867136,1.748453
1.873742,1.785514
1.865228,1.794033
1.884776,1.825176
1.864372,1.804035
1.827732,1.791674
1.830259,1.756983
1.787081,1.764272
1.809024,1.769947
1.852421,1.737475
1.895837,1.736559
1.927563,1.743967
1.924362,1.744791
1.966168,1.781990
2.011219,1.752014
1.999630,1.788060
2.013233,1.806392
2.060909,1.795233
2.027204,1.813608
1.984934,1.789509
2.010889,1.806041
1.969221,1.804485
2.009487,1.839956
2.058449,1.846339
2.069481,1.865674
2.048262,1.842487
2.071368,1.877060
2.102594,1.892352
2.059712,1.873302
2.090592,1.875409
2.062588,1.910655
2.075702,1.925517
2.067702,1.959669
2.049610,1.992268
2.091063,1.990546
2.098127,2.025307
2.058070,2.074121
2.087338,2.089170
2.068141,2.138884
2.090645,2.169959
2.097551,2.145544
2.079324,2.096924
2.039311,2.096859
2.029287,2.132749
2.023871,2.104824
1.996192,2.104139
1.954458,2.083080
1.920423,2.057055
1.899975,2.083923
1.854876,2.094691
1.817255,2.110982
1.854430,2.105650
1.817855,2.087720
1.837471,2.082961
1.806054,2.057633
1.790164,2.089715
1.747673,2.137181
1.707326,2.128631
1.707326,2.128631
1.683559,2.170101
1.641307,2.154485
1.655520,2.132887
1.665350,2.132515
1.616888,2.136233
1.577688,2.106506
1.621835,2.082722
1.630784,2.094141
1.597562,2.124590
1.627577,2.084806
1.654436,2.104790
1.673549,2.130687
1.640252,2.117713
1.667977,2.087839
1.691357,2.037968
1.678837,2.008392
1.646128,1.978895
1.646128,1.978895
1.610936,2.007411
1.613241,2.039032
1.565909,2.029405
1.579835,1.985837
1.547522,2.000024
1.515514,1.950072
1.561625,1.928806
1.561625,1.928806
1.573529,1.904628
1.546135,1.897799
1.585545,1.853311
1.567971,1.882582
1.525734,1.903699
1.565293,1.877156
1.574486,1.887040
1.551638,1.874943
1.570802,1.868102
1.527832,1.868736
1.492287,1.875101
1.516569,1.875230
1.482720,1.876167
1.472791,1.902314
1.475124,1.903725
1.446225,1.902107
1.435645,1.886898
1.456967,1.837673
1.423759,1.812166
1.390051,1.792525
1.346050,1.767141
1.321549,1.773858
1.333450,1.788499
1.312571,1.775994
1.282333,1.769628
1.300965,1.724123
1.325123,1.739839
1.339043,1.787975
1.369205,1.822692
1.333248,1.802272
1.351202,1.754997
1.391092,1.774927
1.438313,1.730264
1.388807,1.686051
1.349543,1.661510
1.303060,1.625667
1.315040,1.673926
1.269987,1.664956
1.238371,1.694124
1.240065,1.672373
1.277614,1.664742
1.291569,1.696613
1.298050,1.726610
1.264381,1.757116
1.312342,1.740301
1.333992,1.709150
1.349341,1.671226
1.373672,1.713374
1.376304,1.743649
1.394043,1.773034
1.362579,1.759448
1.338726,1.775812
1.321115,1.774214
1.369506,1.779632
1.325077,1.775961
1.341659,1.767419
1.351950,1.717607
1.330290,1.684611
1.351156,1.678127
1.364434,1.641017
1.370705,1.635820
1.321745,1.671652
1.370260,1.665263
1.335434,1.642406
1.369212,1.647844
1.417955,1.676532
1.427551,1.645455
1.419917,1.649026
1.425519,1.697113
1.393813,1.721842
1.351238,1.761181
1.321277,1.808110
1.325027,1.828673
1.280555,1.783082
1.277166,1.734525
1.325887,1.777411
1.371124,1.788082
1.370401,1.827296
1.359677,1.789078
1.397910,1.777070
1.364036,1.745379
1.351985,1.717804
1.384624,1.677511
1.373144,1.635052
1.360466,1.651248
1.318833,1.628796
1.343748,1.676263
1.336848,1.697274
1.338204,1.689283
1.360078,1.732819
1.318061,1.750527
1.268108,1.785140
1.240671,1.757491
1.196498,1.747878
1.209424,1.797428
1.249265,1.800790
1.261833,1.819422
1.274246,1.846949
1.236900,1.878295
1.271588,1.874486
1.231798,1.835254
1.191868,1.824312
1.210615,1.810473
1.162370,1.858500
1.187864,1.823587
1.160432,1.785416
1.176348,1.776896
1.127755,1.782839
1.095474,1.736610
1.143482,1.698948
1.177422,1.735816
1.152670,1.719955
1.162755,1.719889
1.210366,1.722099
1.195835,1.701262
1.156530,1.694445
1.107116,1.699511
1.101693,1.658081
1.105587,1.700398
1.120670,1.695975
1.118791,1.712349
1.154640,1.731899
1.160793,1.753733
1.177148,1.731183
1.156984,1.729881
1.192969,1.738154
1.154972,1.712077
1.126483,1.694777
1.081071,1.653762
1.090421,1.607342
1.133976,1.628584
1.143047,1.587310
1.110542,1.572689
1.149275,1.571696
1.166374,1.554083
1.129789,1.569642
1.168374,1.554002
1.170788,1.530942
1.184215,1.504316
1.198700,1.548561
1.235337,1.503547
1.190193,1.474121
1.143576,1.482750
1.099681,1.443455
1.114861,1.468975
1.144198,1.437774
1.177070,1.410230
1.190592,1.378652
1.218843,1.391979
1.179178,1.342041
1.162518,1.343988
1.206019,1.363305
1.173231,1.401123
1.211863,1.384953
1.177985,1.385654
1.169359,1.408914
1.123066,1.373704
1.109584,1.386664
1.118576,1.408718
1.148609,1.371145
1.172742,1.382513
1.213251,1.417448
1.238948,1.396773
1.222113,1.361353
1.245146,1.372568
1.295007,1.384979
1.316208,1.409061
1.295580,1.421341
1.247859,1.469019
1.244492,1.475381
1.214529,1.488965
1.261803,1.530640
1.241718,1.551463
1.195992,1.543822
1.171260,1.558852
1.143201,1.581848
1.144355,1.578683
1.134637,1.545324
1.148185,1.539279
1.197893,1.585849
1.163315,1.536375
1.114974,1.573521
1.161574,1.574445
1.134115,1.565234
1.136987,1.548144
1.167015,1.517407
1.165393,1.557604
1.165393,1.557604
1.146674,1.552696
1.097347,1.505796
1.113076,1.465909
1.123728,1.498414
1.091889,1.480128
1.055228,1.521743
1.057447,1.518094
1.081244,1.565290
1.110844,1.561303
1.157891,1.573466
1.128768,1.602752
1.104435,1.645700
1.102589,1.607979
1.120872,1.591532
1.168190,1.569436
1.167445,1.545763
1.178065,1.539283
1.170018,1.495442
1.195905,1.477837
1.149106,1.430769
1.110075,1.422701
1.154485,1.431739
1.144383,1.451549
1.174669,1.455035
1.135904,1.445801
