-0.013478,-0.020830
-0.134581,0.089609
-0.353624,0.140081
-0.317757,-0.033590
-0.518623,0.001981
-0.318187,0.239001
-0.109905,0.323303
-0.339026,0.494310
-0.282507,0.409382
-0.256723,0.257101
-0.445160,0.201543
-0.293045,0.289514
-0.300506,0.391632
-0.052395,0.397303
-0.026209,0.501437
0.170544,0.330292
0.270185,0.494428
0.037974,0.724643
-0.033197,0.557511
-0.192286,0.746999
-0.239906,0.897871
-0.299605,1.046701
-0.405937,0.922574
-0.244513,0.975526
-0.127110,1.169286
-0.127110,1.169286
-0.354084,1.418431
-0.282414,1.467346
-0.258230,1.433694
-0.147705,1.514316
-0.054137,1.612172
-0.154061,1.700130
-0.168586,1.574132
-0.282597,1.389614
-0.184591,1.581340
-0.176168,1.648422
-0.176168,1.648422
-0.212992,1.750941
-0.328250,1.598172
-0.397362,1.529450
-0.397362,1.529450
-0.450461,1.596885
-0.443002,1.463407
-0.401639,1.646657
-0.297285,1.534746
-0.434736,1.391457
-0.335780,1.549179
-0.324340,1.310289
-0.099802,1.130908
-0.099802,1.130908
-0.311216,0.889306
-0.254835,0.987194
-0.319215,0.955754
-0.129784,0.712495
0.018268,0.535993
-0.172136,0.404226
-0.024159,0.454856
-0.230758,0.653608
-0.276406,0.438423
-0.231506,0.586619
-0.376783,0.413990
-0.252013,0.417292
-0.418748,0.598349
-0.586635,0.417872
-0.549218,0.285106
-0.748991,0.205479
-0.798069,0.358324
-0.959052,0.221384
-1.030316,-0.013495
-1.025125,0.216167
-1.101114,0.077696
-1.099644,0.284384
-1.115963,0.505984
-1.175425,0.635009
-1.127891,0.539272
-1.144749,0.696337
-1.188601,0.678642
-1.155989,0.796705
-1.155989,0.796705
-1.079343,0.975799
-1.053017,0.946290
-1.297861,0.853083
-1.355519,0.786244
-1.564351,0.956397
-1.459512,0.978420
-1.619014,0.729264
-1.566146,0.786051
-1.319065,0.971873
-1.438161,0.830259
-1.548262,0.858895
-1.546295,0.928000
-1.442888,0.875684
-1.253952,0.824299
-1.091505,0.577679
-1.110432,0.474824
-1.110432,0.474824
-1.123589,0.340101
-1.161958,0.471331
-1.168970,0.626681
-1.168970,0.626681
-1.022579,0.513446
-1.024905,0.423520
-1.024905,0.423520
-0.906404,0.575173
-0.954213,0.544293
-1.190610,0.421866
-1.011950,0.661851
-1.011950,0.661851
-1.224988,0.626389
-1.048152,0.705253
-0.914994,0.697201
-1.135095,0.450701
-1.089569,0.613964
-1.089569,0.613964
-1.273243,0.605591
-1.273243,0.605591
-1.450645,0.514608
-1.380964,0.633547
-1.232691,0.659290
-1.232691,0.659290
-0.989020,0.548008
-1.229078,0.384453
-1.158461,0.248833
-1.220756,0.249235
-1.220756,0.249235
-1.399484,0.367188
-1.408480,0.180382
-1.314706,0.230223
-1.319564,0.090518
-1.286816,-0.019561
-1.455809,0.226227
-1.359158,0.134127
-1.473904,0.095184
-1.235723,0.200060
-1.316307,0.329593
-1.376400,0.353386
-1.399180,0.475285
-1.399180,0.475285
-1.547911,0.263245
-1.442098,0.155544
-1.550061,0.131630
-1.508415,0.065349
-1.696581,0.057138
-1.696581,0.057138
-1.566969,-0.054429
-1.407471,0.129878
-1.406039,0.198098
-1.448938,0.200586
-1.479861,-0.023136
-1.253819,0.069370
-1.238894,-0.095537
-1.129471,-0.025303
-1.107192,-0.072613
-0.866435,-0.164847
-0.868593,0.065486
-0.746089,-0.019048
-0.918437,-0.175286
-1.128866,-0.349689
-1.357631,-0.201265
-1.591667,-0.142661
-1.720968,-0.304652
-1.901909,-0.389511
-1.677671,-0.610067
-1.674251,-0.631339
-1.909477,-0.580449
-1.909477,-0.580449
-2.083348,-0.827384
-1.976514,-0.767076
-1.938051,-0.816451
-1.938051,-0.816451
-2.058113,-0.706504
-1.833901,-0.867181
-1.673577,-0.807946
-1.688126,-0.834572
-1.688126,-0.834572
-1.501388,-0.833228
-1.336332,-0.728142
-1.209219,-0.848346
-1.420410,-0.833873
-1.601972,-0.842097
-1.569374,-0.962578
-1.712724,-0.750407
-1.902598,-0.967693
-1.991073,-0.969323
-1.787230,-0.970797
-1.828794,-1.034679
-1.674492,-1.181853
-1.833412,-1.148716
-1.732055,-1.141612
-1.723074,-1.207836
-1.723074,-1.207836
-1.778190,-1.044096
-1.803387,-1.022689
-1.625412,-0.793599
-1.663454,-0.673600
-1.434917,-0.654354
-1.203395,-0.464407
-1.099904,-0.592593
-1.310712,-0.643397
-1.130445,-0.892906
-1.139236,-1.135605
-0.967153,-0.944784
-0.967153,-0.944784
-1.201219,-0.892957
-1.164146,-0.797616
-0.999800,-0.638985
-0.916080,-0.561286
-0.921293,-0.666132
-0.931042,-0.527011
-1.007466,-0.482033
-0.941898,-0.479026
-0.924189,-0.340295
-0.842314,-0.277276
-0.864955,-0.305514
-0.972490,-0.141491
-0.735005,-0.231035
-0.722988,-0.264077
-0.824945,-0.358303
-0.954109,-0.206385
-0.765714,-0.357164
-0.553762,-0.578192
-0.331826,-0.503968
-0.331826,-0.503968
-0.205008,-0.561553
-0.367785,-0.362557
-0.236430,-0.172589
-0.030899,-0.326868
0.216186,-0.567771
0.451919,-0.597526
0.347200,-0.613670
0.261767,-0.482327
0.400957,-0.621590
0.624451,-0.854914
0.861167,-0.872505
0.861167,-0.872505
0.885079,-0.968860
0.893212,-0.787298
0.751783,-0.777293
0.960925,-0.735433
0.876231,-0.679525
1.110144,-0.809456
1.234873,-0.991380
1.177561,-1.234649
1.177561,-1.234649
0.937109,-1.001879
1.016005,-1.005937
1.213663,-0.958970
1.049534,-0.978088
1.120005,-1.067638
1.153554,-1.210825
1.153554,-1.210825
0.964314,-1.278970
0.769814,-1.241670
0.655035,-1.333499
0.410834,-1.108543
0.177492,-0.898878
0.402105,-0.820026
0.229136,-0.914038
0.257669,-0.863257
0.257669,-0.863257
0.484302,-0.842451
0.484302,-0.842451
0.258204,-0.859904
0.161684,-1.072864
0.189264,-1.040498
0.040205,-1.271055
-0.145360,-1.071803
0.073652,-1.124935
0.152559,-0.943962
0.371245,-0.990576
0.340199,-0.780877
0.336297,-0.860982
0.411714,-0.821456
0.427638,-0.681821
0.238916,-0.537150
0.247824,-0.319385
0.012653,-0.333589
0.002400,-0.156526
-0.182908,-0.141787
-0.044619,0.093099
-0.104014,0.340109
0.030388,0.227742
0.004857,0.137666
-0.066365,0.098117
-0.184127,-0.130576
0.059314,-0.113641
-0.189688,-0.083960
-0.418139,-0.161667
-0.205366,-0.083815
-0.216327,-0.307768
-0.400528,-0.172461
-0.279224,-0.415852
-0.171874,-0.194543
-0.415039,-0.056651
-0.333398,0.083431
-0.501368,0.011167
-0.525213,0.249491
-0.393968,0.084629
-0.260784,-0.004290
-0.293461,-0.201625
-0.107670,-0.110985
-0.094028,-0.336744
-0.094028,-0.336744
0.094275,-0.526697
0.185537,-0.675919
0.299094,-0.631143
0.543406,-0.483745
0.649411,-0.341124
0.454178,-0.130650
0.621742,-0.379638
0.448106,-0.189393
0.401955,-0.341819
0.362448,-0.344293
0.609472,-0.106566
0.706040,-0.083811
0.661148,-0.087028
0.517216,-0.150030
0.501894,-0.175339
0.294899,-0.137845
0.391370,-0.239813
0.204012,-0.175816
0.008835,-0.012967
-0.223154,-0.044701
-0.191324,-0.089198
-0.016442,-0.332503
0.183535,-0.323940
0.070005,-0.429085
-0.056543,-0.322622
-0.068176,-0.328017
-0.255937,-0.534447
-0.247633,-0.469072
-0.473571,-0.310357
-0.497207,-0.550581
-0.518056,-0.464535
-0.355862,-0.469522
-0.508622,-0.402407
-0.484468,-0.447180
-0.568523,-0.660049
-0.652016,-0.428466
-0.901963,-0.296810
-0.701207,-0.192148
-0.760949,-0.272043
-0.912239,-0.497929
-0.869093,-0.339759
-1.058982,-0.303579
-1.092909,-0.513690
-1.212914,-0.444098
-1.430910,-0.301548
-1.652036,-0.272607
-1.879191,-0.060411
-1.774549,0.161987
-1.782507,0.411937
-1.688951,0.293872
-1.684109,0.183340
-1.563626,0.143426
-1.786177,0.216602
-1.786177,0.216602
-1.786177,0.216602
-1.879946,0.242595
-1.937319,0.472752
-1.865031,0.421640
-1.653514,0.382668
-1.653514,0.382668
-1.522256,0.451634
-1.668861,0.452706
-1.857928,0.307370
-1.833420,0.217662
-1.716830,0.243549
-1.802844,0.105997
-1.615831,0.225443
-1.796110,0.284548
-1.796110,0.284548
-1.916757,0.068782
-1.839361,-0.133145
-1.726502,-0.325395
-1.726502,-0.325395
-1.676171,-0.411684
-1.567421,-0.639316
-1.686470,-0.505666
-1.544565,-0.512261
-1.383519,-0.297564
-1.536743,-0.540993
-1.500823,-0.327122
-1.535731,-0.531992
-1.487728,-0.747314
-1.349839,-0.749840
-1.184702,-0.784723
-1.364922,-0.748926
-1.334029,-0.532749
-1.443019,-0.315635
-1.570656,-0.517612
-1.391646,-0.389494
-1.325362,-0.360362
-1.079883,-0.590516
-1.308950,-0.517508
-1.105640,-0.486757
-1.205193,-0.676452
-0.963912,-0.473714
-0.795792,-0.383155
-0.769622,-0.539205
-0.794003,-0.304661
-0.883032,-0.115269
-0.984607,-0.283032
-0.793359,-0.477613
-0.757774,-0.406202
-0.727745,-0.216932
-0.899922,0.016462
-0.902303,-0.002857
-1.067690,-0.158846
-1.181004,-0.125936
-1.195951,-0.340248
-1.405655,-0.343974
-1.376349,-0.296498
-1.245155,-0.313844
-1.043889,-0.139057
-1.096457,-0.147691
-0.932023,-0.013395
-1.087001,-0.223997
-1.228152,-0.042933
-1.060932,-0.090936
-0.920695,-0.114466
-1.137108,0.124845
-1.122540,-0.023767
-1.351438,-0.122446
-1.107780,0.039605
-1.189180,-0.049071
-1.114517,-0.190866
-0.959319,-0.266115
-0.833822,-0.042047
-0.868424,-0.101095
-0.832288,-0.271977
-0.832288,-0.271977
-0.638906,-0.097165
-0.593325,-0.008230
-0.644313,0.025665
-0.711265,0.266319
-0.645669,0.249173
-0.832248,0.415467
-1.034221,0.354473
-0.875275,0.249724
-0.785914,0.145566
-0.735392,0.269426
-0.736031,0.025055
-0.646665,-0.004017
-0.818682,-0.090792
-0.624888,0.010886
-0.865804,-0.074543
-0.757148,0.120213
-0.652427,0.165546
-0.536945,0.069870
-0.567849,0.162029
-0.355398,0.332509
-0.428754,0.435358
-0.237095,0.645564
-0.050622,0.690589
-0.044813,0.827858
0.159523,0.597271
-0.066559,0.846180
0.108457,0.831810
0.192984,0.980645
0.217801,1.088108
0.349043,0.861949
0.581343,0.625197
0.660319,0.474428
0.596659,0.550307
0.541275,0.703957
0.470465,0.601815
0.366573,0.500486
0.207684,0.547381
0.142614,0.413071
0.117901,0.567155
-0.000828,0.577032
-0.227908,0.545435
-0.290803,0.471183
-0.269243,0.328959
-0.149235,0.300275
-0.382220,0.521965
-0.161427,0.395233
-0.251959,0.322803
-0.367225,0.556269
-0.415300,0.549230
-0.270436,0.780902
-0.076090,0.652401
-0.305015,0.606652
-0.381980,0.567892
-0.178460,0.626082
-0.392036,0.554646
-0.617967,0.330448
-0.408180,0.225522
-0.190122,0.122549
-0.414048,0.090631
-0.338174,0.314807
-0.501229,0.349776
-0.416569,0.226751
-0.201141,0.421497
-0.155909,0.632919
-0.114405,0.692216
-0.012259,0.467106
-0.235537,0.334077
-0.144251,0.581542
0.080667,0.766905
-0.009703,0.917719
-0.086071,0.904464
-0.143070,0.924471
-0.219072,1.059483
-0.202442,1.055402
-0.054491,1.164675
0.010173,0.977213
0.089650,0.751464
0.232689,0.795832
0.380233,0.578958
0.616287,0.434407
0.821888,0.464962
0.658700,0.267531
0.625651,0.322225
0.703812,0.463597
0.562946,0.438688
0.759065,0.611694
0.910970,0.673738
0.849359,0.677072
0.823805,0.689290
0.912530,0.884638
0.664755,1.036727
0.782037,1.199462
0.870673,1.394115
0.935775,1.571384
0.957518,1.499526
0.979278,1.733422
0.734161,1.552021
0.567577,1.762642
0.473679,1.620629
0.419189,1.801792
0.450395,1.780409
0.226641,1.658253
0.427452,1.685651
0.490802,1.914961
0.346540,1.796371
0.115231,1.681666
0.115231,1.681666
0.261537,1.654049
0.265384,1.812281
0.061263,1.644391
0.233301,1.595890
0.258732,1.507660
0.435650,1.466294
0.398098,1.329874
0.635148,1.431601
0.438782,1.615687
0.220560,1.459684
0.189491,1.271146
-0.035626,1.237729
0.020554,1.459003
0.020554,1.459003
-0.150844,1.263002
0.016226,1.216129
0.066548,0.979953
0.199971,0.914320
0.184065,1.073002
0.280853,1.295411
0.339250,1.277282
0.315522,1.480600
0.419629,1.709635
0.402081,1.777165
0.195555,1.696639
0.067839,1.665106
-0.118693,1.620838
-0.167422,1.640001
-0.167422,1.640001
-0.128900,1.573563
-0.068344,1.340920
0.052682,1.425351
0.052682,1.425351
0.273423,1.415300
0.273423,1.415300
0.439072,1.481679
0.441800,1.328286
0.441800,1.328286
0.215437,1.352314
0.134574,1.290851
0.211846,1.493296
0.165607,1.348472
0.380618,1.540316
0.628840,1.410745
0.712724,1.247212
0.938966,1.208593
0.776040,1.410274
0.805137,1.429646
0.823901,1.308779
0.880848,1.411710
1.046418,1.649665
0.868573,1.598829
0.868902,1.630173
0.908502,1.686123
1.150893,1.559706
1.310617,1.540436
1.097345,1.573299
0.995509,1.525265
1.244426,1.566200
1.483647,1.659763
1.483647,1.659763
1.336936,1.877280
1.373191,1.724055
1.179248,1.613235
1.098263,1.507719
0.955510,1.261960
0.743782,1.239496
0.719998,1.014243
0.897246,1.010401
1.138597,0.898873
1.291056,0.777669
1.228751,0.616198
1.006337,0.497942
1.094758,0.592097
1.198200,0.652125
1.203150,0.845712
1.451295,0.916908
1.262457,1.120925
1.231055,1.346703
1.109686,1.484807
0.885104,1.439967
0.898220,1.379105
1.002368,1.300101
1.073776,1.460395
1.073776,1.460395
1.258486,1.366564
1.251074,1.292407
1.459346,1.224463
1.439893,1.274453
1.583360,1.030606
1.756161,0.797420
1.861038,0.972984
1.861038,0.972984
2.100761,0.990448
1.994211,1.206545
2.239265,1.326158
2.239265,1.326158
2.078272,1.519179
1.847975,1.422209
1.636404,1.537016
1.827054,1.293342
1.728716,1.531437
1.678183,1.721787
1.864079,1.570676
1.902589,1.807604
1.757227,1.719722
1.638176,1.831693
1.753339,1.864232
1.897439,1.765343
2.093171,1.922591
1.845741,1.862453
1.722103,1.888048
1.946130,2.111373
1.946130,2.111373
1.802177,2.194204
1.879210,2.374475
1.879210,2.374475
1.879210,2.374475
2.042766,2.263665
2.048218,2.403665
1.950209,2.163487
1.989236,2.093437
1.989236,2.093437
1.989236,2.093437
1.897735,2.239750
1.985865,2.434574
1.985865,2.434574
1.883296,2.557277
1.883296,2.557277
1.987295,2.461731
1.811970,2.277381
1.602937,2.067865
1.602937,2.067865
1.579044,1.995045
1.385684,2.183884
1.541398,2.273329
1.530979,2.167527
1.605428,1.932282
1.721560,1.754235
1.503011,1.607425
1.401206,1.576631
1.228064,1.575460
1.370430,1.824186
1.370430,1.824186
1.192041,1.625945
0.981025,1.593647
1.056359,1.731478
0.914684,1.591136
0.854649,1.592087
1.056569,1.746882
0.868577,1.670155
0.932949,1.572292
1.010188,1.727396
0.827938,1.656271
1.022774,1.759358
0.837206,1.914762
0.777401,1.774266
0.637466,1.887777
0.598038,1.724214
0.598038,1.724214
0.575326,1.498776
0.521655,1.452119
0.572407,1.447633
0.613223,1.442299
0.388831,1.579078
0.233355,1.492422
0.330205,1.249546
0.212644,1.406709
0.063981,1.331692
0.266608,1.373807
0.266608,1.373807
0.169389,1.426141
0.311174,1.394379
0.527839,1.383640
0.557642,1.281229
0.496995,1.491961
0.742817,1.532201
0.951213,1.535450
1.091041,1.632303
1.250456,1.416825
1.461987,1.615700
1.473818,1.453355
1.384229,1.231730
1.395045,1.017256
1.529233,0.824271
1.279561,0.588289
1.347879,0.807510
1.369372,1.036073
1.486678,1.090405
1.665412,1.073733
1.462882,1.151896
1.419939,0.906434
1.199584,0.906905
1.434107,1.039528
1.450119,1.143942
1.475696,1.017979
1.276437,1.082592
1.316935,1.223446
1.515170,1.459205
1.682745,1.397279
1.609717,1.513652
1.516558,1.298121
1.680095,1.357898
1.757536,1.413846
1.667375,1.565772
1.620680,1.771732
1.517767,1.606714
1.330323,1.739338
1.330323,1.739338
1.433788,1.670699
1.266657,1.707771
1.361836,1.881351
1.361836,1.881351
1.319331,2.004423
1.265429,2.062750
1.292839,2.248583
1.054242,2.149219
1.113538,2.227585
1.097135,2.053924
0.987649,1.913380
1.148322,1.844598
1.206120,1.756253
1.169705,1.729549
1.222407,1.486245
1.141931,1.433143
1.071508,1.333396
1.170864,1.209148
1.201190,1.405099
0.987926,1.571562
0.946743,1.410605
0.938450,1.526661
1.106967,1.295304
1.042460,1.123822
1.012589,1.088489
0.960733,1.032130
0.961116,0.974897
0.896315,0.861286
1.140230,0.839172
1.102543,0.948445
1.282589,0.966173
1.282589,0.966173
1.527629,0.868424
1.304749,0.921591
1.490275,1.044486
1.660899,1.221717
1.698425,1.435967
1.599085,1.328823
1.699022,1.464050
1.810520,1.415859
1.983648,1.171698
1.881247,1.117286
2.069506,1.188979
1.843462,1.069011
1.909462,0.830604
1.972254,0.680812
1.798887,0.890750
1.926080,1.125585
1.831361,1.177273
1.695922,1.356289
1.695922,1.356289
1.504690,1.331073
1.528654,1.581011
1.284894,1.706613
1.466640,1.815625
1.373682,1.971749
1.599257,2.218910
1.599257,2.218910
1.655805,2.113257
1.818112,2.007080
1.861807,1.893251
2.106870,1.672131
1.878910,1.845597
2.037359,1.896557
1.988921,1.800020
1.900521,1.559620
2.035444,1.714881
2.095196,1.961469
1.884243,1.976515
1.952807,1.821626
1.976844,1.809437
2.060079,1.750455
1.859449,1.765280
2.041113,1.992676
1.796010,2.035735
1.890066,1.832140
2.045632,1.929720
2.045632,1.929720
1.938388,1.994463
1.994328,2.173852
1.979120,2.062114
2.040217,1.932814
1.814624,1.880644
1.636381,1.661777
1.802424,1.844647
1.600589,1.599283
1.362042,1.831643
1.610137,2.076829
1.824384,1.928622
1.902539,1.971515
1.979904,1.751996
2.012582,1.962596
2.077812,1.783930
2.199991,1.750314
1.966683,1.545000
1.966683,1.545000
1.992892,1.536050
1.927761,1.380801
1.822176,1.313152
1.806029,1.423410
1.881752,1.605577
1.732245,1.848373
1.763706,1.610478
1.666870,1.585276
1.514746,1.336798
1.690457,1.508449
1.690457,1.508449
1.813932,1.755059
1.666512,1.573404
1.648929,1.552853
1.502888,1.542764
1.562952,1.531724
1.365189,1.728562
1.350847,1.680652
1.543239,1.717070
1.632351,1.915218
1.632351,1.915218
1.824726,1.673329
1.588581,1.772787
1.588581,1.772787
1.588581,1.772787
1.406244,1.744536
1.368786,1.678086
1.533468,1.496277
1.549880,1.330375
1.690669,1.569299
1.583836,1.529190
1.762709,1.354556
1.575043,1.255372
1.459129,1.087790
1.348573,0.970025
1.172730,1.066989
1.056297,1.189409
1.260249,1.005226
1.030104,0.960626
1.226431,1.120382
1.372242,1.278649
1.474610,1.270086
1.328709,1.118454
1.163603,1.178044
1.269242,1.152367
1.028558,0.971917
1.046132,0.837972
1.165310,0.865131
1.241429,0.691925
1.288492,0.689974
1.288492,0.689974
1.236693,0.606891
1.181537,0.592088
1.052709,0.376382
1.078709,0.360769
0.881929,0.574036
0.970715,0.813257
1.105210,0.761292
1.279805,0.687894
1.243755,0.786314
1.045147,0.790482
1.226311,0.600711
1.024450,0.430689
1.141120,0.306890
1.163766,0.411200
1.255032,0.326460
1.300838,0.189673
1.549886,0.437663
1.378980,0.515054
1.155236,0.549015
1.293211,0.499919
1.044931,0.651711
1.165724,0.819663
0.992496,0.886199
0.938256,0.762257
1.144132,0.918334
0.949454,0.975246
1.127311,1.221404
1.269008,1.221403
1.293821,1.257940
1.251830,1.014961
1.166504,0.936374
1.121802,1.131235
1.347271,1.083665
1.295819,1.329313
1.460197,1.522836
1.389662,1.543802
1.150039,1.703251
1.150039,1.703251
1.085564,1.574809
0.986579,1.437530
1.136825,1.618912
1.297624,1.662956
1.457215,1.910850
1.690139,1.666352
1.798801,1.453968
1.660670,1.383116
1.726898,1.471811
1.547849,1.695181
1.635555,1.769492
1.884498,1.765135
1.915137,1.702037
2.072696,1.805294
2.207515,1.712719
2.075280,1.730620
1.975602,1.936183
1.975602,1.936183
2.059222,1.841626
2.059222,1.841626
2.149609,1.981122
2.149609,1.981122
2.278666,2.034109
2.175546,1.897380
2.389822,1.730009
2.347761,1.819708
2.339616,1.927319
2.339616,1.927319
2.339616,1.927319
2.339616,1.927319
2.339616,1.927319
2.339616,1.927319
2.523188,1.719788
2.597015,1.537746
2.739172,1.761279
2.739172,1.761279
2.739172,1.761279
2.739172,1.761279
2.695117,1.833088
2.596477,1.983163
2.580918,1.989622
2.662792,2.045452
2.616663,2.247068
2.395115,2.200611
2.198851,2.095643
2.126931,2.320931
1.920462,2.197077
1.720514,2.181720
1.948041,2.230204
1.948041,2.230204
1.700225,2.179861
1.728629,2.075956
1.792374,1.922214
1.646459,2.042686
1.509976,2.169085
1.743068,2.251228
1.570343,2.248341
1.702578,2.234482
1.572406,2.421712
1.572406,2.421712
1.345379,2.285150
1.440538,2.127960
1.463086,2.078614
1.439009,1.931548
1.439009,1.931548
1.439009,1.931548
1.224600,1.848063
1.431602,1.939073
1.496718,1.846883
1.384437,1.731962
1.286949,1.759117
1.076059,1.826353
0.857546,1.783174
0.857546,1.783174
1.068527,1.739162
0.984083,1.981566
1.128155,1.897504
1.338753,1.915775
1.373444,1.965788
1.307015,2.009378
1.371305,2.028967
1.379365,1.991642
1.509453,1.871451
1.295956,1.637738
1.409721,1.687338
1.218432,1.683439
1.174657,1.463705
1.194126,1.683571
1.199971,1.913293
1.349394,1.768367
1.224238,1.771202
1.297527,1.541708
1.441712,1.351761
1.485571,1.499009
1.365660,1.645905
1.577483,1.760092
1.733892,1.519851
1.733892,1.519851
1.955912,1.505209
1.945496,1.443023
2.008405,1.264963
1.884082,1.266563
1.884403,1.163261
1.990040,1.102342
1.758590,1.120347
1.802948,1.144495
2.050411,1.249544
2.050411,1.249544
1.859732,1.007623
1.670248,0.863443
1.679106,0.742835
1.868414,0.938525
1.621683,1.125732
1.686436,0.935419
1.663826,0.915981
1.713892,0.883731
1.713892,0.883731
1.464549,0.670547
1.640356,0.464437
1.605549,0.455624
1.760727,0.539716
1.653365,0.599491
1.482259,0.829434
1.283738,0.780870
1.512292,0.590795
1.681086,0.505292
1.647716,0.661197
1.684717,0.539241
1.508459,0.673652
1.618256,0.525834
1.708672,0.657339
1.715244,0.608457
1.715244,0.608457
1.715244,0.608457
1.799458,0.493052
1.649816,0.450255
1.591996,0.674459
1.701782,0.857149
1.525539,0.732072
1.642492,0.861459
1.567664,0.721065
1.532083,0.719567
1.324398,0.651926
1.458985,0.668088
1.616160,0.799047
1.727998,0.968473
1.727998,0.968473
1.510843,0.734793
1.622757,0.679158
1.682658,0.440515
1.573833,0.415951
1.608148,0.637144
1.653308,0.646279
1.605216,0.872310
1.697159,0.653257
1.460017,0.497553
1.308226,0.348549
1.256767,0.490212
1.071032,0.328757
1.299268,0.291429
1.087949,0.153717
0.865429,0.257739
0.982940,0.267679
1.102004,0.378356
1.324850,0.254095
1.241162,0.201749
1.009232,0.155350
0.873323,-0.066863
0.900285,0.083492
0.678108,-0.039692
0.826113,-0.023245
0.992686,0.072709
0.992686,0.072709
1.080366,0.207378
1.078138,0.261185
1.185964,0.490294
1.207573,0.687468
1.387400,0.532058
1.574547,0.406448
1.533107,0.429538
1.647020,0.467893
1.425767,0.371344
1.425767,0.371344
1.485107,0.193349
1.319604,0.079272
1.555124,-0.022973
1.422391,0.123139
1.365614,0.369085
1.593376,0.365652
1.604637,0.127235
1.788996,0.156944
1.788996,0.156944
1.616377,-0.049264
1.673416,0.101038
1.456251,0.203201
1.246532,-0.038951
1.137500,-0.038419
1.137500,-0.038419
0.913410,0.184639
1.100775,0.232218
1.083228,0.314974
0.906857,0.538280
0.764237,0.532048
0.648863,0.432809
0.624686,0.595052
0.487408,0.365423
0.502751,0.234134
0.282270,0.117803
0.067497,-0.080081
0.082903,-0.156536
-0.030055,-0.137412
-0.035175,-0.185444
0.210161,-0.320731
0.276123,-0.207740
0.303443,-0.028565
0.106468,-0.094151
0.223324,-0.098374
0.016186,0.031220
-0.198796,-0.163587
0.035784,-0.081437
0.111905,-0.208417
0.141804,-0.193364
-0.100312,0.052157
0.112110,0.232663
-0.010245,0.314678
0.132074,0.273164
0.127411,0.402091
0.311539,0.538384
0.523482,0.662344
0.523482,0.662344
0.280324,0.898930
0.422880,0.846501
0.439729,1.030370
0.683210,1.213458
0.914615,1.437093
0.725747,1.632462
0.771048,1.498191
0.663720,1.636120
0.446778,1.497933
0.310749,1.252780
0.363043,1.163661
0.117782,1.065689
-0.070953,0.999125
0.150309,0.749830
0.150309,0.749830
-0.069937,0.565631
-0.303128,0.325679
-0.094368,0.452346
0.072191,0.310942
0.260142,0.203069
0.253619,0.068618
0.049994,0.256276
0.298088,0.468369
0.435230,0.418079
0.644466,0.532812
0.816979,0.464383
0.997527,0.438017
1.000233,0.422083
1.070632,0.615388
0.997881,0.391659
0.869611,0.551177
1.022279,0.445895
0.972720,0.499015
1.084651,0.727669
1.130078,0.725743
1.104217,0.573341
1.240825,0.546632
1.325993,0.456481
1.245063,0.277185
1.469771,0.439938
1.701908,0.459625
1.690569,0.399834
1.717785,0.320843
1.929798,0.108396
2.131802,0.195796
2.131802,0.195796
2.131802,0.195796
1.897185,-0.016536
1.897185,-0.016536
1.664123,-0.087610
1.619993,-0.272458
1.741584,-0.198116
1.606354,-0.004548
1.602232,0.217059
1.427489,0.305946
1.531587,0.388546
1.531587,0.388546
1.489206,0.579728
1.386088,0.476766
1.159526,0.655390
1.316875,0.719085
1.316875,0.719085
1.484072,0.791812
1.612593,0.853564
1.524531,0.787251
1.495624,0.953556
1.589627,0.858721
1.555720,0.984553
1.416367,0.881733
1.411965,0.890911
1.649411,0.645064
1.610319,0.629260
1.528915,0.467607
1.461751,0.642657
1.461751,0.642657
1.487911,0.822817
1.655348,0.927400
1.688467,1.067064
1.771711,1.146374
1.617124,1.009030
1.807611,1.014795
1.729998,1.081326
1.911349,1.035396
1.734006,0.935392
1.927385,1.063360
1.797311,0.901930
1.666112,0.850275
1.670523,0.986600
1.769425,1.226375
1.588229,1.372162
1.808763,1.376790
1.605408,1.593972
1.567130,1.757890
1.661799,1.849801
1.661799,1.849801
1.838771,1.721882
2.020794,1.476959
1.860317,1.344023
2.064662,1.274766
2.008890,1.408169
2.199093,1.647996
1.960081,1.588841
1.974285,1.800466
1.974285,1.800466
1.893146,1.602230
1.819256,1.740768
1.808281,1.777844
1.808281,1.777844
1.729790,1.574142
1.700683,1.382566
1.598014,1.324580
1.782091,1.098959
1.557703,1.313214
1.517114,1.133539
1.700429,1.108842
1.777638,1.258328
1.591350,1.324755
1.537433,1.133934
1.747214,0.922142
1.552400,0.680943
1.550263,0.778314
1.673365,0.738341
1.639457,0.856992
1.732221,0.942677
1.832765,0.788420
1.815759,0.961841
1.712146,1.035331
1.579691,0.873751
1.579691,0.873751
1.506576,1.017013
1.357252,0.839051
1.146901,0.972986
1.337651,0.893289
1.120273,0.923907
1.310784,0.840677
1.310784,0.840677
1.243284,0.866291
1.156341,0.631063
1.260208,0.819665
1.194629,0.628738
1.337529,0.841690
1.326631,0.690392
1.263272,0.807505
1.164297,0.834557
1.259493,0.792758
1.406327,0.632609
1.252551,0.627239
1.171040,0.662113
1.313653,0.564689
1.314338,0.572255
1.333571,0.327593
1.529602,0.517162
1.529602,0.517162
1.677457,0.519282
1.433603,0.568579
1.525209,0.683846
1.472012,0.607340
1.448136,0.825676
1.283972,0.716723
1.159336,0.959981
1.333807,0.799293
1.236130,0.636855
1.232008,0.865400
1.401383,1.047629
1.612800,0.835281
1.538135,0.934770
1.458367,0.776732
1.248989,0.752991
1.346869,0.829589
1.105534,0.717293
1.253685,0.684353
1.447757,0.456240
1.681741,0.517408
1.758257,0.528387
1.708992,0.528782
1.708992,0.528782
1.708992,0.528782
1.640856,0.361998
1.429323,0.128562
1.664389,-0.108076
1.830211,-0.135476
1.830211,-0.135476
1.953324,0.014540
2.116415,0.094469
2.052907,0.211735
1.913351,0.194873
1.988485,-0.032447
1.988485,-0.032447
1.988485,-0.032447
2.039008,0.109723
2.277020,-0.122664
2.121402,-0.090857
2.163327,0.036399
2.031724,0.181504
1.864302,0.329677
1.982866,0.525348
1.796024,0.275441
1.667685,0.287206
1.667685,0.287206
1.815532,0.153269
1.750955,0.299348
1.750955,0.299348
1.750955,0.299348
1.750955,0.299348
1.750955,0.299348
1.797201,0.053224
1.686749,0.192319
1.915829,0.341572
1.915829,0.341572
1.737315,0.551323
1.834664,0.692137
2.072094,0.686442
2.072094,0.686442
2.217265,0.572964
1.990483,0.541830
2.058071,0.503117
2.077756,0.342308
2.153863,0.472163
2.026401,0.227618
2.026401,0.227618
1.999494,-0.000153
2.110459,-0.011442
2.199778,0.162037
2.012469,0.066696
1.907370,0.174815
1.957422,0.393487
1.933388,0.451714
1.698460,0.520097
1.926504,0.745227
1.705947,0.848792
1.917859,0.959381
1.811872,1.124363
1.811872,1.124363
2.006687,0.891425
1.906611,0.903415
1.834141,0.902322
1.603021,0.976345
1.421659,0.815647
1.485087,0.864193
1.440750,0.687790
1.626766,0.554728
1.386617,0.374798
1.414849,0.358818
1.572284,0.370740
1.497525,0.395187
1.357876,0.315400
1.550167,0.156735
1.604966,0.157411
1.357585,-0.068859
1.458606,-0.206308
1.408100,-0.067304
1.424696,-0.140953
1.517521,-0.024355
1.717921,0.092715
1.661815,0.124117
1.518668,0.249940
1.468991,0.336645
1.465694,0.426403
1.420761,0.229430
1.276451,0.313458
1.276451,0.313458
1.358505,0.401231
1.569800,0.622605
1.355995,0.707514
1.266649,0.565126
1.116683,0.596463
1.001092,0.357207
1.086181,0.448368
1.297699,0.432394
1.432225,0.406627
1.475053,0.216198
1.440936,0.312345
1.556879,0.458678
1.678401,0.392988
1.916111,0.585765
2.112633,0.529829
1.887286,0.610682
1.945839,0.710658
2.159110,0.661382
2.159110,0.661382
2.252780,0.467887
2.028995,0.323322
2.074550,0.454414
2.112213,0.455591
1.932860,0.586197
2.158716,0.534639
2.114371,0.728185
1.906748,0.705880
1.721800,0.785563
1.881655,0.977731
1.897236,0.838496
1.950487,0.834831
1.890078,1.037175
1.717932,1.276349
1.709497,1.521805
1.781527,1.624139
1.698440,1.685450
1.466538,1.606630
1.714998,1.477898
1.739588,1.261804
1.901882,1.430995
2.061620,1.641080
2.240117,1.645385
2.240117,1.645385
2.109855,1.828981
2.105568,1.777495
2.063827,1.741088
2.016311,1.645958
2.187791,1.710455
2.400544,1.943445
2.396666,1.760079
2.396666,1.760079
2.396666,1.760079
2.396666,1.760079
2.420015,1.688652
2.288779,1.501499
2.518830,1.476437
2.518830,1.476437
2.309129,1.526420
2.179958,1.560427
2.179958,1.560427
2.052809,1.565211
1.995095,1.556265
2.039999,1.758138
2.039999,1.758138
1.896348,1.916940
1.684012,1.689223
1.933313,1.684572
1.933313,1.684572
2.031550,1.761186
1.810028,1.644679
2.047745,1.443357
2.217684,1.611682
2.338566,1.776759
2.296434,1.673656
2.296434,1.673656
2.310024,1.570530
2.071700,1.565913
2.059379,1.486305
2.306362,1.524676
2.266944,1.530292
2.248121,1.667215
2.248121,1.667215
2.205207,1.909543
2.219966,1.967461
2.414216,1.726357
2.414216,1.726357
2.344307,1.762037
2.221645,1.685751
2.063145,1.782162
2.063145,1.782162
2.080909,1.840937
1.857645,1.937514
1.857645,1.937514
1.797691,1.794305
1.797691,1.794305
1.599139,1.726891
1.472858,1.826321
1.242394,1.917986
1.253800,2.108354
1.082414,2.138778
1.082414,2.138778
0.840956,1.950393
0.698696,1.984932
0.917850,1.802043
0.713202,1.780745
0.713202,1.780745
0.476201,2.005404
0.538537,2.188748
0.657243,2.285777
0.595805,2.197198
0.595805,2.197198
0.553669,2.019337
0.707542,2.151583
0.707542,2.151583
0.829949,1.960424
0.852442,1.999830
0.933887,1.841954
0.861395,1.961274
1.016543,2.045249
1.095685,2.173620
1.104134,2.182019
1.346335,2.355365
1.589590,2.233226
1.479711,2.010818
1.520696,1.831516
1.577700,1.903081
1.613774,1.703939
1.529104,1.653551
1.488750,1.418507
1.355347,1.316002
1.303731,1.298863
1.233320,1.409316
1.380419,1.210311
1.216572,1.430565
1.046176,1.578828
0.989914,1.485137
0.854215,1.288985
0.780617,1.335176
0.554412,1.505202
0.687917,1.320215
0.629096,1.219345
0.706465,1.058977
0.604168,1.247275
0.562928,1.131818
0.807343,1.007109
0.822975,1.237881
0.608460,1.388156
0.817560,1.234695
0.817560,1.234695
0.951002,0.996403
1.005499,0.926179
1.179735,0.813183
1.149955,0.792773
0.975697,1.037175
1.139421,1.241646
1.102360,1.360477
0.955459,1.392032
0.799352,1.213778
0.590359,1.157068
0.688838,1.300126
0.769636,1.265788
0.868782,1.123771
1.063507,1.363701
0.841529,1.580725
1.029388,1.428325
1.068135,1.648989
0.988048,1.628682
0.769747,1.632454
0.605278,1.402074
0.714298,1.213353
0.657461,1.449662
0.898436,1.515285
0.689344,1.309676
0.580517,1.249690
0.745143,1.120386
0.781026,1.205587
0.737402,1.011571
0.950844,0.843362
0.746342,0.764583
0.752560,0.776344
0.752560,0.776344
0.911249,0.863543
0.906390,0.688991
1.106440,0.439200
1.021671,0.218834
1.051074,0.406615
1.234932,0.494469
1.435182,0.609233
1.578425,0.580581
1.662031,0.748873
1.870757,0.812692
1.669360,0.929750
1.469508,1.014213
1.503366,1.070764
1.432512,1.223626
1.380198,0.986914
1.386882,0.833269
1.257292,0.814848
1.228414,0.962153
1.069914,1.045776
1.048640,0.986676
1.287093,1.174548
1.093502,0.982933
1.029576,1.081268
1.113310,0.907943
1.302410,1.110419
1.431776,1.356394
1.472263,1.319124
1.471167,1.407205
1.237141,1.633336
1.217565,1.606744
1.467486,1.535418
1.370940,1.383645
1.241512,1.591090
1.379315,1.639468
1.563218,1.510084
1.385374,1.476443
1.450596,1.662126
1.543528,1.575098
1.700123,1.468974
1.517617,1.580569
1.759556,1.364757
1.570636,1.180908
1.536239,1.061492
1.444439,1.183713
1.229617,1.178250
1.098642,1.370632
1.244124,1.496943
1.180775,1.293057
1.408927,1.336601
1.429153,1.275742
1.603733,1.444163
1.781511,1.362707
1.947786,1.435552
2.159465,1.629184
2.190615,1.658842
2.188137,1.520215
2.259167,1.317330
2.114365,1.130968
1.955865,1.217714
1.921114,1.160016
2.024283,1.118690
1.869957,0.869541
2.053164,1.023049
1.968091,1.200101
1.728767,1.385422
1.935036,1.153708
1.719684,1.237028
1.912580,1.238774
1.953602,1.182917
2.152769,1.094666
2.152769,1.094666
1.980140,1.213023
1.888276,1.261967
1.981990,1.312013
2.164038,1.493905
2.317610,1.575239
2.070661,1.607649
2.070661,1.607649
1.892423,1.458108
1.710410,1.363847
1.549047,1.339693
1.518063,1.581725
1.756382,1.517947
1.533793,1.454053
1.302481,1.292780
1.470608,1.505947
1.309756,1.562864
1.499988,1.798365
1.268453,1.886666
1.343763,2.122014
1.564985,2.210662
1.700355,2.371657
1.565660,2.542239
1.611610,2.326141
1.831207,2.101285
2.017673,2.031426
1.992958,2.143408
2.095397,2.344900
1.977375,2.236790
1.977375,2.236790
1.977375,2.236790
2.000517,2.185916
1.855139,2.323113
1.710133,2.202575
1.836477,2.175358
1.996082,2.151766
1.893204,2.073819
1.672188,1.970140
1.630515,2.062463
1.630515,2.062463
1.424286,1.972077
1.283633,2.016560
1.288059,1.901858
1.203470,1.719629
1.051910,1.948747
1.049706,1.903781
1.019979,1.790553
1.203235,1.777022
1.192604,1.587615
1.279481,1.731439
1.279481,1.731439
1.048608,1.956545
1.163322,1.949869
1.022302,1.821721
1.253731,1.953247
1.325242,1.846866
1.475936,2.060380
1.599039,2.055314
1.564869,2.253553
1.715604,2.158226
1.478118,2.234285
1.558131,2.013149
1.393410,2.049502
1.594867,1.921724
1.452063,1.819212
1.625714,1.866807
1.639803,1.667416
1.739503,1.832255
1.970604,1.944289
1.970604,1.944289
2.187855,1.771530
2.187855,1.771530
2.187855,1.771530
2.394706,1.822755
2.565282,1.695028
2.565282,1.695028
2.575710,1.455018
2.681713,1.556512
2.681713,1.556512
2.718753,1.588065
2.718753,1.588065
2.639568,1.712746
2.659168,1.635755
2.452224,1.524238
2.659996,1.556389
2.671324,1.446163
2.751891,1.539014
2.979995,1.777740
2.979995,1.777740
3.205608,1.660098
3.116789,1.869380
3.119858,1.951823
3.157759,1.955774
3.053628,1.820402
3.053628,1.820402
3.118159,1.891498
3.118159,1.891498
3.118159,1.891498
2.992257,1.867998
2.957016,2.072182
2.964187,2.086167
2.964187,2.086167
2.964187,2.086167
2.752003,1.914765
2.734284,2.114729
2.748917,2.043167
2.913248,1.958342
2.882210,1.806388
2.713589,1.784665
2.713589,1.784665
2.652079,1.990622
2.652079,1.990622
2.702310,2.218704
2.547977,2.342959
2.437294,2.101258
2.437294,2.101258
2.238958,2.161641
2.125701,2.149971
2.141671,2.067813
2.141671,2.067813
2.141671,2.067813
2.065318,2.307025
2.202606,2.192313
2.421516,2.416076
2.521253,2.202779
2.762242,2.007670
2.762242,2.007670
2.673660,2.195691
2.673660,2.195691
2.806869,2.053454
2.692352,1.853748
2.754743,1.968814
2.754743,1.968814
2.565478,1.994751
2.523140,1.913633
2.480682,1.829262
2.688745,1.739824
2.665557,1.516330
2.575738,1.429805
2.575738,1.429805
2.485463,1.670472
2.452048,1.574341
2.373640,1.761208
2.409168,1.878447
2.427327,2.090259
2.298552,2.261656
2.176612,2.321196
2.065684,2.447622
2.043479,2.257212
1.984915,2.465298
1.928919,2.349413
1.966880,2.345016
1.968505,2.162584
1.765473,2.297519
1.765473,2.297519
1.933642,2.219214
1.978213,2.331224
1.762543,2.562877
1.913925,2.333739
1.772814,2.192837
1.929319,2.069688
1.929319,2.069688
1.717377,1.960692
1.609632,2.079358
1.609632,2.079358
1.781803,2.264604
1.889057,2.386477
1.864223,2.490159
1.851750,2.357248
1.773801,2.271305
1.723078,2.276671
1.723078,2.276671
1.616437,2.448286
1.562590,2.445589
1.562590,2.445589
1.671332,2.571100
1.496214,2.364349
1.496214,2.364349
1.496214,2.364349
1.254476,2.471683
1.254476,2.471683
1.254476,2.471683
1.386911,2.309799
1.349194,2.408656
1.339139,2.411405
1.168009,2.231978
1.399703,2.300288
1.639577,2.370995
1.690919,2.271531
1.805084,2.038559
1.951071,2.153440
2.109636,2.157115
1.989310,2.332418
2.203215,2.435465
2.203215,2.435465
1.985171,2.275252
1.985171,2.275252
1.785836,2.050597
1.939187,1.920619
2.114822,1.808570
2.068278,2.047124
1.958614,1.918170
1.916468,2.070990
1.926997,2.036956
1.869922,2.276906
1.754238,2.472291
1.963229,2.491916
1.928931,2.535207
1.810028,2.648631
1.810028,2.648631
1.810028,2.648631
1.704049,2.447241
1.538334,2.284579
1.742297,2.291418
1.949054,2.249914
1.891721,2.151140
1.964558,2.326264
1.722027,2.104387
1.940984,2.110224
2.169357,1.887310
2.063918,1.766609
1.951979,1.904539
2.102624,1.797666
2.031236,1.980496
1.928797,1.797408
1.852735,1.921303
2.073172,1.801404
2.117484,1.552052
2.001941,1.617938
1.862353,1.570746
1.862353,1.570746
1.954278,1.543995
1.716090,1.329030
1.574409,1.097417
1.645107,1.320529
1.645107,1.320529
1.502431,1.355250
1.633072,1.539520
1.740723,1.330970
1.782226,1.366526
1.755627,1.326241
1.819657,1.483369
1.765297,1.339934
1.840649,1.291919
2.074409,1.097198
2.145594,0.992566
2.144891,1.187550
2.089783,0.975299
2.130916,0.808046
2.217199,0.959080
2.130707,0.788015
2.011659,0.953170
1.842788,0.742681
1.924040,0.835481
1.778497,0.698304
1.778497,0.698304
1.953400,0.801563
1.990452,1.025943
2.218131,1.126970
2.355378,1.336905
2.355378,1.336905
2.355378,1.336905
2.250915,1.122419
2.430155,1.106997
2.430155,1.106997
2.252615,1.205572
2.186117,1.072440
2.345596,0.939419
2.345596,0.939419
2.383529,0.970898
2.600535,1.189018
2.570355,0.960600
2.429825,1.071655
2.408590,1.170912
2.408590,1.170912
2.171232,1.395936
2.171232,1.395936
2.171232,1.395936
2.079803,1.243525
2.284441,1.105749
2.284441,1.105749
2.066501,1.175743
1.965068,1.391942
1.948891,1.508771
1.875866,1.676070
2.006539,1.896948
1.937501,2.076043
1.696655,2.178665
1.448826,2.422097
1.276991,2.387216
1.276991,2.387216
1.170783,2.349880
1.412896,2.539408
1.431905,2.521457
1.411972,2.516172
1.288781,2.541343
1.288781,2.541343
1.426544,2.423146
1.327354,2.332700
1.286130,2.485574
1.336819,2.409964
1.477634,2.588925
1.477634,2.588925
1.636758,2.497837
1.389511,2.506728
1.459116,2.365730
1.228990,2.141335
1.383667,2.283263
1.416148,2.201436
1.412016,2.250671
1.407854,2.299727
1.545353,2.248177
1.610734,2.098728
1.682465,2.193644
1.613566,2.208774
1.838302,2.349398
1.838302,2.349398
1.755922,2.286829
1.942382,2.121371
1.698657,2.321992
1.714635,2.373497
1.491015,2.491663
1.482120,2.495274
1.269435,2.387109
1.259232,2.414061
1.259232,2.414061
1.332443,2.364955
1.107647,2.217614
1.224140,2.125078
1.224140,2.125078
1.122053,2.341292
1.058715,2.321752
1.192428,2.139828
1.186809,2.191382
1.348580,2.083620
1.119294,1.975409
1.047651,1.871458
1.086257,1.729036
1.290792,1.846547
1.254730,1.745943
1.012779,1.777255
1.061834,1.742895
0.852373,1.832529
0.710701,1.759978
0.703968,1.588372
0.530359,1.743632
0.407835,1.976770
0.407835,1.976770
0.569756,1.894950
0.569196,1.970191
0.527542,1.898513
0.527542,1.898513
0.567621,2.004068
0.640615,1.816612
0.469018,1.790667
0.469018,1.790667
0.312140,1.628795
0.109048,1.766529
0.113695,1.867161
0.113695,1.867161
0.267068,2.116489
0.354643,1.983083
0.165064,1.738962
0.155709,1.501210
0.128035,1.389530
0.156707,1.275366
0.192227,1.254830
0.034295,1.389718
-0.151997,1.387692
-0.107865,1.613492
-0.024607,1.425965
-0.185435,1.393351
-0.262869,1.452322
-0.241959,1.389608
-0.108052,1.463270
-0.108052,1.463270
-0.070309,1.310305
0.041767,1.481522
-0.025380,1.433869
-0.025380,1.433869
-0.056289,1.451826
-0.056289,1.451826
-0.081691,1.524668
-0.299256,1.411528
-0.199407,1.574106
-0.063359,1.623842
0.154473,1.729471
0.243868,1.686294
0.450477,1.663635
0.615875,1.506788
0.652666,1.362458
0.467075,1.125245
0.710677,1.342230
0.764200,1.415524
0.764200,1.415524
0.661209,1.434318
0.682113,1.268981
0.441232,1.292788
0.390590,1.148414
0.154212,1.334851
-0.080891,1.472967
-0.163728,1.231528
-0.163728,1.231528
0.020524,1.442294
-0.009622,1.287522
0.075346,1.347971
-0.003888,1.152941
0.181082,0.937083
0.345839,1.013598
0.585953,1.115907
0.484720,1.188225
0.654017,1.071926
0.597192,1.005640
0.471209,1.103540
0.569674,1.004286
0.354091,1.203214
0.257870,1.012835
0.256573,1.226013
0.384300,1.424956
0.346476,1.224871
0.541680,1.013571
0.678338,0.823317
0.715723,0.653992
0.726271,0.438620
0.773297,0.306666
0.909323,0.494167
0.909323,0.494167
0.691738,0.537973
0.843499,0.689319
0.841532,0.632392
0.960007,0.844313
0.971565,0.597121
0.794325,0.725887
1.025127,0.810821
0.899200,0.858189
0.890735,1.087664
1.037281,1.074775
0.803478,1.055106
0.578484,1.075696
0.484658,1.148144
0.484658,1.148144
0.617082,1.298603
0.552753,1.113922
0.448807,1.104386
0.448107,1.326046
0.373738,1.422770
0.237259,1.607091
0.205341,1.658861
0.049553,1.833179
0.154488,1.981443
0.154488,1.981443
0.236683,1.939033
0.483933,1.961702
0.483933,1.961702
0.666978,1.893512
0.775058,1.900687
0.789097,1.850273
0.877272,1.817067
0.924370,1.891622
0.799063,1.854135
0.718848,1.671571
0.718848,1.671571
0.838819,1.525190
0.955779,1.285218
0.822792,1.162151
0.763429,0.952910
0.710998,0.746434
0.703377,0.651636
0.768894,0.803072
0.882706,0.638248
0.953434,0.870666
1.047467,0.777806
1.283320,0.764449
1.467219,0.556269
1.467219,0.556269
1.551353,0.596756
1.488072,0.521652
1.660633,0.756423
1.726385,0.846472
1.962986,0.901888
1.962986,0.901888
1.793959,1.074218
1.799639,1.040327
1.997913,0.924743
1.990197,0.744401
1.973491,0.965610
1.973491,0.965610
1.885361,0.764239
1.916577,0.901911
1.859786,0.926386
1.968141,1.041520
1.872347,1.034554
1.827014,1.124693
1.596514,1.107016
1.566546,0.944738
1.566546,0.944738
1.331276,0.752686
1.129629,0.679867
1.098119,0.581604
0.955740,0.614686
0.836835,0.686935
0.652069,0.828320
0.758586,1.057372
0.874215,0.936657
1.058967,1.065309
1.001268,0.819431
1.207867,0.628188
1.256823,0.418174
1.303261,0.409288
1.233440,0.419750
0.988679,0.227698
0.951853,0.293977
1.006150,0.361771
1.046525,0.452954
1.000115,0.429713
0.789505,0.212112
0.742863,0.301889
0.637775,0.078968
0.573325,-0.133987
0.549684,0.046937
0.305214,0.232905
0.453606,0.253409
0.389557,0.289597
0.293763,0.268962
0.083735,0.326646
-0.058985,0.145547
0.019875,0.042127
0.072947,0.015366
-0.033069,0.201927
-0.179598,-0.006327
-0.350363,-0.053132
-0.500080,0.149476
-0.735667,0.152257
-0.549806,-0.081688
-0.317442,-0.249409
-0.462889,-0.273383
-0.624931,-0.208719
-0.706704,-0.080988
-0.877296,-0.218125
-0.969341,-0.216096
-1.106032,-0.083510
-1.300650,-0.029334
-1.248020,0.021909
-1.060444,0.111562
-1.210062,-0.011675
-1.399967,-0.241874
-1.216640,-0.067875
-1.331511,-0.208840
-1.081976,-0.273696
-1.158742,-0.481276
-1.006107,-0.644860
-0.916931,-0.857551
-0.977516,-1.103639
-1.220495,-0.857990
-1.332674,-0.754322
-1.435264,-0.974023
-1.507908,-0.903036
-1.368311,-0.700541
-1.261391,-0.699089
-1.436702,-0.642497
-1.580285,-0.849051
-1.399825,-0.856592
-1.604568,-0.973918
-1.545498,-1.185933
-1.519887,-1.246336
-1.533945,-1.017914
-1.736287,-0.768436
-1.702228,-0.852592
-1.689650,-0.950229
-1.937814,-0.843935
-1.733094,-0.602588
-1.571842,-0.442911
-1.396764,-0.405870
-1.282042,-0.281013
-1.342215,-0.105719
-1.173221,-0.318851
-1.006664,-0.509075
-0.784713,-0.676472
-0.658641,-0.775239
-0.813245,-0.701865
-0.684480,-0.551602
-0.541017,-0.371698
-0.353067,-0.503793
-0.458063,-0.660403
-0.340369,-0.575831
-0.514651,-0.738252
-0.471180,-0.626288
-0.225706,-0.433653
-0.379079,-0.673522
-0.317621,-0.761432
-0.515866,-0.663892
-0.576804,-0.849776
-0.334445,-1.016475
-0.254731,-1.259627
-0.486992,-1.381277
-0.486992,-1.381277
-0.368197,-1.286563
-0.272758,-1.251297
-0.467183,-1.441046
-0.631912,-1.547568
-0.383415,-1.562829
-0.235645,-1.488333
-0.457531,-1.726900
-0.649022,-1.614166
-0.518200,-1.391207
-0.518200,-1.391207
-0.726136,-1.171826
-0.592315,-1.044254
-0.369417,-1.288949
-0.248970,-1.446218
-0.252745,-1.383424
-0.162084,-1.144526
-0.026147,-0.953749
0.037531,-0.720705
-0.153807,-0.536348
-0.325994,-0.489115
-0.534372,-0.689798
-0.472444,-0.872551
-0.669716,-0.912209
-0.782197,-0.883727
-0.657083,-1.101101
-0.740684,-1.170002
-0.639621,-1.106470
-0.766037,-1.280425
-0.841479,-1.232456
-1.047120,-1.444594
-1.040231,-1.669851
-1.224802,-1.746083
-1.368354,-1.922377
-1.160499,-2.007530
-1.160499,-2.007530
-1.232044,-1.971766
-1.232044,-1.971766
-1.059943,-1.966145
-1.059943,-1.966145
-1.098658,-2.138720
-1.222252,-1.891025
-1.073173,-1.813278
-1.102107,-1.604703
-0.963175,-1.581828
-0.934574,-1.383898
-1.063870,-1.468083
-0.894501,-1.382655
-0.887512,-1.409159
-0.658873,-1.181006
-0.616237,-1.088128
-0.727013,-0.906752
-0.869366,-0.926995
-0.825716,-0.815767
-0.852841,-0.697000
-0.762554,-0.740298
-0.996322,-0.675815
-1.095673,-0.468029
-1.294790,-0.532471
-1.411171,-0.544702
-1.411171,-0.544702
-1.652522,-0.436653
-1.671547,-0.685432
-1.436600,-0.935294
-1.661438,-0.788030
-1.630437,-0.746281
-1.497576,-0.758045
-1.424370,-0.879888
-1.245030,-0.721556
-1.135214,-0.546755
-0.982206,-0.439512
-1.040056,-0.215225
-0.975830,-0.268361
-0.889059,-0.415343
-1.009325,-0.229378
-0.824336,-0.112220
-0.775316,-0.243267
-0.712344,-0.369016
-0.911861,-0.146629
-0.816224,-0.271968
-1.053747,-0.330178
-1.118058,-0.204630
-1.282637,-0.281587
-1.460151,-0.258384
-1.404288,-0.369958
-1.395195,-0.550282
-1.261362,-0.712549
-1.268747,-0.825251
-1.437270,-0.693442
-1.294658,-0.822313
-1.316158,-0.670976
-1.074935,-0.440907
-1.291863,-0.347394
-1.232329,-0.255391
-1.393324,-0.088648
-1.568490,-0.103435
-1.435529,0.059073
-1.482562,0.084001
-1.521369,-0.144054
-1.569341,0.077897
-1.730106,0.108738
-1.900755,0.006285
-1.986648,-0.086932
-1.877819,-0.007877
-2.010078,0.122474
-2.051903,0.161479
-1.902586,0.234736
-2.058038,0.050011
-2.094262,0.243311
-2.094262,0.243311
-2.296706,0.256658
-2.296706,0.256658
-2.219390,0.204761
-2.219390,0.204761
-2.167902,0.072415
-1.954614,0.308504
-1.975881,0.368322
-1.975881,0.368322
-1.975881,0.368322
-1.970568,0.157864
-1.970568,0.157864
-1.958655,0.389928
-1.859199,0.445007
-1.828073,0.575716
-1.811849,0.746614
-1.685343,0.944418
-1.464432,0.787685
-1.372499,0.915913
-1.372499,0.915913
-1.184372,0.761789
-1.186245,0.773627
-1.003358,0.569892
-0.998737,0.727841
-0.928613,0.808827
-0.763695,0.573528
-0.718724,0.405849
-0.656556,0.268856
-0.616374,0.099069
-0.576555,0.347934
-0.807056,0.308841
-0.807056,0.308841
-0.775104,0.325465
-0.775104,0.325465
-0.859653,0.315976
-0.688928,0.193134
-0.897393,0.009288
-0.966667,0.228010
-0.790901,0.333699
-0.846307,0.113511
-1.038740,-0.100157
-1.056605,0.141853
-0.827264,0.180534
-0.594470,0.240019
-0.594470,0.240019
-0.428612,0.326214
-0.499490,0.565852
-0.257211,0.560824
-0.076605,0.498488
0.122873,0.629854
-0.071034,0.637850
0.049597,0.580965
0.071789,0.558920
-0.031723,0.334352
0.158201,0.377085
-0.059992,0.208130
-0.138454,0.005276
-0.204966,0.128893
-0.014506,0.191121
-0.256938,0.137376
-0.430596,-0.021044
-0.193850,-0.036847
-0.365108,0.123026
-0.272964,0.292240
-0.175771,0.308825
-0.175771,0.308825
-0.273899,0.078581
-0.289384,-0.171064
-0.442219,-0.368541
-0.381630,-0.560280
-0.609971,-0.789282
-0.586016,-0.670518
-0.652779,-0.750452
-0.836475,-0.632730
-0.776843,-0.396888
-0.729371,-0.544411
-0.545480,-0.378576
-0.514382,-0.222243
-0.625750,0.017534
-0.662925,0.223537
-0.795413,-0.006351
-0.828331,0.234836
-1.013283,0.256814
-0.931468,0.321560
-0.801968,0.322370
-0.701117,0.327983
-0.918437,0.322830
-0.763219,0.082478
-0.530380,-0.095659
-0.582440,-0.068533
-0.773802,-0.295706
-0.562844,-0.219035
-0.692637,-0.143250
-0.733969,-0.315203
-0.642625,-0.090174
-0.401530,-0.022108
-0.566293,-0.192938
-0.606146,0.012014
-0.682067,0.005025
-0.552351,0.137235
-0.482225,0.240136
-0.622406,0.225205
-0.491713,0.282452
-0.399608,0.285567
-0.493585,0.318749
-0.261187,0.228156
-0.436767,0.252885
-0.219970,0.458116
-0.465833,0.242034
-0.594024,0.235967
-0.344908,0.124803
-0.305801,-0.097401
-0.458434,0.106743
-0.623028,0.273743
-0.806460,0.328554
-0.609857,0.128838
-0.622330,0.003077
-0.622330,0.003077
-0.653836,-0.016300
-0.672370,-0.019213
-0.792156,-0.260755
-1.008799,-0.382325
-0.944960,-0.438067
-0.962780,-0.445683
-1.184160,-0.678979
-1.191979,-0.599303
-1.150732,-0.351373
-1.141660,-0.385207
-1.141660,-0.385207
-1.316532,-0.456179
-1.124411,-0.467786
-0.999909,-0.470375
-0.830002,-0.347071
-0.808152,-0.118531
-0.949061,-0.361663
-0.775557,-0.281938
-0.898702,-0.480802
-0.898702,-0.480802
-1.005012,-0.242913
-1.063805,-0.369458
-1.270279,-0.579931
-1.132130,-0.705623
-1.235397,-0.823428
-1.242337,-0.962371
-1.130852,-0.721681
-1.289093,-0.782477
-1.425025,-0.888933
-1.596961,-1.125455
-1.839350,-0.951117
-1.927686,-1.117089
-2.027316,-1.095768
-2.093587,-0.923132
-1.956058,-0.963252
-1.849688,-1.202531
-1.952007,-1.383079
-2.038674,-1.491278
-2.012272,-1.258182
-2.012272,-1.258182
-2.041278,-1.258221
-1.898845,-1.387244
-1.908950,-1.218829
-1.763255,-1.024895
-1.785100,-1.171419
-1.778218,-1.004230
-1.778218,-1.004230
-1.778218,-1.004230
-1.801220,-1.106505
-1.943705,-1.351218
-1.711770,-1.220361
-1.711770,-1.220361
-1.840673,-1.188740
-1.991333,-1.327169
-1.857558,-1.481083
-2.092897,-1.317401
-2.204083,-1.520734
-1.991869,-1.347678
-2.184208,-1.491486
-2.184208,-1.491486
-2.307518,-1.461417
-2.225864,-1.592707
-2.273359,-1.347992
-2.451974,-1.318817
-2.374473,-1.267457
-2.290521,-1.281202
-2.075184,-1.111640
-2.006128,-0.991302
-2.006128,-0.991302
-1.989310,-0.831240
-1.776636,-0.913506
-1.655133,-0.815468
-1.633499,-0.713585
-1.846856,-0.612023
-1.846856,-0.612023
-1.791854,-0.684591
-1.637925,-0.597224
-1.637925,-0.597224
-1.455376,-0.510464
-1.278811,-0.484731
-1.142736,-0.462732
-1.310749,-0.261518
-1.310749,-0.261518
-1.160771,-0.078104
-1.112942,-0.208553
-1.067437,-0.418968
-1.225227,-0.397275
-1.334212,-0.597894
-1.416505,-0.699010
-1.416505,-0.699010
-1.426051,-0.645502
-1.335377,-0.683420
-1.102467,-0.666830
-0.979673,-0.862466
-1.175406,-1.040795
-1.175406,-1.040795
-1.318336,-1.281064
-1.227233,-1.099705
-1.476970,-0.941925
-1.331931,-0.772226
-1.144028,-0.682553
-1.375447,-0.632330
-1.402363,-0.523261
-1.273353,-0.743176
-1.435672,-0.832333
-1.254801,-0.937822
-1.392716,-0.879756
-1.384101,-1.085865
-1.396072,-1.285416
-1.169853,-1.211154
-1.216633,-1.450274
-1.175250,-1.422276
-1.175250,-1.422276
-1.270023,-1.273743
-1.504038,-1.361301
-1.461117,-1.492178
-1.278285,-1.642892
-1.384242,-1.462931
-1.547225,-1.709939
-1.728469,-1.883609
-1.728469,-1.883609
-1.943949,-1.949445
-1.872752,-1.837850
-2.009612,-2.057021
-2.160321,-2.020615
-2.018087,-1.992539
-1.996277,-1.930923
-2.044716,-2.045046
-1.978275,-1.872292
-1.844644,-1.926284
-1.663916,-1.934633
-1.663916,-1.934633
-1.723646,-1.825857
-1.497434,-1.873013
-1.505183,-2.110280
-1.396616,-1.932458
-1.360062,-2.060970
-1.180431,-2.008817
-1.318252,-1.865174
-1.204992,-1.806457
-1.399569,-2.049031
-1.297305,-1.802209
-1.297305,-1.802209
-1.249431,-1.693242
-1.002099,-1.785818
-0.943363,-1.606397
-0.826165,-1.358939
-0.748166,-1.431568
-0.748166,-1.431568
-0.952325,-1.225916
-0.830499,-1.194902
-0.830499,-1.194902
-0.594738,-1.261777
-0.556084,-1.103844
-0.628880,-1.089242
-0.522712,-1.219214
-0.697016,-1.253590
-0.552088,-1.447796
-0.560903,-1.597591
-0.455260,-1.552033
-0.676301,-1.598982
-0.692214,-1.532831
-0.617149,-1.430932
-0.813212,-1.657559
-0.658346,-1.828349
-0.614006,-1.602601
-0.708466,-1.680457
-0.930647,-1.884222
-0.995040,-2.129533
-1.232249,-1.904947
-1.081881,-1.669676
-0.905168,-1.654211
-0.905168,-1.654211
-1.057867,-1.572642
-0.971850,-1.387314
-1.066173,-1.177029
-1.249542,-1.052275
-1.249342,-1.192455
-1.351452,-1.348734
-1.572297,-1.591977
-1.572297,-1.591977
-1.350704,-1.781459
-1.551453,-1.769387
-1.760528,-1.693450
-1.723495,-1.773590
-1.721100,-2.019871
-1.676313,-1.792431
-1.735369,-1.839086
-1.793067,-2.072540
-1.563019,-2.156698
-1.416355,-2.183384
-1.486873,-2.367298
-1.483203,-2.199349
-1.357618,-1.992344
-1.173574,-1.753719
-1.360292,-1.934244
-1.251982,-2.053123
-1.304128,-1.980011
-1.374669,-2.063293
-1.277184,-2.123601
-1.310438,-2.032795
-1.310438,-2.032795
-1.535499,-2.128484
-1.494232,-2.053678
-1.373273,-2.106101
-1.373273,-2.106101
-1.554459,-2.293582
-1.418142,-2.206543
-1.418142,-2.206543
-1.418142,-2.206543
-1.177083,-2.228898
-1.207352,-2.465681
-1.028221,-2.306577
-1.028221,-2.306577
-1.169614,-2.200077
-1.245236,-2.179762
-1.136584,-2.071386
-1.147804,-2.147559
-1.184862,-1.974664
-1.184862,-1.974664
-1.184862,-1.974664
-1.184862,-1.974664
-1.184862,-1.974664
-1.291089,-1.840066
-1.512872,-1.846767
-1.325036,-1.880941
-1.091708,-1.843037
-1.110384,-1.723245
-1.247011,-1.506284
-1.301817,-1.641730
-1.301817,-1.641730
-1.380027,-1.612573
-1.313629,-1.663245
-1.180152,-1.812856
-1.382333,-1.866783
-1.145499,-1.901359
-1.197873,-1.658868
-1.171165,-1.778545
-1.171165,-1.778545
-1.169905,-1.593004
-1.169905,-1.593004
-1.218969,-1.713171
-1.058792,-1.620335
-1.156775,-1.420209
-1.017927,-1.292487
-0.960876,-1.443024
-0.911605,-1.341629
-1.157429,-1.415910
-1.371174,-1.317908
-1.373983,-1.535320
-1.133115,-1.766592
-1.046156,-1.749240
-1.089369,-1.517886
-0.983041,-1.462634
-0.849103,-1.366073
-0.916825,-1.575978
-0.668445,-1.560522
-0.565254,-1.720195
-0.626042,-1.895661
-0.398115,-2.111443
-0.593957,-2.135320
-0.493897,-1.924897
-0.730995,-1.826682
-0.544296,-1.979153
-0.647855,-2.006088
-0.871169,-2.233530
-0.871169,-2.233530
-1.096453,-2.086769
-1.248846,-1.861401
-1.498673,-1.692693
-1.466853,-1.902370
-1.220098,-1.686033
-1.263228,-1.577618
-1.267052,-1.343679
-1.435841,-1.176328
-1.282012,-1.269153
-1.443842,-1.154600
-1.685772,-1.270706
-1.739150,-1.387298
-1.727787,-1.414182
-1.726727,-1.604423
-1.766191,-1.371705
-1.966410,-1.457884
-1.781797,-1.657972
-1.580917,-1.479929
-1.580917,-1.479929
-1.517167,-1.528477
-1.571946,-1.691582
-1.678006,-1.738497
-1.678006,-1.738497
-1.875274,-1.736167
-1.665202,-1.549727
-1.824054,-1.372735
-1.982437,-1.314249
-2.212538,-1.121636
-2.017282,-0.954053
-1.791955,-0.881117
-1.685343,-1.057654
-1.886660,-1.097544
-1.679592,-0.898542
-1.435604,-0.703581
-1.667439,-0.641618
-1.753807,-0.739144
-1.909779,-0.661412
-1.984426,-0.753670
-1.915172,-0.788287
-2.088558,-0.889252
-1.882789,-1.030908
-2.131185,-0.826598
-2.131185,-0.826598
-2.232502,-0.654183
-2.187185,-0.519579
-1.973669,-0.456367
-1.847764,-0.376764
-1.755771,-0.247477
-1.654015,-0.022131
-1.724803,-0.269961
-1.724803,-0.269961
-1.772889,-0.442723
-1.570722,-0.627595
-1.337147,-0.425844
-1.167466,-0.593665
-1.386108,-0.823629
-1.232711,-0.667033
-1.455380,-0.564873
-1.446820,-0.701256
-1.229808,-0.890088
-1.368312,-0.727088
-1.303076,-0.802591
-1.169343,-0.639493
-1.192136,-0.726199
-1.324115,-0.895577
-1.110997,-1.034817
-0.971586,-0.946967
-1.103530,-1.021216
-1.028305,-1.216450
-0.903926,-1.285416
-0.818225,-1.409819
-1.042944,-1.253686
-1.115644,-1.125400
-1.148316,-1.248596
-1.113308,-1.365256
-0.899294,-1.437366
-0.783726,-1.581790
-0.664130,-1.537019
-0.630799,-1.336310
-0.592324,-1.195074
-0.503377,-1.249772
-0.372456,-1.368198
-0.372456,-1.368198
-0.326391,-1.147959
-0.282818,-1.326375
-0.466145,-1.493647
-0.408499,-1.642894
-0.462613,-1.643190
-0.530586,-1.567066
-0.744850,-1.688767
-0.883751,-1.698760
-0.706575,-1.906920
-0.634401,-1.871423
-0.812054,-1.694648
-0.812054,-1.694648
-0.566094,-1.844882
-0.627343,-1.751627
-0.627343,-1.751627
-0.655400,-1.799631
-0.655400,-1.799631
-0.855645,-1.818574
-0.745124,-1.807031
-0.745124,-1.807031
-0.988306,-1.958379
-0.812557,-2.151222
-0.812557,-2.151222
-0.812557,-2.151222
-0.752175,-2.302381
-0.900638,-2.521345
-0.900638,-2.521345
-0.744005,-2.489836
-0.871899,-2.505367
-0.977651,-2.378684
-1.190147,-2.295569
-1.074171,-2.090824
-1.012909,-1.969601
-1.037255,-2.143458
-1.042177,-2.361269
-1.042177,-2.361269
-0.995963,-2.152499
-1.017106,-1.995093
-0.795353,-2.003359
-0.557785,-2.189215
-0.586614,-2.215821
-0.592146,-2.193473
-0.533385,-2.099243
-0.700702,-2.206818
-0.700702,-2.206818
-0.782126,-2.193677
-0.639441,-2.078233
-0.639441,-2.078233
-0.577184,-2.224632
-0.577184,-2.224632
-0.577184,-2.224632
-0.372822,-2.024150
-0.613363,-1.784624
-0.385323,-1.628577
-0.334059,-1.529727
-0.374884,-1.681966
-0.130246,-1.551176
0.110452,-1.637300
-0.100585,-1.533845
-0.152551,-1.431804
-0.373718,-1.575629
-0.567776,-1.616748
-0.523230,-1.420127
-0.369178,-1.273552
-0.586090,-1.419217
-0.723589,-1.352918
-0.850739,-1.377295
-0.793884,-1.316632
-0.590909,-1.402999
-0.590909,-1.402999
-0.579962,-1.421077
-0.490350,-1.311714
-0.424491,-1.423080
-0.273191,-1.522195
-0.481333,-1.763416
-0.364038,-1.881977
-0.262476,-1.938713
-0.492391,-2.123166
-0.492391,-2.123166
-0.639821,-1.978156
-0.426278,-1.952504
-0.470898,-1.883231
-0.627983,-2.005183
-0.599846,-2.113348
-0.655750,-2.196290
-0.655750,-2.196290
-0.837258,-2.296788
-0.932576,-2.299018
-1.032618,-2.211124
-0.887454,-2.442260
-1.006848,-2.590153
-1.162187,-2.374103
-1.345019,-2.240564
-1.345019,-2.240564
-1.187971,-2.232965
-1.222690,-2.242856
-1.024994,-2.068198
-1.131072,-1.929436
-1.131072,-1.929436
-1.167182,-1.832982
-1.359361,-1.782629
-1.318548,-1.835868
-1.103118,-1.596547
-1.103118,-1.596547
-0.979568,-1.594638
-0.944742,-1.776359
-0.832073,-1.646259
-0.750044,-1.491343
-0.680107,-1.562141
-0.479110,-1.397343
-0.254422,-1.567074
-0.254422,-1.567074
-0.254422,-1.567074
-0.436767,-1.737017
-0.436767,-1.737017
-0.418673,-1.638080
-0.224041,-1.451517
-0.356960,-1.424702
-0.359964,-1.421960
-0.552903,-1.645244
-0.615394,-1.420999
-0.818827,-1.517050
-0.907747,-1.510668
-0.788708,-1.317179
-0.985364,-1.516048
-0.797959,-1.305184
-0.764451,-1.123747
-0.649781,-1.369217
-0.422006,-1.152518
-0.499848,-0.938674
-0.650454,-1.185045
-0.866451,-0.938273
-0.914773,-1.082190
-1.142325,-1.054551
-1.332607,-1.120379
-1.414322,-1.006451
-1.636067,-0.869790
-1.790522,-0.799193
-1.626762,-0.982136
-1.424044,-0.900180
-1.197512,-1.092424
-0.965341,-0.988327
-0.916060,-1.225467
-0.768483,-1.388876
-0.635254,-1.213397
-0.573915,-1.281672
-0.753874,-1.366889
-0.699923,-1.604848
-0.921855,-1.625203
-1.162388,-1.762123
-1.193128,-1.896444
-1.433189,-2.104237
-1.433189,-2.104237
-1.662285,-2.023528
-1.422754,-2.232700
-1.602526,-2.146367
-1.803413,-1.963516
-1.723637,-2.170641
-1.567965,-2.293102
-1.327504,-2.361529
-1.328041,-2.392676
-1.211226,-2.573270
-1.341519,-2.405377
-1.447301,-2.290006
-1.366707,-2.237310
-1.292292,-2.051432
-1.523817,-2.286486
-1.558582,-2.088335
-1.558582,-2.088335
-1.363684,-1.941332
-1.511154,-1.967406
-1.511154,-1.967406
-1.539645,-1.809317
-1.485992,-1.575671
-1.593803,-1.553886
-1.797797,-1.574456
-1.693508,-1.786261
-1.693508,-1.786261
-1.461721,-1.637768
-1.461721,-1.637768
-1.455863,-1.693996
-1.500878,-1.757813
-1.592288,-1.584725
-1.762299,-1.463514
-1.580339,-1.251246
-1.360761,-1.303710
-1.435279,-1.238766
-1.482055,-1.390896
-1.387515,-1.466681
-1.515164,-1.368697
-1.730387,-1.608625
-1.651426,-1.516361
-1.651426,-1.516361
-1.403255,-1.502118
-1.652606,-1.343458
-1.513949,-1.445479
-1.505433,-1.309882
-1.328900,-1.321962
-1.379355,-1.319728
-1.484734,-1.430451
-1.241055,-1.410297
-1.345333,-1.503537
-1.574140,-1.571872
-1.532596,-1.338975
-1.491579,-1.464530
-1.335608,-1.561531
-1.561264,-1.665898
-1.708036,-1.455126
-1.462401,-1.568071
-1.471278,-1.763097
-1.345427,-1.589282
-1.113201,-1.562339
-1.362353,-1.569172
-1.142320,-1.466661
-1.273397,-1.478357
-1.230545,-1.267846
-0.981808,-1.254765
-1.196230,-1.036265
-1.059484,-1.252243
-0.880741,-1.120268
-0.871387,-0.900149
-0.722504,-1.127216
-0.566223,-1.004572
-0.556545,-0.847130
-0.643699,-0.646944
-0.406471,-0.559453
-0.294617,-0.620714
-0.473775,-0.732108
-0.586370,-0.613499
-0.705834,-0.451891
-0.509153,-0.342009
-0.449655,-0.353220
-0.513055,-0.416070
-0.358028,-0.371130
-0.155899,-0.196230
0.039899,-0.409871
-0.027698,-0.515476
0.090476,-0.363100
-0.093026,-0.495677
-0.191289,-0.488133
-0.425154,-0.558410
-0.230797,-0.502205
-0.296316,-0.675516
-0.327003,-0.437811
-0.388657,-0.659930
-0.616144,-0.533715
-0.620757,-0.568501
-0.729926,-0.372361
-0.634128,-0.295936
-0.591561,-0.366154
-0.598282,-0.327509
-0.812713,-0.265779
-0.706176,-0.202549
-0.498895,-0.421281
-0.475845,-0.534561
-0.256312,-0.328476
-0.490042,-0.130405
-0.682732,-0.171864
-0.931440,-0.215878
-0.767638,-0.197371
-0.804511,-0.409366
-1.032466,-0.657316
-0.840977,-0.800380
-0.820225,-1.021926
-0.593414,-1.010958
-0.498699,-1.132657
-0.630670,-1.166427
-0.544135,-1.274832
-0.498902,-1.044916
-0.462022,-1.195358
-0.459318,-1.254039
-0.505189,-1.207755
-0.533015,-1.389177
-0.478254,-1.522258
-0.377810,-1.360260
-0.434821,-1.529596
-0.370382,-1.517227
-0.370382,-1.517227
-0.440378,-1.433185
-0.616003,-1.665266
-0.433863,-1.427792
-0.533043,-1.358263
-0.623679,-1.167367
-0.437742,-1.127500
-0.638743,-1.358399
-0.705982,-1.447683
-0.764307,-1.201969
-0.764307,-1.201969
-0.764307,-1.201969
-0.907262,-1.352038
-0.944236,-1.279561
-0.725409,-1.448453
-0.559124,-1.200825
-0.791587,-1.203122
-0.854409,-1.049573
-0.969903,-1.159101
-1.032744,-1.328394
-1.245581,-1.485189
-1.484338,-1.268423
-1.513564,-1.474521
-1.437377,-1.493765
-1.285780,-1.597689
-1.263623,-1.704234
-1.117215,-1.525929
-1.065683,-1.439791
-1.017002,-1.245641
-0.928086,-1.348921
-0.696620,-1.589693
-0.933650,-1.350218
-0.989855,-1.493827
-0.917466,-1.357214
-0.940640,-1.329838
-0.979658,-1.115709
-0.795666,-1.262505
-0.879301,-1.408404
-0.780617,-1.325849
-0.673045,-1.364134
-0.876007,-1.549918
-1.053679,-1.682198
-1.005834,-1.554209
-1.239183,-1.449292
-1.239183,-1.449292
-1.461902,-1.688448
-1.636465,-1.567387
-1.484586,-1.434851
-1.288476,-1.421432
-1.184697,-1.194229
-1.043076,-0.977664
-1.101641,-0.788287
-1.101641,-0.788287
-0.985616,-0.752839
-0.842049,-0.818639
-0.842049,-0.818639
-0.842049,-0.818639
-1.076394,-0.952056
-1.032044,-1.070215
-0.956155,-1.100515
-1.146845,-1.022932
-0.984071,-0.785780
-1.221448,-0.872849
-1.305500,-1.032071
-1.092312,-0.983159
-0.986517,-0.884181
-1.048547,-0.927065
-1.268766,-1.154994
-1.467279,-1.050905
-1.656915,-1.270157
-1.689192,-1.250420
-1.546166,-1.409580
-1.792828,-1.552461
-1.699894,-1.615778
-1.936975,-1.741328
-1.782627,-1.608068
-1.612225,-1.671752
-1.729247,-1.446085
-1.801621,-1.338766
-1.571765,-1.158830
-1.512827,-1.086361
-1.386442,-0.931385
-1.386442,-0.931385
-1.192885,-0.818314
-1.363389,-0.981026
-1.457575,-0.963344
-1.435235,-1.001420
-1.621365,-0.783192
-1.679569,-1.008464
-1.747643,-1.139988
-1.620564,-1.321949
-1.792769,-1.567320
-1.817327,-1.320485
-1.982499,-1.360304
-2.034495,-1.263263
-2.066879,-1.036176
-2.211915,-1.154679
-2.107603,-0.984514
-2.054667,-0.792380
-1.910312,-0.607870
-1.777124,-0.628144
-1.895520,-0.505172
-1.718706,-0.286203
-1.596288,-0.320572
-1.654573,-0.413748
-1.554269,-0.603305
-1.442215,-0.813854
-1.559177,-0.585618
-1.456370,-0.708424
-1.226307,-0.542585
-1.278837,-0.408106
-1.136065,-0.345845
-1.367304,-0.282721
-1.524546,-0.049665
-1.615493,-0.097765
-1.399050,-0.332158
-1.536257,-0.370285
-1.655452,-0.188190
-1.591488,-0.138060
-1.362844,-0.320079
-1.360122,-0.070312
-1.366837,0.065647
-1.384692,-0.016884
-1.239632,-0.000895
-1.160841,-0.248160
-1.214621,-0.138326
-1.214621,-0.138326
-1.229104,-0.050054
-1.401188,-0.259607
-1.401188,-0.259607
-1.245934,-0.412722
-1.178955,-0.195511
-1.066387,-0.269697
-1.110530,-0.184808
-1.030927,-0.285323
-1.273857,-0.214931
-1.197183,-0.060361
-1.380717,-0.218405
-1.198114,-0.210044
-0.961229,-0.379376
-1.067208,-0.571550
-1.007656,-0.673681
-0.979251,-0.771807
-0.900977,-0.712426
-0.845532,-0.849505
-0.821619,-0.952403
-0.999536,-1.202352
-1.190844,-1.021646
-1.373498,-0.883047
-1.190279,-1.014169
-1.150293,-0.973461
-0.961248,-1.190869
-1.036834,-1.076126
-1.192751,-1.072929
-1.315852,-1.016412
-1.432293,-1.048684
-1.645337,-1.182050
-1.713279,-1.087011
-1.650062,-1.099690
-1.528553,-0.886972
-1.622133,-0.684706
-1.426533,-0.738383
-1.410667,-0.584839
-1.347565,-0.522190
-1.320297,-0.737890
-1.185418,-0.818210
-1.080886,-0.950896
-1.218364,-1.041716
-1.020744,-1.145163
-1.142977,-1.012820
-1.285165,-0.768723
-1.519071,-0.532373
-1.300432,-0.355280
-1.445584,-0.422842
-1.401698,-0.334907
-1.397127,-0.516383
-1.531440,-0.413946
-1.553012,-0.466602
-1.623345,-0.555528
-1.583579,-0.711684
-1.624526,-0.905407
-1.761366,-0.785579
-1.867544,-0.818709
-2.008155,-1.053081
-1.762526,-1.268677
-1.790809,-1.118834
-2.033646,-0.982205
-1.953078,-0.887285
-1.867367,-0.835598
-1.850139,-0.780822
-1.850139,-0.780822
-2.053328,-0.781206
-1.909656,-0.593061
-1.835585,-0.675671
-2.014676,-0.659661
-2.014676,-0.659661
-2.125431,-0.626999
-1.922897,-0.636071
-1.896170,-0.427244
-1.704118,-0.617843
-1.609971,-0.781580
-1.718250,-0.623919
-1.784513,-0.804649
-1.625666,-0.575897
-1.599981,-0.387247
-1.404841,-0.161696
-1.206361,-0.303171
-1.022765,-0.107252
-0.994578,0.125006
-1.006366,-0.001494
-1.205768,0.152343
-1.161680,0.146436
-1.009007,0.111450
-1.211563,0.260055
-1.408220,0.043452
-1.422476,-0.046883
-1.550483,0.031454
-1.721469,0.271881
-1.491193,0.521106
-1.713100,0.434312
-1.807796,0.368076
-1.807796,0.368076
-1.725215,0.309985
-1.725215,0.309985
-1.725215,0.309985
-1.525414,0.369325
-1.525915,0.446992
-1.525915,0.446992
-1.321103,0.215581
-1.459476,0.091327
-1.479298,-0.061703
-1.624293,0.002215
-1.513913,0.170632
-1.314725,0.418078
-1.314725,0.418078
-1.170975,0.421158
-1.202103,0.252488
-1.281942,0.399125
-1.281942,0.399125
-1.430069,0.327966
-1.451115,0.102327
-1.451115,0.102327
-1.479294,-0.001164
-1.493140,-0.204043
-1.258246,-0.332810
-1.338569,-0.324686
-1.533671,-0.416860
-1.726835,-0.408184
-1.726835,-0.408184
-1.726835,-0.408184
-1.627179,-0.502671
-1.627179,-0.502671
-1.668605,-0.743272
-1.807593,-0.722834
-1.775174,-0.854240
-1.775174,-0.854240
-1.957896,-0.864576
-1.902791,-0.711014
-1.728236,-0.461101
-1.789457,-0.399712
-1.746712,-0.490673
-1.731039,-0.564959
-1.731039,-0.564959
-1.540988,-0.391724
-1.622768,-0.363117
-1.412568,-0.533500
-1.232187,-0.375058
-0.997507,-0.595345
-0.860185,-0.632761
-0.925894,-0.499316
-0.739695,-0.560588
-0.557923,-0.503614
-0.691251,-0.360564
-0.789248,-0.397182
-0.833594,-0.206626
-0.682450,-0.433281
-0.509807,-0.324642
-0.341178,-0.185160
-0.242652,-0.253157
-0.111745,-0.102295
-0.112862,0.135270
-0.264650,0.027267
-0.199825,0.036971
-0.258384,-0.157739
-0.196278,-0.338985
-0.185223,-0.549249
-0.322238,-0.345913
-0.322238,-0.345913
-0.494153,-0.232996
-0.714511,-0.288918
-0.494137,-0.459820
-0.688543,-0.335388
-0.833218,-0.391014
-0.687145,-0.347202
-0.864459,-0.461090
-0.635505,-0.426803
-0.663118,-0.529509
-0.496309,-0.468665
-0.742488,-0.497279
-0.507780,-0.254245
-0.535384,-0.203851
-0.717262,-0.029127
-0.683838,-0.270958
-0.683838,-0.270958
-0.888372,-0.376463
-0.753746,-0.206557
-0.628403,-0.071428
-0.636771,-0.218165
-0.642596,-0.106958
-0.490776,0.025689
-0.675025,-0.143097
-0.577931,-0.289016
-0.665824,-0.502144
-0.840668,-0.614421
-0.876218,-0.600446
-0.772765,-0.365124
-0.719809,-0.325882
-0.723808,-0.549371
-0.531748,-0.593871
-0.675249,-0.406271
-0.862917,-0.543237
-0.663524,-0.344331
-0.799552,-0.569981
-0.778795,-0.702972
-0.877763,-0.565760
-0.759855,-0.377627
-0.759855,-0.377627
-0.977070,-0.613140
-1.013436,-0.825537
-0.871579,-0.627890
-1.015074,-0.853332
-1.172007,-0.928682
-1.117095,-1.017045
-1.090758,-0.869928
-1.334691,-0.646958
-1.421432,-0.510899
-1.268977,-0.691470
-1.475453,-0.443516
-1.612776,-0.418709
-1.827241,-0.437516
-1.756689,-0.665121
-1.784971,-0.512351
-1.784971,-0.512351
-1.784971,-0.512351
-1.642404,-0.385521
-1.863453,-0.549705
-1.863453,-0.549705
-1.687520,-0.652635
-1.904094,-0.611496
-1.846774,-0.727689
-1.630996,-0.645987
-1.540435,-0.598584
-1.493771,-0.814193
-1.531637,-0.716441
-1.356927,-0.870951
-1.191068,-0.786560
-1.428974,-0.765777
-1.656787,-0.614589
-1.554003,-0.623638
-1.579998,-0.529784
-1.596812,-0.617683
-1.750613,-0.551875
-1.750613,-0.551875
-1.750613,-0.551875
-1.758597,-0.737463
-1.601222,-0.735370
-1.675098,-0.878794
-1.899600,-1.078367
-2.143257,-1.226703
-2.143257,-1.226703
-1.991946,-1.139218
-2.180194,-1.014668
-2.028498,-0.971967
-1.802381,-1.113331
-1.847445,-1.006521
-2.068256,-1.175888
-2.171681,-0.943224
-2.048792,-1.039178
-2.161286,-1.235817
-2.145463,-1.294911
-1.980578,-1.078675
-2.000981,-0.988949
-1.879631,-0.965602
-1.752275,-0.978844
-1.892393,-0.950468
-1.660817,-0.849410
-1.885940,-0.993163
-1.853592,-0.821449
-2.042591,-0.830130
-1.934719,-0.826578
-1.999662,-0.822900
-1.999662,-0.822900
-1.895269,-0.782378
-1.895269,-0.782378
-2.092183,-0.820792
-2.054816,-0.788451
-1.963544,-0.788202
-1.921742,-0.713881
-1.885410,-0.584881
-1.736997,-0.709987
-1.736997,-0.709987
-1.532396,-0.479832
-1.682223,-0.625781
-1.872491,-0.449560
-1.970604,-0.433676
-1.832113,-0.324647
-2.046977,-0.539512
-2.133370,-0.541713
-1.995934,-0.657027
-1.995934,-0.657027
-1.966287,-0.889868
-1.842316,-0.800501
-1.950579,-0.885204
-1.745241,-0.762240
-1.668940,-0.871768
-1.884871,-1.027676
-2.022178,-1.253896
-1.920134,-1.194707
-1.819946,-1.338981
-1.570967,-1.235805
-1.543785,-1.394436
-1.350948,-1.382279
-1.313681,-1.536768
-1.470910,-1.587427
-1.530976,-1.609805
-1.767939,-1.742707
-1.709322,-1.575308
-1.497367,-1.750391
-1.494387,-1.670567
-1.522519,-1.469371
-1.586149,-1.412311
-1.515115,-1.531250
-1.537231,-1.736297
-1.639498,-1.548998
-1.541000,-1.590694
-1.677825,-1.697717
-1.902653,-1.882593
-2.148701,-1.712815
-2.279212,-1.711650
-2.156693,-1.540262
-2.035005,-1.337186
-2.035005,-1.337186
-2.035005,-1.337186
-1.853675,-1.211764
-1.787510,-1.177433
-1.737762,-1.070511
-1.722159,-0.823374
-1.945361,-0.687326
-1.928660,-0.486369
-1.928660,-0.486369
-1.889638,-0.643706
-1.889638,-0.643706
-1.928668,-0.618549
-1.712983,-0.602105
-1.675651,-0.663785
-1.528334,-0.708549
-1.488774,-0.820599
-1.549645,-0.882400
-1.603872,-0.777276
-1.463623,-0.619813
-1.551356,-0.637551
-1.386644,-0.832369
-1.206862,-0.723137
-1.440183,-0.656492
-1.667811,-0.898496
-1.564894,-0.669951
-1.629050,-0.439455
-1.629050,-0.439455
-1.383588,-0.468580
-1.613766,-0.559937
-1.760853,-0.657048
-1.822757,-0.582714
-2.046598,-0.671680
-2.139668,-0.893357
-2.188060,-0.718974
-2.385408,-0.545428
-2.385408,-0.545428
-2.385408,-0.545428
-2.525463,-0.450894
-2.325462,-0.547639
-2.506989,-0.467982
-2.302812,-0.354478
-2.217401,-0.362437
-2.217401,-0.362437
-2.085380,-0.486612
-2.084090,-0.293214
-1.872547,-0.398781
-1.872547,-0.398781
-1.828947,-0.616581
-1.738839,-0.659663
-1.947761,-0.521545
-1.851558,-0.638797
-1.851558,-0.638797
-1.608022,-0.520469
-1.674022,-0.294045
-1.568563,-0.337605
-1.621710,-0.572851
-1.751700,-0.822509
-1.883446,-0.582142
-2.097771,-0.732154
-2.097758,-0.512305
-2.077553,-0.436112
-2.099790,-0.667559
-2.099790,-0.667559
-2.099790,-0.667559
-2.099790,-0.667559
-1.851966,-0.484367
-1.857829,-0.523798
-1.698864,-0.311218
-1.836109,-0.487128
-1.866418,-0.392259
-2.114987,-0.578470
-2.269399,-0.786620
-2.285961,-0.649355
-2.285961,-0.649355
-2.140557,-0.848388
-2.053785,-0.970890
-2.140604,-1.127312
-2.051280,-1.354594
-2.163103,-1.266263
-2.163103,-1.266263
-2.134625,-1.141671
-1.959061,-0.942855
-1.800457,-0.776020
-1.959412,-0.840439
-1.957813,-0.958881
-1.811147,-0.952121
-1.802320,-1.094696
-1.576568,-0.881580
-1.477793,-0.764485
-1.567882,-0.895453
-1.786303,-0.902202
-1.779794,-0.994297
-1.705628,-0.997999
-1.555809,-0.987075
-1.446363,-1.024697
-1.441612,-1.177822
-1.641344,-1.076038
-1.657440,-1.090808
-1.417906,-1.241192
-1.368299,-1.004393
-1.357259,-0.945907
-1.242530,-0.707344
-1.490780,-0.533608
-1.673247,-0.759033
-1.848858,-0.763519
-1.786146,-0.750884
-1.942708,-0.600393
-1.754214,-0.572737
-1.680469,-0.645122
-1.690393,-0.429549
-1.690393,-0.429549
-1.547837,-0.489973
-1.381824,-0.317214
-1.305152,-0.190201
-1.475026,-0.255360
-1.247718,-0.391092
-1.313477,-0.614110
-1.284503,-0.635268
-1.463367,-0.811781
-1.540276,-0.916413
-1.430117,-0.983752
-1.441570,-0.974452
-1.226038,-1.026016
-1.296038,-1.015609
-1.084337,-0.957456
-0.979701,-0.839255
-0.739116,-0.827836
-0.758688,-0.774400
-0.566545,-0.918802
-0.695931,-1.015851
-0.679961,-1.106199
-0.750046,-1.021674
-0.894193,-1.201731
-0.854234,-1.118635
-0.786181,-1.338582
-1.014872,-1.446071
-0.971286,-1.403847
-1.129369,-1.306599
-1.174342,-1.174026
-1.004184,-1.312199
-1.185795,-1.161038
-1.209643,-0.974889
-1.321279,-0.730856
-1.379511,-0.942709
-1.441677,-0.770234
-1.445131,-0.810074
-1.333479,-0.782172
-1.512722,-0.812835
-1.494667,-0.873075
-1.658297,-0.993872
-1.628684,-0.799858
-1.871471,-0.806278
-1.908347,-0.585837
-1.777049,-0.360376
-1.860215,-0.139612
-1.705335,-0.064929
-1.600064,-0.277793
-1.539644,-0.301261
-1.630057,-0.362345
-1.699939,-0.379575
-1.612965,-0.608426
-1.508987,-0.541269
-1.384685,-0.399680
-1.187250,-0.614543
-1.187250,-0.614543
-1.258239,-0.716367
-1.014416,-0.781610
-1.131282,-0.948173
-1.243484,-0.740947
-1.155867,-0.653755
-0.996615,-0.604279
-0.776807,-0.803082
-0.946507,-0.935755
-1.194209,-1.077606
-1.285566,-1.012242
-1.148399,-1.148141
-1.148565,-0.926222
-1.025054,-1.076313
-0.958409,-0.983224
-0.897635,-1.046012
-1.140583,-1.286871
-1.109771,-1.418723
-1.190666,-1.517631
-1.286475,-1.278395
-1.478998,-1.524059
-1.727472,-1.628072
-1.820936,-1.478926
-2.000993,-1.684436
-1.916895,-1.759207
-1.759173,-1.926457
-1.734607,-2.033623
-1.536855,-1.923550
-1.439220,-1.962370
-1.683177,-2.160036
-1.533565,-2.133967
-1.561538,-2.274481
-1.732643,-2.030912
-1.922298,-2.069597
-1.985801,-1.854995
-2.161965,-1.640166
-2.391431,-1.773594
-2.277723,-1.687513
-2.051438,-1.526454
-2.098560,-1.502980
-2.118206,-1.694918
-2.000760,-1.770887
-2.000760,-1.770887
-1.865017,-1.835648
-1.825015,-2.027306
-1.578569,-2.015478
-1.516341,-2.139516
-1.612716,-1.910704
-1.513848,-1.747728
-1.429487,-1.887339
-1.391506,-2.047404
-1.400323,-2.229307
-1.165514,-2.295914
-1.166618,-2.343402
-0.996035,-2.354856
-0.826637,-2.288290
-0.849058,-2.109959
-0.776001,-2.243457
-0.967871,-2.002762
-1.178050,-1.980286
-1.186195,-1.886593
-1.385002,-1.723112
-1.335617,-1.721693
-1.266162,-1.886147
-1.320323,-1.672578
-1.176095,-1.626256
-1.183747,-1.738522
-1.108725,-1.845833
-1.247875,-2.030114
-1.236556,-1.789937
-1.173919,-1.565033
-1.241183,-1.560623
-1.049809,-1.636508
-1.208439,-1.741259
-1.208439,-1.741259
-1.352351,-1.957272
-1.350108,-1.770332
-1.282618,-1.962733
-1.400697,-2.020467
-1.243784,-1.776885
-1.163909,-1.826263
-1.089114,-1.741706
-0.899121,-1.531228
-0.891808,-1.619275
-0.836435,-1.459599
-0.963770,-1.580404
-0.974391,-1.587261
-0.893374,-1.429110
-0.947610,-1.480235
-1.089816,-1.543331
-1.088224,-1.783309
-1.236607,-1.654448
-1.444984,-1.852868
-1.513119,-1.985733
-1.431185,-1.929497
-1.227005,-1.774768
-0.990560,-1.843158
-1.123748,-1.828702
-1.297909,-1.958048
-1.270878,-2.154689
-1.450173,-2.064488
-1.577961,-2.294046
-1.426991,-2.436583
-1.262646,-2.295570
-1.046507,-2.139318
-1.046507,-2.139318
-1.152466,-1.993906
-0.935143,-1.951922
-0.711716,-1.804050
-0.522624,-1.733949
-0.701678,-1.596306
-0.636868,-1.846214
-0.757372,-1.653775
-0.899915,-1.875508
-0.899915,-1.875508
-0.899915,-1.875508
-0.899915,-1.875508
-0.932215,-1.734850
-0.788575,-1.571800
-0.542385,-1.367711
-0.350165,-1.216137
-0.538643,-0.979191
-0.352050,-0.904495
-0.550996,-1.088639
-0.518676,-0.886068
-0.713109,-0.718257
-0.894702,-0.757180
-0.703396,-0.984456
-0.750212,-0.820666
-0.850070,-0.628532
-1.043319,-0.559317
-1.019486,-0.501201
-1.067359,-0.596945
-1.219499,-0.614971
-1.346690,-0.812514
-1.292610,-0.896323
-1.316648,-0.907743
-1.183338,-0.866883
-0.973094,-0.791793
-0.752366,-1.020310
-0.826749,-1.170336
-0.687827,-1.307374
-0.564972,-1.478264
-0.577843,-1.301570
-0.632286,-1.328738
-0.600319,-1.554677
-0.726538,-1.425724
-0.477091,-1.473130
-0.370041,-1.275199
-0.156072,-1.100433
-0.185053,-1.188402
-0.288999,-1.200004
-0.269504,-1.061979
-0.149098,-0.885034
-0.119829,-0.959637
-0.277669,-0.782718
-0.047328,-0.949252
0.025286,-1.022720
-0.120615,-1.168959
-0.173654,-1.099428
-0.205135,-1.211365
-0.410596,-1.388410
-0.515142,-1.487232
-0.560897,-1.496639
-0.680728,-1.496462
-0.485828,-1.312014
-0.439634,-1.426531
-0.627623,-1.459450
-0.562460,-1.263200
-0.361175,-1.275856
-0.181794,-1.403496
-0.053815,-1.471885
0.012119,-1.319648
0.042911,-1.291039
0.042911,-1.291039
0.121763,-1.535433
0.333968,-1.497694
0.225608,-1.702283
0.252569,-1.566325
0.094403,-1.376427
-0.033016,-1.398551
0.067819,-1.170179
0.067819,-1.170179
0.312821,-1.419016
0.149779,-1.658299
0.149779,-1.658299
0.133457,-1.485120
0.143867,-1.524461
-0.009085,-1.685239
0.167194,-1.473122
0.167194,-1.473122
-0.067330,-1.610155
0.133060,-1.663918
0.223981,-1.547596
0.139715,-1.311656
-0.091908,-1.201483
0.084225,-1.423300
0.078722,-1.416093
-0.101596,-1.528890
-0.309403,-1.628402
-0.295155,-1.671515
-0.493496,-1.693250
-0.295597,-1.591429
-0.295597,-1.591429
-0.142250,-1.794752
-0.121892,-1.646512
-0.144451,-1.786579
-0.280383,-1.890007
-0.280383,-1.890007
-0.285566,-2.009402
-0.486193,-1.949224
-0.571687,-1.844313
-0.448306,-1.677703
-0.331578,-1.835966
-0.158136,-1.794206
-0.181532,-2.008166
-0.177786,-2.049727
-0.290624,-2.022470
-0.426346,-2.097077
-0.426346,-2.097077
-0.426346,-2.097077
-0.426346,-2.097077
-0.642963,-2.273707
-0.783149,-2.381473
-0.642788,-2.332091
-0.844551,-2.372214
-0.752494,-2.166163
-0.837102,-2.167692
-0.674597,-1.946656
-0.773685,-1.817875
-0.738176,-2.031871
-0.738176,-2.031871
-0.876595,-1.929766
-0.860319,-1.877661
-0.730362,-1.697578
-0.730362,-1.697578
-0.599262,-1.790079
-0.414154,-1.687469
-0.239960,-1.513174
-0.468406,-1.507847
-0.660968,-1.381421
-0.624441,-1.485518
-0.813425,-1.725931
-0.944121,-1.842482
-1.135555,-1.766972
-1.204812,-1.780733
-1.305725,-1.825559
-1.507705,-1.990199
-1.330041,-1.998644
-1.330041,-1.998644
-1.201821,-2.012805
-1.333476,-2.231254
-1.236543,-2.079987
-1.355640,-2.240224
-1.428605,-2.069576
-1.440022,-1.943136
-1.440022,-1.943136
-1.202343,-1.776562
-1.251856,-1.944793
-1.088617,-1.885188
-1.184262,-1.894725
-1.171059,-1.983564
-1.039885,-1.852505
-1.029916,-1.805570
-1.214451,-1.770065
-1.101401,-1.746773
-1.277186,-1.660066
-1.155560,-1.495338
-1.325507,-1.299743
-1.533929,-1.243990
-1.644650,-1.129151
-1.606816,-1.260185
-1.472575,-1.067014
-1.298431,-1.224509
-1.138322,-1.284528
-0.922686,-1.083435
-0.847820,-1.315860
-0.868535,-1.468740
-0.928535,-1.386689
-0.787048,-1.418249
-0.974414,-1.479266
-0.831205,-1.564299
-0.607756,-1.563211
-0.817066,-1.424681
-1.039602,-1.592942
-0.809053,-1.750417
-0.889561,-1.845460
-0.728322,-1.902918
-0.567303,-1.655137
-0.756247,-1.736112
-0.715903,-1.680523
-0.734735,-1.696217
-0.807782,-1.888606
-0.807782,-1.888606
-0.912585,-1.809505
-1.097298,-1.790342
-0.942463,-1.967768
-1.130852,-1.728985
-0.938759,-1.716550
-1.074124,-1.797587
-1.297654,-1.669096
-1.347077,-1.821675
-1.534944,-1.806848
-1.604045,-1.679531
-1.388535,-1.609488
-1.342455,-1.644984
-1.478974,-1.623458
-1.336616,-1.504736
-1.098496,-1.421354
-0.907930,-1.577715
-0.911542,-1.793707
-0.861565,-1.821240
-1.054460,-1.811494
-0.989066,-1.727918
-1.146668,-1.554648
-1.315274,-1.309593
-1.379702,-1.155339
-1.279428,-1.339550
-1.068355,-1.343712
-1.172250,-1.499877
-0.979829,-1.485131
-1.182438,-1.237545
-1.197418,-1.009236
-1.106959,-1.158057
-0.912985,-1.034059
-0.913221,-1.010067
-1.007141,-1.025301
-0.990434,-1.222303
-1.075426,-1.183823
-1.246533,-0.973454
-1.213965,-1.105998
-1.102336,-0.954658
-0.853853,-0.707094
-0.947569,-0.795520
-1.118117,-0.697659
-1.047539,-0.485791
-1.070164,-0.252162
-1.001421,-0.384050
-0.999041,-0.384257
-1.068933,-0.560347
-1.258789,-0.469576
-1.088375,-0.314038
-1.322519,-0.068851
-1.238604,-0.218310
-1.076773,-0.323012
-0.905545,-0.495716
-0.792032,-0.673474
-0.908867,-0.835581
-0.724423,-0.875451
-0.903491,-0.980477
-1.015105,-0.865701
-0.793619,-0.862154
-1.040170,-0.639165
-1.093583,-0.841832
-1.208970,-0.654519
-1.357099,-0.757324
-1.168265,-0.534771
-1.103799,-0.545412
-0.866995,-0.579627
-0.640941,-0.790883
-0.578168,-0.762382
-0.786107,-0.595442
-0.585747,-0.653079
-0.498877,-0.620224
-0.503998,-0.687243
-0.503998,-0.687243
-0.633022,-0.704492
-0.578782,-0.590282
-0.379876,-0.577798
-0.460947,-0.634690
-0.343885,-0.671464
-0.379840,-0.476871
-0.384197,-0.695598
-0.414900,-0.729981
-0.473383,-0.653262
-0.473383,-0.653262
-0.557194,-0.753921
-0.436246,-0.983522
-0.460921,-1.199168
-0.549646,-1.406193
-0.665012,-1.364279
-0.469401,-1.217581
-0.568274,-0.974035
-0.602603,-0.951600
-0.389105,-1.192431
-0.396560,-0.982478
-0.540517,-0.965964
-0.585182,-1.157586
-0.702901,-1.162664
-0.824778,-1.042506
-0.935850,-0.838177
-0.937562,-0.612765
-0.766153,-0.725460
-0.794530,-0.664088
-0.794530,-0.664088
-0.794530,-0.664088
-0.924533,-0.621333
-0.924533,-0.621333
-0.812315,-0.582745
-0.970171,-0.657268
-0.949819,-0.605915
-0.988463,-0.605290
-1.229642,-0.597544
-1.332175,-0.367170
-1.452337,-0.422068
-1.481275,-0.285433
-1.366465,-0.174571
-1.510705,-0.410753
-1.732563,-0.192037
-1.538486,-0.340071
-1.450846,-0.370752
-1.483935,-0.499261
-1.472376,-0.721155
-1.655412,-0.505837
-1.639040,-0.349181
-1.439335,-0.407027
-1.434377,-0.582070
-1.473097,-0.339084
-1.322513,-0.467662
-1.524094,-0.454280
-1.481951,-0.647358
-1.326257,-0.409603
-1.095237,-0.647059
-1.280264,-0.402700
-1.367074,-0.408065
-1.339426,-0.229152
-1.319994,-0.132683
-1.422681,0.008756
-1.638806,0.095493
-1.600224,0.037741
-1.358927,0.010050
-1.121090,-0.154247
-1.264706,0.094464
-1.103684,-0.108884
-0.915193,-0.149110
-1.084210,-0.323415
-1.236636,-0.149321
-1.314148,-0.378606
-1.329495,-0.316959
-1.362974,-0.498827
-1.556520,-0.427461
-1.790993,-0.215740
-1.704622,-0.079997
-1.704622,-0.079997
-1.952268,-0.268878
-2.017173,-0.128850
-2.017173,-0.128850
-2.017173,-0.128850
-2.017173,-0.128850
-2.247999,-0.121420
-2.247999,-0.121420
-2.228754,-0.169731
-2.028597,-0.136327
-2.096534,0.053290
-1.920801,0.098130
-1.787004,0.321513
-1.923168,0.320080
-1.923168,0.320080
-1.850173,0.135610
-1.758340,0.084690
-1.621814,0.173833
-1.627114,0.097301
-1.627114,0.097301
-1.726853,0.278557
-1.726853,0.278557
-1.802580,0.031674
-1.753483,0.210938
-1.858456,0.436900
-1.863599,0.486546
-1.765456,0.482577
-1.765456,0.482577
-1.649174,0.338744
-1.464172,0.168575
-1.596127,0.396213
-1.536225,0.160865
-1.535210,0.228007
-1.319078,0.254983
-1.290131,0.269827
-1.163930,0.332268
-1.064639,0.116997
-1.060845,-0.120718
-0.951041,-0.138410
-0.788734,-0.260487
-0.757251,-0.122058
-0.827775,0.085684
-1.046384,-0.069469
-1.082295,-0.124609
-1.238044,-0.307089
-1.465309,-0.456383
-1.453143,-0.479887
-1.575131,-0.721337
-1.612759,-0.642663
-1.512888,-0.614320
-1.662108,-0.550668
-1.662108,-0.550668
-1.655187,-0.721353
-1.524429,-0.578561
-1.329517,-0.696872
-1.517993,-0.910765
-1.496568,-0.825266
-1.303385,-0.998653
-1.270692,-1.022656
-1.251184,-1.146024
-1.113517,-1.373182
-1.066054,-1.175048
-1.174722,-1.048465
-1.237738,-1.159009
-1.253525,-0.997832
-1.200973,-0.759419
-1.150366,-0.706820
-0.999215,-0.805683
-0.925069,-0.628364
-0.981366,-0.820867
-0.991477,-0.755912
-1.070339,-0.687397
-1.123148,-0.740225
-1.075102,-0.745774
-1.090544,-0.767836
-1.016798,-0.826474
-0.805973,-0.991945
-0.904298,-1.028528
-1.077605,-0.800881
-1.056735,-1.037491
-1.074701,-0.992089
-1.222710,-1.087657
-1.181288,-0.907119
-0.935345,-0.837995
-0.870039,-0.750496
-0.907625,-0.948469
-0.985850,-1.181683
-0.832273,-1.019378
-0.832273,-1.019378
-0.767164,-1.217948
-0.944787,-1.034787
-0.745015,-0.961577
-0.792301,-1.207530
-0.677851,-1.147176
-0.629640,-1.360472
-0.629640,-1.360472
-0.392192,-1.576160
-0.206175,-1.683682
-0.028355,-1.558906
0.073181,-1.544781
0.114437,-1.662593
0.114437,-1.662593
-0.053166,-1.565800
-0.237844,-1.447489
-0.217568,-1.664066
0.014552,-1.424689
0.242994,-1.497604
0.027993,-1.526570
0.059933,-1.699778
-0.154844,-1.467214
-0.203937,-1.567392
-0.207184,-1.633772
-0.119462,-1.797570
0.072576,-1.721888
0.024986,-1.554516
0.138526,-1.790228
0.243696,-1.704909
0.071423,-1.594289
0.071423,-1.594289
0.071423,-1.594289
-0.113752,-1.829273
-0.055198,-1.715206
-0.055198,-1.715206
-0.221708,-1.752667
-0.054860,-1.531602
-0.069466,-1.523062
-0.266238,-1.666772
-0.367991,-1.825715
-0.363846,-1.660841
-0.387082,-1.688913
-0.348641,-1.614275
-0.562599,-1.603924
-0.700932,-1.564385
-0.700932,-1.564385
-0.822539,-1.411343
-0.687497,-1.264956
-0.688713,-1.191680
-0.445674,-1.438211
-0.380260,-1.536712
-0.380260,-1.536712
-0.488799,-1.745257
-0.674629,-1.496185
-0.842489,-1.706105
-0.912877,-1.729014
-0.801052,-1.774614
-0.993376,-1.678747
-1.004697,-1.439734
-1.221885,-1.215339
-1.367098,-1.311384
-1.307615,-1.083909
-1.277118,-1.016014
-1.450363,-1.243765
-1.275928,-1.029967
-1.373377,-0.845549
-1.471507,-0.610910
-1.388072,-0.823697
-1.510776,-0.610367
-1.453161,-0.769130
-1.302763,-0.539640
-1.161164,-0.685643
-1.269688,-0.651602
-1.212952,-0.583040
-1.021872,-0.598037
-1.120865,-0.379943
-1.179171,-0.323675
-1.274656,-0.140615
-1.172996,-0.050092
-0.994920,-0.118704
-0.830542,0.074190
-0.727306,0.173819
-0.593143,0.046177
-0.773396,0.028493
-0.650889,0.007341
-0.553535,0.229196
-0.522994,0.045618
-0.469816,-0.195541
-0.710363,-0.064082
-0.880612,0.050943
-0.717793,0.057733
-0.483390,0.165987
-0.340017,0.327278
-0.297576,0.140884
-0.305168,0.041033
-0.503470,0.185462
-0.691755,0.169213
-0.737025,0.315062
-0.732207,0.301656
-0.529092,0.058226
-0.504198,-0.060784
-0.385916,-0.090851
-0.567419,-0.110041
-0.679044,-0.196051
-0.512100,-0.361639
-0.656576,-0.568279
-0.559280,-0.817191
-0.801692,-1.045832
-1.008068,-1.107097
-0.816202,-0.913065
-0.854411,-1.077641
-0.965879,-1.023432
-1.099097,-1.025666
-1.081024,-0.778071
-1.020516,-0.813230
-1.169228,-0.713326
-1.146483,-0.944069
-0.979197,-0.863670
-1.041408,-0.940504
-0.831816,-0.831950
-0.701102,-0.926171
-0.737184,-0.856731
-0.921716,-0.785655
-1.082477,-0.697513
-1.088760,-0.793026
-1.064970,-0.949085
-0.987506,-1.015993
-1.212797,-0.972860
-1.335261,-0.733889
-1.323674,-0.982945
-1.355564,-0.961256
-1.200991,-1.057068
-1.129631,-1.208912
-1.065138,-1.281605
-1.165715,-1.171738
-0.921512,-1.360360
-0.790462,-1.286788
-0.997052,-1.461010
-1.190519,-1.555228
-1.328545,-1.349389
-1.153507,-1.488970
-1.141310,-1.502618
-1.098978,-1.522574
-1.321454,-1.675331
-1.277928,-1.643589
-1.028173,-1.511500
-1.028173,-1.511500
-1.015213,-1.686200
-0.843163,-1.548289
-0.932366,-1.778352
-0.976069,-1.787526
-1.192178,-1.941204
-1.236270,-1.991381
-1.236270,-1.991381
-1.095244,-1.761705
-1.236631,-1.554395
-1.360098,-1.661730
-1.338167,-1.571652
-1.332383,-1.368633
-1.267152,-1.531115
-1.053167,-1.576258
-0.978877,-1.493306
-0.971463,-1.372183
-0.792196,-1.444797
-0.798666,-1.680046
-0.798666,-1.680046
-0.953818,-1.823818
-0.735424,-1.768522
-0.701536,-1.721312
-0.607926,-1.915729
-0.451971,-1.784316
-0.315716,-1.736236
-0.174692,-1.544214
-0.033284,-1.402688
-0.069396,-1.341672
-0.142474,-1.559116
-0.048856,-1.630377
-0.187552,-1.680489
-0.187552,-1.680489
-0.138285,-1.661056
0.039153,-1.448843
0.039153,-1.448843
0.104734,-1.237607
0.257645,-1.253467
0.467631,-1.021389
0.305164,-1.110438
0.289624,-1.282416
0.427371,-1.168616
0.257331,-1.044853
0.287210,-0.864295
0.351425,-1.096088
0.357703,-1.078956
0.357703,-1.078956
0.403989,-1.163880
0.475775,-1.156366
0.643273,-1.013278
0.713410,-1.211658
0.647966,-1.141089
0.647966,-1.141089
0.755111,-1.350653
0.662237,-1.276368
0.839011,-1.249352
0.628077,-1.417835
0.731251,-1.366665
0.731251,-1.366665
0.683601,-1.216360
0.683601,-1.216360
0.666671,-1.267096
0.709274,-1.237075
0.474936,-1.255887
0.225821,-1.130839
0.130555,-1.263301
0.216784,-1.510296
0.216784,-1.510296
0.344860,-1.432584
0.344860,-1.432584
0.344860,-1.432584
0.297466,-1.488745
0.423314,-1.369304
0.587564,-1.314152
0.619464,-1.163456
0.427718,-1.339839
0.427718,-1.339839
0.545861,-1.221420
0.311448,-0.988574
0.113219,-1.123493
0.042418,-1.083942
-0.204918,-1.053958
-0.217218,-1.287809
-0.460509,-1.274585
-0.211514,-1.408391
-0.434072,-1.441365
-0.289339,-1.424313
-0.477410,-1.321993
-0.368331,-1.535748
-0.269958,-1.688580
-0.297826,-1.563414
-0.496809,-1.368858
-0.570794,-1.336335
-0.449713,-1.328904
-0.416132,-1.430718
-0.353231,-1.257478
-0.478676,-1.108385
-0.702895,-1.059395
-0.728969,-1.285337
-0.871489,-1.108908
-1.098196,-0.888433
-1.116272,-0.680748
-1.205591,-0.872443
-1.189670,-0.785284
-1.212078,-0.889748
-1.324514,-1.106135
-1.242086,-1.236206
-1.439114,-1.181789
-1.584685,-1.306846
-1.562734,-1.373898
-1.365588,-1.437925
-1.307884,-1.599292
-1.458007,-1.716011
-1.512165,-1.956728
-1.377250,-1.934985
-1.444295,-1.759648
-1.598966,-1.825754
-1.598966,-1.825754
-1.818237,-1.606748
-1.790495,-1.851028
-1.822182,-1.907205
-1.951242,-2.022282
-1.942946,-2.086374
-1.769926,-2.147467
-1.925901,-2.123255
-1.707544,-2.194440
-1.490685,-2.443665
-1.532543,-2.441998
-1.355634,-2.640174
-1.355634,-2.640174
-1.184841,-2.624377
-1.263994,-2.447155
-1.508647,-2.324832
-1.697036,-2.086444
-1.663012,-2.235840
-1.855816,-2.192630
-1.855816,-2.192630
-1.635765,-2.308960
-1.523445,-2.543992
-1.523445,-2.543992
-1.390977,-2.655971
-1.331940,-2.422895
-1.112687,-2.424277
-0.880453,-2.276757
-0.896209,-2.090333
-0.781472,-2.194941
-0.832472,-2.360537
-0.901284,-2.382420
-0.995867,-2.543311
-0.995867,-2.543311
-0.861456,-2.495495
-0.912857,-2.393322
-0.912857,-2.393322
-0.871081,-2.262513
-0.871081,-2.262513
-0.920798,-2.358975
-0.920798,-2.358975
-0.920798,-2.358975
-0.920798,-2.358975
-0.859580,-2.464267
-0.859580,-2.464267
-0.626809,-2.286756
-0.626809,-2.286756
-0.482999,-2.260100
-0.294261,-2.141941
-0.294261,-2.141941
-0.294261,-2.141941
-0.312459,-1.994826
-0.326835,-2.115829
-0.326835,-2.115829
-0.326835,-2.115829
-0.238499,-1.958850
-0.329385,-1.969173
-0.329385,-1.969173
-0.478485,-1.891190
-0.394266,-1.931094
-0.219366,-1.876068
-0.219366,-1.876068
-0.437152,-1.711011
-0.303654,-1.513394
-0.442308,-1.366242
-0.442308,-1.366242
-0.490693,-1.571384
-0.277513,-1.667032
-0.457624,-1.794641
-0.414785,-1.798631
-0.418917,-1.739041
-0.257238,-1.895860
-0.436735,-1.707383
-0.662210,-1.758131
-0.902618,-1.796062
-0.902618,-1.796062
-0.993181,-1.896532
-0.921733,-2.058142
-1.036630,-2.141915
-1.180620,-2.172585
-1.249189,-2.117506
-1.007900,-2.270449
-0.977639,-2.171458
-0.977639,-2.171458
-0.776296,-2.199913
-0.827424,-2.009538
-0.596448,-2.005737
-0.450646,-2.015717
-0.473693,-1.855491
-0.694702,-1.848760
-0.694702,-1.848760
-0.694702,-1.848760
-0.726885,-1.759116
-0.701069,-1.871014
-0.486627,-1.740238
-0.469054,-1.886173
-0.437229,-2.011016
-0.437229,-2.011016
-0.572259,-1.962483
-0.342692,-2.124898
-0.297716,-2.208678
-0.146494,-2.116257
-0.363835,-1.967759
-0.266544,-1.811048
-0.353537,-1.901631
-0.488741,-1.773923
-0.432233,-1.541522
-0.612472,-1.317207
-0.612472,-1.317207
-0.578118,-1.428774
-0.523411,-1.473317
-0.596593,-1.435008
-0.749922,-1.443871
-0.884556,-1.233509
-0.637920,-1.027681
-0.876664,-1.093005
-1.086904,-1.103481
-1.030092,-1.259475
-1.228667,-1.209097
-1.096463,-1.247511
-0.917750,-1.126723
-1.025620,-1.098621
-0.914952,-1.091840
-0.682714,-0.870388
-0.872794,-1.045493
-0.860103,-1.243134
-0.937605,-1.332288
-0.839658,-1.140029
-0.908906,-0.988044
-0.800306,-0.740376
-0.884637,-0.594133
-1.067691,-0.676428
-0.954906,-0.608340
-1.116180,-0.631806
-1.215647,-0.873603
-1.100747,-0.749834
-0.935758,-0.787664
-0.876267,-0.921233
-1.073274,-1.020244
-1.126166,-0.970835
-1.044046,-0.784670
-0.903809,-0.810532
-0.790608,-0.748960
-1.025877,-0.916867
-1.185105,-1.054030
-1.227525,-1.019652
-1.240493,-0.958986
-1.459889,-0.858644
-1.215511,-1.092162
-1.360090,-1.025827
-1.300229,-0.952725
-1.218891,-0.899216
-1.064902,-0.805095
-1.185319,-0.656576
-0.968878,-0.438565
-0.819852,-0.257469
-1.039339,-0.177208
-1.116467,0.038076
-1.218490,-0.159696
-1.342701,-0.281655
-1.165936,-0.387976
-1.124744,-0.578757
-0.929228,-0.526713
-1.134919,-0.582147
-0.979300,-0.588444
-1.125677,-0.745594
-1.296606,-0.548773
-1.462549,-0.565452
-1.543448,-0.729577
-1.598407,-0.921890
-1.377830,-0.690341
-1.203254,-0.590256
-1.093347,-0.375340
-1.269208,-0.572561
-1.334096,-0.649950
-1.086999,-0.694212
-0.889743,-0.910076
-1.035426,-0.906716
-0.959014,-1.149016
-0.723768,-1.368475
-0.749962,-1.119592
-0.592469,-1.127249
-0.355109,-1.312800
-0.149048,-1.542948
0.022948,-1.320499
0.145800,-1.544467
0.117634,-1.432968
0.081989,-1.516723
0.125732,-1.329882
0.317677,-1.307907
0.490315,-1.282024
0.388266,-1.409037
0.212356,-1.426806
-0.036932,-1.218626
0.153233,-1.108631
0.198116,-1.266477
0.362320,-1.493864
0.362320,-1.493864
0.488931,-1.543811
0.563230,-1.793183
0.536870,-1.822308
0.307224,-1.987543
0.386601,-1.894842
0.386601,-1.894842
0.386601,-1.894842
0.534786,-1.850936
0.534786,-1.850936
0.534786,-1.850936
0.492543,-1.832716
0.286689,-1.616003
0.351876,-1.520506
0.247462,-1.413983
0.247462,-1.413983
0.247462,-1.413983
0.300784,-1.226545
0.069965,-1.101973
0.015345,-1.095613
-0.193789,-1.003631
-0.124677,-0.954307
-0.328065,-0.790872
-0.465310,-0.958388
-0.608911,-0.961253
-0.523752,-1.192113
-0.632769,-0.942132
-0.575272,-1.094533
-0.413216,-0.918423
-0.511507,-0.904171
-0.671028,-0.962938
-0.864706,-1.105370
-0.864706,-1.105370
-0.949616,-1.197948
-1.171396,-1.158403
-1.111711,-1.028947
-1.048551,-1.004407
-1.104765,-0.784292
-1.010049,-0.893101
-1.160054,-1.030105
-0.947739,-1.156026
-1.101326,-0.986911
-1.085681,-1.037428
-1.031664,-1.179891
-0.898622,-1.148030
-0.827049,-1.214795
-0.843381,-1.211006
-0.776762,-1.044478
-0.972863,-0.915406
-1.148345,-0.728983
-1.309539,-0.927742
-1.140961,-1.130910
-1.056265,-1.141311
-0.823031,-1.190188
-0.809571,-0.967343
-0.983308,-0.952230
-1.025805,-0.702942
-1.025805,-0.702942
-0.843597,-0.828583
-1.069057,-0.635615
-0.881929,-0.579112
-0.722543,-0.777755
-0.683380,-0.574100
-0.726397,-0.559349
-0.519249,-0.514251
-0.437871,-0.289850
-0.284452,-0.289120
-0.285499,-0.382010
-0.422557,-0.419573
-0.363285,-0.227078
-0.244493,-0.186844
-0.417702,-0.315146
-0.287022,-0.482469
-0.534033,-0.486239
-0.442902,-0.351275
-0.441573,-0.519824
-0.250533,-0.714736
-0.061892,-0.726853
-0.199510,-0.671618
-0.170253,-0.433894
-0.365916,-0.457814
-0.365916,-0.457814
-0.481466,-0.499580
-0.472260,-0.279337
-0.508577,-0.155592
-0.638715,-0.383126
-0.449100,-0.526427
-0.455571,-0.284199
-0.273424,-0.443363
-0.093115,-0.481541
0.110224,-0.472399
0.263792,-0.443455
0.494817,-0.615029
0.495392,-0.453859
0.607013,-0.437645
0.451805,-0.513933
0.418257,-0.351181
0.355614,-0.193515
0.442821,-0.013830
0.378335,0.181111
0.534045,0.186305
0.432332,0.211832
0.411141,0.041294
0.401463,-0.105778
0.165669,-0.094539
0.049363,0.152086
0.005247,0.181434
-0.088902,0.321912
-0.139641,0.556059
-0.320080,0.420189
-0.347844,0.284150
-0.578987,0.466491
-0.662107,0.471966
-0.739596,0.602126
-0.691508,0.817707
-0.476957,0.777450
-0.284824,0.956795
-0.523869,0.829449
-0.578255,0.770822
-0.743047,0.603983
-0.743047,0.603983
-0.685841,0.573876
-0.484790,0.641766
-0.706368,0.569408
-0.557862,0.510175
-0.311268,0.525432
-0.519023,0.277742
-0.421508,0.214988
-0.602009,0.029281
-0.783298,0.105896
-0.918654,0.176374
-1.000949,0.042094
-1.110005,0.149761
-0.959103,0.351708
-0.886949,0.552643
-0.680915,0.353579
-0.601800,0.553374
-0.418596,0.651224
-0.490918,0.637864
-0.358496,0.765396
-0.468616,0.965153
-0.513498,1.138414
-0.513020,1.177236
-0.717650,0.960978
-0.469989,0.888583
-0.553744,0.724204
-0.734694,0.497860
-0.843470,0.300219
-0.684220,0.306375
-0.739872,0.479092
-0.848667,0.454469
-1.001976,0.287438
-1.001976,0.287438
-0.774959,0.260969
-0.884585,0.277261
-1.045943,0.340207
-0.945297,0.399557
-0.910192,0.395313
-0.743082,0.528657
-0.743082,0.528657
-0.600418,0.775276
-0.588156,0.864970
-0.696514,0.693987
-0.600299,0.773612
-0.547720,0.973092
-0.776372,1.022262
-0.801635,0.915831
-1.017628,0.721035
-1.216615,0.859002
-1.194882,0.621747
-1.258198,0.473079
-1.377279,0.574282
-1.454456,0.452587
-1.454456,0.452587
-1.340411,0.214714
-1.498823,0.278675
-1.662418,0.245403
-1.662418,0.245403
-1.639086,0.378323
-1.394776,0.494462
-1.176427,0.288456
-1.394651,0.102733
-1.336932,0.190318
-1.559558,0.004971
-1.559558,0.004971
-1.345621,0.140387
-1.537579,-0.092098
-1.604371,-0.159905
-1.457037,0.084544
-1.656203,0.200144
-1.408782,0.101567
-1.583276,-0.119378
-1.583276,-0.119378
-1.576478,-0.361022
-1.436842,-0.505589
-1.189102,-0.740931
-1.037416,-0.846097
-0.840453,-0.993729
-0.790904,-1.224374
-0.798359,-1.013971
-0.995010,-1.125075
-0.949522,-1.111631
-1.007697,-0.871868
-0.763133,-0.971203
-0.800161,-0.809113
-0.859228,-1.037300
-0.682374,-1.160564
-0.710653,-0.944596
-0.844123,-1.173003
-0.777390,-1.098120
-0.816346,-1.326155
-0.750190,-1.445170
-0.653323,-1.399608
-0.814537,-1.421159
-0.831867,-1.190367
-0.999852,-1.008919
-1.167581,-1.031597
-0.962970,-1.143487
-1.108382,-1.083148
-1.154872,-0.928960
-1.353274,-0.973704
-1.593854,-0.906577
-1.593854,-0.906577
-1.811604,-1.122407
-1.763488,-0.947454
-1.916748,-0.788892
-1.805694,-0.802277
-1.902550,-0.662749
-2.053269,-0.794903
-2.260662,-0.944043
-2.072327,-1.105849
-1.967107,-1.168219
-1.830780,-1.411606
-1.627113,-1.383512
-1.746070,-1.206439
-1.689786,-1.237818
-1.525522,-1.448447
-1.493144,-1.275253
-1.393321,-1.047407
-1.366106,-1.136549
-1.174196,-1.218217
-0.962257,-1.147684
-0.776867,-1.302423
-0.744911,-1.215910
-0.819269,-1.449393
-0.598283,-1.350460
-0.810654,-1.165741
-0.630917,-1.329046
-0.787790,-1.387598
-0.867221,-1.380147
-0.772876,-1.220014
-0.667410,-1.163350
-0.438801,-0.925006
-0.577451,-0.721309
-0.639424,-0.803717
-0.707688,-0.611506
-0.707688,-0.611506
-0.604511,-0.514489
-0.801359,-0.434582
-0.686095,-0.196916
-0.688250,-0.420888
-0.464073,-0.176627
-0.243212,-0.162873
-0.381575,-0.132803
-0.497852,0.106794
-0.596131,0.319977
-0.779572,0.230263
-0.968652,0.367886
-0.890939,0.492719
-0.950504,0.377309
-0.784445,0.336368
-0.552262,0.124834
-0.330604,0.038178
-0.551995,0.128315
-0.393685,0.331690
-0.181161,0.229556
0.061347,0.056644
-0.034680,0.132877
0.169231,0.260693
0.186422,0.200297
0.118597,0.261931
