0.980147,1.035344
1.028469,1.076973
1.017025,1.040035
0.983641,1.050018
0.939087,1.031886
0.983484,1.020958
1.005757,1.066025
0.991048,1.038232
1.015431,1.043934
1.029269,1.016980
1.006563,1.006978
1.006563,1.006978
1.017730,0.991764
1.008814,1.032768
0.968143,1.076016
0.950399,1.055331
0.992416,1.039938
1.025984,1.019899
1.043444,1.068050
1.091423,1.053291
1.073802,1.086387
1.053259,1.121313
1.018585,1.155372
1.040272,1.143890
0.993776,1.193327
0.971499,1.191757
0.993586,1.194923
0.993357,1.150614
0.999117,1.162206
0.995324,1.117891
1.006461,1.088017
1.018238,1.133941
0.987162,1.137340
0.941560,1.092226
0.941560,1.092226
0.954046,1.046383
0.941090,1.096366
0.936634,1.114073
0.894250,1.066299
0.890081,1.086440
0.872273,1.095782
0.863832,1.132118
0.833097,1.159123
0.789659,1.196168
0.799689,1.168177
0.833440,1.122011
0.863837,1.108001
0.893400,1.066139
0.913190,1.079005
0.887816,1.116822
0.864729,1.104265
0.914485,1.148651
0.933089,1.118435
0.952827,1.155531
0.967459,1.189451
0.933319,1.189044
0.983191,1.191843
0.961702,1.222494
0.929825,1.260926
0.918190,1.221868
0.945256,1.223625
0.944412,1.235992
0.960844,1.200154
0.971567,1.228686
0.996187,1.215291
1.046173,1.224565
1.046173,1.224565
1.083832,1.262146
1.131192,1.247645
1.116595,1.216240
1.116595,1.216240
1.083474,1.252629
1.074626,1.241510
1.079790,1.236442
1.046091,1.250824
1.065430,1.279624
1.107515,1.301872
1.130717,1.265009
1.155502,1.218573
1.129033,1.263168
1.175255,1.218974
1.137983,1.174004
1.111656,1.207056
1.094590,1.177043
1.096968,1.145685
1.091212,1.104475
1.078107,1.143560
1.045037,1.140964
1.077908,1.094784
1.068476,1.079646
1.089217,1.065628
1.041020,1.031498
1.038154,1.055665
1.073463,1.099913
1.108985,1.110041
1.088266,1.082012
1.105962,1.105496
1.101342,1.151531
1.109887,1.169327
1.117091,1.155041
1.101920,1.174873
1.101920,1.174873
1.079057,1.215028
1.058384,1.263070
1.030995,1.238151
1.060146,1.280079
1.047520,1.273599
1.053537,1.297095
1.052905,1.270768
1.086224,1.269905
1.131823,1.247669
1.117447,1.235357
1.129787,1.234050
1.089593,1.190883
1.104517,1.217792
1.077454,1.177583
1.034113,1.135718
1.034619,1.135122
1.078760,1.124993
1.096432,1.132967
1.074090,1.138983
1.098578,1.106355
1.112371,1.118061
1.112371,1.118061
1.148065,1.133578
1.120028,1.115078
1.109737,1.144370
1.085363,1.188451
1.097302,1.153359
1.097302,1.153359
1.085187,1.133612
1.068432,1.129814
1.068432,1.129814
1.038530,1.171973
1.086350,1.186181
1.124056,1.212758
1.132960,1.164682
1.141335,1.118648
1.171239,1.118764
1.201127,1.149108
1.193362,1.138730
1.193362,1.138730
1.193362,1.138730
1.241826,1.167179
1.194460,1.194814
1.194460,1.194814
1.161669,1.164666
1.148122,1.184886
1.148122,1.184886
1.161578,1.141569
1.151569,1.120196
1.171902,1.163707
1.129075,1.165908
1.169157,1.125425
1.189727,1.138899
1.197928,1.176173
1.214383,1.138374
1.229507,1.116371
1.233696,1.130998
1.215797,1.105859
1.215797,1.105859
1.242715,1.106663
1.209818,1.113719
1.189150,1.149659
1.189150,1.149659
1.170819,1.154377
1.204056,1.177280
1.227290,1.155675
1.259627,1.145189
1.252045,1.123841
1.224372,1.114614
1.235312,1.087267
1.214537,1.115218
1.216028,1.076329
1.166769,1.081939
1.171123,1.068749
1.167762,1.082029
1.188788,1.052661
1.203194,1.084951
1.155098,1.125833
1.112256,1.085075
1.142958,1.093356
1.182131,1.072582
1.184428,1.077472
1.146795,1.083854
1.120305,1.060929
1.145081,1.073461
1.159585,1.050948
1.117478,1.053362
1.123113,1.055468
1.109878,1.026790
1.109878,1.026790
1.089401,1.068722
1.102888,1.045880
1.138061,1.088366
1.179267,1.135285
1.217387,1.125675
1.252519,1.090507
1.226858,1.102969
1.186767,1.092924
1.231233,1.132138
1.271522,1.162237
1.307645,1.184222
1.297729,1.134241
1.339182,1.130945
1.294016,1.131166
1.321266,1.119307
1.344027,1.167614
1.370198,1.210197
1.341567,1.218563
1.300368,1.189261
1.325711,1.230648
1.374919,1.266422
1.370756,1.299209
1.355912,1.305764
1.348936,1.259966
1.348936,1.259966
1.317282,1.264334
1.305972,1.264196
1.340487,1.257833
1.388263,1.232149
1.383338,1.254960
1.362997,1.288842
1.343968,1.265404
1.333064,1.314339
1.290860,1.288896
1.309658,1.314702
1.273920,1.275213
1.260551,1.284315
1.304583,1.325730
1.290443,1.369596
1.330597,1.337021
1.330597,1.337021
1.327385,1.360386
1.296313,1.335168
1.251294,1.292043
1.233351,1.334019
1.240425,1.328611
1.272257,1.330419
1.286029,1.290620
1.258032,1.338655
1.301686,1.344028
1.302104,1.356961
1.296235,1.322761
1.254792,1.295028
1.254792,1.295028
1.256375,1.300151
1.243016,1.271467
1.216319,1.270706
1.181650,1.289515
1.226689,1.262716
1.223534,1.244189
1.223534,1.244189
1.249689,1.221798
1.269468,1.241973
1.269468,1.241973
1.296046,1.253329
1.324853,1.210862
1.296844,1.249053
1.296844,1.249053
1.275973,1.282918
1.303153,1.288915
1.262176,1.285936
1.291504,1.308600
1.286239,1.319929
1.271938,1.366571
1.309770,1.400676
1.275664,1.382700
1.318009,1.369666
1.320207,1.413611
1.347555,1.462666
1.382914,1.433700
1.371398,1.394145
1.361874,1.415826
1.367039,1.418469
1.331263,1.440826
1.291088,1.422686
1.243922,1.397845
1.248076,1.411137
1.248609,1.378302
1.207164,1.402338
1.202317,1.435298
1.224122,1.418564
1.210803,1.457970
1.176829,1.467071
1.174142,1.502498
1.177569,1.500069
1.177569,1.500069
1.177569,1.500069
1.151691,1.471289
1.144193,1.457282
1.192238,1.452372
1.209752,1.502026
1.172463,1.486933
1.181804,1.485872
1.219798,1.439157
1.214306,1.443311
1.264118,1.431759
1.254756,1.386492
1.254756,1.386492
1.209710,1.392208
1.242925,1.434545
1.250640,1.399895
1.229790,1.388492
1.219320,1.403448
1.247255,1.407108
1.222037,1.372219
1.267719,1.354053
1.312719,1.367899
1.272380,1.393057
1.273564,1.385623
1.236119,1.356135
1.265384,1.307830
1.296664,1.330591
1.266451,1.340203
1.236882,1.370264
1.195064,1.340264
1.188461,1.370104
1.162390,1.394643
1.149760,1.410288
1.131699,1.373242
1.143371,1.343575
1.141593,1.361459
1.190407,1.367835
1.222070,1.332660
1.235918,1.368945
1.226781,1.399935
1.212495,1.397051
1.216376,1.432382
1.216376,1.432382
1.257104,1.450383
1.305049,1.459975
1.302527,1.475108
1.308328,1.465604
1.292693,1.493903
1.293615,1.486898
1.315554,1.515835
1.273206,1.472955
1.299904,1.494872
1.262441,1.444965
1.229770,1.447475
1.274899,1.421308
1.238464,1.462535
1.235147,1.423459
1.225876,1.390813
1.248601,1.438837
1.270998,1.470436
1.250881,1.452034
1.207425,1.484144
1.245088,1.500388
1.281542,1.478363
1.325727,1.492395
1.294893,1.463235
1.315728,1.432319
1.349773,1.437843
1.349773,1.437843
1.367603,1.404757
1.404150,1.356973
1.385352,1.318711
1.375220,1.316516
1.415043,1.335907
1.370782,1.330748
1.333766,1.305534
1.309420,1.320251
1.296288,1.319113
1.296288,1.319113
1.337679,1.269725
1.320575,1.300822
1.293686,1.283244
1.292673,1.248878
1.276070,1.202790
1.276070,1.202790
1.275287,1.240727
1.275287,1.240727
1.263474,1.209881
1.292904,1.233978
1.320110,1.191496
1.363623,1.215388
1.373913,1.254869
1.408612,1.242627
1.371415,1.274404
1.339280,1.283943
1.332013,1.235056
1.342190,1.188053
1.358817,1.230712
1.361429,1.234108
1.365038,1.198623
1.396615,1.200778
1.396615,1.200778
1.427040,1.168148
1.475397,1.203411
1.505445,1.208304
1.535823,1.175949
1.563300,1.181321
1.599227,1.207378
1.613249,1.176960
1.609812,1.217984
1.609812,1.217984
1.596994,1.172759
1.557235,1.143007
1.537008,1.192489
1.538971,1.184371
1.560224,1.177069
1.600764,1.141160
1.613505,1.173205
1.565176,1.218376
1.565176,1.218376
1.594785,1.259769
1.564055,1.273323
1.533194,1.284582
1.547177,1.308888
1.516092,1.351050
1.516323,1.333514
1.562069,1.287180
1.513791,1.278703
1.540562,1.229915
1.535540,1.223149
1.497433,1.261163
1.472464,1.295916
1.481123,1.328830
1.439592,1.322880
1.390587,1.293231
1.369309,1.280604
1.396283,1.322629
1.375128,1.278770
1.399294,1.231982
1.438635,1.237365
1.487574,1.261309
1.487574,1.261309
1.516236,1.279428
1.480822,1.278294
1.471319,1.256466
1.498910,1.272619
1.454071,1.277244
1.465182,1.320514
1.433764,1.367188
1.415394,1.324287
1.368309,1.274344
1.413000,1.295427
1.390488,1.330250
1.413067,1.322249
1.431325,1.275484
1.431213,1.293185
1.397526,1.315379
1.353864,1.289401
1.375432,1.277935
1.420239,1.254599
1.404068,1.264806
1.433702,1.232694
1.388323,1.247592
1.372633,1.241098
1.340464,1.274361
1.348749,1.323770
1.324743,1.359359
1.280837,1.333889
1.305492,1.298340
1.305492,1.298340
1.299602,1.309249
1.332582,1.307824
1.304766,1.307012
1.339108,1.288892
1.382591,1.304202
1.416668,1.336295
1.404666,1.319053
1.381199,1.308904
1.363016,1.314260
1.352972,1.304739
1.311145,1.320161
1.294945,1.342976
1.249777,1.298709
1.289694,1.281905
1.282752,1.314501
1.282752,1.314501
1.235638,1.266550
1.202467,1.262439
1.202467,1.262439
1.236150,1.276084
1.251820,1.242415
1.280947,1.277413
1.296275,1.294918
1.296275,1.294918
1.296275,1.294918
1.331154,1.300174
1.355077,1.275294
1.375818,1.281247
1.330162,1.238793
1.323556,1.202003
1.351574,1.208644
1.329911,1.209949
1.321900,1.164933
1.282288,1.211792
1.282288,1.211792
1.292593,1.209025
1.257413,1.234364
1.300162,1.228826
1.347928,1.220731
1.347516,1.201456
1.357836,1.247650
1.405757,1.263010
1.449704,1.270237
1.455787,1.310508
1.449879,1.314375
1.401540,1.288570
1.401540,1.288570
1.383077,1.279163
1.339276,1.311305
1.382525,1.304323
1.357591,1.339295
1.349620,1.368126
1.326007,1.407884
1.276959,1.445810
1.236088,1.427507
1.242776,1.436759
1.210918,1.405988
1.210918,1.405988
1.185913,1.442539
1.206255,1.419539
1.194484,1.395985
1.168136,1.362589
1.171993,1.378504
1.201661,1.410011
1.201661,1.410011
1.219357,1.440372
1.189573,1.456413
1.175659,1.407609
1.212686,1.414501
1.256739,1.420486
1.300839,1.396527
1.341602,1.405673
1.324106,1.452220
1.324106,1.452220
1.353610,1.427349
1.353610,1.427349
1.350827,1.453167
1.336786,1.463086
1.336786,1.463086
1.351066,1.470277
1.360910,1.519782
1.376934,1.521452
1.379051,1.513413
1.427125,1.490534
1.454235,1.531138
1.422712,1.517479
1.437337,1.519226
1.389394,1.543661
1.412736,1.547572
1.397685,1.497658
1.358233,1.527132
1.375814,1.505269
1.394372,1.506833
1.406894,1.464279
1.425715,1.492761
1.414970,1.507074
1.392593,1.513429
1.383931,1.532503
1.413492,1.557488
1.413577,1.582530
1.455193,1.534648
1.464602,1.569515
1.414664,1.561597
1.464436,1.568393
1.473887,1.518451
1.476183,1.514484
1.520008,1.466512
1.497406,1.503194
1.462440,1.523776
1.453436,1.497781
1.408796,1.538485
1.402394,1.529099
1.420282,1.479743
1.438879,1.439236
1.441735,1.441078
1.417826,1.408153
1.434946,1.435048
1.413478,1.424900
1.394589,1.461517
1.377562,1.491574
1.328330,1.445421
1.365182,1.409507
1.367508,1.399682
1.395725,1.449605
1.440126,1.493970
1.489561,1.448085
1.443398,1.495209
1.464818,1.499691
1.464818,1.499691
1.453911,1.474525
1.464955,1.503768
1.456281,1.506443
1.474243,1.501145
1.474243,1.501145
1.438168,1.488160
1.436831,1.514303
1.478030,1.549010
1.473722,1.551404
1.437729,1.504642
1.463989,1.470769
1.487781,1.428882
1.515362,1.385633
1.481366,1.417157
1.481366,1.417157
1.452120,1.380150
1.428559,1.382948
1.423007,1.376197
1.377969,1.332380
1.376867,1.298693
1.406314,1.325017
1.366445,1.345354
1.347377,1.367668
1.307323,1.375365
1.284354,1.336412
1.248387,1.335705
1.293260,1.315721
1.333125,1.325280
1.344201,1.282005
1.323031,1.286272
1.352234,1.294018
1.371873,1.271927
1.360443,1.261339
1.366384,1.221112
1.349938,1.203848
1.365337,1.213510
1.388215,1.222835
1.364183,1.219183
1.331658,1.180629
1.366106,1.150675
1.362483,1.156397
1.347661,1.132994
1.342605,1.161678
1.367945,1.147616
1.353445,1.147205
1.323447,1.168885
1.293567,1.176274
1.321595,1.140998
1.296274,1.170453
1.322971,1.174936
1.323531,1.190130
1.315481,1.191348
1.292006,1.149817
1.251719,1.149543
1.251919,1.197345
1.293397,1.229654
1.282618,1.254107
1.271636,1.279725
1.281331,1.326050
1.295587,1.336446
1.295587,1.336446
1.324656,1.385483
1.334857,1.434559
1.376750,1.434824
1.409656,1.481566
1.381631,1.471098
1.340848,1.433682
1.348710,1.466001
1.370483,1.509308
1.332533,1.475352
1.378792,1.463474
1.386755,1.492747
1.408074,1.496772
1.417595,1.516432
1.374980,1.485185
1.389758,1.458725
1.435441,1.460141
1.404957,1.416617
1.400503,1.447405
1.401294,1.441596
1.443612,1.487404
1.433888,1.448983
1.426029,1.477702
1.445725,1.492640
1.468265,1.532262
1.422604,1.507505
1.394869,1.460063
1.426188,1.440815
1.455591,1.418158
1.413069,1.458465
1.365558,1.425121
1.363254,1.403084
1.349303,1.429797
1.350900,1.479498
1.381662,1.496761
1.339017,1.463780
1.356679,1.502933
1.323053,1.458684
1.322725,1.436048
1.369606,1.474234
1.341206,1.442491
1.366663,1.401078
1.382591,1.400258
1.365841,1.392727
1.381927,1.440046
1.337600,1.449803
1.302931,1.460508
1.302931,1.460508
1.311331,1.436689
1.310475,1.456527
1.284860,1.435713
1.255808,1.457278
1.252985,1.411703
1.256334,1.407270
1.304238,1.428221
1.264977,1.464111
1.273868,1.503531
1.235414,1.497386
1.241699,1.532673
1.279716,1.494568
1.274734,1.446919
1.252288,1.406553
1.300697,1.416567
1.286485,1.454976
1.241327,1.489966
1.241327,1.489966
1.241277,1.446565
1.251556,1.400816
1.272853,1.432442
1.241009,1.440469
1.229119,1.399362
1.229119,1.399362
1.241395,1.426004
1.261969,1.417090
1.257030,1.395993
1.247944,1.390244
1.209664,1.430751
1.162133,1.462523
1.162133,1.462523
1.159766,1.487744
1.111595,1.476181
1.131329,1.451057
1.131329,1.451057
1.149761,1.441246
1.125278,1.442053
1.091689,1.415106
1.134467,1.384031
1.121482,1.352208
1.093303,1.342224
1.129282,1.343196
1.115636,1.386215
1.091014,1.373113
1.088089,1.412087
1.088089,1.412087
1.056589,1.384768
1.021217,1.399897
1.030757,1.425358
1.006017,1.422446
0.956874,1.379684
0.986882,1.423562
1.016187,1.455199
1.028891,1.467582
1.022451,1.438178
0.977747,1.391531
0.999268,1.401256
0.999268,1.401256
0.979298,1.364067
0.980151,1.394126
0.996054,1.382660
0.996054,1.382660
1.011217,1.417784
1.056195,1.465168
1.052249,1.456549
1.008492,1.432005
0.996141,1.442357
0.996141,1.442357
1.039822,1.483266
1.049738,1.438446
1.056900,1.423024
1.056653,1.374543
1.086006,1.402892
1.111541,1.364864
1.099935,1.402120
1.142470,1.396770
1.142470,1.396770
1.142470,1.396770
1.185539,1.359364
1.190614,1.352705
1.152982,1.376825
1.105955,1.384424
1.101727,1.423578
1.141535,1.382514
1.156635,1.367885
1.133066,1.335479
1.167770,1.318374
1.193310,1.355289
1.207148,1.334478
1.159060,1.318965
1.142715,1.303613
1.133631,1.328852
1.114625,1.294557
1.135991,1.299486
1.160553,1.321746
1.187312,1.354255
1.220485,1.390608
1.221188,1.399753
1.233664,1.395813
1.215397,1.383806
1.225899,1.376744
1.256468,1.365125
1.281875,1.369792
1.312309,1.370379
1.296657,1.418862
1.340495,1.393690
1.314645,1.436463
1.287899,1.418474
1.321047,1.436372
1.369746,1.415453
1.403823,1.458201
1.372907,1.447249
1.340476,1.483640
1.316421,1.479904
1.339825,1.446606
1.380669,1.495872
1.380669,1.495872
1.400906,1.523975
1.437067,1.478776
1.431127,1.456647
1.433613,1.435180
1.390004,1.405418
1.414909,1.375453
1.379749,1.339324
1.357392,1.382838
1.350449,1.403730
1.350449,1.403730
1.371768,1.405260
1.418752,1.361392
1.418752,1.361392
1.405906,1.361368
1.409708,1.367935
1.430309,1.403019
1.470903,1.362556
1.435416,1.344929
1.461537,1.348116
1.424209,1.374938
1.406670,1.402344
1.430105,1.380848
1.478751,1.372031
1.491268,1.340772
1.528246,1.336928
1.490292,1.338152
1.486592,1.348286
1.508886,1.339934
1.493582,1.336988
1.540885,1.352361
1.512970,1.385203
1.469060,1.395299
1.470657,1.439079
1.485993,1.487518
1.500724,1.465285
1.530654,1.509261
1.530654,1.509261
1.486599,1.468430
1.509803,1.452676
1.509803,1.452676
1.460052,1.486010
1.504540,1.495495
1.504540,1.495495
1.474935,1.535909
1.521417,1.554589
1.521417,1.554589
1.488975,1.594717
1.488975,1.594717
1.507176,1.609464
1.528261,1.584570
1.532184,1.622178
1.578961,1.599623
1.565397,1.625125
1.538430,1.597656
1.505807,1.595226
1.505807,1.595226
1.463817,1.576699
1.416199,1.558719
1.465683,1.535075
1.416913,1.548520
1.378032,1.579199
1.372596,1.615036
1.353504,1.641519
1.365311,1.684954
1.365311,1.684954
1.326745,1.695526
1.357534,1.673618
1.389668,1.648379
1.352659,1.645102
1.310354,1.620604
1.325137,1.583996
1.373283,1.564116
1.325633,1.521013
1.351496,1.487062
1.363888,1.462006
1.377854,1.483854
1.377854,1.483854
1.359474,1.475375
1.348390,1.493915
1.348390,1.493915
1.391468,1.498485
1.381571,1.472139
1.338747,1.423233
1.371959,1.407719
1.396253,1.423024
1.372890,1.467227
1.339247,1.419235
1.345243,1.393249
1.342311,1.420472
1.384540,1.370498
1.356714,1.397809
1.315894,1.426546
1.330998,1.380926
1.332917,1.341924
1.362143,1.345426
1.351671,1.330421
1.371311,1.329646
1.326536,1.298558
1.289718,1.289047
1.304962,1.301355
1.302792,1.328234
1.333779,1.329005
1.376527,1.296220
1.408803,1.251825
1.380088,1.242014
1.352041,1.261422
1.399922,1.287832
1.411840,1.290866
1.415918,1.331207
1.390841,1.367200
1.434803,1.326748
1.480913,1.301407
1.497276,1.318997
1.497132,1.298687
1.460100,1.297267
1.439404,1.269124
1.484357,1.283504
1.533674,1.260091
1.488286,1.230997
1.488286,1.230997
1.479320,1.223298
1.488541,1.212399
1.486297,1.198261
1.439191,1.189724
1.439191,1.189724
1.391408,1.201389
1.435758,1.179997
1.471088,1.181328
1.428359,1.224780
1.473787,1.240297
1.465507,1.281444
1.496454,1.303071
1.529521,1.262978
1.571860,1.256148
1.546514,1.261723
1.535598,1.299870
1.575251,1.250424
1.566283,1.223581
1.540447,1.200326
1.540447,1.200326
1.502263,1.226434
1.452873,1.236578
1.443277,1.254541
1.458633,1.236808
1.465018,1.260762
1.467666,1.264617
1.476168,1.259744
1.525813,1.247171
1.522983,1.275344
1.522983,1.275344
1.486981,1.286660
1.441890,1.237160
1.441890,1.237160
1.476377,1.266406
1.497832,1.255440
1.477355,1.205971
1.449970,1.247895
1.477496,1.283004
1.429593,1.270478
1.402423,1.225590
1.381200,1.224995
1.414306,1.234573
1.407803,1.250385
1.415890,1.257778
1.407200,1.214033
1.411549,1.196547
1.384982,1.200573
1.390203,1.240536
1.396916,1.274887
1.350421,1.322277
1.361792,1.337833
1.404155,1.334127
1.399987,1.374156
1.426424,1.405214
1.437067,1.391329
1.434358,1.359920
1.431805,1.346102
1.398542,1.392243
1.394924,1.381928
1.440679,1.394735
1.395462,1.432176
1.416433,1.383909
1.456597,1.429021
1.479058,1.433286
1.437629,1.438800
1.437629,1.438800
1.414155,1.400506
1.367790,1.443792
1.351404,1.453952
1.317806,1.468712
1.289580,1.463529
1.295676,1.426116
1.290111,1.391496
1.318315,1.419763
1.311023,1.458553
1.285966,1.433864
1.278716,1.482667
1.297413,1.519002
1.320818,1.488320
1.284960,1.518459
1.325230,1.545652
1.366326,1.548121
1.391439,1.511541
1.352378,1.515216
1.352378,1.515216
1.332582,1.504895
1.309363,1.463905
1.308869,1.467492
1.324409,1.440228
1.329257,1.423760
1.329257,1.423760
1.355270,1.421474
1.370559,1.390712
1.370559,1.390712
1.326836,1.430359
1.293193,1.394882
1.287660,1.396322
1.322363,1.352590
1.327475,1.370027
1.298369,1.394022
1.348049,1.366339
1.373323,1.340686
1.377064,1.319927
1.367289,1.328905
1.367289,1.328905
1.360809,1.322170
1.404617,1.291585
1.447149,1.334409
1.430277,1.359785
1.424269,1.392910
1.398609,1.425677
1.376527,1.383400
1.410602,1.379870
1.385415,1.370688
1.347316,1.332264
1.343612,1.289434
1.358009,1.258044
1.380204,1.290067
1.424940,1.258205
1.450610,1.299261
1.415777,1.269238
1.421439,1.224285
1.421439,1.224285
1.393279,1.236853
1.369204,1.215037
1.329983,1.231347
1.287784,1.183911
1.251509,1.213177
1.251509,1.213177
1.289206,1.186781
1.312043,1.209091
1.266058,1.233693
1.266058,1.233693
1.235479,1.198479
1.271942,1.221092
1.282525,1.202348
1.314518,1.200036
1.344299,1.235060
1.360375,1.228049
1.359140,1.269990
1.346380,1.303203
1.299472,1.333239
1.284490,1.320664
1.268307,1.329419
1.241387,1.297047
1.264656,1.278819
1.291550,1.283714
1.330022,1.285871
1.330475,1.299334
1.354387,1.277731
1.379750,1.253967
1.375986,1.298040
1.374922,1.320618
1.353013,1.282319
1.353013,1.282319
1.343393,1.301506
1.376327,1.329467
1.377188,1.293795
1.377188,1.293795
1.415225,1.294738
1.439526,1.321184
1.391784,1.310046
1.375649,1.337944
1.401975,1.292304
1.379001,1.275310
1.424564,1.244813
1.417910,1.219438
1.453664,1.238786
1.404387,1.224562
1.390523,1.223351
1.357262,1.201935
1.315507,1.225743
1.356569,1.262006
1.334603,1.268847
1.296144,1.287422
1.261516,1.304685
1.296808,1.258530
1.343487,1.280323
1.343487,1.280323
1.360467,1.263088
1.399711,1.241377
1.382211,1.215679
1.343597,1.233622
1.360852,1.239898
1.360852,1.239898
1.325538,1.224606
1.307144,1.272040
1.303954,1.247861
1.305204,1.256145
1.255765,1.239084
1.243881,1.214813
1.255622,1.235188
1.300111,1.267382
1.297080,1.221366
1.299451,1.266438
1.292384,1.290025
1.276477,1.251075
1.268315,1.269283
1.239970,1.277446
1.239970,1.277446
1.239970,1.277446
1.289220,1.326314
1.310626,1.290681
1.330668,1.339217
1.308132,1.375816
1.269586,1.340073
1.262733,1.359737
1.267040,1.346568
1.285626,1.323828
1.296358,1.286673
1.317275,1.243381
1.357233,1.213541
1.357233,1.213541
1.310903,1.246006
1.345459,1.234343
1.344055,1.228969
1.332345,1.220093
1.378172,1.234191
1.378172,1.234191
1.335842,1.191087
1.315438,1.172467
1.359272,1.191314
1.388553,1.209693
1.388553,1.209693
1.414510,1.169306
1.377899,1.153267
1.400901,1.150531
1.404859,1.167429
1.395253,1.118609
1.358951,1.083106
1.357492,1.067470
1.382013,1.091835
1.419860,1.083050
1.419860,1.083050
1.465602,1.070340
1.477465,1.058364
1.477465,1.058364
1.477465,1.058364
1.465224,1.013084
1.421435,1.054557
1.440237,1.062654
1.416660,1.099976
1.449655,1.059695
1.455746,1.029565
1.445050,1.058562
1.407566,1.058670
1.411613,1.077660
1.364680,1.072709
1.408132,1.069262
1.427956,1.057065
1.378519,1.067414
1.378519,1.067414
1.329122,1.047444
1.305483,1.061098
1.302471,1.021917
1.302471,1.021917
1.255991,1.043796
1.259465,1.020239
1.259465,1.020239
1.259465,1.020239
1.264670,1.000301
1.303162,1.043477
1.303162,1.043477
1.335699,0.996936
1.343354,1.046727
1.369170,1.043826
1.351930,1.092928
1.363088,1.124779
1.346131,1.129421
1.345896,1.178527
1.365016,1.217433
1.343648,1.191308
1.343648,1.191308
1.331621,1.152569
1.327922,1.180915
1.343800,1.151420
1.346524,1.121296
1.316563,1.167038
1.270545,1.156240
1.231860,1.178686
1.247137,1.130685
1.252335,1.099226
1.292789,1.107347
1.325021,1.120749
1.323423,1.167788
1.307484,1.176879
1.331731,1.211073
1.319187,1.178860
1.363952,1.142946
1.392164,1.192481
1.438218,1.223335
1.441961,1.245566
1.396661,1.273853
1.368159,1.252033
1.368159,1.252033
1.414157,1.230998
1.416104,1.264014
1.384599,1.253218
1.387301,1.260175
1.356262,1.303055
1.388128,1.272245
1.392019,1.270005
1.394882,1.278651
1.414563,1.260616
1.380115,1.286571
1.380115,1.286571
1.428689,1.274880
1.381211,1.311595
1.386047,1.285462
1.386997,1.262044
1.383992,1.253307
1.420288,1.273741
1.432255,1.302352
1.472713,1.285699
1.507741,1.298304
1.519946,1.333489
1.533130,1.317227
1.535605,1.307232
1.490950,1.300307
1.529911,1.317287
1.491561,1.357456
1.500158,1.359844
1.461236,1.385749
1.489809,1.426826
1.533238,1.429166
1.488544,1.455689
1.486787,1.433424
1.463831,1.405946
1.463714,1.444588
1.482865,1.412474
1.482865,1.412474
1.491789,1.400720
1.452114,1.380940
1.493236,1.424644
1.459643,1.419336
1.479693,1.399680
1.459751,1.438342
1.444238,1.409207
1.475733,1.452747
1.482812,1.425551
1.480871,1.401587
1.441375,1.397456
1.394080,1.405477
1.373308,1.379940
1.337228,1.398786
1.362414,1.390549
1.325308,1.357240
1.313447,1.397572
1.356969,1.376452
1.321696,1.347956
1.292746,1.379067
1.333992,1.408139
1.312040,1.456813
1.326916,1.472735
1.287354,1.459230
1.245727,1.436621
1.254419,1.421416
1.275546,1.404709
1.264940,1.454399
1.237298,1.472145
1.221398,1.434130
1.179516,1.417225
1.179516,1.417225
1.192837,1.412484
1.229464,1.402412
1.268075,1.441704
1.272219,1.479377
1.267125,1.466906
1.291018,1.433276
1.314472,1.424998
1.292596,1.461380
1.326917,1.493298
1.349494,1.446904
1.370283,1.446052
1.343987,1.481683
1.353851,1.474407
1.361234,1.464827
1.321405,1.456092
1.301990,1.448941
1.266623,1.426929
1.246989,1.438520
1.258642,1.388556
1.282371,1.412196
1.260796,1.403541
1.283262,1.381191
1.326258,1.411397
1.283668,1.403065
1.318802,1.399648
1.283933,1.355695
1.261261,1.405658
1.311245,1.393951
1.323755,1.350459
1.353732,1.366129
1.353732,1.366129
1.335783,1.399727
1.371476,1.399022
1.400288,1.436393
1.400288,1.436393
1.398253,1.442508
1.415878,1.465544
1.413352,1.515229
1.445207,1.489862
1.405272,1.512263
1.357930,1.529385
1.312399,1.493711
1.302474,1.485934
1.253860,1.532814
1.231684,1.514777
1.216870,1.531281
1.214796,1.573184
1.242134,1.547499
1.242134,1.547499
1.206970,1.538093
1.178662,1.578017
1.222546,1.534281
1.243499,1.487451
1.225151,1.509735
1.225151,1.509735
1.180643,1.470247
1.171864,1.423348
1.177897,1.423169
1.158815,1.411185
1.162231,1.409883
1.158101,1.396254
1.125632,1.394321
1.125632,1.394321
1.084528,1.369193
1.035004,1.411581
1.036217,1.401157
1.036217,1.401157
1.036217,1.401157
1.081961,1.415867
1.081961,1.415867
1.117487,1.397797
1.146675,1.363673
1.161634,1.388580
1.126030,1.387650
1.116197,1.430821
1.096480,1.445018
1.106779,1.435055
1.121061,1.475401
1.101732,1.504460
1.101732,1.504460
1.107213,1.535936
1.107213,1.535936
1.113848,1.545469
1.094151,1.495532
1.104610,1.472520
1.064789,1.513753
1.078998,1.514565
1.117663,1.556785
1.107828,1.560178
1.124061,1.585080
1.074295,1.570855
1.064594,1.534557
1.111554,1.582245
1.085618,1.577790
1.065068,1.599221
1.044254,1.572527
1.007404,1.538838
0.976150,1.545776
0.985412,1.517143
1.028251,1.519985
0.992005,1.535275
0.983158,1.543701
0.961494,1.525607
0.961494,1.525607
0.987747,1.562976
0.968338,1.554983
1.001282,1.538413
1.050746,1.495882
1.012002,1.517971
1.037282,1.506353
1.063931,1.493207
1.063931,1.493207
1.070726,1.496324
1.072437,1.453261
1.084344,1.472313
1.094069,1.511218
1.098336,1.527077
1.110318,1.519497
1.068296,1.543896
1.113888,1.522311
1.145553,1.505225
1.189982,1.519560
1.161212,1.484771
1.204709,1.437578
1.235651,1.483114
1.271533,1.462978
1.305079,1.469572
1.288357,1.516934
1.303705,1.477601
1.267958,1.470995
1.314144,1.423830
1.322670,1.421555
1.292376,1.468014
1.334737,1.432403
1.329912,1.439305
1.347331,1.488279
1.347331,1.488279
1.391839,1.443541
1.347585,1.453915
1.331896,1.467814
1.304954,1.459860
1.333295,1.488721
1.284004,1.460120
1.331398,1.497955
1.355688,1.449230
1.398503,1.439110
1.394068,1.404998
1.372379,1.376023
1.368283,1.326459
1.324837,1.340295
1.315840,1.329142
1.297017,1.364287
1.332027,1.373486
1.341585,1.327277
1.320201,1.322969
1.303051,1.286538
1.340018,1.279848
1.321081,1.303492
1.345606,1.292445
1.391934,1.339739
1.435333,1.344566
1.442594,1.378449
1.490010,1.391088
1.490010,1.391088
1.466362,1.342933
1.498873,1.358139
1.475301,1.376493
1.443560,1.416218
1.465483,1.367226
1.418054,1.332591
1.409919,1.315506
1.434351,1.338418
1.391359,1.365749
1.417596,1.332256
1.404712,1.293577
1.422968,1.319294
1.438982,1.277266
1.422900,1.285884
1.405146,1.286215
1.406808,1.317495
1.375160,1.315310
1.391396,1.297747
1.398596,1.304102
1.445458,1.311596
1.472015,1.360639
1.483597,1.314829
1.480911,1.274262
1.452543,1.289382
1.422086,1.296612
1.401679,1.314828
1.381639,1.306054
1.357014,1.341450
1.317706,1.387366
1.289949,1.374960
1.280520,1.407570
1.273771,1.372142
1.273675,1.352511
1.290251,1.344567
1.332904,1.325295
1.332904,1.325295
1.378049,1.277809
1.335927,1.232934
1.331318,1.258552
1.308465,1.270545
1.309367,1.232613
1.293665,1.228697
1.290562,1.274787
1.287684,1.309638
1.308052,1.336520
1.330336,1.360904
1.369208,1.379068
1.364572,1.366313
1.364572,1.366313
1.357842,1.351225
1.388067,1.348413
1.379307,1.314247
1.367289,1.322959
1.394541,1.357386
1.367178,1.362573
1.317976,1.327016
1.348290,1.309169
1.335515,1.308924
1.332968,1.297255
1.309249,1.253187
1.317139,1.259794
1.303724,1.297340
1.277112,1.328285
1.268651,1.321002
1.284003,1.330504
1.249905,1.354856
1.279518,1.361392
1.229687,1.349318
1.205613,1.336440
1.243231,1.377066
1.274318,1.359287
1.262468,1.401309
1.284067,1.415145
1.280297,1.459339
1.295233,1.480664
1.259979,1.468381
1.281785,1.461827
1.284308,1.467460
1.250548,1.467493
1.250548,1.467493
1.258851,1.501690
1.252430,1.490010
1.239188,1.533443
1.237317,1.489930
1.248568,1.485197
1.215347,1.532682
1.171466,1.536640
1.206786,1.558640
1.250386,1.530564
1.230706,1.579858
1.228372,1.548395
1.208394,1.579371
1.237594,1.547958
1.286004,1.569932
1.312285,1.571607
1.358660,1.595475
1.342396,1.643102
1.362504,1.597846
1.367507,1.586963
1.352402,1.616045
1.380876,1.581454
1.368993,1.567972
1.358231,1.583419
1.359854,1.571321
1.334848,1.592931
1.304629,1.606830
1.299772,1.575103
1.296586,1.612969
1.334588,1.616038
1.334588,1.616038
1.334588,1.616038
1.371559,1.597291
1.338507,1.580738
1.363616,1.600635
1.327798,1.605061
1.349087,1.601290
1.394048,1.570305
1.344443,1.547928
1.338450,1.535771
1.343607,1.495731
1.367202,1.467533
1.382101,1.478994
1.382160,1.467967
1.406435,1.452035
1.447900,1.454975
1.460822,1.428281
1.469174,1.407922
1.503244,1.422608
1.478001,1.465412
1.438300,1.415453
1.455086,1.425330
1.420336,1.389170
1.373791,1.407142
1.373250,1.420072
1.412236,1.454960
1.409078,1.465549
1.390827,1.432831
1.381735,1.422647
1.346037,1.435794
1.307122,1.404207
1.326326,1.367941
1.331891,1.391584
1.291662,1.360642
1.286799,1.337074
1.330717,1.361506
1.304564,1.400709
1.300578,1.406883
1.279696,1.358774
1.279696,1.358774
1.309198,1.397901
1.278147,1.408695
1.278147,1.408695
1.300639,1.431293
1.344093,1.476394
1.334852,1.462696
1.333040,1.500207
1.313580,1.547401
1.307822,1.571665
1.317399,1.621559
1.267775,1.586343
1.252480,1.635922
1.289665,1.600256
1.269749,1.566806
1.261774,1.532873
1.261280,1.527898
1.269036,1.491524
1.310639,1.503542
1.357731,1.486201
1.357731,1.486201
1.380646,1.510458
1.426868,1.473242
1.426868,1.473242
1.402656,1.446569
1.378336,1.495273
1.340410,1.469521
1.295702,1.456033
1.345529,1.410171
1.345529,1.410171
1.362535,1.421774
1.362535,1.421774
1.394690,1.458777
1.423338,1.439260
1.441284,1.460711
1.486423,1.504384
1.465524,1.466259
1.473614,1.437694
1.507716,1.482114
1.533190,1.526018
1.521183,1.528543
1.558635,1.574836
1.536562,1.592900
1.536562,1.592900
1.493913,1.600883
1.505069,1.596226
1.540405,1.589732
1.539358,1.585113
1.576603,1.568597
1.581743,1.555326
1.539012,1.571317
1.516486,1.575251
1.524213,1.546248
1.539931,1.517442
1.544832,1.486142
1.500986,1.467274
1.464244,1.444013
1.478541,1.434068
1.502621,1.454236
1.507244,1.456539
1.507244,1.456539
1.457662,1.432488
1.411225,1.456389
1.409857,1.466205
1.427817,1.513354
1.394797,1.555396
1.440810,1.594618
1.466581,1.633256
1.481962,1.639423
1.439414,1.630472
1.428471,1.611875
1.468202,1.578325
1.466808,1.541794
1.506516,1.521538
1.468350,1.552664
1.425182,1.534399
1.411955,1.522190
1.446135,1.490691
1.466789,1.527079
1.429740,1.536568
1.459653,1.489852
1.490181,1.470198
1.488859,1.460595
1.441520,1.433547
1.406556,1.478589
1.441986,1.463582
1.454283,1.442234
1.488797,1.415494
1.442557,1.448328
1.455494,1.485775
1.419031,1.453233
1.447535,1.428421
1.443919,1.449932
1.458717,1.463501
1.411032,1.507873
1.390836,1.488267
1.437678,1.453959
1.461878,1.484060
1.425123,1.449318
1.474646,1.478967
1.471177,1.478334
1.500041,1.483080
1.475208,1.512898
1.475208,1.512898
1.511461,1.532450
1.471086,1.544742
1.506260,1.508642
1.534748,1.514052
1.488994,1.527921
1.514952,1.499456
1.516368,1.499297
1.558003,1.454921
1.566246,1.496038
1.531658,1.473633
1.528118,1.477464
1.552536,1.480548
1.552536,1.480548
1.531252,1.453171
1.572991,1.466961
1.572247,1.454940
1.552510,1.440911
1.509004,1.432390
1.503450,1.392099
1.511805,1.403142
1.511805,1.403142
1.516505,1.403060
1.517774,1.421407
1.488869,1.413542
1.458237,1.393468
1.458237,1.393468
1.436672,1.344551
1.466006,1.354854
1.453578,1.384495
1.422350,1.432046
1.453404,1.463730
1.491891,1.512603
1.492279,1.529364
1.497996,1.523425
1.491538,1.484636
1.461721,1.447893
1.463856,1.427486
1.416489,1.430795
1.444031,1.436316
1.442297,1.482092
1.439661,1.489853
1.392345,1.443913
1.436347,1.486455
1.398836,1.532556
1.389263,1.549123
1.363723,1.595395
1.358532,1.643993
1.338496,1.598261
1.290302,1.606334
1.289136,1.601338
1.289136,1.601338
1.330526,1.642908
1.362593,1.595508
1.372156,1.627284
1.380005,1.642216
1.380005,1.642216
1.366007,1.682887
1.371510,1.660723
1.414497,1.647253
1.369402,1.639799
1.351793,1.591318
1.393506,1.555181
1.425075,1.543320
1.426364,1.495463
1.426364,1.495463
1.448821,1.537679
1.417277,1.573217
1.407864,1.562506
1.386624,1.591995
1.403378,1.575823
1.432458,1.616911
1.432458,1.616911
1.391928,1.640309
1.411407,1.622555
1.389795,1.587619
1.438729,1.610277
1.438729,1.610277
1.407080,1.600495
1.357230,1.571249
1.357230,1.571249
1.311071,1.572349
1.340156,1.603330
1.356529,1.577543
1.381214,1.555404
1.399210,1.520252
1.394047,1.553281
1.403321,1.512360
1.437571,1.555157
1.449825,1.516749
1.493554,1.560407
1.465807,1.513753
1.494815,1.559913
1.458985,1.568298
1.473679,1.529102
1.453774,1.486934
1.444358,1.529146
1.481545,1.532227
1.436898,1.537984
1.430166,1.507833
1.422389,1.486978
1.404778,1.510743
1.418897,1.509508
1.377400,1.468030
1.357774,1.512225
1.392643,1.554907
1.429450,1.574297
1.398598,1.541255
1.400422,1.497150
1.365285,1.449612
1.356144,1.406017
1.323137,1.367375
1.345973,1.367514
1.321231,1.328023
1.323933,1.346275
1.282496,1.313025
1.316260,1.277006
1.280724,1.323554
1.305294,1.281386
1.280807,1.326671
1.256381,1.298093
1.256381,1.298093
1.210905,1.274458
1.210905,1.274458
1.174006,1.323348
1.174006,1.323348
1.178636,1.338592
1.178636,1.338592
1.207176,1.310694
1.219242,1.294307
1.263597,1.281936
1.281066,1.279605
1.239802,1.254561
1.284164,1.242118
1.284164,1.242118
1.235687,1.287439
1.204488,1.327360
1.226451,1.364414
1.181476,1.374773
1.141489,1.404065
1.166123,1.423788
1.127356,1.377621
1.127356,1.377621
1.123619,1.364740
1.123619,1.364740
1.127976,1.389233
1.088681,1.357033
1.076292,1.342787
1.076292,1.342787
1.066085,1.298714
1.035670,1.311417
1.032369,1.327714
1.024760,1.348873
0.985736,1.362725
0.949856,1.323518
0.985958,1.304360
0.995654,1.353778
1.025134,1.322706
1.028934,1.294286
1.015942,1.333955
0.999493,1.380535
0.969425,1.418317
0.944653,1.390924
0.944653,1.390924
0.912373,1.358664
0.864760,1.319757
0.897056,1.321856
0.880529,1.345876
0.844955,1.352760
0.844955,1.352760
0.870146,1.352176
0.859808,1.397296
0.853450,1.441028
0.886965,1.414162
0.875831,1.397098
0.917017,1.407338
0.947585,1.457028
0.986960,1.433038
0.948864,1.459155
0.995571,1.466369
1.000690,1.497815
0.976555,1.461743
0.992286,1.451801
1.000022,1.471441
1.049822,1.455265
1.037069,1.418839
1.030211,1.454797
1.008915,1.440872
1.008915,1.440872
1.040797,1.482787
1.040797,1.482787
1.040797,1.482787
1.040797,1.482787
1.056725,1.475062
1.093839,1.454655
1.100339,1.489804
1.144864,1.526549
1.177188,1.493433
1.169490,1.518703
1.185010,1.468914
1.194531,1.480510
1.194531,1.480510
1.215659,1.483982
1.182256,1.471307
1.197084,1.484187
1.211106,1.464866
1.180456,1.425912
1.186975,1.389795
1.148530,1.345626
1.189245,1.341639
1.172271,1.353024
1.189492,1.389958
1.164108,1.357685
1.170554,1.401810
1.180313,1.425551
1.150129,1.414629
1.193853,1.381858
1.226771,1.341476
1.187950,1.368731
1.215139,1.340172
1.217310,1.325792
1.212462,1.343416
1.225638,1.301749
1.261793,1.257229
1.246513,1.235601
1.247444,1.194432
1.292797,1.144474
1.292797,1.144474
1.302758,1.148041
1.286568,1.155239
1.273867,1.187025
1.238943,1.208448
1.279815,1.251387
1.267560,1.281020
1.239144,1.298834
1.269852,1.299064
1.313713,1.275230
1.279906,1.288498
1.324027,1.327837
1.312726,1.284377
1.336868,1.332600
1.336868,1.332600
1.370480,1.352902
1.402316,1.331338
1.447798,1.334981
1.449194,1.296853
1.483958,1.280370
1.490074,1.275008
1.527074,1.235400
1.527074,1.235400
1.496322,1.283155
1.501625,1.308303
1.516511,1.300178
1.546924,1.250669
1.589516,1.294531
1.575863,1.331951
1.619750,1.344349
1.644316,1.319725
1.644316,1.319725
1.631591,1.343184
1.649070,1.319545
1.649070,1.319545
1.669574,1.329779
1.626895,1.326397
1.593025,1.372500
1.593025,1.372500
1.579976,1.355692
1.574770,1.360620
1.560830,1.372356
1.527850,1.369826
1.572736,1.368861
1.576421,1.410633
1.616535,1.401533
1.569423,1.399554
1.561915,1.406318
1.594719,1.438197
1.615490,1.437913
1.582929,1.394687
1.545701,1.388621
1.545701,1.388621
1.547126,1.344323
1.517631,1.325594
1.554278,1.350834
1.571753,1.350513
1.541379,1.363019
1.543568,1.339513
1.590564,1.302075
1.618963,1.315910
1.617408,1.274092
1.579070,1.227421
1.529783,1.270667
1.485155,1.308443
1.498568,1.338704
1.518248,1.296307
1.559992,1.290266
1.526805,1.315006
1.493598,1.297799
1.454895,1.322488
1.439007,1.292623
1.476274,1.334627
1.481179,1.371113
1.461710,1.358633
1.496168,1.402906
1.500425,1.448540
1.545529,1.408861
1.497412,1.403448
1.510319,1.424438
1.532007,1.444881
1.575181,1.474071
1.609322,1.472195
1.649377,1.481153
1.600472,1.527587
1.581587,1.539238
1.579466,1.585704
1.557641,1.570401
1.557641,1.570401
1.560551,1.574639
1.541502,1.619225
1.590723,1.584459
1.603441,1.534598
1.603441,1.534598
1.603441,1.534598
1.570475,1.579809
1.575154,1.611176
1.566195,1.636160
1.530246,1.650274
1.552568,1.607036
1.557078,1.614510
1.573657,1.653790
1.587704,1.637683
1.543253,1.653526
1.527052,1.656036
1.539435,1.689866
1.539435,1.689866
1.565898,1.655213
1.593673,1.666473
1.545693,1.664341
1.540348,1.626665
1.581279,1.655344
1.590520,1.673608
1.612478,1.712583
1.572726,1.711219
1.580008,1.686790
1.580008,1.686790
1.619150,1.649099
1.619150,1.649099
1.619150,1.649099
1.655717,1.636314
1.616009,1.666568
1.591096,1.652717
1.598416,1.679887
1.548661,1.649210
1.572780,1.605131
1.560056,1.566681
1.533078,1.547368
1.524995,1.583579
1.513176,1.550669
1.518038,1.572530
1.476600,1.616504
1.447755,1.616870
1.497195,1.654176
1.497195,1.654176
1.467182,1.624110
1.458705,1.662029
1.436066,1.666106
1.436066,1.666106
1.456032,1.623783
1.456032,1.623783
1.424275,1.585471
1.438203,1.569487
1.412408,1.541930
1.423949,1.505432
1.418171,1.502747
1.413171,1.459920
1.455954,1.417043
1.461587,1.397016
1.472062,1.351631
1.470957,1.380724
1.468174,1.404615
1.424103,1.394871
1.375117,1.398180
1.375117,1.398180
1.404651,1.364017
1.358419,1.353500
1.365244,1.348528
1.328270,1.342206
1.281916,1.356522
1.308636,1.348015
1.290137,1.328773
1.326267,1.367445
1.338342,1.415741
1.329888,1.419446
1.286555,1.429929
1.300263,1.412801
1.303925,1.373171
1.305433,1.413057
1.342190,1.390501
1.350866,1.401836
1.317551,1.382600
1.297808,1.355764
1.310309,1.355971
1.270835,1.323991
1.236655,1.358570
1.222255,1.346874
1.241641,1.354146
1.282793,1.395986
1.294549,1.383600
1.338370,1.383199
1.315715,1.422648
1.273159,1.391345
1.257533,1.357640
1.242617,1.361491
1.196721,1.390510
1.244460,1.439710
1.244460,1.439710
1.253238,1.469552
1.256526,1.433498
1.297853,1.421150
1.303781,1.446225
1.343811,1.437075
1.367339,1.463377
1.413739,1.415199
1.427659,1.456555
1.476930,1.462663
1.456630,1.487492
1.500108,1.515761
1.469594,1.470412
1.503002,1.446471
1.484557,1.449280
1.477192,1.473538
1.493574,1.503318
1.536369,1.461580
1.549904,1.441674
1.555260,1.452334
1.507644,1.475792
1.509506,1.475271
1.540148,1.466436
1.536088,1.428652
1.580634,1.410515
1.614169,1.434671
1.584023,1.472269
1.629362,1.494705
1.586817,1.535878
1.625721,1.487916
1.611457,1.456315
1.631823,1.453905
1.625628,1.434306
1.587849,1.483289
1.548485,1.488901
1.565930,1.481206
1.573684,1.510174
1.592678,1.535947
1.600910,1.486228
1.600910,1.486228
1.640362,1.463546
1.637080,1.501994
1.631304,1.525748
1.612203,1.494796
1.642909,1.478042
1.647661,1.437557
1.650524,1.459303
1.653515,1.421589
1.656744,1.400232
1.663792,1.446065
1.615373,1.470363
1.662672,1.425202
1.654271,1.436869
1.626743,1.470972
1.626743,1.470972
1.612266,1.451748
1.617288,1.457429
1.604058,1.496372
1.603180,1.545940
1.611969,1.558060
1.614332,1.575309
1.658901,1.541481
1.613979,1.551041
1.565198,1.590995
1.520898,1.640740
1.559595,1.619752
1.605357,1.634933
1.606678,1.637154
1.567077,1.665399
1.579737,1.647874
1.531937,1.660542
1.506117,1.615375
1.546589,1.628892
1.546589,1.628892
1.560881,1.627423
1.560881,1.627423
1.591092,1.675870
1.631739,1.639751
1.671277,1.657653
1.628441,1.608584
1.602174,1.640755
1.613903,1.661774
1.577383,1.674348
1.558374,1.689049
1.550977,1.662799
1.562314,1.704704
1.550255,1.730549
1.550814,1.731934
1.552733,1.690859
1.597670,1.643807
1.597670,1.643807
1.639623,1.636353
1.639623,1.636353
1.639623,1.636353
1.616387,1.620197
1.663931,1.589661
1.615334,1.625439
1.605779,1.634913
1.562786,1.637562
1.536518,1.659148
1.492048,1.655863
1.513229,1.640594
1.513229,1.640594
1.495189,1.633713
1.499664,1.656106
1.475808,1.612283
1.426587,1.653575
1.413148,1.671781
1.375570,1.699332
1.424425,1.717990
1.398704,1.714781
1.375683,1.700406
1.404159,1.705732
1.381662,1.691384
1.350333,1.653191
1.335345,1.648740
1.341603,1.626001
1.387108,1.622765
1.346080,1.664224
1.388357,1.617632
1.424657,1.610309
1.453793,1.592423
1.453793,1.592423
1.406013,1.561682
1.398807,1.554880
1.410998,1.548133
1.374660,1.509668
1.401287,1.532974
1.406487,1.531903
1.386847,1.532621
1.415703,1.515564
1.454119,1.481648
1.480011,1.446082
1.490442,1.453157
1.469185,1.485574
1.470240,1.519425
1.470240,1.519425
1.470240,1.519425
1.426943,1.526409
1.460371,1.554656
1.432546,1.505131
1.432358,1.546529
1.422862,1.543564
1.406284,1.508595
1.404088,1.503329
1.429362,1.494956
1.434095,1.527824
1.464307,1.506610
1.433425,1.481862
1.446354,1.463515
1.428105,1.457987
1.467463,1.444226
1.417873,1.395074
1.422602,1.380076
1.446225,1.400520
1.482856,1.355604
1.486895,1.348974
1.470057,1.342486
1.443401,1.335313
1.412474,1.354383
1.414732,1.306154
1.381797,1.354512
1.370352,1.306614
1.370352,1.306614
1.417249,1.311907
1.442890,1.350516
1.426417,1.394809
1.449380,1.427835
1.449380,1.427835
1.457608,1.413052
1.444679,1.415554
1.488832,1.392159
1.522809,1.354686
1.500966,1.331131
1.533908,1.290593
1.566513,1.286167
1.543365,1.329415
1.555473,1.327334
1.517540,1.299719
1.542882,1.317169
1.573212,1.271514
1.582377,1.318343
1.539476,1.366676
1.497526,1.413367
1.497526,1.413367
1.520970,1.440967
1.528806,1.446488
1.523302,1.438690
1.496460,1.401861
1.500102,1.408411
1.467280,1.372078
1.443870,1.323580
1.445123,1.284191
1.472869,1.301912
1.522105,1.317945
1.509615,1.295022
1.471968,1.261521
1.513428,1.290997
1.485872,1.253110
1.490030,1.239052
1.472528,1.271932
1.441625,1.292322
1.473595,1.305557
1.429815,1.307746
1.479469,1.342166
1.504679,1.345387
1.457299,1.317194
1.430532,1.343543
1.459857,1.318980
1.505396,1.297818
1.525678,1.263133
1.485207,1.279896
1.436887,1.267731
1.475688,1.284821
1.475688,1.284821
1.467421,1.241297
1.469839,1.287464
1.514583,1.304715
1.510655,1.277409
1.495720,1.264937
1.496154,1.256383
1.539083,1.275102
1.588725,1.300604
1.588725,1.300604
1.601033,1.254017
1.600149,1.301263
1.624955,1.321558
1.624955,1.321558
1.648314,1.312809
1.653744,1.281433
1.647547,1.321060
1.657160,1.294586
1.684227,1.307157
1.703257,1.336412
1.655596,1.302120
1.650163,1.295826
1.652385,1.327250
1.670311,1.323281
1.621714,1.340333
1.599744,1.291771
1.599744,1.291771
1.553036,1.280196
1.549071,1.243030
1.547252,1.261138
1.559634,1.266729
1.581154,1.250102
1.537185,1.264360
1.559738,1.223244
1.601663,1.248853
1.590700,1.293970
1.554266,1.343956
1.548865,1.380242
1.548865,1.380242
1.572199,1.343086
1.573458,1.308004
1.582256,1.277088
1.553840,1.289653
1.553840,1.289653
1.541775,1.312995
1.503869,1.327738
1.475429,1.338620
1.507409,1.325240
1.468377,1.316586
1.517949,1.272730
1.507804,1.268898
1.458789,1.263886
1.415738,1.215348
1.389912,1.242771
1.377980,1.215601
1.395322,1.177592
1.395322,1.177592
1.353312,1.222074
1.349489,1.263254
1.366744,1.273707
1.401613,1.306561
1.424817,1.298980
1.446915,1.292013
1.456242,1.254040
1.489966,1.263316
1.449050,1.275188
1.449431,1.281514
1.435128,1.301158
1.461280,1.329903
1.483669,1.322114
1.457202,1.298997
1.428742,1.261788
1.429488,1.304086
1.408414,1.306149
1.395532,1.306768
1.395532,1.306768
1.395532,1.306768
1.362563,1.295356
1.338296,1.338883
1.381520,1.300774
1.404005,1.305255
1.400816,1.310835
1.415743,1.290380
1.436714,1.255767
1.481484,1.207764
1.522038,1.190771
1.549048,1.154981
1.517600,1.108635
1.468640,1.138269
1.453301,1.126840
1.424695,1.149352
1.423649,1.171486
1.446567,1.158716
1.419894,1.158056
1.416067,1.134773
1.414525,1.127550
1.370160,1.172718
1.400587,1.173631
1.400587,1.173631
1.367811,1.207045
1.394655,1.174972
1.388762,1.214722
1.355910,1.182837
1.355910,1.182837
1.355612,1.163029
1.357673,1.209026
1.397179,1.195082
1.390189,1.209377
1.417248,1.187018
1.398281,1.204538
1.406664,1.202245
1.359476,1.216548
1.315676,1.173018
1.333630,1.125837
1.365223,1.103703
1.318059,1.118871
1.352180,1.097503
1.393970,1.061450
1.383681,1.029039
1.387270,1.039945
1.387270,1.039945
1.427848,1.038499
1.423924,0.998383
1.405642,1.023571
1.442787,1.020269
1.455255,0.978665
1.414932,0.956702
1.414932,0.956702
1.389653,0.990513
1.433016,0.997838
1.478635,1.024994
1.452658,1.030522
1.459954,1.042017
1.449205,0.993803
1.469228,1.006659
1.429938,0.972180
1.456724,0.955212
1.483587,0.948814
1.504163,0.967178
1.510453,0.979386
1.510453,0.979386
1.523937,1.005043
1.498286,1.000335
1.478567,0.970158
1.506689,1.013946
1.522384,1.011318
1.492434,1.031657
1.494428,1.054923
1.472439,1.086303
1.475374,1.115179
1.436534,1.123433
1.441912,1.107227
1.441912,1.107227
1.451421,1.129351
1.457155,1.106370
1.457155,1.106370
1.465344,1.139500
1.421454,1.179929
1.421454,1.179929
1.422335,1.178120
1.443904,1.186700
1.443904,1.186700
1.469792,1.196987
1.449241,1.187259
1.436957,1.236794
1.436957,1.236794
1.422922,1.250905
1.379782,1.299939
1.375814,1.307402
1.390779,1.329961
1.345022,1.290188
1.376541,1.327853
1.409798,1.279190
1.385938,1.256236
1.362425,1.277775
1.396444,1.237275
1.428766,1.271894
1.462567,1.266129
1.496946,1.270206
1.539104,1.316869
1.550390,1.300655
1.570581,1.262110
1.600635,1.280074
1.587785,1.303770
1.584315,1.276826
1.619206,1.291558
1.597380,1.266785
1.570223,1.245412
1.532518,1.225664
1.532518,1.225664
1.487929,1.222830
1.512069,1.235735
1.524907,1.205752
1.483295,1.232519
1.522170,1.215792
1.549331,1.205214
1.499753,1.241994
1.499753,1.241994
1.458660,1.206090
1.507934,1.253772
1.538667,1.273966
1.515238,1.307941
1.475162,1.344725
1.500279,1.391799
1.475386,1.415004
1.461557,1.381542
1.505183,1.416646
1.519682,1.398048
1.559913,1.361062
1.559825,1.387005
1.588757,1.346706
1.603652,1.385522
1.623990,1.392239
1.625305,1.398771
1.601672,1.395312
1.587944,1.382083
1.554708,1.378589
1.532674,1.352522
1.519119,1.333655
1.481787,1.293385
1.462063,1.296670
1.435978,1.280497
1.448255,1.323360
1.411981,1.358575
1.443746,1.346854
1.412321,1.379070
1.368356,1.361450
1.330755,1.402813
1.337229,1.414170
1.358042,1.413192
1.358042,1.413192
1.393405,1.365901
1.427911,1.407392
1.432664,1.377279
1.439260,1.348046
1.428861,1.358562
1.403617,1.385699
1.393182,1.409906
1.397468,1.445870
1.447173,1.441471
1.432935,1.433013
1.412893,1.392096
1.441650,1.405535
1.415067,1.434507
1.449042,1.444909
1.444631,1.419746
1.465601,1.452654
1.448284,1.406603
1.408214,1.454453
1.455140,1.443144
1.445748,1.490612
1.431003,1.464443
1.468191,1.478064
1.472791,1.493820
1.460292,1.523358
1.428913,1.546895
1.461273,1.514788
1.461273,1.514788
1.487693,1.557508
1.438177,1.547193
1.484917,1.507442
1.480040,1.524891
1.512680,1.511943
1.486196,1.493046
1.516915,1.483131
1.536924,1.477657
1.502643,1.518043
1.490695,1.511530
1.490695,1.511530
1.508564,1.538923
1.511660,1.563747
1.511660,1.563747
1.511660,1.563747
1.478247,1.595145
1.441559,1.583851
1.466025,1.580528
1.509292,1.574601
1.527606,1.566603
1.556967,1.546573
1.524409,1.537550
1.509119,1.570156
1.460925,1.570280
1.491433,1.614345
1.491433,1.614345
1.471464,1.588340
1.471464,1.588340
1.480044,1.603631
1.468845,1.583286
1.430003,1.567889
1.471658,1.556849
1.468421,1.549196
1.512121,1.522858
1.493521,1.505697
1.488409,1.486223
1.533449,1.475598
1.488693,1.457568
1.442565,1.482660
1.434742,1.503139
1.428453,1.513201
1.474031,1.543299
1.508912,1.583098
1.472485,1.556441
1.491492,1.598511
1.488452,1.616622
1.477945,1.628484
1.464236,1.619898
1.419287,1.664520
1.427373,1.659547
1.462275,1.648594
1.511109,1.600614
1.496221,1.589865
1.523574,1.604581
1.523574,1.604581
1.513944,1.555242
1.497475,1.569912
1.450177,1.522520
1.441481,1.570589
1.486779,1.594734
1.521693,1.586917
1.508906,1.586571
1.467284,1.537654
1.504568,1.580361
1.501602,1.626351
1.510094,1.657411
1.503128,1.678663
1.471291,1.691728
1.471291,1.691728
1.502115,1.644108
1.519383,1.677575
1.479029,1.637668
1.488039,1.675835
1.497080,1.629877
1.479813,1.615634
1.479813,1.615634
1.500252,1.633157
1.500252,1.633157
1.459954,1.647579
1.444061,1.627939
1.432677,1.594278
1.456755,1.581973
1.428215,1.607283
1.428215,1.607283
1.474056,1.561999
1.513266,1.561390
1.483536,1.586194
1.459411,1.626783
1.451838,1.642809
1.451838,1.642809
1.487688,1.675497
1.452936,1.687442
1.452936,1.687442
1.499718,1.661635
1.528026,1.628338
1.528026,1.628338
1.521712,1.612549
1.568257,1.588209
1.568257,1.588209
1.584077,1.577821
1.584077,1.577821
1.605167,1.537133
1.605167,1.537133
1.577621,1.577013
1.549946,1.550321
1.527610,1.545204
1.499411,1.593094
1.450972,1.587009
1.424079,1.593448
1.428795,1.554277
1.446931,1.575532
1.448005,1.612856
1.493373,1.623731
1.525623,1.644448
1.475970,1.622757
1.442816,1.613975
1.442816,1.613975
1.445187,1.565622
1.446591,1.555320
1.456401,1.533847
1.457220,1.494087
1.438628,1.513141
1.441906,1.515753
1.484001,1.497856
1.521469,1.535803
1.521469,1.535803
1.492020,1.576266
1.469583,1.582364
1.491552,1.616812
1.501449,1.652873
1.477160,1.624187
1.437986,1.636183
1.424321,1.655170
1.399226,1.688251
1.394797,1.653093
1.444560,1.612926
1.472831,1.576672
1.481423,1.573606
1.465268,1.555903
1.493973,1.508413
1.461770,1.471734
1.496996,1.504991
1.542476,1.496380
1.492619,1.449741
1.502985,1.475503
1.534719,1.521473
1.521505,1.539423
1.521505,1.539423
1.537703,1.573293
1.585216,1.618405
1.585216,1.618405
1.626199,1.627977
1.614677,1.582514
1.578372,1.604745
1.605932,1.594937
1.563263,1.559557
1.528800,1.535257
1.533442,1.554429
1.564970,1.548794
1.564970,1.548794
1.563834,1.557851
1.580889,1.594021
1.580889,1.594021
1.627414,1.638881
1.595069,1.619618
1.575377,1.655618
1.610076,1.640380
1.651601,1.655021
1.679994,1.651177
1.670132,1.608380
1.695781,1.584746
1.695781,1.584746
1.650757,1.578288
1.698987,1.577532
1.666430,1.582385
1.663816,1.555810
1.663816,1.555810
1.618922,1.516910
1.668084,1.484496
1.630247,1.463964
1.639220,1.462668
1.608684,1.457301
1.568347,1.506236
1.574060,1.523768
1.556519,1.520528
1.556195,1.562711
1.526355,1.541290
1.517935,1.533058
1.476225,1.518209
1.498547,1.472386
1.451059,1.441856
1.423522,1.437594
1.398036,1.398955
1.438416,1.363847
1.458491,1.353413
1.427394,1.306713
1.462232,1.327653
1.472477,1.319458
1.515052,1.275894
1.493699,1.303759
1.473885,1.283808
1.466228,1.288704
1.436717,1.299071
1.436717,1.299071
1.435228,1.282291
1.435274,1.254489
1.403335,1.247203
1.413257,1.208363
1.374330,1.257838
1.388009,1.259322
1.341711,1.238053
1.292107,1.234162
1.325885,1.253616
1.312640,1.232960
1.334346,1.249382
1.310716,1.200991
1.287157,1.241820
1.294547,1.253655
1.337884,1.213742
1.341806,1.233244
1.371230,1.269474
1.417484,1.261961
1.417484,1.261961
1.467026,1.304299
1.514116,1.344117
1.563142,1.331823
1.603471,1.333851
1.581168,1.287722
1.580819,1.325039
1.580819,1.325039
1.616627,1.356471
1.616627,1.356471
1.616627,1.356471
1.616627,1.356471
1.654990,1.315521
1.704308,1.306376
1.727423,1.296472
1.720930,1.269592
1.720930,1.269592
1.726198,1.308519
1.684515,1.337834
1.671202,1.296027
1.639249,1.250966
1.677196,1.224873
1.673541,1.197749
1.679325,1.213954
1.688403,1.185215
1.704825,1.200841
1.657699,1.154384
1.677818,1.185922
1.629247,1.152194
1.592681,1.195634
1.587315,1.206216
1.631569,1.184420
1.592412,1.162384
1.592213,1.118129
1.566627,1.091925
1.531605,1.092797
1.567648,1.063469
1.609395,1.093735
1.629297,1.096437
1.647755,1.119205
1.647755,1.119205
1.604417,1.137580
1.650209,1.158780
1.666999,1.160471
1.664966,1.186604
1.664966,1.186604
1.694351,1.162304
1.662623,1.200957
1.633943,1.183423
1.625425,1.214730
1.669545,1.241266
1.663497,1.192055
1.663497,1.192055
1.659922,1.202549
1.680291,1.246641
1.654239,1.288530
1.606257,1.262510
1.642347,1.232902
1.676050,1.272003
1.636801,1.320610
1.596108,1.287156
1.580754,1.334862
1.591631,1.349183
1.558875,1.316800
1.519748,1.308526
1.530925,1.352181
1.481125,1.369808
1.458665,1.385834
1.482452,1.376652
1.513231,1.376109
1.480568,1.399205
1.465819,1.416675
1.486839,1.407236
1.478755,1.435892
1.481119,1.468010
1.524679,1.477703
1.558420,1.462624
1.536951,1.432142
1.536951,1.432142
1.542062,1.435582
1.512838,1.463816
1.554013,1.496836
1.557665,1.472939
1.585225,1.470659
1.559315,1.510841
1.541693,1.538757
1.561548,1.539026
1.519685,1.538958
1.483010,1.547717
1.486759,1.564288
1.483573,1.607131
1.510999,1.565819
1.518553,1.615329
1.561441,1.633672
1.595283,1.625789
1.558484,1.645589
1.578871,1.679497
1.578871,1.679497
1.564726,1.653251
1.590162,1.649334
1.627655,1.599974
1.615522,1.570501
1.644822,1.525326
1.669091,1.515989
1.687717,1.467200
1.688438,1.477125
1.688438,1.477125
1.643932,1.469694
1.643932,1.469694
1.628689,1.468968
1.628689,1.468968
1.613505,1.484820
1.593579,1.476152
1.593650,1.483067
1.634893,1.443223
1.654715,1.402295
1.702580,1.362144
1.750587,1.316875
1.736154,1.345815
1.783073,1.302587
1.783073,1.302587
1.757970,1.306481
1.757970,1.306481
1.736028,1.319652
1.690247,1.281641
1.700551,1.265993
1.714571,1.299079
1.672396,1.262809
1.666207,1.243675
1.658389,1.238538
1.658389,1.238538
1.635865,1.190078
1.639646,1.238097
1.640303,1.272283
1.669381,1.290931
1.631443,1.268070
1.591135,1.305145
1.591135,1.305145
1.598901,1.326368
1.562634,1.292632
1.603278,1.293910
1.555844,1.269407
1.558476,1.310453
1.540259,1.334149
1.540427,1.363364
1.564289,1.404092
1.567488,1.377003
1.589781,1.355827
1.639597,1.308774
1.600377,1.336839
1.577371,1.381902
1.577371,1.381902
1.576733,1.358945
1.577821,1.342499
1.600034,1.374499
1.616725,1.389409
1.650944,1.408264
1.635980,1.415719
1.603708,1.424613
1.602565,1.407756
1.602565,1.407756
1.640154,1.365909
1.594383,1.397582
1.583678,1.375444
1.551817,1.382854
1.535017,1.423260
1.495190,1.463796
1.489081,1.488550
1.489081,1.488550
1.479970,1.459267
1.477393,1.451640
1.468846,1.402847
1.511203,1.387420
1.516621,1.342682
1.522569,1.316547
1.544949,1.355042
1.525470,1.376414
1.563423,1.345306
1.539321,1.371374
1.565166,1.349268
1.523003,1.314329
1.488167,1.323975
1.483521,1.336885
1.533446,1.330810
1.545153,1.282782
1.544149,1.315305
1.579876,1.278765
1.593899,1.256761
1.641744,1.292542
1.689054,1.329530
1.687801,1.372637
1.672584,1.413729
1.628961,1.443888
1.607244,1.445937
1.567668,1.487977
1.520483,1.466093
1.504678,1.426414
1.506358,1.457510
1.481196,1.453904
1.495421,1.445021
1.528984,1.434180
1.537935,1.477635
1.499539,1.446535
1.517087,1.479182
1.475854,1.471066
1.473944,1.470512
1.480504,1.432308
1.519984,1.476059
1.480452,1.461609
1.480452,1.461609
1.496828,1.483993
1.496710,1.507550
1.486602,1.527307
1.482888,1.501641
1.447990,1.469329
1.433258,1.463845
1.427079,1.510426
1.455231,1.471452
1.471065,1.497393
1.434780,1.449373
1.456940,1.491438
1.443565,1.491577
1.472498,1.476531
1.499086,1.441727
1.535030,1.447309
1.522058,1.427407
1.499232,1.399831
1.490163,1.370216
1.496664,1.334002
1.476624,1.317445
1.502506,1.325285
1.508287,1.285330
1.520255,1.320839
1.551244,1.358412
1.576899,1.336142
1.620956,1.309646
1.647730,1.306240
1.671290,1.273995
1.671290,1.273995
1.682389,1.312444
1.730765,1.264110
1.697217,1.230672
1.687684,1.213356
1.642327,1.189656
1.642327,1.189656
1.597985,1.225684
1.616050,1.256296
1.641566,1.294155
1.622312,1.299362
1.629960,1.340026
1.672967,1.349011
1.698312,1.331507
1.740035,1.372963
1.740894,1.412301
1.698351,1.386762
1.677811,1.369541
1.640758,1.328101
1.644598,1.361517
1.620117,1.403727
1.665364,1.373573
1.667925,1.422631
1.636717,1.396636
1.676970,1.442623
1.641037,1.416527
1.641037,1.416527
1.642467,1.437105
1.627730,1.452780
1.604656,1.449661
1.581757,1.492632
1.601458,1.509278
1.568524,1.482554
1.528865,1.530812
1.565501,1.578369
1.524225,1.552373
1.519653,1.601547
1.519680,1.558286
1.552898,1.548403
1.531104,1.572808
1.556088,1.568787
1.550175,1.583873
1.515061,1.630971
1.473125,1.615762
1.516234,1.650144
1.513108,1.611399
1.487570,1.585424
1.534411,1.553255
1.565546,1.532437
1.570337,1.554988
1.571568,1.536206
1.524593,1.538402
1.564521,1.510211
1.543603,1.527526
1.574020,1.551713
1.598568,1.528677
1.592197,1.557021
1.562760,1.511604
1.519652,1.489066
1.480312,1.503056
1.456787,1.521649
1.489196,1.524577
1.490858,1.545254
1.489559,1.518005
1.489559,1.518005
1.518058,1.508954
1.507678,1.541501
1.499066,1.499752
1.480375,1.464077
1.525942,1.415162
1.549168,1.458762
1.515480,1.471190
1.551936,1.495713
1.534336,1.477270
1.485158,1.450669
1.489296,1.499221
1.504156,1.454238
1.552211,1.404745
1.555773,1.374583
1.531902,1.376183
1.577200,1.400119
1.537451,1.446344
1.578455,1.489907
1.599618,1.484690
1.568486,1.440622
1.538094,1.443617
1.541045,1.437479
1.587203,1.421899
1.612712,1.442309
1.599948,1.430852
1.608983,1.477664
1.618757,1.443829
1.614548,1.412472
1.662860,1.396098
1.637809,1.355106
1.624996,1.400150
1.637023,1.441020
1.592051,1.403105
1.598759,1.442849
1.568447,1.489849
1.535486,1.515970
1.535486,1.515970
1.570387,1.497606
1.536542,1.453816
1.489201,1.496520
1.490787,1.450533
1.492754,1.417493
1.460302,1.395041
1.454421,1.353432
1.489653,1.400958
1.450640,1.413598
1.414383,1.441877
1.391923,1.451266
1.362397,1.406772
1.315786,1.412395
1.339770,1.415915
1.359938,1.374772
1.345492,1.379569
1.345492,1.379569
1.345492,1.379569
1.378904,1.339739
1.426418,1.301380
1.395324,1.318834
1.378110,1.286636
1.340597,1.312569
1.311670,1.333611
1.350202,1.350611
1.366103,1.389086
1.362018,1.428754
1.348536,1.452399
1.309914,1.423612
1.263028,1.411350
1.262615,1.365460
1.310355,1.334285
1.321875,1.360314
1.314605,1.363941
1.289490,1.357262
1.271253,1.356712
1.242923,1.310962
1.287695,1.293240
1.240801,1.339472
1.242799,1.324006
1.277075,1.297944
1.302000,1.315598
1.335073,1.267188
1.291519,1.263194
1.285457,1.277629
1.260217,1.269175
1.254903,1.246372
1.227604,1.245415
1.182941,1.283141
1.209619,1.270193
1.162795,1.302957
1.145315,1.312176
1.145315,1.312176
1.192510,1.322236
1.231561,1.353957
1.240766,1.354204
1.232851,1.326862
1.261992,1.300334
1.249290,1.316684
1.233988,1.342452
1.233988,1.342452
1.245432,1.377286
1.272106,1.382148
1.260430,1.354686
1.221159,1.320164
1.179765,1.311612
1.223987,1.355993
1.230332,1.388164
1.196264,1.410613
1.217640,1.370955
1.217640,1.370955
1.226441,1.391930
1.187993,1.392464
1.199304,1.395970
1.226198,1.413619
1.274664,1.377897
1.312903,1.359970
1.286167,1.407380
1.304391,1.407841
1.327054,1.404319
1.371725,1.379383
1.326708,1.374573
1.325741,1.330000
1.291304,1.340920
1.254550,1.318738
1.275054,1.335984
1.279184,1.337255
1.310848,1.330630
1.297351,1.376731
1.329430,1.421777
1.320502,1.385108
1.303368,1.398925
1.296072,1.376068
1.319013,1.356021
1.314044,1.343791
1.350812,1.391123
1.335337,1.412602
1.335337,1.412602
1.338535,1.451396
1.338535,1.451396
1.301465,1.427453
1.273353,1.442246
1.310498,1.443172
1.300962,1.464369
1.342390,1.455908
1.338618,1.459853
1.338618,1.459853
1.361957,1.411223
1.366137,1.459513
1.366083,1.459660
1.395173,1.470510
1.363858,1.469319
1.367040,1.437488
1.404858,1.443340
1.443772,1.477725
1.429031,1.527278
1.423272,1.526790
1.379896,1.503912
1.428053,1.480688
1.402016,1.477044
1.381040,1.447279
1.378011,1.431027
1.422983,1.468416
1.439597,1.507383
1.455852,1.498985
1.440094,1.461500
1.431693,1.472469
1.404171,1.494980
1.420698,1.473238
1.412981,1.479408
1.386063,1.462980
1.404055,1.452666
1.416499,1.501558
1.385539,1.453552
1.392967,1.492714
1.434267,1.529315
1.443145,1.538257
1.483557,1.544377
1.460764,1.562761
1.498926,1.553563
1.501202,1.507437
1.487066,1.526077
1.531590,1.528593
1.572916,1.497395
1.603425,1.463626
1.580255,1.447519
1.618389,1.465980
1.650457,1.437767
1.602029,1.396207
1.610219,1.445720
1.574950,1.478471
1.562130,1.513785
1.534177,1.504615
1.550037,1.472954
1.513557,1.457481
1.554059,1.471749
1.556898,1.483340
1.527329,1.514027
1.527329,1.514027
1.515565,1.502732
1.565277,1.509233
1.554014,1.519010
1.507539,1.505009
1.534296,1.510252
1.489647,1.501276
1.480337,1.516387
1.459995,1.529337
1.498971,1.500256
1.459828,1.523661
1.471456,1.568598
1.459225,1.594490
1.459225,1.594490
1.456287,1.620092
1.492332,1.619211
1.532743,1.605111
1.503600,1.600880
1.460704,1.551916
1.500716,1.526693
1.474382,1.546362
1.500772,1.568428
1.453834,1.582896
1.409328,1.571825
1.403474,1.583556
1.450313,1.602379
1.456480,1.560300
1.456480,1.560300
1.471547,1.588073
1.491192,1.568368
1.459708,1.610536
1.433517,1.617387
1.408511,1.639527
1.432772,1.604039
1.451452,1.557233
1.436632,1.573808
1.439123,1.533231
1.429882,1.527773
1.429353,1.532143
1.430125,1.507909
1.387623,1.476854
1.338756,1.467065
1.373541,1.500212
1.362897,1.509787
1.329316,1.508433
1.372941,1.519485
1.385603,1.531436
1.398567,1.512231
1.416835,1.546498
1.423431,1.500400
1.434683,1.511612
1.396184,1.467010
1.437854,1.514964
1.403742,1.486801
1.354316,1.484425
1.352025,1.491923
1.333206,1.493165
1.357404,1.486188
1.364875,1.450581
1.373356,1.401657
1.335235,1.399960
1.377094,1.423282
1.372419,1.445464
1.332992,1.404682
1.287694,1.369832
1.311381,1.381864
1.353688,1.339288
1.353688,1.339288
1.310632,1.385277
1.294120,1.368332
1.256818,1.339687
1.268217,1.319396
1.242060,1.303875
1.218980,1.290731
1.169780,1.292552
1.195552,1.341870
1.209955,1.322007
1.259113,1.310140
1.216045,1.273468
1.251358,1.275229
1.203711,1.267582
1.248364,1.256324
1.248364,1.256324
1.278837,1.217398
1.260900,1.243004
1.239765,1.235311
1.203775,1.241774
1.175150,1.249853
1.175150,1.249853
1.193799,1.272583
1.193799,1.272583
1.217807,1.285554
1.241616,1.243363
1.214921,1.281347
1.228839,1.301768
1.209434,1.264638
1.195207,1.249823
1.188729,1.268065
1.171362,1.273511
1.200241,1.254523
1.189918,1.258807
1.149321,1.234738
1.141123,1.252702
1.187032,1.243132
1.187032,1.243132
1.156875,1.290964
1.156875,1.290964
1.156875,1.290964
1.163755,1.337824
1.212660,1.372572
1.254107,1.382544
1.290761,1.422002
1.312308,1.461707
1.272300,1.443341
1.226235,1.427959
1.235765,1.398782
1.283266,1.357238
1.329040,1.383427
1.281014,1.397720
1.321931,1.400567
1.312919,1.431679
1.301867,1.384140
1.260537,1.338855
1.252577,1.360074
1.218994,1.337375
1.224664,1.326057
1.248041,1.328522
1.247988,1.327912
1.247988,1.327912
1.243320,1.377507
1.258539,1.360873
1.268794,1.312375
1.237968,1.324753
1.278812,1.298012
1.302159,1.286603
1.302159,1.286603
1.257311,1.329415
1.226144,1.297747
1.226144,1.297747
1.182865,1.305346
1.194521,1.314485
1.198523,1.272192
1.212931,1.235069
1.245994,1.226531
1.217549,1.240838
1.217549,1.240838
1.187845,1.215733
1.223558,1.241949
1.271207,1.275035
1.221653,1.228547
1.185295,1.245904
1.207789,1.204088
1.188644,1.231339
1.186823,1.229511
1.186823,1.229511
1.153607,1.276133
1.153607,1.276133
1.166836,1.316991
1.125938,1.337297
1.105385,1.307727
1.106928,1.341583
1.100645,1.336949
1.066432,1.324160
1.046964,1.326753
1.001713,1.285315
0.999467,1.334176
1.001518,1.319544
0.997392,1.270292
0.997392,1.270292
1.045018,1.310936
1.024430,1.295693
0.986216,1.326632
0.986216,1.326632
0.986216,1.326632
1.025552,1.350189
1.069727,1.395274
1.086802,1.385716
1.135682,1.402669
1.098215,1.392649
1.136625,1.349360
1.178139,1.378200
1.133940,1.336764
1.145412,1.335960
1.102667,1.329099
1.096394,1.299851
1.096394,1.299851
1.096394,1.299851
1.079809,1.345804
1.079809,1.345804
1.041063,1.353595
1.050981,1.334052
1.061092,1.375096
1.061092,1.375096
1.046117,1.387622
1.078767,1.435276
1.126857,1.392276
1.131455,1.366113
1.121290,1.319679
1.122614,1.367547
1.122614,1.367547
1.092832,1.333042
1.092832,1.333042
1.111061,1.310160
1.061174,1.347085
1.045386,1.310051
1.045386,1.310051
1.071959,1.321754
1.078199,1.287157
1.042869,1.306250
1.013248,1.356182
0.963712,1.308296
0.963893,1.341730
1.001910,1.307270
0.982326,1.352988
1.029174,1.321300
1.025919,1.317796
1.003911,1.336766
1.003911,1.336766
1.039855,1.336847
1.063023,1.323498
1.077577,1.337670
1.126923,1.299357
1.139540,1.343795
1.152009,1.306912
1.168376,1.288573
1.206762,1.253434
1.201005,1.287469
1.208265,1.316187
1.207289,1.311470
1.225628,1.331660
1.202212,1.373132
1.223801,1.417403
1.226241,1.439569
1.215238,1.401648
1.179914,1.420020
1.179914,1.420020
1.193345,1.447204
1.172222,1.440432
1.162745,1.450677
1.120039,1.402257
1.120689,1.413123
1.152266,1.427507
1.196325,1.427333
1.150479,1.401916
1.199470,1.394829
1.217599,1.383075
1.181782,1.407272
1.181782,1.407272
1.139544,1.415692
1.160589,1.421041
1.152294,1.410443
1.152294,1.410443
1.122278,1.428521
1.148497,1.396531
1.148497,1.396531
1.185283,1.445290
1.204308,1.409680
1.199737,1.383094
1.160568,1.371021
1.154178,1.367723
1.149213,1.322966
1.110584,1.284816
1.086047,1.287340
1.093756,1.249391
1.089380,1.206628
1.080400,1.189103
1.110934,1.168168
1.112905,1.187869
1.129158,1.162791
1.167338,1.150146
1.213120,1.199628
1.169096,1.204639
1.205452,1.229552
1.205452,1.229552
1.172159,1.277689
1.144042,1.317371
1.144042,1.317371
1.117507,1.337272
1.147540,1.300681
1.149020,1.280910
1.125115,1.310536
1.166651,1.306880
1.166651,1.306880
1.188427,1.289529
1.202870,1.243922
1.235064,1.220625
1.198129,1.257616
1.173609,1.241340
1.173609,1.241340
1.173609,1.241340
1.148632,1.252628
1.105530,1.250386
1.073356,1.292093
1.083900,1.314664
1.109645,1.308219
1.152595,1.264844
1.188704,1.247387
1.188704,1.247387
1.227122,1.246989
1.183928,1.272343
1.230866,1.257396
1.232326,1.299079
1.237878,1.308218
1.218099,1.286190
1.223649,1.273189
1.247535,1.321668
1.261339,1.328858
1.291552,1.318073
1.280323,1.290491
1.278263,1.263799
1.290405,1.230024
1.304020,1.260684
1.297405,1.290009
1.260737,1.314708
1.226169,1.328468
1.262473,1.285551
1.262473,1.285551
1.252221,1.272601
1.270424,1.316639
1.244427,1.289864
1.203105,1.291948
1.216681,1.257556
1.218889,1.270866
1.172092,1.246371
1.149930,1.277014
1.116426,1.272134
1.116426,1.272134
1.147412,1.245871
1.147412,1.245871
1.128970,1.295258
1.106680,1.275777
1.058660,1.291590
1.058660,1.291590
1.078733,1.261942
1.061009,1.283302
1.029149,1.305005
1.029149,1.305005
1.052589,1.258419
1.077576,1.219339
1.057945,1.175624
1.080472,1.184834
1.036322,1.170869
1.040662,1.206403
1.046145,1.160952
0.997846,1.203022
1.018058,1.204788
1.032095,1.222978
1.033960,1.268903
1.033960,1.268903
1.043191,1.317394
1.072258,1.334247
1.082253,1.322250
1.120180,1.365645
1.150406,1.368260
1.178376,1.362095
1.192657,1.391545
1.192657,1.391545
1.228606,1.388104
1.249702,1.346661
1.217938,1.389226
1.189939,1.397179
1.189939,1.397179
1.234675,1.380520
1.248123,1.403591
1.248123,1.403591
1.219123,1.406119
1.195985,1.424670
1.211705,1.426894
1.240587,1.451637
1.226123,1.455264
1.263771,1.502396
1.260100,1.503855
1.248871,1.479350
1.275263,1.448025
1.260261,1.407489
1.305293,1.365925
1.281255,1.347728
1.260356,1.397573
1.251945,1.432026
1.201985,1.459461
1.213024,1.493446
1.254170,1.536040
1.210396,1.527196
1.254671,1.558722
1.242224,1.551026
1.232595,1.531266
1.275321,1.522380
1.240475,1.570705
1.196686,1.603636
1.172279,1.595113
1.154750,1.583237
1.135719,1.625660
1.098840,1.596855
1.134769,1.558091
1.094714,1.560016
1.112820,1.566590
1.094453,1.570479
1.094453,1.570479
1.064743,1.543096
1.047864,1.545928
1.049282,1.581152
1.082578,1.594023
1.105303,1.623850
1.069765,1.648027
1.047644,1.646188
1.072114,1.623846
1.114771,1.662563
1.147577,1.634619
1.192710,1.668921
1.165236,1.624528
1.165236,1.624528
1.171714,1.603074
1.213097,1.621748
1.201471,1.628921
1.160620,1.633203
1.180796,1.645998
1.142993,1.686104
1.136979,1.703549
1.160173,1.720446
1.146149,1.721106
1.135908,1.708820
1.121209,1.667050
1.077375,1.636008
1.088321,1.603128
1.126026,1.621631
1.152480,1.630078
1.182558,1.652819
1.150290,1.623743
1.150249,1.630236
1.191461,1.581139
1.228573,1.534777
1.221143,1.548493
1.231319,1.571178
1.231319,1.571178
1.183106,1.566070
1.203806,1.571530
1.183832,1.561804
1.232316,1.538980
1.246897,1.499193
1.230326,1.495063
1.186786,1.510973
1.227946,1.485085
1.274131,1.526849
1.303369,1.518098
1.333410,1.515242
1.343075,1.563061
1.371850,1.586384
1.362440,1.621465
1.363501,1.658741
1.363501,1.658741
1.323781,1.681432
1.314557,1.661566
1.283401,1.613766
1.245737,1.599326
1.276310,1.640207
1.276310,1.640207
1.284966,1.616079
1.289605,1.584508
1.278466,1.574878
1.273264,1.546548
1.273264,1.546548
1.302329,1.535800
1.319034,1.502383
1.353599,1.533530
1.309190,1.554709
1.311441,1.583058
1.311441,1.583058
1.313628,1.541563
1.301791,1.496797
1.252501,1.478581
1.288156,1.445142
1.271287,1.424622
1.240433,1.451974
1.201524,1.408878
1.223424,1.392059
1.234821,1.435064
1.195264,1.396288
1.175495,1.348599
1.194082,1.334207
1.209010,1.339148
1.193692,1.378349
1.239126,1.385421
1.228587,1.353406
1.209783,1.317067
1.255994,1.294878
1.286879,1.269957
1.271778,1.267303
1.316554,1.316758
1.332382,1.340533
1.348660,1.327826
1.355706,1.344766
1.339119,1.370373
1.354790,1.350602
1.387848,1.356504
1.430899,1.315839
1.414268,1.296273
1.380396,1.321491
1.352447,1.368350
1.346809,1.412984
1.339144,1.389918
1.362615,1.370629
1.367261,1.363132
1.369538,1.317504
1.411900,1.306292
1.411900,1.306292
1.456478,1.321563
1.421868,1.337190
1.398858,1.310015
1.426597,1.313712
1.410773,1.264243
1.438105,1.238898
1.395263,1.277657
1.355715,1.306812
1.355715,1.306812
1.403459,1.333455
1.449297,1.337334
1.403016,1.383063
1.380099,1.420153
1.350311,1.376098
1.369810,1.390525
1.384932,1.355923
1.415674,1.335568
1.417277,1.378006
1.442184,1.378277
1.412625,1.391067
1.417188,1.386752
1.403980,1.400178
1.386604,1.354043
1.351603,1.399300
1.339760,1.443457
1.386374,1.487380
1.421882,1.468520
1.422843,1.425606
1.423186,1.394187
1.424676,1.428126
1.389299,1.446342
1.389254,1.398950
1.436702,1.351964
1.396025,1.394010
1.396025,1.394010
1.420596,1.354094
1.408199,1.307156
1.456435,1.308610
1.502704,1.346591
1.541376,1.308590
1.493195,1.322927
1.470295,1.342158
1.512372,1.335358
1.510538,1.308200
1.461091,1.352497
1.452046,1.332869
1.445592,1.367276
1.490111,1.401758
1.529932,1.370828
1.570130,1.382915
1.591234,1.374933
1.594788,1.394737
1.590209,1.435713
1.622217,1.400243
1.622217,1.400243
1.595543,1.388831
1.641124,1.371997
1.633452,1.334880
1.671684,1.298948
1.627900,1.319668
1.579513,1.281406
1.570969,1.278399
1.555581,1.257974
1.516031,1.233649
1.541813,1.247894
1.541813,1.247894
1.583591,1.221337
1.557473,1.248470
1.509819,1.232259
1.475246,1.255696
1.446087,1.277471
1.416466,1.246039
1.414324,1.235847
1.414324,1.235847
1.392943,1.192111
1.407624,1.232511
1.457317,1.222923
1.484983,1.208766
1.480578,1.170919
1.487885,1.179889
1.510626,1.191804
1.508838,1.234416
1.476460,1.271088
1.517146,1.271732
1.487985,1.260613
1.449195,1.222677
1.449195,1.222677
1.452196,1.264510
1.423804,1.273424
1.439233,1.283911
1.433449,1.278343
1.467565,1.258477
1.438572,1.281189
1.417443,1.268760
1.436116,1.302224
1.444395,1.351485
1.443566,1.308256
1.454120,1.290468
1.466106,1.337684
1.466106,1.337684
1.454442,1.298980
1.479891,1.334205
1.518049,1.352411
1.500917,1.313526
1.543265,1.351010
1.502257,1.335692
1.489258,1.353040
1.514986,1.373249
1.484211,1.331906
1.464194,1.315365
1.460381,1.327692
1.454822,1.299230
1.489177,1.303752
1.466184,1.260420
1.485506,1.303641
1.493869,1.349496
1.471529,1.392223
1.513902,1.349769
1.499550,1.333656
1.473479,1.353168
1.435549,1.377834
1.480004,1.424030
1.479594,1.441116
1.456681,1.429958
1.467086,1.409900
1.454204,1.406853
1.416810,1.429025
1.388312,1.467021
1.404977,1.451987
1.434140,1.488249
1.430588,1.485599
1.446472,1.459848
1.451104,1.412412
1.451104,1.412412
1.486524,1.416766
1.523501,1.383453
1.504827,1.429336
1.554103,1.402376
1.521639,1.394863
1.547870,1.358099
1.596079,1.393334
1.582183,1.351227
1.578334,1.356029
1.607397,1.327616
1.607397,1.327616
1.629183,1.374360
1.644856,1.400203
1.644856,1.400203
1.647733,1.449674
1.674344,1.400714
1.654914,1.441259
1.617412,1.439755
1.579113,1.445825
1.604953,1.440160
1.591446,1.435358
1.595065,1.463749
1.546483,1.441017
1.543629,1.467231
1.561496,1.469149
1.569268,1.487794
1.532492,1.485036
1.555191,1.492992
1.521487,1.532188
1.567177,1.546765
1.534047,1.525499
1.560467,1.574393
1.560467,1.574393
1.544109,1.548140
1.536166,1.544814
1.536382,1.580428
1.585782,1.542013
1.589600,1.508705
1.564295,1.498224
1.551364,1.479670
1.590519,1.449826
1.558598,1.448222
1.525633,1.420369
1.572710,1.433760
1.577478,1.476905
1.543899,1.517027
1.593490,1.490318
1.602256,1.519917
1.614452,1.499183
1.614452,1.499183
1.646329,1.452230
1.654889,1.413025
1.625060,1.389089
1.607978,1.383097
1.651000,1.363866
1.631249,1.397763
1.624844,1.348198
1.616129,1.380795
1.616129,1.380795
1.616129,1.380795
1.612449,1.337976
1.568227,1.290019
1.525811,1.300603
1.517426,1.283469
1.525523,1.261943
1.546934,1.226622
1.511512,1.185628
1.532659,1.202483
1.572006,1.212525
1.528677,1.181223
1.528677,1.181223
1.516456,1.173562
1.528419,1.139616
1.539977,1.186594
1.512332,1.166877
1.540436,1.208276
1.506616,1.202906
1.484896,1.246295
1.507869,1.259732
1.507869,1.259732
1.497573,1.303328
1.521602,1.266059
1.496139,1.306534
1.511689,1.259007
1.546125,1.218009
1.540504,1.256004
1.516055,1.236889
1.539979,1.223880
1.587313,1.264487
1.637054,1.274602
1.619307,1.286528
1.619307,1.286528
1.582905,1.284117
1.550733,1.265618
1.512099,1.240650
1.512099,1.240650
1.505553,1.236773
1.466148,1.245715
1.471353,1.229606
1.451969,1.244426
1.457960,1.234313
1.502299,1.239538
1.502299,1.239538
1.481547,1.265971
1.530260,1.282010
1.530260,1.282010
1.482836,1.331494
1.471826,1.377757
1.471826,1.377757
1.442463,1.371272
1.459750,1.419513
1.463212,1.404452
1.423113,1.358266
1.461878,1.386705
1.463329,1.366296
1.502613,1.318418
1.541022,1.360048
1.506641,1.315949
1.549987,1.324241
1.525214,1.363697
1.519062,1.369710
1.497564,1.361160
1.518305,1.356616
1.554791,1.372605
1.580124,1.339576
1.535803,1.336104
1.572901,1.346688
1.562145,1.367772
1.597726,1.377560
1.618129,1.393286
1.627007,1.411486
1.648516,1.400712
1.654440,1.372877
1.700250,1.405376
1.672094,1.391254
1.703073,1.345223
1.654550,1.328453
1.681784,1.349374
1.681784,1.349374
1.653080,1.319399
1.699687,1.347403
1.713647,1.369709
1.666308,1.339575
1.671725,1.384736
1.693445,1.424741
1.693445,1.424741
1.674025,1.431461
1.653207,1.456478
1.631520,1.451476
1.622086,1.493131
1.572524,1.509330
1.616348,1.555987
1.621814,1.521084
1.615158,1.554945
1.605031,1.549216
1.584935,1.598404
1.587812,1.555775
1.622435,1.568258
1.620408,1.595638
1.620408,1.595638
1.580995,1.578129
1.571009,1.551839
1.528052,1.566795
1.542014,1.523562
1.576029,1.521689
1.602535,1.513704
1.602189,1.493468
1.630013,1.522793
1.612864,1.505405
1.588700,1.486215
1.541255,1.478820
1.529795,1.462528
1.520040,1.414702
1.546289,1.386039
1.584777,1.346883
1.559066,1.314886
1.584754,1.268392
1.630079,1.235856
1.599544,1.243707
1.576596,1.252716
1.604375,1.228604
1.618464,1.221666
1.612392,1.264318
1.579253,1.306523
1.579253,1.306523
1.571354,1.350785
1.571354,1.350785
1.552567,1.389383
1.535944,1.417003
1.493565,1.445928
1.521553,1.437361
1.503771,1.483942
1.500108,1.510659
1.549818,1.498055
1.530404,1.496994
1.482659,1.542381
1.478959,1.568796
1.478959,1.568796
1.464451,1.532765
1.452067,1.489770
1.466031,1.479821
1.438361,1.525229
1.454494,1.488588
1.465903,1.530300
1.467674,1.489049
1.512166,1.480643
1.526849,1.451533
1.563756,1.451129
1.612621,1.413388
1.611153,1.452125
1.611153,1.452125
1.609732,1.470053
1.598538,1.423357
1.608020,1.389162
1.608020,1.389162
1.655680,1.415536
1.615208,1.405491
1.591978,1.379030
1.629878,1.354195
1.584932,1.349503
1.619766,1.300380
1.600045,1.264474
1.576193,1.268096
1.557556,1.238218
1.518495,1.250296
1.511589,1.273121
1.466375,1.269900
1.435778,1.315203
1.480701,1.343186
1.492652,1.302049
1.462273,1.320624
1.440505,1.369965
1.483139,1.412452
1.531935,1.429089
1.498965,1.407379
1.524776,1.404928
1.483398,1.370217
1.455602,1.399254
1.456292,1.403729
1.431746,1.356729
1.424214,1.362145
1.382687,1.327284
1.347945,1.308513
1.376748,1.311544
1.388835,1.356082
1.430472,1.336655
1.457361,1.362662
1.420867,1.409085
1.378409,1.426930
1.398339,1.381344
1.362496,1.376180
1.381490,1.401215
1.385019,1.409058
1.429732,1.407850
1.429732,1.407850
1.441603,1.420072
1.483702,1.387158
1.437123,1.423427
1.415405,1.406652
1.393908,1.403395
1.406089,1.429800
1.446568,1.466767
1.447990,1.460013
1.436903,1.421502
1.435451,1.421296
1.431748,1.384727
1.454842,1.427578
1.422490,1.390589
1.436421,1.419575
1.443247,1.449810
1.472376,1.426972
1.435817,1.476198
1.435817,1.476198
1.463809,1.437662
1.502451,1.485624
1.545586,1.467566
1.539536,1.486995
1.557819,1.463852
1.584784,1.466568
1.564455,1.496226
1.537000,1.459974
1.568247,1.425279
1.557705,1.449158
1.525108,1.490001
1.526825,1.447878
1.482814,1.461142
1.496749,1.453279
1.458480,1.477294
1.491180,1.462169
1.465249,1.441842
1.497429,1.485271
1.512700,1.450565
1.468776,1.417754
1.447988,1.437390
1.427058,1.462075
1.419241,1.476430
1.423231,1.448960
1.462353,1.474526
1.489693,1.462141
1.500707,1.481714
1.500707,1.481714
1.536641,1.432215
1.528650,1.414085
1.507651,1.392734
1.472370,1.429916
1.491517,1.432273
1.491517,1.432273
1.477070,1.420651
1.456519,1.410723
1.476299,1.364680
1.513782,1.332624
1.477689,1.312066
1.477689,1.312066
1.510449,1.312173
1.529110,1.357634
1.537461,1.405156
1.542849,1.365565
1.531001,1.341969
1.526781,1.305834
1.510717,1.317028
1.474763,1.344244
1.435632,1.362727
1.414400,1.329122
1.435056,1.279709
1.417182,1.272268
1.382851,1.273894
1.392918,1.274092
1.416779,1.301820
1.459538,1.256862
1.490623,1.294578
1.529108,1.322626
1.539294,1.317251
1.516513,1.330293
1.470249,1.367176
1.425407,1.414744
1.471477,1.415093
1.440006,1.387696
1.479119,1.359707
1.478916,1.340004
1.466903,1.334799
1.421534,1.316161
1.404365,1.360378
1.368401,1.318514
1.407450,1.305412
1.413853,1.324623
1.382886,1.363355
1.382886,1.363355
1.368738,1.374975
1.367960,1.401795
1.366577,1.360523
1.352348,1.310679
1.383129,1.348525
1.370131,1.396383
1.372087,1.372401
1.409908,1.325086
1.391070,1.321861
1.428101,1.286397
1.432034,1.288198
1.476228,1.261951
1.438809,1.264684
1.478718,1.220295
1.493814,1.238440
1.522769,1.284860
1.485647,1.273320
1.526779,1.272137
1.561748,1.291389
1.599599,1.263095
1.558914,1.260669
1.512303,1.283018
1.515982,1.313600
1.495723,1.316211
1.473555,1.346665
1.434080,1.377987
1.466544,1.402097
1.452520,1.398196
1.451058,1.430478
1.448841,1.475811
1.478991,1.499218
1.526017,1.462831
1.511628,1.425031
1.552348,1.417179
1.513349,1.457460
1.515736,1.466937
1.527752,1.434851
1.485205,1.441805
1.490958,1.437871
1.521444,1.413095
1.554135,1.452936
1.554135,1.452936
1.566049,1.493764
1.567906,1.491127
1.611424,1.507100
1.571693,1.540573
1.592595,1.536468
1.585190,1.490982
1.598323,1.506397
1.599268,1.498104
1.583225,1.466282
1.572833,1.501966
1.619067,1.466528
1.644796,1.479986
1.604430,1.452905
1.632115,1.460382
1.635152,1.500087
1.632972,1.464013
1.632972,1.464013
1.670294,1.424683
1.670294,1.424683
1.677179,1.451594
1.635122,1.489216
1.600607,1.495046
1.600607,1.495046
1.572515,1.463793
1.564841,1.483855
1.559674,1.435456
1.524493,1.460968
1.541681,1.437464
1.550341,1.473758
1.530309,1.504666
1.571672,1.498291
1.571672,1.498291
1.571672,1.498291
1.545944,1.484916
1.595726,1.473689
1.589008,1.464884
1.586514,1.432924
1.586514,1.432924
1.629512,1.409642
1.629512,1.409642
1.617194,1.387675
1.572936,1.430133
1.589821,1.424052
1.556956,1.467623
1.519017,1.425003
1.526392,1.462224
1.539062,1.414752
1.559262,1.423351
1.559262,1.423351
1.519970,1.437581
1.536155,1.465243
1.570199,1.442544
1.585920,1.464076
1.593133,1.478695
1.550981,1.441390
1.512862,1.475896
1.509381,1.468864
1.488006,1.514736
1.505823,1.469821
1.528720,1.497566
1.560585,1.449722
1.513932,1.449605
1.530229,1.460939
1.493353,1.490347
1.497230,1.537129
1.497499,1.561614
1.490201,1.607417
1.442751,1.614647
1.459512,1.621660
1.489682,1.578229
1.475228,1.565173
1.456338,1.574345
1.433688,1.601849
1.482173,1.589046
1.498248,1.559023
1.498248,1.559023
1.457896,1.562247
1.507837,1.521292
1.500954,1.538213
1.486179,1.516519
1.523513,1.488768
1.571023,1.484056
1.542448,1.519827
1.567355,1.538667
1.586984,1.544760
1.586984,1.544760
1.572429,1.510551
1.572429,1.510551
1.580504,1.522487
1.533376,1.558617
1.507214,1.539477
1.496349,1.536181
1.496349,1.536181
1.541497,1.531965
1.541497,1.531965
1.541497,1.531965
1.576753,1.487102
1.576753,1.487102
1.529046,1.483674
1.486136,1.481531
1.496216,1.508000
1.527789,1.553152
1.487168,1.533912
1.528360,1.551819
1.521345,1.551374
1.482247,1.520169
1.524806,1.516456
1.482544,1.513936
1.459376,1.530942
1.439189,1.543977
1.409470,1.566240
1.409470,1.566240
1.409470,1.566240
1.409470,1.566240
1.368446,1.571513
1.365399,1.566366
1.351113,1.551436
1.327282,1.532484
1.375308,1.505218
1.375308,1.505218
1.337573,1.492950
1.346903,1.493545
1.303655,1.530672
1.293609,1.578412
1.266678,1.551329
1.266678,1.551329
1.251767,1.542627
1.210817,1.507164
1.255233,1.499974
1.217818,1.473201
1.221546,1.428146
1.267721,1.391262
1.223193,1.397005
1.225159,1.439626
1.211275,1.406994
1.211275,1.406994
1.170545,1.446552
1.150498,1.423159
1.159249,1.389778
1.196969,1.353176
1.169559,1.382901
1.151537,1.378728
1.183104,1.425059
1.183104,1.425059
1.192338,1.424711
1.213395,1.437477
1.259592,1.456136
1.258124,1.486991
1.258124,1.486991
1.264802,1.530991
1.302127,1.548549
1.259322,1.532250
1.258638,1.521772
1.254224,1.548586
1.205376,1.558420
1.232596,1.541899
1.261850,1.520670
1.217976,1.522901
1.262645,1.477013
1.311059,1.474070
1.312559,1.481650
1.265784,1.432749
1.247519,1.450142
1.240534,1.454031
1.235079,1.474922
1.273293,1.440391
1.295212,1.428493
1.318885,1.401693
1.318885,1.401693
1.362596,1.443515
1.406629,1.420683
1.424282,1.415947
1.435687,1.397292
1.426926,1.349978
1.473527,1.372334
1.471243,1.376510
1.493847,1.391101
1.477082,1.416860
1.497195,1.455657
1.452237,1.455461
1.415002,1.434312
1.451015,1.414484
1.467085,1.402627
1.423591,1.392210
1.402195,1.387519
1.393057,1.410705
1.364704,1.387774
1.344381,1.414919
1.387941,1.416440
1.418604,1.378893
1.459953,1.424423
1.481569,1.435810
1.512105,1.445235
1.512105,1.445235
1.514834,1.415633
1.479631,1.463669
1.445403,1.493922
1.445403,1.493922
1.444563,1.464827
1.411002,1.502651
1.426959,1.501390
1.449046,1.523510
1.473787,1.538090
1.454905,1.582333
1.471148,1.577274
1.504854,1.579275
1.490019,1.553127
1.502410,1.512549
1.524341,1.493590
1.532659,1.493302
1.565717,1.508402
1.565717,1.508402
1.569922,1.475669
1.545187,1.451979
1.535357,1.449313
1.557833,1.497613
1.597076,1.464621
1.550065,1.440623
1.503680,1.448456
1.483096,1.488392
1.464645,1.486221
1.469731,1.461070
1.455171,1.453185
1.487696,1.414819
1.457783,1.458146
1.450151,1.482293
1.450151,1.482293
1.462146,1.487318
1.489822,1.534280
1.505503,1.489104
1.459891,1.491475
1.453950,1.445630
1.421189,1.422533
1.387454,1.438175
1.408389,1.401797
1.437739,1.374476
1.415935,1.420464
1.381949,1.415251
1.385361,1.458925
1.398013,1.505544
1.372985,1.456437
1.356546,1.468481
1.358639,1.441487
1.347089,1.426666
1.326204,1.412510
1.342921,1.366501
1.375849,1.396111
1.362428,1.433557
1.392624,1.437584
1.352378,1.420250
1.330840,1.420675
1.357460,1.432057
1.402069,1.467180
1.390896,1.492250
1.437712,1.519027
1.406474,1.515889
1.388216,1.543799
1.408425,1.500335
1.403744,1.533547
1.418576,1.503931
1.467143,1.470589
1.417218,1.487248
1.386149,1.513714
1.407557,1.504330
1.452289,1.519543
1.496968,1.539081
1.450638,1.569841
1.414355,1.564179
1.414355,1.564179
1.451888,1.579190
1.468829,1.609036
1.480706,1.624878
1.461711,1.673846
1.412862,1.676129
1.407628,1.699827
1.406955,1.694656
1.445838,1.698651
1.409533,1.720493
1.383508,1.715773
1.383508,1.715773
1.383508,1.715773
1.373156,1.735968
1.347641,1.704233
1.347641,1.704233
1.397452,1.680686
1.371813,1.662362
1.371813,1.662362
1.369165,1.664276
1.392907,1.686027
1.359974,1.679891
1.340115,1.707320
1.348891,1.705740
1.396810,1.689407
1.417004,1.692924
1.447863,1.726022
1.431159,1.691007
1.406222,1.671033
1.406222,1.671033
1.406222,1.671033
1.406222,1.671033
1.446886,1.711228
1.410127,1.701362
1.430843,1.685991
1.430843,1.685991
1.397296,1.654036
1.350532,1.696786
1.319837,1.692745
1.319837,1.692745
1.356838,1.679803
1.311230,1.641571
1.296321,1.675038
1.332409,1.692351
1.350816,1.666258
1.330366,1.658277
1.301448,1.637603
1.301448,1.637603
1.335516,1.625213
1.335516,1.625213
1.306511,1.624404
1.297380,1.664208
1.341691,1.703433
1.344620,1.723586
1.312204,1.710072
1.312204,1.710072
1.312204,1.710072
1.341414,1.744705
1.341414,1.744705
1.349584,1.754366
1.384364,1.709653
1.409733,1.684257
1.382583,1.664243
1.413844,1.676489
1.413844,1.676489
1.369078,1.687880
1.402710,1.649887
1.391838,1.614137
1.348665,1.618655
1.306648,1.626649
1.323808,1.638854
1.302333,1.614722
1.347532,1.570817
1.308916,1.543084
1.286829,1.529595
1.243637,1.514380
1.230710,1.550939
1.242544,1.535324
1.221213,1.521907
1.193538,1.501428
1.170707,1.472786
1.152309,1.464692
1.152309,1.464692
1.138132,1.491423
1.180694,1.528265
1.209651,1.504864
1.211091,1.502367
1.236949,1.500519
1.270929,1.502109
1.226370,1.493093
1.228403,1.461643
1.265229,1.496400
1.253076,1.453883
1.302897,1.491407
1.288152,1.467988
1.269489,1.505400
1.294452,1.547929
1.318780,1.535082
1.358373,1.576744
1.371805,1.528316
1.392427,1.521219
1.381670,1.527193
1.381670,1.527193
1.335676,1.509174
1.359054,1.522331
1.391431,1.483666
1.373631,1.510698
1.373631,1.510698
1.363555,1.475823
1.407750,1.450760
1.393416,1.447258
1.361850,1.420719
1.354493,1.457899
1.371145,1.429377
1.322768,1.461476
1.328635,1.471080
1.329232,1.499044
1.342125,1.495800
1.315727,1.531313
1.359254,1.485204
1.372071,1.497167
1.413650,1.517993
1.435439,1.524188
1.455822,1.494029
1.463046,1.515513
1.505210,1.472630
1.474409,1.485728
1.465597,1.487852
1.505827,1.526656
1.516235,1.564281
1.516820,1.596166
1.496213,1.555977
1.453945,1.554494
1.453945,1.554494
1.416743,1.593061
1.451902,1.617123
1.406413,1.580971
1.406413,1.580971
1.429873,1.575647
1.420450,1.608650
1.440971,1.607790
1.439838,1.652973
1.431060,1.618152
1.387226,1.606857
1.365960,1.594124
1.359589,1.610899
1.318804,1.642992
1.318804,1.642992
1.275588,1.600473
1.298840,1.602995
1.298914,1.650128
1.320347,1.667448
1.320347,1.667448
1.304511,1.620620
1.281313,1.623168
1.300876,1.628431
1.308004,1.619891
1.308004,1.619891
1.303004,1.590818
1.322141,1.625548
1.348544,1.586435
1.322453,1.563814
1.295622,1.514503
1.251662,1.486484
1.237153,1.529746
1.237153,1.529746
1.250798,1.553857
1.250798,1.553857
1.247036,1.532199
1.214996,1.546110
1.249676,1.502071
1.251526,1.499101
1.210375,1.466248
1.235770,1.492446
1.235770,1.492446
1.262418,1.454318
1.302735,1.466225
1.313703,1.507631
1.313703,1.507631
1.300492,1.468396
1.266024,1.457253
1.298450,1.448696
1.336951,1.431296
1.334681,1.475597
1.337539,1.510076
1.338944,1.539931
1.359663,1.552285
1.359663,1.552285
1.310929,1.580588
1.339612,1.566391
1.293356,1.540186
1.293356,1.540186
1.301952,1.515528
1.342157,1.538307
1.391575,1.502599
1.422484,1.493229
1.378692,1.469709
1.424217,1.509515
1.397868,1.474232
1.349721,1.463735
1.366434,1.448081
1.394281,1.487763
1.428749,1.489282
1.404019,1.441636
1.433302,1.412977
1.472712,1.370291
1.495483,1.380822
1.457650,1.331609
1.471242,1.371371
1.450084,1.369478
1.434105,1.394366
1.425391,1.349807
1.387692,1.345519
1.338629,1.339502
1.333229,1.371777
1.313454,1.328569
1.320205,1.281047
1.282056,1.315856
1.289963,1.315201
1.262459,1.356416
1.263357,1.339482
1.289730,1.291808
1.303120,1.246020
1.342674,1.223434
1.314474,1.270628
1.268283,1.236411
1.297814,1.265289
1.281009,1.225388
1.274972,1.256921
1.228652,1.256868
1.228652,1.256868
1.188147,1.292168
1.215733,1.330857
1.216098,1.354072
1.234870,1.363844
1.231416,1.400641
1.185620,1.412034
1.191310,1.448488
1.141663,1.436485
1.168222,1.401032
1.209507,1.386999
1.186865,1.346521
1.212607,1.381738
1.197924,1.414414
1.190362,1.421683
1.221199,1.397655
1.178039,1.398471
1.226470,1.385614
1.226470,1.385614
1.245728,1.354822
1.284605,1.351342
1.249334,1.351977
1.210074,1.316474
1.183100,1.359722
1.206159,1.315762
1.244597,1.333992
1.244597,1.333992
1.257928,1.299460
1.274663,1.258322
1.259554,1.228632
1.269861,1.260875
1.283969,1.265848
1.296847,1.304993
1.341224,1.258628
1.346070,1.296637
1.346070,1.296637
1.330288,1.345227
1.314244,1.392828
1.341899,1.391450
1.322537,1.371012
1.310084,1.383377
1.310084,1.383377
1.281785,1.356076
1.245520,1.357693
1.245520,1.357693
1.258627,1.338426
1.211054,1.380752
1.248531,1.358014
1.240251,1.395972
1.237589,1.363535
1.266684,1.357465
1.263667,1.356750
1.228091,1.327042
1.236905,1.365331
1.240317,1.412349
1.247563,1.394303
1.261899,1.442656
1.240885,1.455506
1.237652,1.416908
1.264913,1.390009
1.264913,1.390009
1.231638,1.433302
1.247037,1.445409
1.221017,1.437035
1.199835,1.430121
1.179508,1.389627
1.179631,1.353248
1.177422,1.337311
1.177422,1.337311
1.194985,1.313790
1.188686,1.342264
1.204018,1.326137
1.225961,1.332045
1.186397,1.367347
1.186397,1.367347
1.186397,1.367347
1.161803,1.330939
1.196766,1.353203
1.171223,1.349015
1.200717,1.350887
1.241327,1.384992
1.229557,1.360619
1.191331,1.406554
1.170161,1.396898
1.177495,1.366059
1.168742,1.351596
1.189006,1.322346
1.153222,1.294769
1.128526,1.340861
1.148852,1.354080
1.164181,1.394750
1.193625,1.360200
1.155560,1.399811
1.171941,1.409100
1.164442,1.375453
1.120931,1.388037
1.160366,1.379226
1.160366,1.379226
1.194322,1.370629
1.170342,1.341279
1.146252,1.363857
1.115011,1.396184
1.075266,1.395105
1.058025,1.421736
1.075182,1.377328
1.082609,1.407468
1.086533,1.366332
1.057365,1.337535
1.036951,1.336215
1.079023,1.334652
1.081266,1.334101
1.108303,1.348071
1.074587,1.386452
1.118876,1.343159
1.133879,1.308789
1.161752,1.266135
1.161752,1.266135
1.178647,1.315592
1.143713,1.288425
1.113060,1.291690
1.085485,1.341648
1.071367,1.367078
1.066718,1.325440
1.098668,1.319675
1.098668,1.319675
1.137575,1.329652
1.145072,1.330843
1.142191,1.304431
1.135218,1.309810
1.135218,1.309810
1.177684,1.338923
1.185571,1.295631
1.183743,1.271667
1.217151,1.255547
1.250665,1.233298
1.271112,1.273946
1.276322,1.235806
1.323839,1.260835
1.366932,1.223303
1.365855,1.219564
1.353722,1.203670
1.333817,1.162339
1.374170,1.180116
1.339990,1.216970
1.380058,1.234867
1.350879,1.218009
1.363496,1.175074
1.369591,1.224314
1.354710,1.207759
1.369918,1.206138
1.390535,1.219662
1.352797,1.266673
1.372075,1.264766
1.362285,1.224050
1.405109,1.271184
1.402853,1.248308
1.406199,1.282102
1.436855,1.323427
1.474632,1.340865
