1.000000,1.000000
0.895157,0.911173
0.895157,0.911173
0.895157,0.911173
0.895157,0.911173
1.405955,1.890335
1.405955,1.890335
0.694195,1.331089
1.034882,1.263225
1.034882,1.263225
1.034882,1.263225
1.034882,1.263225
1.034882,1.263225
1.034882,1.263225
1.034882,1.263225
1.488288,1.659359
1.488288,1.659359
1.488288,1.659359
1.488288,1.659359
1.488288,1.659359
1.488288,1.659359
1.488288,1.659359
1.488288,1.659359
1.488288,1.659359
1.488288,1.659359
1.488288,1.659359
1.488288,1.659359
1.488288,1.659359
1.488288,1.659359
1.488288,1.659359
1.285967,1.243001
1.285967,1.243001
1.285967,1.243001
1.285967,1.243001
1.285967,1.243001
1.285967,1.243001
1.285967,1.243001
1.285967,1.243001
1.285967,1.243001
1.285967,1.243001
1.285967,1.243001
1.285967,1.243001
1.285967,1.243001
1.285967,1.243001
1.285967,1.243001
1.480895,1.410221
1.480895,1.410221
1.480895,1.410221
1.480895,1.410221
1.480895,1.410221
1.480895,1.410221
1.480895,1.410221
1.480895,1.410221
1.480895,1.410221
1.480895,1.410221
1.480895,1.410221
1.480895,1.410221
1.480895,1.410221
1.480895,1.410221
1.480895,1.410221
1.480895,1.410221
1.480895,1.410221
1.480895,1.410221
1.480895,1.410221
1.480895,1.410221
1.480895,1.410221
1.480895,1.410221
1.480895,1.410221
1.480895,1.410221
1.480895,1.410221
1.480895,1.410221
1.480895,1.410221
1.480895,1.410221
1.480895,1.410221
1.480895,1.410221
1.480895,1.410221
1.480895,1.410221
1.309423,1.472780
1.309423,1.472780
1.309423,1.472780
1.309423,1.472780
1.309423,1.472780
1.309423,1.472780
1.309423,1.472780
1.309423,1.472780
1.518036,1.632683
1.518036,1.632683
1.518036,1.632683
1.518036,1.632683
1.518036,1.632683
1.518036,1.632683
1.518036,1.632683
1.518036,1.632683
1.518036,1.632683
1.629535,1.590787
1.629535,1.590787
1.629535,1.590787
1.629535,1.590787
1.629535,1.590787
1.629535,1.590787
1.629535,1.590787
1.629535,1.590787
1.629535,1.590787
1.629535,1.590787
1.629535,1.590787
1.629535,1.590787
1.629535,1.590787
1.629535,1.590787
1.629535,1.590787
1.629535,1.590787
1.629535,1.590787
1.629535,1.590787
1.629535,1.590787
1.629535,1.590787
1.629535,1.590787
1.401042,1.309202
1.401042,1.309202
1.662480,1.295361
1.662480,1.295361
1.662480,1.295361
1.662480,1.295361
1.662480,1.295361
1.662480,1.295361
1.662480,1.295361
1.662480,1.295361
1.662480,1.295361
1.662480,1.295361
1.662480,1.295361
1.662480,1.295361
1.546668,0.841803
1.546668,0.841803
1.546668,0.841803
1.546668,0.841803
1.546668,0.841803
1.546668,0.841803
1.693888,1.175422
1.693888,1.175422
1.693888,1.175422
1.693888,1.175422
1.693888,1.175422
1.693888,1.175422
1.693888,1.175422
1.592878,1.493732
1.592878,1.493732
1.592878,1.493732
1.592878,1.493732
1.592878,1.493732
1.607273,1.436522
1.149730,1.508827
1.149730,1.508827
1.149730,1.508827
1.149730,1.508827
1.149730,1.508827
1.149730,1.508827
1.149730,1.508827
1.149730,1.508827
1.149730,1.508827
1.149730,1.508827
1.149730,1.508827
1.149730,1.508827
1.149730,1.508827
1.149730,1.508827
1.149730,1.508827
1.149730,1.508827
1.149730,1.508827
1.149730,1.508827
1.149730,1.508827
1.149730,1.508827
1.149730,1.508827
1.149730,1.508827
1.149730,1.508827
1.149730,1.508827
1.149730,1.508827
1.149730,1.508827
1.149730,1.508827
1.149730,1.508827
1.149730,1.508827
1.149730,1.508827
1.271348,1.545377
1.271348,1.545377
1.271348,1.545377
1.271348,1.545377
1.437694,1.321646
1.437694,1.321646
1.437694,1.321646
1.437694,1.321646
1.437694,1.321646
1.437694,1.321646
1.437694,1.321646
1.437694,1.321646
1.437694,1.321646
1.437694,1.321646
1.437694,1.321646
1.437694,1.321646
1.437694,1.321646
1.437694,1.321646
1.437694,1.321646
1.437694,1.321646
1.437694,1.321646
1.437694,1.321646
1.437694,1.321646
1.437694,1.321646
1.437694,1.321646
1.437694,1.321646
1.437694,1.321646
1.437694,1.321646
1.437694,1.321646
1.437694,1.321646
1.437694,1.321646
1.437694,1.321646
1.437694,1.321646
1.437694,1.321646
1.437694,1.321646
1.437694,1.321646
1.437694,1.321646
1.437694,1.321646
1.437694,1.321646
1.437694,1.321646
1.437694,1.321646
1.437694,1.321646
1.437694,1.321646
1.437694,1.321646
1.437694,1.321646
1.468035,1.262752
1.468035,1.262752
1.468035,1.262752
1.468035,1.262752
1.468035,1.262752
1.468035,1.262752
1.468035,1.262752
1.468035,1.262752
1.468035,1.262752
1.468035,1.262752
1.468035,1.262752
1.468035,1.262752
1.468035,1.262752
1.468035,1.262752
1.468035,1.262752
1.468035,1.262752
1.468035,1.262752
1.468035,1.262752
1.468035,1.262752
1.468035,1.262752
1.468035,1.262752
1.468035,1.262752
1.090337,1.295671
1.090337,1.295671
1.090337,1.295671
1.090337,1.295671
1.090337,1.295671
1.090337,1.295671
1.090337,1.295671
1.090337,1.295671
1.090337,1.295671
1.090337,1.295671
1.090337,1.295671
1.090337,1.295671
1.090337,1.295671
1.509569,1.329482
1.509569,1.329482
1.509569,1.329482
1.509569,1.329482
1.509569,1.329482
1.509569,1.329482
1.509569,1.329482
1.369646,1.645134
1.369646,1.645134
1.369646,1.645134
1.369646,1.645134
1.369646,1.645134
1.369646,1.645134
1.741140,1.345082
1.741140,1.345082
1.741140,1.345082
1.741140,1.345082
1.741140,1.345082
1.741140,1.345082
1.741140,1.345082
1.741140,1.345082
1.741140,1.345082
1.741140,1.345082
1.741140,1.345082
1.741140,1.345082
1.293092,0.991515
1.681512,1.172738
1.681512,1.172738
1.681512,1.172738
1.681512,1.172738
1.681512,1.172738
1.681512,1.172738
1.681512,1.172738
1.681512,1.172738
1.681512,1.172738
1.681512,1.172738
1.681512,1.172738
1.681512,1.172738
1.408398,0.938569
1.060362,1.497060
1.060362,1.497060
1.004191,1.444531
1.004191,1.444531
1.459346,1.231264
1.459346,1.231264
1.459346,1.231264
1.459346,1.231264
1.459346,1.231264
1.459346,1.231264
1.459346,1.231264
1.459346,1.231264
1.459346,1.231264
1.459346,1.231264
1.459346,1.231264
1.459346,1.231264
1.459346,1.231264
1.459346,1.231264
1.459346,1.231264
1.459346,1.231264
1.459346,1.231264
1.459346,1.231264
1.459346,1.231264
1.459346,1.231264
1.459346,1.231264
1.459346,1.231264
1.459346,1.231264
1.459346,1.231264
1.459346,1.231264
1.459346,1.231264
1.459346,1.231264
1.459346,1.231264
1.459346,1.231264
1.459346,1.231264
1.459346,1.231264
1.459346,1.231264
1.459346,1.231264
1.459346,1.231264
1.459346,1.231264
1.459346,1.231264
1.459346,1.231264
1.459346,1.231264
1.459346,1.231264
1.459346,1.231264
1.459346,1.231264
1.459346,1.231264
1.459346,1.231264
1.459346,1.231264
1.459346,1.231264
1.459346,1.231264
1.459346,1.231264
1.667605,1.435426
1.667605,1.435426
1.667605,1.435426
1.667605,1.435426
1.667605,1.435426
1.667605,1.435426
1.667605,1.435426
1.667605,1.435426
1.667605,1.435426
1.667605,1.435426
1.667605,1.435426
1.667605,1.435426
1.185661,1.405934
1.185661,1.405934
1.185661,1.405934
1.185661,1.405934
1.185661,1.405934
1.185661,1.405934
1.185661,1.405934
1.185661,1.405934
1.185661,1.405934
1.185661,1.405934
1.185661,1.405934
1.185661,1.405934
1.185661,1.405934
1.185661,1.405934
1.185661,1.405934
1.185661,1.405934
1.185661,1.405934
1.481031,1.692782
1.481031,1.692782
1.481031,1.692782
1.481031,1.692782
1.481031,1.692782
1.481031,1.692782
1.481031,1.692782
1.481031,1.692782
1.481031,1.692782
1.481031,1.692782
1.481031,1.692782
1.481031,1.692782
1.481031,1.692782
1.481031,1.692782
1.481031,1.692782
1.481031,1.692782
1.481031,1.692782
0.730498,1.479478
0.730498,1.479478
0.730498,1.479478
0.730498,1.479478
0.730498,1.479478
0.730498,1.479478
0.730498,1.479478
1.422902,0.716886
1.422902,0.716886
1.422902,0.716886
1.796100,1.056931
1.321660,1.135183
1.321660,1.135183
1.321660,1.135183
1.201005,1.288652
1.201005,1.288652
1.201005,1.288652
1.201005,1.288652
1.201005,1.288652
1.201005,1.288652
1.201005,1.288652
1.201005,1.288652
1.201005,1.288652
1.201005,1.288652
1.201005,1.288652
1.201005,1.288652
1.201005,1.288652
1.201005,1.288652
1.201005,1.288652
1.201005,1.288652
1.201005,1.288652
1.201005,1.288652
1.201005,1.288652
1.201005,1.288652
1.201005,1.288652
1.201005,1.288652
1.201005,1.288652
1.201005,1.288652
1.201005,1.288652
1.201005,1.288652
1.201005,1.288652
1.201005,1.288652
1.201005,1.288652
1.201005,1.288652
1.201005,1.288652
1.201005,1.288652
1.201005,1.288652
1.201005,1.288652
1.201005,1.288652
1.201005,1.288652
1.201005,1.288652
1.201005,1.288652
1.201005,1.288652
1.201005,1.288652
1.201005,1.288652
1.201005,1.288652
1.201005,1.288652
1.201005,1.288652
1.201005,1.288652
1.201005,1.288652
1.291552,1.108819
1.291552,1.108819
1.078451,1.527901
1.078451,1.527901
1.078451,1.527901
1.078451,1.527901
1.078451,1.527901
1.078451,1.527901
1.078451,1.527901
1.078451,1.527901
1.078451,1.527901
1.363068,1.084457
1.595247,1.315762
1.595247,1.315762
1.400699,1.553784
1.400699,1.553784
1.400699,1.553784
1.400699,1.553784
1.400699,1.553784
1.400699,1.553784
1.400699,1.553784
1.400699,1.553784
1.637263,1.473189
1.637263,1.473189
1.637263,1.473189
1.637263,1.473189
1.637263,1.473189
1.637263,1.473189
1.637263,1.473189
1.637263,1.473189
1.637263,1.473189
1.637263,1.473189
1.151517,1.547794
1.201728,1.447355
1.201728,1.447355
1.201728,1.447355
1.201728,1.447355
1.201728,1.447355
1.201728,1.447355
1.201728,1.447355
1.201728,1.447355
1.201728,1.447355
1.201728,1.447355
1.201728,1.447355
1.201728,1.447355
1.201728,1.447355
1.201728,1.447355
1.201728,1.447355
1.201728,1.447355
1.201728,1.447355
1.201728,1.447355
1.201728,1.447355
1.201728,1.447355
1.201728,1.447355
1.201728,1.447355
1.201728,1.447355
1.201728,1.447355
1.201728,1.447355
1.369506,1.279802
1.369506,1.279802
1.369506,1.279802
1.369506,1.279802
1.369506,1.279802
1.369506,1.279802
1.369506,1.279802
1.369506,1.279802
1.369506,1.279802
1.369506,1.279802
1.369506,1.279802
1.369506,1.279802
1.369506,1.279802
1.369506,1.279802
1.369506,1.279802
1.369506,1.279802
1.369506,1.279802
1.369506,1.279802
1.369506,1.279802
1.369506,1.279802
1.369506,1.279802
1.369506,1.279802
1.369506,1.279802
1.369506,1.279802
1.369506,1.279802
1.369506,1.279802
1.369506,1.279802
1.369506,1.279802
1.369506,1.279802
1.369506,1.279802
1.369506,1.279802
1.369506,1.279802
1.369506,1.279802
1.369506,1.279802
1.369506,1.279802
1.369506,1.279802
1.369506,1.279802
1.369506,1.279802
1.369506,1.279802
1.369506,1.279802
1.369506,1.279802
1.369506,1.279802
1.369506,1.279802
1.369506,1.279802
1.369506,1.279802
1.369506,1.279802
1.369506,1.279802
1.369506,1.279802
1.369506,1.279802
1.369506,1.279802
1.369506,1.279802
1.369506,1.279802
1.369506,1.279802
1.369506,1.279802
1.369506,1.279802
1.369506,1.279802
1.369506,1.279802
1.369506,1.279802
1.369506,1.279802
1.369506,1.279802
1.291937,1.580014
1.291937,1.580014
1.138776,1.415795
1.138776,1.415795
1.066647,1.142996
1.066647,1.142996
1.066647,1.142996
1.783853,1.218998
1.783853,1.218998
1.730079,1.443267
1.730079,1.443267
1.730079,1.443267
1.060218,1.079565
1.135223,1.692216
1.135223,1.692216
1.763156,1.367219
1.751271,1.611940
1.751271,1.611940
1.518516,1.701013
1.409160,1.755008
1.409160,1.755008
1.409160,1.755008
1.409160,1.755008
1.409160,1.755008
1.409160,1.755008
1.409160,1.755008
1.409160,1.755008
1.409160,1.755008
1.409160,1.755008
1.409160,1.755008
1.409160,1.755008
1.021445,1.434162
1.021445,1.434162
1.035118,1.223853
1.035118,1.223853
1.289652,1.177608
1.289652,1.177608
1.289652,1.177608
1.289652,1.177608
1.289652,1.177608
1.289652,1.177608
1.289652,1.177608
1.289652,1.177608
1.289652,1.177608
1.289652,1.177608
1.289652,1.177608
1.289652,1.177608
1.289652,1.177608
1.289652,1.177608
1.289652,1.177608
1.289652,1.177608
1.289652,1.177608
1.289652,1.177608
1.289652,1.177608
1.289652,1.177608
1.289652,1.177608
1.289652,1.177608
1.289652,1.177608
1.289652,1.177608
1.289652,1.177608
1.446277,1.579875
1.446277,1.579875
1.446277,1.579875
1.446277,1.579875
1.446277,1.579875
1.446277,1.579875
1.446277,1.579875
1.182345,1.669186
1.182345,1.669186
1.043343,1.473692
1.043343,1.473692
1.043343,1.473692
1.402960,1.552685
1.402960,1.552685
1.557639,1.241839
1.101536,1.519570
1.101874,1.197781
1.101874,1.197781
1.101874,1.197781
1.101874,1.197781
1.101874,1.197781
1.101874,1.197781
1.101874,1.197781
1.101874,1.197781
1.101874,1.197781
1.745311,1.445065
1.745311,1.445065
1.745311,1.445065
1.225756,1.276755
1.225756,1.276755
1.225756,1.276755
1.225756,1.276755
1.225756,1.276755
1.225756,1.276755
1.461253,1.282336
1.461253,1.282336
1.461253,1.282336
1.461253,1.282336
1.461253,1.282336
1.461253,1.282336
1.461253,1.282336
1.461253,1.282336
1.543368,1.394379
1.543368,1.394379
1.543368,1.394379
1.361664,1.483728
1.361664,1.483728
1.361664,1.483728
1.361664,1.483728
1.361664,1.483728
1.361664,1.483728
1.361664,1.483728
1.361664,1.483728
1.361664,1.483728
1.361664,1.483728
1.373928,1.601031
1.373928,1.601031
1.373928,1.601031
1.373928,1.601031
1.373928,1.601031
1.373928,1.601031
1.373928,1.601031
1.373928,1.601031
1.373928,1.601031
1.373928,1.601031
1.373928,1.601031
1.373928,1.601031
1.373928,1.601031
1.373928,1.601031
1.373928,1.601031
1.373928,1.601031
1.220650,1.463034
1.220650,1.463034
1.220650,1.463034
1.220650,1.463034
1.220650,1.463034
1.220650,1.463034
1.220650,1.463034
1.220650,1.463034
1.220650,1.463034
1.220650,1.463034
1.220650,1.463034
1.220650,1.463034
1.220650,1.463034
1.220650,1.463034
1.220650,1.463034
1.220650,1.463034
1.388897,1.189329
1.388897,1.189329
1.332133,1.167430
1.332133,1.167430
1.332133,1.167430
1.332133,1.167430
1.332133,1.167430
1.332133,1.167430
1.332133,1.167430
1.332133,1.167430
1.332133,1.167430
1.332133,1.167430
1.332133,1.167430
1.332133,1.167430
1.332133,1.167430
1.332133,1.167430
1.332133,1.167430
1.332133,1.167430
1.332133,1.167430
1.332133,1.167430
1.332133,1.167430
1.332133,1.167430
1.332133,1.167430
1.332133,1.167430
1.301440,1.302029
1.301440,1.302029
1.301440,1.302029
1.301440,1.302029
1.301440,1.302029
1.301440,1.302029
1.301440,1.302029
1.301440,1.302029
1.301440,1.302029
1.301440,1.302029
1.301440,1.302029
1.301440,1.302029
1.301440,1.302029
1.301440,1.302029
1.495642,1.251785
1.495642,1.251785
1.495642,1.251785
1.495642,1.251785
1.495642,1.251785
1.495642,1.251785
1.495642,1.251785
1.495642,1.251785
1.495642,1.251785
1.495642,1.251785
1.495642,1.251785
1.495642,1.251785
1.495642,1.251785
1.495642,1.251785
1.495642,1.251785
1.495642,1.251785
1.527917,1.701078
1.527917,1.701078
1.527917,1.701078
1.527917,1.701078
1.527917,1.701078
1.527917,1.701078
1.527917,1.701078
1.527917,1.701078
1.630472,1.349831
1.630472,1.349831
1.630472,1.349831
1.630472,1.349831
1.630472,1.349831
1.630472,1.349831
1.630472,1.349831
1.002778,1.695938
1.473154,1.302498
1.473154,1.302498
1.473154,1.302498
1.473154,1.302498
1.473154,1.302498
1.473154,1.302498
1.473154,1.302498
1.473154,1.302498
1.473154,1.302498
1.473154,1.302498
1.473154,1.302498
1.473154,1.302498
1.473154,1.302498
1.473154,1.302498
1.473154,1.302498
1.536460,1.277168
1.536460,1.277168
1.536460,1.277168
1.536460,1.277168
1.536460,1.277168
1.536460,1.277168
1.536460,1.277168
1.536460,1.277168
1.536460,1.277168
1.536460,1.277168
1.536460,1.277168
1.536460,1.277168
1.536460,1.277168
1.536460,1.277168
1.536460,1.277168
1.536460,1.277168
1.536460,1.277168
1.536460,1.277168
1.536460,1.277168
1.536460,1.277168
1.536460,1.277168
1.536460,1.277168
1.536460,1.277168
1.536460,1.277168
1.552554,1.769881
1.552554,1.769881
1.552554,1.769881
1.614417,1.513141
1.614417,1.513141
1.614417,1.513141
1.614417,1.513141
1.210181,1.520430
1.210181,1.520430
1.210181,1.520430
1.210181,1.520430
1.210181,1.520430
1.210181,1.520430
1.210181,1.520430
1.245281,1.443180
1.245281,1.443180
1.342744,1.501303
1.342744,1.501303
1.342744,1.501303
1.342744,1.501303
1.342744,1.501303
1.342744,1.501303
1.342744,1.501303
1.342744,1.501303
1.342744,1.501303
1.342744,1.501303
1.342744,1.501303
1.342744,1.501303
1.342744,1.501303
1.342744,1.501303
1.342744,1.501303
1.342744,1.501303
1.342744,1.501303
1.342744,1.501303
1.342744,1.501303
1.342744,1.501303
1.342744,1.501303
1.342744,1.501303
1.342744,1.501303
1.342744,1.501303
1.342744,1.501303
1.342744,1.501303
1.342744,1.501303
1.342744,1.501303
1.202200,1.383372
1.202200,1.383372
1.202200,1.383372
1.440776,1.129972
1.440776,1.129972
1.440776,1.129972
1.113890,1.156598
1.409517,1.751110
1.409517,1.751110
0.959811,1.546625
0.959811,1.546625
0.778333,1.434847
0.778333,1.434847
0.778333,1.434847
1.257383,0.835271
1.723197,1.776158
1.723197,1.776158
1.755527,1.145863
1.755527,1.145863
1.755527,1.145863
1.755527,1.145863
1.475191,1.532361
1.475191,1.532361
1.475191,1.532361
1.475191,1.532361
1.475191,1.532361
1.475191,1.532361
1.475191,1.532361
1.475191,1.532361
1.475191,1.532361
1.475191,1.532361
1.475191,1.532361
1.475191,1.532361
1.475191,1.532361
1.475191,1.532361
1.475191,1.532361
1.475191,1.532361
1.475191,1.532361
1.475191,1.532361
1.475191,1.532361
1.475191,1.532361
1.475191,1.532361
1.475191,1.532361
1.475191,1.532361
1.475191,1.532361
1.475191,1.532361
1.475191,1.532361
1.475191,1.532361
1.475191,1.532361
1.475191,1.532361
1.475191,1.532361
1.475191,1.532361
1.475191,1.532361
1.475191,1.532361
1.475191,1.532361
1.475191,1.532361
1.475191,1.532361
1.475191,1.532361
1.475191,1.532361
1.475191,1.532361
1.475191,1.532361
1.475191,1.532361
1.475191,1.532361
1.475191,1.532361
1.475191,1.532361
1.475191,1.532361
1.475191,1.532361
1.475191,1.532361
1.475191,1.532361
1.475191,1.532361
1.475191,1.532361
1.475191,1.532361
1.475191,1.532361
1.475191,1.532361
1.475191,1.532361
1.475191,1.532361
1.475191,1.532361
1.475191,1.532361
1.475191,1.532361
1.475191,1.532361
1.475191,1.532361
1.475191,1.532361
1.475191,1.532361
1.595367,1.340898
1.595367,1.340898
1.595367,1.340898
1.595367,1.340898
1.595367,1.340898
1.595367,1.340898
1.595367,1.340898
1.595367,1.340898
1.595367,1.340898
1.595367,1.340898
1.595367,1.340898
1.595367,1.340898
1.595367,1.340898
1.595367,1.340898
1.595367,1.340898
1.595367,1.340898
1.595367,1.340898
1.595367,1.340898
1.595367,1.340898
1.595367,1.340898
1.595367,1.340898
1.595367,1.340898
1.595367,1.340898
1.595367,1.340898
1.595367,1.340898
1.595367,1.340898
1.595367,1.340898
1.595367,1.340898
1.595367,1.340898
1.595367,1.340898
1.227320,1.569043
1.227320,1.569043
1.227320,1.569043
1.227320,1.569043
1.625725,1.557735
1.625725,1.557735
1.625725,1.557735
1.625725,1.557735
1.625725,1.557735
1.625725,1.557735
1.625725,1.557735
1.625725,1.557735
1.625725,1.557735
1.625725,1.557735
1.625725,1.557735
1.625725,1.557735
1.239459,1.588105
1.239459,1.588105
1.239459,1.588105
1.239459,1.588105
1.239459,1.588105
1.239459,1.588105
1.239459,1.588105
1.239459,1.588105
1.239459,1.588105
1.239459,1.588105
1.239459,1.588105
1.239459,1.588105
1.239459,1.588105
1.239459,1.588105
1.239459,1.588105
1.239459,1.588105
1.239459,1.588105
1.239459,1.588105
1.239459,1.588105
1.239459,1.588105
1.239459,1.588105
1.538854,1.520562
1.538854,1.520562
1.538854,1.520562
1.538854,1.520562
1.538854,1.520562
1.538854,1.520562
1.538854,1.520562
1.538854,1.520562
1.538854,1.520562
1.538854,1.520562
1.538854,1.520562
1.538854,1.520562
1.538854,1.520562
1.538854,1.520562
1.538854,1.520562
1.538854,1.520562
1.538854,1.520562
1.538854,1.520562
1.538854,1.520562
1.538854,1.520562
1.538854,1.520562
1.538854,1.520562
1.538854,1.520562
1.538854,1.520562
1.538854,1.520562
1.486582,0.989537
1.225057,1.536324
1.225057,1.536324
1.225057,1.536324
1.225057,1.536324
1.225057,1.536324
1.225057,1.536324
1.225057,1.536324
1.225057,1.536324
1.225057,1.536324
1.225057,1.536324
1.225057,1.536324
1.225057,1.536324
1.225057,1.536324
1.225057,1.536324
1.225057,1.536324
1.225057,1.536324
1.225057,1.536324
1.225057,1.536324
1.225057,1.536324
1.225057,1.536324
1.225057,1.536324
1.225057,1.536324
1.225057,1.536324
1.225057,1.536324
1.225057,1.536324
1.225057,1.536324
1.225057,1.536324
1.225057,1.536324
1.225057,1.536324
1.225057,1.536324
1.225057,1.536324
1.225057,1.536324
1.225057,1.536324
1.225057,1.536324
1.225057,1.536324
1.225057,1.536324
1.225057,1.536324
1.225057,1.536324
1.225057,1.536324
1.225057,1.536324
1.225057,1.536324
1.225057,1.536324
1.225057,1.536324
1.225057,1.536324
1.225057,1.536324
1.297185,1.791640
1.297185,1.791640
1.473410,1.603315
1.208034,1.423384
1.208034,1.423384
1.208034,1.423384
1.208034,1.423384
1.208034,1.423384
1.282766,1.450252
1.282766,1.450252
1.282766,1.450252
1.282766,1.450252
1.282766,1.450252
1.282766,1.450252
1.282766,1.450252
1.282766,1.450252
1.282766,1.450252
1.282766,1.450252
1.282766,1.450252
1.282766,1.450252
1.282766,1.450252
1.282766,1.450252
1.215429,1.707114
1.215429,1.707114
1.215429,1.707114
1.215429,1.707114
1.215429,1.707114
1.215429,1.707114
1.215429,1.707114
1.215429,1.707114
1.215429,1.707114
1.215429,1.707114
0.730600,1.192748
0.730600,1.192748
0.730600,1.192748
0.730600,1.192748
1.144354,1.155413
1.144354,1.155413
1.144354,1.155413
1.331416,1.108318
1.331416,1.108318
1.331416,1.108318
1.331416,1.108318
1.331416,1.108318
1.331416,1.108318
1.331416,1.108318
1.528739,1.523565
1.528739,1.523565
1.528739,1.523565
1.528739,1.523565
1.528739,1.523565
1.528739,1.523565
1.528739,1.523565
1.528739,1.523565
1.528739,1.523565
1.528739,1.523565
1.528739,1.523565
1.528739,1.523565
1.528739,1.523565
1.528739,1.523565
1.528739,1.523565
1.528739,1.523565
1.528739,1.523565
1.528739,1.523565
1.528739,1.523565
1.528739,1.523565
1.528739,1.523565
1.528739,1.523565
1.528739,1.523565
1.528739,1.523565
1.528739,1.523565
1.528739,1.523565
1.528739,1.523565
1.528739,1.523565
1.528739,1.523565
1.528739,1.523565
1.528739,1.523565
1.501014,1.548466
1.328232,1.599110
1.328232,1.599110
1.328232,1.599110
1.328232,1.599110
1.328232,1.599110
1.328232,1.599110
1.328232,1.599110
1.328232,1.599110
1.328232,1.599110
1.328232,1.599110
1.328232,1.599110
1.328232,1.599110
1.328232,1.599110
1.328232,1.599110
1.328232,1.599110
1.328232,1.599110
1.328232,1.599110
1.328232,1.599110
1.328232,1.599110
1.328232,1.599110
1.328232,1.599110
1.328232,1.599110
1.328232,1.599110
1.328232,1.599110
1.328232,1.599110
1.328232,1.599110
1.328232,1.599110
1.328232,1.599110
1.328232,1.599110
1.328232,1.599110
1.328232,1.599110
1.328232,1.599110
1.328232,1.599110
1.314642,1.183291
1.314642,1.183291
1.314642,1.183291
1.314642,1.183291
1.314642,1.183291
1.314642,1.183291
1.314642,1.183291
1.314642,1.183291
1.314642,1.183291
1.314642,1.183291
1.314642,1.183291
1.301467,1.747889
1.301467,1.747889
1.301467,1.747889
1.301467,1.747889
1.301467,1.747889
1.301467,1.747889
1.301467,1.747889
1.301467,1.747889
1.546575,1.292784
1.546575,1.292784
1.546575,1.292784
1.546575,1.292784
1.546575,1.292784
1.546575,1.292784
1.546575,1.292784
1.546575,1.292784
1.546575,1.292784
1.546575,1.292784
1.035731,1.522987
1.035731,1.522987
1.035731,1.522987
1.035731,1.522987
1.035731,1.522987
1.035731,1.522987
1.035731,1.522987
1.562991,1.181395
1.219559,1.119715
1.219559,1.119715
1.219559,1.119715
1.219559,1.119715
1.219559,1.119715
1.219559,1.119715
1.219559,1.119715
1.169353,1.317749
1.169353,1.317749
1.169353,1.317749
1.169353,1.317749
1.169353,1.317749
1.169353,1.317749
1.169353,1.317749
1.169353,1.317749
1.169353,1.317749
1.389139,1.263838
1.389139,1.263838
1.389139,1.263838
1.389139,1.263838
1.389139,1.263838
1.389139,1.263838
1.389139,1.263838
1.389139,1.263838
1.389139,1.263838
1.389139,1.263838
1.389139,1.263838
1.389139,1.263838
1.739730,1.635174
1.460153,0.786669
1.460153,0.786669
1.351517,0.941076
1.351517,0.941076
1.076434,1.623498
1.067364,1.186526
1.067364,1.186526
1.067364,1.186526
1.067364,1.186526
1.067364,1.186526
1.067364,1.186526
0.761673,1.444217
0.761673,1.444217
0.848904,1.528535
0.848904,1.528535
0.718245,1.549193
0.718245,1.549193
0.718245,1.549193
0.718245,1.549193
0.718245,1.549193
0.718245,1.549193
0.718245,1.549193
0.718245,1.549193
1.597728,1.008177
1.597728,1.008177
1.597728,1.008177
1.597728,1.008177
1.597728,1.008177
1.597728,1.008177
1.597728,1.008177
1.550413,1.797336
1.550413,1.797336
1.550413,1.797336
1.550413,1.797336
1.325506,1.782347
1.325506,1.782347
1.325506,1.782347
1.155788,1.325665
1.155788,1.325665
1.155788,1.325665
1.155788,1.325665
1.155788,1.325665
1.155788,1.325665
1.155788,1.325665
1.155788,1.325665
1.155788,1.325665
1.155788,1.325665
1.155788,1.325665
1.155788,1.325665
1.155788,1.325665
1.207312,1.292018
1.207312,1.292018
1.207312,1.292018
1.207312,1.292018
1.207312,1.292018
1.207312,1.292018
1.207312,1.292018
1.207312,1.292018
1.207312,1.292018
1.207312,1.292018
1.207312,1.292018
1.207312,1.292018
1.207312,1.292018
1.207312,1.292018
1.207312,1.292018
1.600491,1.444398
1.600491,1.444398
1.600491,1.444398
1.600491,1.444398
1.600491,1.444398
1.600491,1.444398
1.600491,1.444398
1.600491,1.444398
1.600491,1.444398
1.600491,1.444398
1.600491,1.444398
1.600491,1.444398
1.600491,1.444398
1.600491,1.444398
1.600491,1.444398
1.600491,1.444398
1.600491,1.444398
1.600491,1.444398
1.600491,1.444398
1.600491,1.444398
1.600491,1.444398
1.600491,1.444398
1.600491,1.444398
1.600491,1.444398
1.600491,1.444398
1.600491,1.444398
1.600491,1.444398
1.600491,1.444398
1.600491,1.444398
1.600491,1.444398
1.363335,1.568301
1.363335,1.568301
1.363335,1.568301
1.363335,1.568301
1.363335,1.568301
1.159008,1.440720
1.159008,1.440720
1.159008,1.440720
1.159008,1.440720
1.159008,1.440720
1.159008,1.440720
1.159008,1.440720
1.159008,1.440720
1.159008,1.440720
1.325134,1.519984
1.325134,1.519984
1.325134,1.519984
1.325134,1.519984
1.325134,1.519984
1.325134,1.519984
1.325134,1.519984
1.325134,1.519984
1.325134,1.519984
1.325134,1.519984
1.325134,1.519984
1.325134,1.519984
1.476378,1.491434
1.476378,1.491434
1.476378,1.491434
1.476378,1.491434
1.476378,1.491434
1.166506,1.471773
1.307501,1.170200
1.307501,1.170200
1.648686,1.459599
1.648686,1.459599
1.648686,1.459599
1.648686,1.459599
1.648686,1.459599
1.648686,1.459599
1.648686,1.459599
1.648686,1.459599
1.648686,1.459599
1.648686,1.459599
1.648686,1.459599
1.648686,1.459599
1.656058,1.360799
1.656058,1.360799
1.656058,1.360799
1.656058,1.360799
1.656058,1.360799
1.656058,1.360799
1.558815,0.998397
1.558815,0.998397
1.558815,0.998397
1.558815,0.998397
1.558815,0.998397
1.252308,1.533567
1.252308,1.533567
1.252308,1.533567
1.252308,1.533567
1.252308,1.533567
1.252308,1.533567
1.252308,1.533567
1.252308,1.533567
1.252308,1.533567
1.252308,1.533567
1.252308,1.533567
1.152466,1.497395
1.152466,1.497395
1.152466,1.497395
1.152466,1.497395
1.152466,1.497395
1.152466,1.497395
1.152466,1.497395
1.152466,1.497395
1.152466,1.497395
1.152466,1.497395
1.152466,1.497395
1.152466,1.497395
1.152466,1.497395
1.152466,1.497395
1.152466,1.497395
1.152466,1.497395
1.152466,1.497395
1.152466,1.497395
1.152466,1.497395
1.152466,1.497395
1.152466,1.497395
1.152466,1.497395
1.152466,1.497395
1.152466,1.497395
1.152466,1.497395
1.152466,1.497395
1.152466,1.497395
1.152466,1.497395
1.622975,1.340168
1.622975,1.340168
1.622975,1.340168
1.622975,1.340168
1.622975,1.340168
1.622975,1.340168
1.622975,1.340168
1.622975,1.340168
1.622975,1.340168
1.622975,1.340168
1.622975,1.340168
1.622975,1.340168
1.622975,1.340168
1.622975,1.340168
1.622975,1.340168
1.622975,1.340168
1.622975,1.340168
1.622975,1.340168
1.622975,1.340168
1.622975,1.340168
1.622975,1.340168
1.208757,1.575051
1.205298,1.450759
1.205298,1.450759
1.205298,1.450759
1.205298,1.450759
1.205298,1.450759
1.205298,1.450759
1.205298,1.450759
1.205298,1.450759
1.205298,1.450759
1.205298,1.450759
1.205298,1.450759
1.205298,1.450759
1.205298,1.450759
1.205298,1.450759
1.430915,1.385809
1.430915,1.385809
1.430915,1.385809
1.430915,1.385809
1.430915,1.385809
1.430915,1.385809
1.430915,1.385809
1.430915,1.385809
1.430915,1.385809
1.430915,1.385809
1.336649,1.052564
1.336649,1.052564
1.336649,1.052564
1.336649,1.052564
1.336649,1.052564
1.336649,1.052564
1.336649,1.052564
1.618696,1.416280
1.618696,1.416280
1.618696,1.416280
1.618696,1.416280
1.621904,1.341271
1.621904,1.341271
1.621904,1.341271
1.300618,1.488017
1.300618,1.488017
1.300618,1.488017
1.300618,1.488017
1.300618,1.488017
1.300618,1.488017
1.300618,1.488017
1.300618,1.488017
1.300618,1.488017
1.300618,1.488017
1.300618,1.488017
1.300618,1.488017
1.300618,1.488017
1.300618,1.488017
1.300618,1.488017
1.300618,1.488017
1.300618,1.488017
1.300618,1.488017
1.300618,1.488017
1.300618,1.488017
1.300618,1.488017
1.300618,1.488017
1.310989,1.784384
1.310989,1.784384
0.755230,1.158282
0.755230,1.158282
0.755230,1.158282
0.755230,1.158282
0.755230,1.158282
0.755230,1.158282
0.755230,1.158282
0.755230,1.158282
1.068559,1.271298
1.068559,1.271298
1.068559,1.271298
1.068319,1.238487
1.068319,1.238487
1.068319,1.238487
1.068319,1.238487
1.068319,1.238487
1.068319,1.238487
1.068319,1.238487
1.068319,1.238487
1.099133,1.132312
1.099133,1.132312
1.099133,1.132312
1.099133,1.132312
1.099133,1.132312
1.099133,1.132312
1.099133,1.132312
1.350341,1.187116
1.350341,1.187116
1.350341,1.187116
1.350341,1.187116
1.240636,1.367500
1.240636,1.367500
1.240636,1.367500
1.240636,1.367500
1.539095,1.575279
1.539095,1.575279
1.539095,1.575279
1.539095,1.575279
1.539095,1.575279
1.539095,1.575279
1.539095,1.575279
1.539095,1.575279
1.539095,1.575279
1.539095,1.575279
1.539095,1.575279
1.539095,1.575279
1.539095,1.575279
1.539095,1.575279
1.539095,1.575279
1.539095,1.575279
1.539095,1.575279
1.539095,1.575279
0.889717,1.471099
0.889717,1.471099
0.941341,1.111012
0.941341,1.111012
0.941341,1.111012
0.941341,1.111012
1.826220,1.273875
1.826220,1.273875
1.225290,1.457194
1.225290,1.457194
1.441398,1.568721
1.441398,1.568721
1.441398,1.568721
1.441398,1.568721
1.441398,1.568721
1.441398,1.568721
1.441398,1.568721
1.441398,1.568721
1.441398,1.568721
1.441398,1.568721
1.441398,1.568721
1.441398,1.568721
1.441398,1.568721
1.441398,1.568721
1.441398,1.568721
1.441398,1.568721
1.441398,1.568721
1.441398,1.568721
1.441398,1.568721
1.441398,1.568721
1.441398,1.568721
1.441398,1.568721
1.441398,1.568721
1.441398,1.568721
1.441398,1.568721
1.441398,1.568721
1.441398,1.568721
1.441398,1.568721
1.441398,1.568721
1.441398,1.568721
1.441398,1.568721
1.441398,1.568721
1.441398,1.568721
1.441398,1.568721
1.441398,1.568721
1.441398,1.568721
1.441398,1.568721
1.441398,1.568721
1.441398,1.568721
1.441398,1.568721
1.441398,1.568721
1.441398,1.568721
1.441398,1.568721
1.441398,1.568721
1.441398,1.568721
1.441398,1.568721
1.441398,1.568721
1.441398,1.568721
1.441398,1.568721
1.441398,1.568721
1.441398,1.568721
1.441398,1.568721
1.441398,1.568721
1.441398,1.568721
1.441398,1.568721
1.441398,1.568721
1.441398,1.568721
1.441398,1.568721
1.441398,1.568721
1.441398,1.568721
1.365458,1.251521
1.365458,1.251521
1.365458,1.251521
1.365458,1.251521
1.365458,1.251521
1.365458,1.251521
1.365458,1.251521
1.365458,1.251521
1.365458,1.251521
1.365458,1.251521
1.365458,1.251521
1.365458,1.251521
1.476611,1.403601
1.476611,1.403601
1.476611,1.403601
1.476611,1.403601
1.476611,1.403601
1.476611,1.403601
1.476611,1.403601
1.476611,1.403601
1.476611,1.403601
1.476611,1.403601
1.476611,1.403601
1.476611,1.403601
1.476611,1.403601
1.476611,1.403601
1.476611,1.403601
1.476611,1.403601
1.476611,1.403601
1.438665,1.645739
1.438665,1.645739
1.438665,1.645739
1.438665,1.645739
1.438665,1.645739
1.438665,1.645739
1.438665,1.645739
1.154358,1.297866
1.154358,1.297866
1.154358,1.297866
1.485882,1.222880
1.485882,1.222880
1.485882,1.222880
1.485882,1.222880
1.485882,1.222880
1.485882,1.222880
1.485882,1.222880
1.485882,1.222880
1.485882,1.222880
1.485882,1.222880
1.485882,1.222880
1.485882,1.222880
1.485882,1.222880
1.485882,1.222880
1.485882,1.222880
1.485882,1.222880
1.485882,1.222880
1.381418,1.495702
1.381418,1.495702
1.381418,1.495702
1.381418,1.495702
1.381418,1.495702
1.381418,1.495702
1.381418,1.495702
1.381418,1.495702
1.381418,1.495702
1.381418,1.495702
1.381418,1.495702
1.381418,1.495702
1.381418,1.495702
1.381418,1.495702
1.381418,1.495702
1.381418,1.495702
1.381418,1.495702
1.523151,1.596435
1.523151,1.596435
1.523151,1.596435
1.701520,1.441482
1.701520,1.441482
1.701520,1.441482
1.545520,1.559797
1.545520,1.559797
1.545520,1.559797
1.545520,1.559797
1.545520,1.559797
1.545520,1.559797
1.545520,1.559797
1.545520,1.559797
1.545520,1.559797
1.545520,1.559797
1.545520,1.559797
1.545520,1.559797
1.545520,1.559797
1.545520,1.559797
1.545520,1.559797
1.545520,1.559797
1.333356,1.708989
1.365351,1.458969
1.365351,1.458969
1.365351,1.458969
1.365351,1.458969
1.365351,1.458969
1.365351,1.458969
1.365351,1.458969
1.365351,1.458969
1.365351,1.458969
1.365351,1.458969
1.365351,1.458969
1.365351,1.458969
1.365351,1.458969
1.365351,1.458969
1.365351,1.458969
1.365351,1.458969
1.365351,1.458969
1.365351,1.458969
1.365351,1.458969
1.365351,1.458969
1.365351,1.458969
1.365351,1.458969
1.365351,1.458969
1.365351,1.458969
1.365351,1.458969
1.365351,1.458969
1.365351,1.458969
1.365351,1.458969
1.365351,1.458969
1.365351,1.458969
1.365351,1.458969
1.365351,1.458969
1.365351,1.458969
1.365351,1.458969
1.365351,1.458969
1.365351,1.458969
1.456726,1.198569
1.425445,1.460171
1.425445,1.460171
1.425445,1.460171
1.425445,1.460171
1.425445,1.460171
1.425445,1.460171
1.425445,1.460171
1.425445,1.460171
1.425445,1.460171
1.425445,1.460171
1.425445,1.460171
1.425445,1.460171
1.425445,1.460171
1.425445,1.460171
1.425445,1.460171
1.425445,1.460171
1.425445,1.460171
1.425445,1.460171
1.425445,1.460171
1.425445,1.460171
1.425445,1.460171
1.425445,1.460171
1.425445,1.460171
1.425445,1.460171
1.425445,1.460171
1.425445,1.460171
1.425445,1.460171
1.425445,1.460171
1.425445,1.460171
1.425445,1.460171
1.425445,1.460171
1.425445,1.460171
1.425445,1.460171
1.425445,1.460171
1.425445,1.460171
1.425445,1.460171
1.425445,1.460171
1.425445,1.460171
1.425445,1.460171
1.425445,1.460171
1.425445,1.460171
1.425445,1.460171
1.425445,1.460171
1.425445,1.460171
1.425445,1.460171
1.425445,1.460171
1.425445,1.460171
1.425445,1.460171
1.425445,1.460171
1.425445,1.460171
1.425445,1.460171
1.425445,1.460171
1.425445,1.460171
1.425445,1.460171
1.425445,1.460171
1.425445,1.460171
1.425445,1.460171
1.425445,1.460171
1.425445,1.460171
1.425445,1.460171
1.425445,1.460171
1.425445,1.460171
1.425445,1.460171
1.425445,1.460171
1.425445,1.460171
1.425445,1.460171
1.425445,1.460171
1.425445,1.460171
1.425445,1.460171
1.425445,1.460171
1.425445,1.460171
1.425445,1.460171
1.425445,1.460171
1.425445,1.460171
1.425445,1.460171
1.425445,1.460171
1.425445,1.460171
1.425445,1.460171
1.425445,1.460171
1.425445,1.460171
1.425445,1.460171
1.425445,1.460171
1.425445,1.460171
1.425445,1.460171
1.425445,1.460171
1.425445,1.460171
1.425445,1.460171
1.425445,1.460171
1.425445,1.460171
1.425445,1.460171
1.425445,1.460171
1.425445,1.460171
1.425445,1.460171
1.425445,1.460171
1.425445,1.460171
1.425445,1.460171
1.085120,1.610768
1.085120,1.610768
1.085120,1.610768
1.085120,1.610768
1.085120,1.610768
1.085120,1.610768
1.401420,1.659479
1.401420,1.659479
1.401420,1.659479
1.401420,1.659479
1.348802,1.321130
1.348802,1.321130
1.348802,1.321130
1.348802,1.321130
1.459483,1.524218
1.459483,1.524218
1.459483,1.524218
1.459483,1.524218
1.459483,1.524218
1.459483,1.524218
1.459483,1.524218
1.459483,1.524218
1.459483,1.524218
1.459483,1.524218
1.459483,1.524218
1.459483,1.524218
1.459483,1.524218
1.459483,1.524218
1.459483,1.524218
1.459483,1.524218
1.459483,1.524218
1.459483,1.524218
1.459483,1.524218
1.459483,1.524218
1.459483,1.524218
1.459483,1.524218
1.459483,1.524218
1.459483,1.524218
1.459483,1.524218
1.459483,1.524218
1.459483,1.524218
1.459483,1.524218
1.459483,1.524218
1.459483,1.524218
1.459483,1.524218
1.459483,1.524218
1.459483,1.524218
1.459483,1.524218
1.459483,1.524218
1.459483,1.524218
1.436517,1.548199
1.436517,1.548199
1.258843,1.380440
1.258843,1.380440
1.178763,1.470350
1.178763,1.470350
1.178763,1.470350
1.149243,1.328009
1.149243,1.328009
1.149243,1.328009
1.149243,1.328009
1.149243,1.328009
1.418415,1.305482
1.418415,1.305482
1.418415,1.305482
1.418415,1.305482
1.418415,1.305482
1.418415,1.305482
1.418415,1.305482
1.418415,1.305482
1.418415,1.305482
1.418415,1.305482
1.418415,1.305482
1.418415,1.305482
1.418415,1.305482
1.418415,1.305482
1.418415,1.305482
1.418415,1.305482
1.418415,1.305482
1.418415,1.305482
1.418415,1.305482
1.418415,1.305482
1.418415,1.305482
1.418415,1.305482
1.418415,1.305482
1.418415,1.305482
1.418415,1.305482
1.418415,1.305482
1.418415,1.305482
1.418415,1.305482
1.418415,1.305482
1.418415,1.305482
1.418415,1.305482
1.418415,1.305482
1.418415,1.305482
1.418415,1.305482
1.418415,1.305482
1.418415,1.305482
1.418415,1.305482
1.418415,1.305482
1.418415,1.305482
1.418415,1.305482
1.418415,1.305482
1.418415,1.305482
1.418415,1.305482
1.418415,1.305482
1.418415,1.305482
1.418415,1.305482
1.418415,1.305482
1.418415,1.305482
1.418415,1.305482
1.418415,1.305482
1.418415,1.305482
1.418415,1.305482
1.418415,1.305482
1.478281,1.469454
1.204114,1.544983
1.204114,1.544983
1.204114,1.544983
1.204114,1.544983
1.204114,1.544983
1.204114,1.544983
1.204114,1.544983
1.204114,1.544983
1.204114,1.544983
1.204114,1.544983
1.204114,1.544983
1.204114,1.544983
1.204114,1.544983
1.204114,1.544983
1.204114,1.544983
1.204114,1.544983
1.204114,1.544983
1.204114,1.544983
1.204114,1.544983
1.204114,1.544983
1.204114,1.544983
1.204114,1.544983
1.204114,1.544983
1.204114,1.544983
1.204114,1.544983
1.163984,1.080838
1.163984,1.080838
1.222784,1.338923
1.576810,1.446825
1.576810,1.446825
1.576810,1.446825
1.576810,1.446825
1.508390,1.509710
1.508390,1.509710
1.508390,1.509710
1.508390,1.509710
1.508390,1.509710
1.508390,1.509710
1.508390,1.509710
1.508390,1.509710
1.508390,1.509710
1.508390,1.509710
1.508390,1.509710
1.508390,1.509710
1.508390,1.509710
1.391412,1.459408
1.391412,1.459408
1.391412,1.459408
1.391412,1.459408
1.391412,1.459408
1.391412,1.459408
1.391412,1.459408
1.391412,1.459408
1.391412,1.459408
1.391412,1.459408
1.391412,1.459408
1.391412,1.459408
1.391412,1.459408
1.391412,1.459408
1.391412,1.459408
1.391412,1.459408
1.391412,1.459408
1.391412,1.459408
1.391412,1.459408
1.391412,1.459408
1.391412,1.459408
1.517415,1.197237
1.517415,1.197237
1.517415,1.197237
1.517415,1.197237
1.517415,1.197237
1.517415,1.197237
1.517415,1.197237
1.517415,1.197237
1.517415,1.197237
1.517415,1.197237
1.517415,1.197237
1.232072,1.426302
1.232072,1.426302
1.232072,1.426302
1.232072,1.426302
1.232072,1.426302
1.232072,1.426302
1.232072,1.426302
1.232072,1.426302
1.232072,1.426302
1.232072,1.426302
1.363436,1.264769
1.363436,1.264769
1.363436,1.264769
1.363436,1.264769
1.363436,1.264769
1.363436,1.264769
1.363436,1.264769
1.363436,1.264769
1.363436,1.264769
1.363436,1.264769
1.363436,1.264769
1.363436,1.264769
1.363436,1.264769
1.363436,1.264769
1.363436,1.264769
1.363436,1.264769
1.363436,1.264769
1.363436,1.264769
1.363436,1.264769
1.363436,1.264769
1.363436,1.264769
1.363436,1.264769
1.363436,1.264769
1.363436,1.264769
1.363436,1.264769
1.363436,1.264769
1.363436,1.264769
1.363436,1.264769
1.363436,1.264769
1.363436,1.264769
1.363436,1.264769
1.363436,1.264769
1.363436,1.264769
1.363436,1.264769
1.363436,1.264769
1.363436,1.264769
1.363436,1.264769
1.363436,1.264769
1.363436,1.264769
1.363436,1.264769
1.223851,1.257607
1.223851,1.257607
1.223851,1.257607
1.223851,1.257607
1.223851,1.257607
1.223851,1.257607
1.223851,1.257607
1.223851,1.257607
1.223851,1.257607
1.223851,1.257607
1.223851,1.257607
1.223851,1.257607
1.223851,1.257607
1.223851,1.257607
1.223851,1.257607
1.223851,1.257607
1.223851,1.257607
1.152313,0.931136
1.152313,0.931136
1.358232,1.801375
1.358232,1.801375
1.358232,1.801375
1.358232,1.801375
1.016559,1.298968
1.016559,1.298968
1.016559,1.298968
1.016559,1.298968
1.016559,1.298968
1.016559,1.298968
1.348572,1.451014
1.348572,1.451014
1.348572,1.451014
1.348572,1.451014
1.348572,1.451014
1.348572,1.451014
1.348572,1.451014
1.348572,1.451014
1.348572,1.451014
1.348572,1.451014
1.348572,1.451014
1.348572,1.451014
1.348572,1.451014
1.348572,1.451014
1.348572,1.451014
1.348572,1.451014
1.348572,1.451014
1.348572,1.451014
1.348572,1.451014
1.348572,1.451014
1.348572,1.451014
1.348572,1.451014
1.348572,1.451014
1.348572,1.451014
1.348572,1.451014
1.348572,1.451014
1.348572,1.451014
1.348572,1.451014
1.348572,1.451014
1.348572,1.451014
1.348572,1.451014
1.348572,1.451014
1.348572,1.451014
1.348572,1.451014
1.420567,1.473389
1.420567,1.473389
1.420567,1.473389
1.420567,1.473389
1.420567,1.473389
1.420567,1.473389
1.420567,1.473389
1.420567,1.473389
1.420567,1.473389
1.420567,1.473389
1.420567,1.473389
1.420567,1.473389
1.420567,1.473389
1.420567,1.473389
1.420567,1.473389
1.420567,1.473389
1.420567,1.473389
1.420567,1.473389
1.420567,1.473389
1.420567,1.473389
1.420567,1.473389
1.420567,1.473389
1.420567,1.473389
1.420567,1.473389
1.420567,1.473389
1.420567,1.473389
1.420567,1.473389
1.420567,1.473389
1.420567,1.473389
1.420567,1.473389
1.420567,1.473389
1.420567,1.473389
1.420567,1.473389
1.420567,1.473389
1.420567,1.473389
1.420567,1.473389
1.267659,1.551877
1.267659,1.551877
1.267659,1.551877
1.267659,1.551877
1.267659,1.551877
1.267659,1.551877
1.267659,1.551877
1.267659,1.551877
1.267659,1.551877
1.267659,1.551877
1.267659,1.551877
1.267659,1.551877
1.267659,1.551877
1.267659,1.551877
1.267659,1.551877
1.267659,1.551877
1.267659,1.551877
1.267659,1.551877
1.267659,1.551877
1.462322,1.240378
1.462322,1.240378
1.462322,1.240378
1.462322,1.240378
1.462322,1.240378
1.462322,1.240378
1.462322,1.240378
1.462322,1.240378
1.462322,1.240378
1.462322,1.240378
1.328712,1.665538
1.328712,1.665538
1.328712,1.665538
1.328712,1.665538
1.328712,1.665538
1.328712,1.665538
1.328712,1.665538
1.328712,1.665538
1.328712,1.665538
1.328712,1.665538
1.328712,1.665538
1.672126,1.424541
1.672126,1.424541
1.672126,1.424541
1.672126,1.424541
1.356082,1.663287
1.356082,1.663287
1.356082,1.663287
1.553711,1.217375
1.553711,1.217375
1.553711,1.217375
1.553711,1.217375
1.553711,1.217375
1.553711,1.217375
1.553711,1.217375
1.529090,1.412133
1.529090,1.412133
1.529090,1.412133
1.529090,1.412133
1.529090,1.412133
1.432822,1.441983
1.639756,1.372580
1.292651,1.589992
1.292651,1.589992
1.292651,1.589992
1.292651,1.589992
1.292651,1.589992
1.292651,1.589992
1.292651,1.589992
1.292651,1.589992
1.292651,1.589992
1.292651,1.589992
1.292651,1.589992
1.292651,1.589992
1.292651,1.589992
1.292651,1.589992
1.292651,1.589992
1.292651,1.589992
0.917324,1.470228
0.917324,1.470228
0.917324,1.470228
0.917324,1.470228
1.442793,1.015522
1.442793,1.015522
1.442793,1.015522
1.442793,1.015522
1.573351,1.309220
1.573351,1.309220
1.573351,1.309220
1.573351,1.309220
1.405079,1.163322
1.405079,1.163322
1.405079,1.163322
1.405079,1.163322
1.405079,1.163322
1.405079,1.163322
1.405079,1.163322
1.405079,1.163322
1.405079,1.163322
1.525759,1.439255
1.525759,1.439255
1.502443,1.564627
1.502443,1.564627
1.502443,1.564627
1.502443,1.564627
1.502443,1.564627
1.502443,1.564627
1.135679,1.360493
1.135679,1.360493
1.135679,1.360493
1.135679,1.360493
1.135679,1.360493
1.135679,1.360493
1.135679,1.360493
1.135679,1.360493
1.135679,1.360493
1.135679,1.360493
1.135679,1.360493
1.135679,1.360493
1.135679,1.360493
1.135679,1.360493
1.135679,1.360493
1.135679,1.360493
1.135679,1.360493
1.135679,1.360493
1.441131,1.082114
1.441131,1.082114
1.441131,1.082114
1.441131,1.082114
1.441131,1.082114
1.441131,1.082114
1.441131,1.082114
1.441131,1.082114
1.441131,1.082114
1.441131,1.082114
1.441131,1.082114
1.441131,1.082114
1.441131,1.082114
1.441131,1.082114
1.441131,1.082114
1.441131,1.082114
1.441131,1.082114
1.441131,1.082114
1.441131,1.082114
1.441131,1.082114
1.441131,1.082114
1.105093,1.300313
1.105093,1.300313
1.105093,1.300313
1.105093,1.300313
1.105093,1.300313
1.105093,1.300313
1.105093,1.300313
1.105093,1.300313
1.105093,1.300313
1.105093,1.300313
1.105093,1.300313
1.105093,1.300313
1.105093,1.300313
1.105093,1.300313
1.105093,1.300313
1.105093,1.300313
1.105093,1.300313
1.105093,1.300313
1.105093,1.300313
1.105093,1.300313
1.105093,1.300313
1.105093,1.300313
1.105093,1.300313
1.383894,1.105643
1.383894,1.105643
1.383894,1.105643
1.383894,1.105643
1.383894,1.105643
1.383894,1.105643
1.383894,1.105643
1.421037,1.370798
1.421037,1.370798
1.421037,1.370798
1.421037,1.370798
1.421037,1.370798
1.421037,1.370798
1.421037,1.370798
1.380463,1.441924
1.503032,1.454692
1.503032,1.454692
1.503032,1.454692
1.503032,1.454692
1.503032,1.454692
1.503032,1.454692
1.503032,1.454692
1.503032,1.454692
1.503032,1.454692
1.274288,0.954131
1.274288,0.954131
1.274288,0.954131
1.274288,0.954131
1.452668,0.987088
1.452668,0.987088
1.483018,1.075768
1.233722,1.170515
1.233722,1.170515
1.233722,1.170515
1.233722,1.170515
1.233722,1.170515
1.500760,1.278391
1.500760,1.278391
1.500760,1.278391
1.500760,1.278391
1.500760,1.278391
1.500760,1.278391
1.500760,1.278391
1.500760,1.278391
1.500760,1.278391
1.500760,1.278391
1.500760,1.278391
1.500760,1.278391
1.500760,1.278391
1.500760,1.278391
1.500760,1.278391
1.500760,1.278391
1.500760,1.278391
1.500760,1.278391
1.500760,1.278391
1.500760,1.278391
1.500760,1.278391
1.500760,1.278391
1.500760,1.278391
1.500760,1.278391
1.431865,1.357378
1.431865,1.357378
1.431865,1.357378
1.431865,1.357378
1.431865,1.357378
1.431865,1.357378
1.431865,1.357378
1.431865,1.357378
1.431865,1.357378
1.431865,1.357378
1.431865,1.357378
1.431865,1.357378
1.431865,1.357378
1.431865,1.357378
1.431865,1.357378
1.431865,1.357378
1.376417,1.432388
1.376417,1.432388
1.376417,1.432388
1.376417,1.432388
1.376417,1.432388
1.376417,1.432388
1.376417,1.432388
1.376417,1.432388
1.376417,1.432388
1.376417,1.432388
1.376417,1.432388
1.376417,1.432388
1.376417,1.432388
1.376417,1.432388
1.376417,1.432388
1.223970,1.266103
1.223970,1.266103
1.223970,1.266103
1.223970,1.266103
1.223970,1.266103
1.223970,1.266103
1.223970,1.266103
1.223970,1.266103
1.630123,1.471445
1.630123,1.471445
1.630123,1.471445
1.630123,1.471445
1.151975,1.243643
1.151975,1.243643
1.151975,1.243643
1.151975,1.243643
1.333226,1.529705
1.333226,1.529705
1.333226,1.529705
1.333226,1.529705
1.333226,1.529705
1.333226,1.529705
1.333226,1.529705
1.333226,1.529705
1.333226,1.529705
1.333226,1.529705
1.333226,1.529705
1.333226,1.529705
1.333226,1.529705
1.333226,1.529705
1.333226,1.529705
1.333226,1.529705
1.333226,1.529705
1.333226,1.529705
1.333226,1.529705
1.333226,1.529705
1.333226,1.529705
1.333226,1.529705
1.333226,1.529705
1.333226,1.529705
1.333226,1.529705
1.333226,1.529705
1.333226,1.529705
1.333226,1.529705
1.333226,1.529705
1.333226,1.529705
1.333226,1.529705
1.333226,1.529705
1.333226,1.529705
1.333226,1.529705
1.333226,1.529705
1.333226,1.529705
1.333226,1.529705
1.333226,1.529705
1.333226,1.529705
1.333226,1.529705
1.333226,1.529705
1.333226,1.529705
1.333226,1.529705
1.333226,1.529705
1.333226,1.529705
1.333226,1.529705
1.333226,1.529705
1.333226,1.529705
1.333226,1.529705
1.333226,1.529705
1.333226,1.529705
1.333226,1.529705
1.333226,1.529705
1.333226,1.529705
1.333226,1.529705
1.333226,1.529705
1.333226,1.529705
1.333226,1.529705
1.333226,1.529705
1.333226,1.529705
1.333226,1.529705
1.333226,1.529705
1.333226,1.529705
1.333226,1.529705
1.333226,1.529705
1.333226,1.529705
1.333226,1.529705
1.321087,1.516395
1.321087,1.516395
1.321087,1.516395
1.321087,1.516395
1.321087,1.516395
1.321087,1.516395
1.321087,1.516395
1.321087,1.516395
1.321087,1.516395
1.321087,1.516395
1.321087,1.516395
1.321087,1.516395
1.321087,1.516395
1.321087,1.516395
1.321087,1.516395
1.321087,1.516395
1.321087,1.516395
1.321087,1.516395
1.321087,1.516395
1.321087,1.516395
1.321087,1.516395
1.321087,1.516395
1.321087,1.516395
1.321087,1.516395
1.321087,1.516395
1.321087,1.516395
1.321087,1.516395
1.321087,1.516395
1.321087,1.516395
1.321087,1.516395
1.321087,1.516395
1.321087,1.516395
1.321087,1.516395
1.321087,1.516395
1.321087,1.516395
1.321087,1.516395
1.321087,1.516395
1.321087,1.516395
1.321087,1.516395
1.321087,1.516395
1.321087,1.516395
1.321087,1.516395
1.321087,1.516395
1.321087,1.516395
1.321087,1.516395
1.321087,1.516395
1.321087,1.516395
1.321087,1.516395
1.321087,1.516395
1.321087,1.516395
1.321087,1.516395
1.321087,1.516395
1.522435,1.565639
1.522435,1.565639
1.522435,1.565639
1.522435,1.565639
1.522435,1.565639
1.522435,1.565639
1.522435,1.565639
1.522435,1.565639
1.522435,1.565639
1.522435,1.565639
1.522435,1.565639
1.522435,1.565639
1.522435,1.565639
1.424485,1.311069
1.424485,1.311069
1.424485,1.311069
1.424485,1.311069
1.424485,1.311069
1.424485,1.311069
1.424485,1.311069
1.424485,1.311069
1.424485,1.311069
1.424485,1.311069
1.424485,1.311069
1.424485,1.311069
1.424485,1.311069
1.424485,1.311069
1.424485,1.311069
1.424485,1.311069
1.424485,1.311069
1.424485,1.311069
1.424485,1.311069
1.424485,1.311069
1.424485,1.311069
1.424485,1.311069
1.424485,1.311069
1.424485,1.311069
1.424485,1.311069
1.424485,1.311069
1.424485,1.311069
1.424485,1.311069
1.424485,1.311069
1.424485,1.311069
1.424485,1.311069
1.424485,1.311069
1.305010,1.298952
1.305010,1.298952
1.305010,1.298952
1.305010,1.298952
1.305010,1.298952
1.305010,1.298952
1.122244,1.562257
1.122244,1.562257
1.608936,1.386624
1.608936,1.386624
1.608936,1.386624
1.608936,1.386624
1.608936,1.386624
1.608936,1.386624
1.608936,1.386624
1.608936,1.386624
1.608936,1.386624
1.608936,1.386624
1.608936,1.386624
1.608936,1.386624
1.608936,1.386624
1.608936,1.386624
1.608936,1.386624
1.608936,1.386624
1.608936,1.386624
1.608936,1.386624
1.608936,1.386624
1.608936,1.386624
1.608936,1.386624
1.608936,1.386624
1.608936,1.386624
1.608936,1.386624
1.608936,1.386624
1.608936,1.386624
1.608936,1.386624
1.608936,1.386624
1.608936,1.386624
1.608936,1.386624
1.608936,1.386624
1.608936,1.386624
1.608936,1.386624
1.608936,1.386624
1.608936,1.386624
1.608936,1.386624
1.608936,1.386624
1.608936,1.386624
1.474968,1.789016
1.474968,1.789016
1.474968,1.789016
1.646051,1.175818
1.646051,1.175818
1.646051,1.175818
1.502087,1.583880
1.502087,1.583880
1.502087,1.583880
1.502087,1.583880
1.502087,1.583880
1.502087,1.583880
1.502087,1.583880
1.502087,1.583880
1.502087,1.583880
1.502087,1.583880
1.502087,1.583880
1.502087,1.583880
1.502087,1.583880
1.502087,1.583880
1.502087,1.583880
1.502087,1.583880
1.153051,1.331439
1.153051,1.331439
1.153051,1.331439
1.153051,1.331439
1.153051,1.331439
1.153051,1.331439
1.153051,1.331439
1.153051,1.331439
1.153051,1.331439
1.153051,1.331439
1.388327,1.616035
1.434007,1.362003
1.434007,1.362003
1.434007,1.362003
1.434007,1.362003
1.434007,1.362003
1.434007,1.362003
1.434007,1.362003
1.434007,1.362003
1.434007,1.362003
1.434007,1.362003
1.434007,1.362003
1.434007,1.362003
1.434007,1.362003
1.434007,1.362003
1.434007,1.362003
1.434007,1.362003
1.434007,1.362003
1.434007,1.362003
1.434007,1.362003
1.434007,1.362003
1.434007,1.362003
1.434007,1.362003
1.434007,1.362003
1.434007,1.362003
1.434007,1.362003
1.434007,1.362003
1.434007,1.362003
1.434007,1.362003
1.434007,1.362003
1.434007,1.362003
1.434007,1.362003
1.434007,1.362003
1.434007,1.362003
1.434007,1.362003
1.434007,1.362003
1.434007,1.362003
1.434007,1.362003
1.434007,1.362003
1.434007,1.362003
1.434007,1.362003
1.434007,1.362003
1.293830,1.400231
1.293830,1.400231
1.293830,1.400231
1.293830,1.400231
1.293830,1.400231
1.293830,1.400231
1.293830,1.400231
1.293830,1.400231
1.293830,1.400231
1.293830,1.400231
1.293830,1.400231
1.293830,1.400231
1.293830,1.400231
1.293830,1.400231
1.293830,1.400231
1.293830,1.400231
1.613337,1.355455
1.613337,1.355455
1.613337,1.355455
1.613337,1.355455
1.613337,1.355455
1.613337,1.355455
1.613337,1.355455
1.613337,1.355455
1.613337,1.355455
1.613337,1.355455
1.613337,1.355455
1.613337,1.355455
1.613337,1.355455
1.613337,1.355455
1.392457,1.020779
1.392457,1.020779
1.392457,1.020779
1.392457,1.020779
1.392457,1.020779
1.392457,1.020779
1.392457,1.020779
1.392457,1.020779
1.392457,1.020779
1.392457,1.020779
1.175175,1.174201
1.175175,1.174201
1.175175,1.174201
1.175175,1.174201
1.175175,1.174201
1.175175,1.174201
1.175175,1.174201
1.175175,1.174201
1.175175,1.174201
1.175175,1.174201
1.175175,1.174201
1.175175,1.174201
1.175175,1.174201
1.175175,1.174201
1.175175,1.174201
1.175175,1.174201
1.362501,1.547909
1.362501,1.547909
1.362501,1.547909
1.362501,1.547909
1.362501,1.547909
1.362501,1.547909
1.362501,1.547909
1.362501,1.547909
1.362501,1.547909
1.362501,1.547909
1.362501,1.547909
1.362501,1.547909
1.362501,1.547909
1.362501,1.547909
1.362501,1.547909
1.362501,1.547909
1.362501,1.547909
1.362501,1.547909
1.362501,1.547909
1.362501,1.547909
1.362501,1.547909
1.362501,1.547909
1.362501,1.547909
1.362501,1.547909
1.362501,1.547909
1.362501,1.547909
1.362501,1.547909
1.362501,1.547909
1.362501,1.547909
1.362501,1.547909
1.362501,1.547909
1.362501,1.547909
1.362501,1.547909
1.362501,1.547909
1.362501,1.547909
1.362501,1.547909
1.154483,1.392218
1.154483,1.392218
1.100481,1.787827
1.100481,1.787827
1.100481,1.787827
1.100481,1.787827
1.100481,1.787827
1.100481,1.787827
1.100481,1.787827
1.100481,1.787827
1.132934,1.220610
1.132934,1.220610
1.132934,1.220610
1.132934,1.220610
1.132934,1.220610
1.132934,1.220610
1.132934,1.220610
1.132934,1.220610
1.132934,1.220610
1.132934,1.220610
1.132934,1.220610
1.132934,1.220610
1.132934,1.220610
1.132934,1.220610
1.350926,1.006831
1.350926,1.006831
1.350926,1.006831
1.350926,1.006831
1.350926,1.006831
1.350926,1.006831
1.350926,1.006831
1.350926,1.006831
1.350926,1.006831
1.350926,1.006831
1.350926,1.006831
1.350926,1.006831
1.066548,1.474907
1.315255,1.487442
1.315255,1.487442
1.315255,1.487442
1.315255,1.487442
1.315255,1.487442
1.315255,1.487442
1.315255,1.487442
1.315255,1.487442
1.315255,1.487442
1.315255,1.487442
1.315255,1.487442
1.315255,1.487442
1.315255,1.487442
1.315255,1.487442
1.315255,1.487442
1.315255,1.487442
1.315255,1.487442
1.315255,1.487442
1.315255,1.487442
1.315255,1.487442
1.315255,1.487442
1.315255,1.487442
1.315255,1.487442
1.519681,1.280695
1.494562,1.097528
1.032171,1.690441
1.532868,0.920600
0.911972,1.509001
0.911972,1.509001
1.525391,1.254091
1.525391,1.254091
1.297265,1.139012
1.297265,1.139012
1.297265,1.139012
1.297265,1.139012
1.297265,1.139012
1.297265,1.139012
1.297265,1.139012
1.297265,1.139012
1.135185,1.056026
1.135185,1.056026
1.349266,1.121047
1.349266,1.121047
1.349266,1.121047
1.349266,1.121047
1.349266,1.121047
1.349266,1.121047
1.349266,1.121047
1.349266,1.121047
1.349266,1.121047
1.349266,1.121047
1.349266,1.121047
1.349266,1.121047
1.349266,1.121047
1.349266,1.121047
1.349266,1.121047
1.349266,1.121047
1.327512,1.489330
1.327512,1.489330
1.327512,1.489330
1.327512,1.489330
1.252302,1.433984
1.252302,1.433984
1.252302,1.433984
1.252302,1.433984
1.252302,1.433984
1.252302,1.433984
1.252302,1.433984
1.252302,1.433984
1.252302,1.433984
1.252302,1.433984
1.252302,1.433984
1.252302,1.433984
1.252302,1.433984
1.239580,1.621841
1.239580,1.621841
1.239580,1.621841
1.648665,1.112366
1.445691,1.732690
1.445691,1.732690
1.445691,1.732690
1.445691,1.732690
1.445691,1.732690
1.445691,1.732690
1.445691,1.732690
1.695668,1.086357
1.695668,1.086357
1.695668,1.086357
1.695668,1.086357
1.695668,1.086357
1.695668,1.086357
1.695668,1.086357
1.695668,1.086357
0.943747,1.560396
0.943747,1.560396
0.943747,1.560396
0.943747,1.560396
1.166360,1.018840
1.039879,1.244550
1.039879,1.244550
1.039879,1.244550
1.039879,1.244550
1.039879,1.244550
1.039879,1.244550
1.434715,1.256957
1.434715,1.256957
1.434715,1.256957
1.434715,1.256957
1.434715,1.256957
1.434715,1.256957
1.434715,1.256957
1.434715,1.256957
1.434715,1.256957
1.434715,1.256957
1.434715,1.256957
1.434715,1.256957
1.434715,1.256957
1.434715,1.256957
1.434715,1.256957
1.434715,1.256957
1.434715,1.256957
1.434715,1.256957
1.434715,1.256957
1.434715,1.256957
1.434715,1.256957
1.434715,1.256957
1.434715,1.256957
1.434715,1.256957
1.434715,1.256957
1.434715,1.256957
1.434715,1.256957
1.252778,1.435969
1.252778,1.435969
1.252778,1.435969
1.252778,1.435969
1.252778,1.435969
1.252778,1.435969
1.252778,1.435969
1.252778,1.435969
1.252778,1.435969
1.252778,1.435969
1.252778,1.435969
1.267153,1.038219
1.267153,1.038219
1.267153,1.038219
1.267153,1.038219
1.267153,1.038219
1.267153,1.038219
1.267153,1.038219
1.267153,1.038219
1.033802,1.105782
1.421481,0.838852
1.421481,0.838852
1.421481,0.838852
1.528871,1.731533
1.528871,1.731533
1.528871,1.731533
1.614307,1.653634
1.614307,1.653634
1.614307,1.653634
1.614307,1.653634
1.614307,1.653634
1.666534,1.440185
1.666534,1.440185
1.666534,1.440185
1.666534,1.440185
1.256475,1.583391
1.256475,1.583391
1.256475,1.583391
1.243259,1.457281
1.243259,1.457281
1.243259,1.457281
1.243259,1.457281
1.243259,1.457281
1.243259,1.457281
1.243259,1.457281
1.243259,1.457281
1.243259,1.457281
1.243259,1.457281
1.243259,1.457281
1.243259,1.457281
1.198153,1.354668
1.198153,1.354668
1.198153,1.354668
1.198153,1.354668
1.198153,1.354668
1.198153,1.354668
1.198153,1.354668
1.198153,1.354668
1.198153,1.354668
1.198153,1.354668
1.198153,1.354668
1.198153,1.354668
1.198153,1.354668
1.198153,1.354668
1.198153,1.354668
1.198153,1.354668
1.198153,1.354668
1.198153,1.354668
1.198153,1.354668
1.198153,1.354668
1.198153,1.354668
1.198153,1.354668
1.198153,1.354668
1.198153,1.354668
1.198153,1.354668
1.198153,1.354668
1.198153,1.354668
1.198153,1.354668
1.198153,1.354668
1.198153,1.354668
1.198153,1.354668
1.198153,1.354668
1.198153,1.354668
1.198153,1.354668
1.198153,1.354668
1.198153,1.354668
1.198153,1.354668
1.198153,1.354668
1.198153,1.354668
1.198153,1.354668
1.198153,1.354668
1.198153,1.354668
1.198153,1.354668
1.198153,1.354668
1.198153,1.354668
1.176861,1.497730
1.176861,1.497730
1.176861,1.497730
1.176861,1.497730
1.176861,1.497730
1.176861,1.497730
1.176861,1.497730
1.176861,1.497730
1.176861,1.497730
1.176861,1.497730
1.323319,1.029193
1.323319,1.029193
1.323319,1.029193
1.522907,1.499519
1.522907,1.499519
1.522907,1.499519
1.522907,1.499519
1.522907,1.499519
1.522907,1.499519
1.522907,1.499519
1.522907,1.499519
1.522907,1.499519
1.522907,1.499519
1.522907,1.499519
1.522907,1.499519
1.522907,1.499519
1.522907,1.499519
0.960166,1.502438
0.960166,1.502438
0.960166,1.502438
0.960166,1.502438
0.986220,1.405164
1.451242,1.030924
1.451242,1.030924
1.451242,1.030924
1.451242,1.030924
1.451242,1.030924
1.451242,1.030924
1.451242,1.030924
1.451242,1.030924
1.451242,1.030924
1.152347,1.498743
1.152347,1.498743
1.152347,1.498743
1.152347,1.498743
1.152347,1.498743
1.152347,1.498743
1.152347,1.498743
1.152347,1.498743
1.152347,1.498743
1.313954,1.630702
1.313954,1.630702
1.313954,1.630702
1.313954,1.630702
1.313954,1.630702
1.313954,1.630702
1.500633,1.142003
1.500633,1.142003
1.500633,1.142003
1.500633,1.142003
1.500633,1.142003
1.500633,1.142003
1.500633,1.142003
1.500633,1.142003
1.500633,1.142003
1.500633,1.142003
1.322979,1.310324
1.322979,1.310324
1.322979,1.310324
1.322979,1.310324
1.322979,1.310324
1.322979,1.310324
1.322979,1.310324
1.322979,1.310324
1.322979,1.310324
1.322979,1.310324
1.322979,1.310324
1.322979,1.310324
1.322979,1.310324
1.322979,1.310324
1.322979,1.310324
1.322979,1.310324
1.322979,1.310324
1.322979,1.310324
1.322979,1.310324
1.322979,1.310324
1.322979,1.310324
1.322979,1.310324
1.322979,1.310324
1.322979,1.310324
1.322979,1.310324
1.322979,1.310324
1.322979,1.310324
1.322979,1.310324
1.322979,1.310324
1.322979,1.310324
1.322979,1.310324
1.322979,1.310324
1.260160,1.504302
1.260160,1.504302
1.260160,1.504302
1.622731,1.237334
1.622731,1.237334
1.622731,1.237334
1.622731,1.237334
1.622731,1.237334
1.622731,1.237334
1.336773,1.147519
1.336773,1.147519
1.402007,1.531481
1.402007,1.531481
1.402007,1.531481
1.402007,1.531481
1.402007,1.531481
1.402007,1.531481
1.402007,1.531481
1.402007,1.531481
1.402007,1.531481
1.402007,1.531481
1.402007,1.531481
1.402007,1.531481
1.402007,1.531481
1.402007,1.531481
1.402007,1.531481
1.402007,1.531481
1.402007,1.531481
1.402007,1.531481
1.402007,1.531481
1.402007,1.531481
1.402007,1.531481
1.402007,1.531481
1.402007,1.531481
1.402007,1.531481
1.402007,1.531481
1.402007,1.531481
1.402007,1.531481
1.402007,1.531481
1.402007,1.531481
1.402007,1.531481
1.402007,1.531481
1.402007,1.531481
1.402007,1.531481
1.402007,1.531481
1.402007,1.531481
1.402007,1.531481
1.402007,1.531481
1.402007,1.531481
1.402007,1.531481
1.402007,1.531481
1.402007,1.531481
1.402007,1.531481
1.402007,1.531481
1.402007,1.531481
1.402007,1.531481
1.402007,1.531481
1.402007,1.531481
1.402007,1.531481
1.402007,1.531481
1.402007,1.531481
1.402007,1.531481
1.402007,1.531481
1.402007,1.531481
1.402007,1.531481
1.402007,1.531481
1.402007,1.531481
1.402007,1.531481
1.402007,1.531481
1.402007,1.531481
1.402007,1.531481
1.402007,1.531481
1.402007,1.531481
1.402007,1.531481
1.402007,1.531481
1.402007,1.531481
1.402007,1.531481
1.402007,1.531481
1.402007,1.531481
1.641308,1.458495
1.641308,1.458495
1.346543,1.352439
1.346543,1.352439
1.346543,1.352439
1.346543,1.352439
1.346543,1.352439
1.346543,1.352439
1.346543,1.352439
1.346543,1.352439
1.346543,1.352439
1.293223,1.199482
1.293223,1.199482
1.277278,1.209940
1.277278,1.209940
1.277278,1.209940
1.277278,1.209940
1.277278,1.209940
1.277278,1.209940
1.277278,1.209940
1.560612,1.213426
1.560612,1.213426
1.560612,1.213426
1.560612,1.213426
1.560612,1.213426
1.560612,1.213426
1.560612,1.213426
1.560612,1.213426
1.560612,1.213426
1.560612,1.213426
1.560612,1.213426
1.560612,1.213426
1.560612,1.213426
1.560612,1.213426
1.560612,1.213426
1.560612,1.213426
1.560612,1.213426
1.560612,1.213426
1.560612,1.213426
1.560612,1.213426
1.560612,1.213426
1.560612,1.213426
1.560612,1.213426
1.560612,1.213426
1.560612,1.213426
1.560612,1.213426
1.560612,1.213426
1.560612,1.213426
1.627821,0.780928
1.627821,0.780928
1.627821,0.780928
1.627821,0.780928
1.411104,0.429113
1.411104,0.429113
1.411104,0.429113
1.411104,0.429113
1.675073,0.946362
1.675073,0.946362
1.588933,1.193701
1.588933,1.193701
1.588933,1.193701
1.588933,1.193701
1.588933,1.193701
1.432246,1.763300
1.432246,1.763300
1.432246,1.763300
1.432246,1.763300
1.138419,1.406952
1.138419,1.406952
1.138419,1.406952
1.104859,1.359964
1.104859,1.359964
1.104859,1.359964
1.104859,1.359964
1.104859,1.359964
1.104859,1.359964
1.104859,1.359964
1.284180,1.219280
1.284180,1.219280
1.284180,1.219280
1.284180,1.219280
1.284180,1.219280
1.284180,1.219280
1.284180,1.219280
1.284180,1.219280
1.284180,1.219280
1.713545,1.552178
1.713545,1.552178
1.713545,1.552178
1.713545,1.552178
1.713545,1.552178
1.713545,1.552178
1.713545,1.552178
1.713545,1.552178
1.713545,1.552178
1.437911,0.972295
1.437911,0.972295
1.437911,0.972295
1.437911,0.972295
1.437911,0.972295
1.437911,0.972295
1.590040,1.809276
1.590040,1.809276
1.657843,1.371740
1.657843,1.371740
1.657843,1.371740
1.657843,1.371740
1.657843,1.371740
1.657843,1.371740
1.657843,1.371740
1.657843,1.371740
1.203991,1.470854
1.203991,1.470854
1.211729,1.526962
1.211729,1.526962
1.211729,1.526962
1.211729,1.526962
1.211729,1.526962
1.211729,1.526962
1.214464,1.501614
1.214464,1.501614
1.214464,1.501614
1.214464,1.501614
1.214464,1.501614
1.214464,1.501614
1.214464,1.501614
1.214464,1.501614
1.437229,1.513035
1.437229,1.513035
1.437229,1.513035
1.437229,1.513035
1.437229,1.513035
1.437229,1.513035
1.437229,1.513035
1.437229,1.513035
1.437229,1.513035
1.437229,1.513035
1.437229,1.513035
1.437229,1.513035
1.437229,1.513035
1.437229,1.513035
1.437229,1.513035
1.437229,1.513035
1.437229,1.513035
1.437229,1.513035
1.437229,1.513035
1.437229,1.513035
1.437229,1.513035
1.437229,1.513035
1.437229,1.513035
1.437229,1.513035
1.437229,1.513035
1.437229,1.513035
1.437229,1.513035
1.437229,1.513035
1.437229,1.513035
1.437229,1.513035
1.437229,1.513035
1.108674,1.480969
1.108674,1.480969
1.108674,1.480969
1.108674,1.480969
1.108674,1.480969
1.108674,1.480969
1.108674,1.480969
1.108674,1.480969
1.049524,1.346220
1.049524,1.346220
1.049524,1.346220
1.049524,1.346220
1.049524,1.346220
1.049524,1.346220
1.049524,1.346220
1.049524,1.346220
1.143650,1.326482
1.143650,1.326482
1.143650,1.326482
1.143650,1.326482
1.143650,1.326482
1.143650,1.326482
1.172810,1.411448
1.172810,1.411448
1.172810,1.411448
1.172810,1.411448
1.172810,1.411448
1.201962,1.375339
1.201962,1.375339
1.201962,1.375339
1.201962,1.375339
1.201962,1.375339
1.201962,1.375339
1.201962,1.375339
1.201962,1.375339
1.201962,1.375339
1.202557,1.377729
1.202557,1.377729
1.202557,1.377729
1.202557,1.377729
1.202557,1.377729
1.202557,1.377729
1.202557,1.377729
1.202557,1.377729
1.202557,1.377729
1.202557,1.377729
1.202557,1.377729
1.202557,1.377729
1.202557,1.377729
1.202557,1.377729
1.202557,1.377729
1.202557,1.377729
1.202557,1.377729
1.202557,1.377729
1.202557,1.377729
1.202557,1.377729
1.202557,1.377729
1.202557,1.377729
1.202557,1.377729
1.202557,1.377729
1.202557,1.377729
1.202557,1.377729
1.202557,1.377729
1.202557,1.377729
1.202557,1.377729
1.202557,1.377729
1.202557,1.377729
1.202557,1.377729
1.202557,1.377729
1.202557,1.377729
1.202557,1.377729
1.202557,1.377729
1.123642,1.049356
1.123642,1.049356
1.123642,1.049356
0.928860,1.357131
0.928860,1.357131
0.928860,1.357131
0.928860,1.357131
1.593481,1.633795
1.593481,1.633795
1.593481,1.633795
1.593481,1.633795
1.231122,1.464124
1.231122,1.464124
1.231122,1.464124
1.231122,1.464124
1.231122,1.464124
1.231122,1.464124
1.231122,1.464124
1.231122,1.464124
1.231122,1.464124
1.231122,1.464124
1.231122,1.464124
1.231122,1.464124
1.231122,1.464124
1.231122,1.464124
1.231122,1.464124
1.231122,1.464124
1.231122,1.464124
1.231122,1.464124
1.231122,1.464124
1.231122,1.464124
1.330371,1.542870
1.330371,1.542870
1.330371,1.542870
1.330371,1.542870
1.330371,1.542870
1.330371,1.542870
1.330371,1.542870
1.659019,1.140131
1.659019,1.140131
1.659019,1.140131
1.659019,1.140131
1.659019,1.140131
1.506847,1.582311
1.336078,1.461857
1.336078,1.461857
1.336078,1.461857
1.336078,1.461857
1.336078,1.461857
1.336078,1.461857
1.336078,1.461857
1.336078,1.461857
1.336078,1.461857
1.336078,1.461857
1.336078,1.461857
1.336078,1.461857
1.336078,1.461857
1.336078,1.461857
1.336078,1.461857
1.336078,1.461857
1.336078,1.461857
1.336078,1.461857
1.336078,1.461857
1.336078,1.461857
1.336078,1.461857
1.336078,1.461857
1.336078,1.461857
1.336078,1.461857
1.336078,1.461857
1.336078,1.461857
1.336078,1.461857
1.336078,1.461857
1.336078,1.461857
1.336078,1.461857
1.336078,1.461857
1.336078,1.461857
1.336078,1.461857
1.302287,1.532661
1.302287,1.532661
1.244814,1.596399
1.498381,1.289260
1.498381,1.289260
1.498381,1.289260
1.498381,1.289260
1.498381,1.289260
1.498381,1.289260
1.498381,1.289260
1.498381,1.289260
1.498381,1.289260
1.554560,1.483774
1.554560,1.483774
1.554560,1.483774
1.554560,1.483774
1.554560,1.483774
1.554560,1.483774
1.554560,1.483774
1.554560,1.483774
1.554560,1.483774
1.554560,1.483774
1.554560,1.483774
1.554560,1.483774
1.554560,1.483774
1.554560,1.483774
1.554560,1.483774
1.554560,1.483774
1.554560,1.483774
1.554560,1.483774
1.554560,1.483774
1.554560,1.483774
1.554560,1.483774
1.554560,1.483774
1.554560,1.483774
1.554560,1.483774
1.554560,1.483774
1.554560,1.483774
1.554560,1.483774
1.554560,1.483774
1.131043,1.432215
1.131043,1.432215
1.131043,1.432215
1.131043,1.432215
1.131043,1.432215
1.131043,1.432215
1.131043,1.432215
1.131043,1.432215
1.131043,1.432215
1.131043,1.432215
1.131043,1.432215
1.131043,1.432215
1.131043,1.432215
1.131043,1.432215
1.131043,1.432215
1.512430,1.415884
1.512430,1.415884
1.512430,1.415884
1.512430,1.415884
1.512430,1.415884
1.512430,1.415884
1.512430,1.415884
1.512430,1.415884
1.512430,1.415884
1.302883,1.549819
1.302883,1.549819
1.302883,1.549819
1.302883,1.549819
1.302883,1.549819
1.302883,1.549819
1.302883,1.549819
1.302883,1.549819
1.302883,1.549819
1.302883,1.549819
1.302883,1.549819
1.302883,1.549819
1.302883,1.549819
1.302883,1.549819
1.302883,1.549819
1.302883,1.549819
1.302883,1.549819
1.302883,1.549819
1.302883,1.549819
1.302883,1.549819
1.302883,1.549819
1.302883,1.549819
1.302883,1.549819
1.302883,1.549819
1.302883,1.549819
1.027034,1.359601
1.027034,1.359601
1.027034,1.359601
1.027034,1.359601
1.027034,1.359601
1.027034,1.359601
1.027034,1.359601
1.027034,1.359601
1.027034,1.359601
1.027034,1.359601
1.338663,0.914744
1.338663,0.914744
1.338663,0.914744
1.338663,0.914744
1.338663,0.914744
1.338663,0.914744
1.338663,0.914744
1.338663,0.914744
1.338663,0.914744
1.129950,1.062043
1.129950,1.062043
1.129950,1.062043
1.286463,1.580033
1.286463,1.580033
1.286463,1.580033
1.286463,1.580033
1.286463,1.580033
1.286463,1.580033
1.286463,1.580033
1.286463,1.580033
1.286463,1.580033
1.286463,1.580033
1.286463,1.580033
1.286463,1.580033
1.286463,1.580033
1.286463,1.580033
1.286463,1.580033
1.286463,1.580033
1.198525,1.606646
1.198525,1.606646
1.198525,1.606646
1.198525,1.606646
1.198525,1.606646
1.198525,1.606646
1.198525,1.606646
1.154351,1.177888
1.154351,1.177888
1.154351,1.177888
1.154351,1.177888
1.154351,1.177888
1.154351,1.177888
1.154351,1.177888
1.154351,1.177888
1.154351,1.177888
1.154351,1.177888
1.154351,1.177888
1.154351,1.177888
1.154351,1.177888
1.154351,1.177888
1.154351,1.177888
1.154351,1.177888
1.154351,1.177888
1.450441,1.563425
1.184830,1.445609
1.184830,1.445609
1.184830,1.445609
1.184830,1.445609
1.184830,1.445609
1.184830,1.445609
1.184830,1.445609
1.184830,1.445609
1.184830,1.445609
1.184830,1.445609
1.386899,1.615613
1.386899,1.615613
1.386899,1.615613
1.386899,1.615613
1.386899,1.615613
1.381524,1.280458
1.381524,1.280458
1.381524,1.280458
1.381524,1.280458
1.381524,1.280458
1.381524,1.280458
1.381524,1.280458
1.381524,1.280458
1.381524,1.280458
1.381524,1.280458
1.381524,1.280458
1.381524,1.280458
1.381524,1.280458
1.381524,1.280458
1.381524,1.280458
1.381524,1.280458
1.381524,1.280458
1.381524,1.280458
1.381524,1.280458
1.381524,1.280458
1.381524,1.280458
1.381524,1.280458
1.381524,1.280458
1.381524,1.280458
1.381524,1.280458
1.381524,1.280458
1.381524,1.280458
1.381524,1.280458
1.381524,1.280458
1.381524,1.280458
1.381524,1.280458
1.381524,1.280458
1.208275,1.485731
1.208275,1.485731
1.208275,1.485731
1.208275,1.485731
1.208275,1.485731
1.208275,1.485731
1.208275,1.485731
1.208275,1.485731
1.208275,1.485731
1.208275,1.485731
1.208275,1.485731
1.208275,1.485731
1.208275,1.485731
1.208275,1.485731
1.208275,1.485731
1.208275,1.485731
1.208275,1.485731
1.208275,1.485731
1.208275,1.485731
1.208275,1.485731
1.208275,1.485731
1.033231,1.510427
1.033231,1.510427
1.033231,1.510427
1.033231,1.510427
1.033231,1.510427
1.033231,1.510427
1.033231,1.510427
1.033231,1.510427
1.033231,1.510427
1.033231,1.510427
1.033231,1.510427
1.033231,1.510427
1.033231,1.510427
1.033231,1.510427
1.033231,1.510427
1.033231,1.510427
1.033231,1.510427
1.033231,1.510427
1.033231,1.510427
1.033231,1.510427
1.033231,1.510427
1.033231,1.510427
1.033231,1.510427
1.033231,1.510427
1.033231,1.510427
1.033231,1.510427
1.033231,1.510427
1.077732,1.435441
1.077732,1.435441
1.760420,1.375779
1.760420,1.375779
1.760420,1.375779
1.494579,1.397106
1.494579,1.397106
1.494579,1.397106
1.494579,1.397106
1.494579,1.397106
1.494579,1.397106
1.494579,1.397106
1.494579,1.397106
1.494579,1.397106
1.494579,1.397106
1.494579,1.397106
1.494579,1.397106
1.494579,1.397106
1.494579,1.397106
1.494579,1.397106
1.494579,1.397106
1.410802,1.341997
1.410802,1.341997
1.410802,1.341997
1.410802,1.341997
1.410802,1.341997
1.410802,1.341997
1.410802,1.341997
1.410802,1.341997
1.410802,1.341997
1.410802,1.341997
1.410802,1.341997
1.410802,1.341997
1.410802,1.341997
1.284199,1.533540
1.284199,1.533540
1.284199,1.533540
1.284199,1.533540
1.115679,1.223623
1.115679,1.223623
1.115679,1.223623
1.115679,1.223623
1.343204,1.227362
1.343204,1.227362
1.343204,1.227362
1.343204,1.227362
1.343204,1.227362
1.343204,1.227362
1.343204,1.227362
1.343204,1.227362
1.343204,1.227362
1.343204,1.227362
1.343204,1.227362
1.343204,1.227362
1.343204,1.227362
1.343204,1.227362
1.343204,1.227362
1.343204,1.227362
1.343204,1.227362
1.343204,1.227362
1.343204,1.227362
1.343204,1.227362
1.343204,1.227362
1.343204,1.227362
1.343204,1.227362
1.343204,1.227362
1.343204,1.227362
1.343204,1.227362
1.343204,1.227362
1.343204,1.227362
1.343204,1.227362
1.343204,1.227362
1.438406,1.293956
1.438406,1.293956
1.438406,1.293956
1.438406,1.293956
1.438406,1.293956
1.438406,1.293956
1.438406,1.293956
1.438406,1.293956
1.438406,1.293956
1.438406,1.293956
1.438406,1.293956
1.438406,1.293956
1.438406,1.293956
1.534561,1.361547
1.534561,1.361547
1.534561,1.361547
1.534561,1.361547
1.534561,1.361547
1.534561,1.361547
1.534561,1.361547
1.534561,1.361547
1.534561,1.361547
1.534561,1.361547
1.534561,1.361547
1.534561,1.361547
1.534561,1.361547
1.534561,1.361547
1.534561,1.361547
1.534561,1.361547
1.534561,1.361547
1.534561,1.361547
1.534561,1.361547
1.534561,1.361547
1.534561,1.361547
1.534561,1.361547
1.252880,1.151126
1.204937,1.370413
1.204937,1.370413
1.204937,1.370413
1.204937,1.370413
1.204937,1.370413
1.204937,1.370413
1.204937,1.370413
1.204937,1.370413
1.204937,1.370413
1.204937,1.370413
1.204937,1.370413
1.204937,1.370413
1.204937,1.370413
1.491713,1.221021
1.491713,1.221021
1.491713,1.221021
1.491713,1.221021
1.491713,1.221021
1.491713,1.221021
1.491713,1.221021
1.491713,1.221021
1.491713,1.221021
1.491713,1.221021
1.491713,1.221021
1.491713,1.221021
0.968253,1.432423
1.494110,1.505911
1.494110,1.505911
1.494110,1.505911
1.494110,1.505911
1.364269,1.261831
1.364269,1.261831
1.364269,1.261831
1.364269,1.261831
1.364269,1.261831
1.364269,1.261831
1.364269,1.261831
1.364269,1.261831
1.364269,1.261831
1.364269,1.261831
1.364269,1.261831
1.364269,1.261831
1.364269,1.261831
1.364269,1.261831
1.364269,1.261831
1.112610,1.630193
1.112610,1.630193
1.112610,1.630193
1.764582,1.337408
1.764582,1.337408
1.764582,1.337408
1.764582,1.337408
1.764582,1.337408
1.008593,1.424257
1.008593,1.424257
1.008593,1.424257
1.008593,1.424257
1.008593,1.424257
1.008593,1.424257
1.008593,1.424257
1.008593,1.424257
1.008593,1.424257
1.008593,1.424257
1.008593,1.424257
1.008593,1.424257
1.008593,1.424257
1.008593,1.424257
1.008593,1.424257
1.008593,1.424257
1.656677,1.764416
0.940518,1.285770
0.940518,1.285770
0.940518,1.285770
0.940518,1.285770
0.940518,1.285770
0.940518,1.285770
0.940518,1.285770
0.940518,1.285770
0.940518,1.285770
0.940518,1.285770
0.940518,1.285770
0.940518,1.285770
0.940518,1.285770
0.940518,1.285770
0.940518,1.285770
0.940518,1.285770
0.940518,1.285770
0.940518,1.285770
0.940518,1.285770
0.940518,1.285770
0.940518,1.285770
0.940518,1.285770
1.617033,1.467470
1.617033,1.467470
1.617033,1.467470
1.617033,1.467470
1.617033,1.467470
1.617033,1.467470
1.617033,1.467470
1.617033,1.467470
1.617033,1.467470
1.617033,1.467470
1.617033,1.467470
1.617033,1.467470
1.617033,1.467470
1.617033,1.467470
1.617033,1.467470
1.563485,1.498266
1.563485,1.498266
1.563485,1.498266
1.563485,1.498266
1.563485,1.498266
1.563485,1.498266
1.563485,1.498266
1.563485,1.498266
1.387973,1.656756
1.387973,1.656756
1.387973,1.656756
1.387973,1.656756
1.387973,1.656756
1.387973,1.656756
1.387973,1.656756
1.387973,1.656756
1.387973,1.656756
1.387973,1.656756
1.387973,1.656756
1.387973,1.656756
1.261459,1.349037
1.261459,1.349037
1.261459,1.349037
1.261459,1.349037
1.261459,1.349037
1.261459,1.349037
1.261459,1.349037
1.261459,1.349037
1.261459,1.349037
1.261459,1.349037
1.261459,1.349037
1.261459,1.349037
1.261459,1.349037
1.261459,1.349037
1.261459,1.349037
1.261459,1.349037
1.261459,1.349037
1.261459,1.349037
1.261459,1.349037
1.261459,1.349037
1.261459,1.349037
1.261459,1.349037
1.261459,1.349037
1.261459,1.349037
1.261459,1.349037
1.261459,1.349037
1.261459,1.349037
1.261459,1.349037
1.261459,1.349037
1.261459,1.349037
1.261459,1.349037
1.261459,1.349037
1.261459,1.349037
1.261459,1.349037
1.261459,1.349037
1.261459,1.349037
1.261459,1.349037
1.261459,1.349037
1.261459,1.349037
1.261459,1.349037
1.261459,1.349037
1.261459,1.349037
1.261459,1.349037
1.261459,1.349037
1.261459,1.349037
1.261459,1.349037
1.192336,1.593432
1.192336,1.593432
1.192336,1.593432
1.192336,1.593432
1.192336,1.593432
1.192336,1.593432
1.231821,1.213672
1.231821,1.213672
1.231821,1.213672
1.231821,1.213672
1.469703,1.302395
1.469703,1.302395
1.469703,1.302395
1.469703,1.302395
1.469703,1.302395
1.469703,1.302395
1.469703,1.302395
1.469703,1.302395
1.469703,1.302395
1.469703,1.302395
1.469703,1.302395
1.417699,1.271923
1.417699,1.271923
1.417699,1.271923
1.417699,1.271923
1.417699,1.271923
1.417699,1.271923
1.417699,1.271923
1.417699,1.271923
1.417699,1.271923
1.417699,1.271923
1.417699,1.271923
1.417699,1.271923
1.417699,1.271923
1.417699,1.271923
1.417699,1.271923
1.417699,1.271923
1.417699,1.271923
1.417699,1.271923
1.417699,1.271923
1.417699,1.271923
1.417699,1.271923
1.417699,1.271923
1.417699,1.271923
1.417699,1.271923
1.417699,1.271923
1.417699,1.271923
1.164596,1.360195
1.164596,1.360195
1.164596,1.360195
1.164596,1.360195
1.164596,1.360195
1.607133,1.079917
1.607133,1.079917
1.607133,1.079917
1.607133,1.079917
1.607133,1.079917
1.607133,1.079917
1.720090,1.552040
1.269558,1.464562
1.269558,1.464562
1.269558,1.464562
1.269558,1.464562
1.269558,1.464562
1.544206,1.464234
1.544206,1.464234
1.544206,1.464234
1.544206,1.464234
1.544206,1.464234
1.544206,1.464234
1.544206,1.464234
1.544206,1.464234
1.544206,1.464234
1.544206,1.464234
1.544206,1.464234
1.544206,1.464234
1.167689,1.342212
1.167689,1.342212
1.167689,1.342212
1.167689,1.342212
1.167689,1.342212
1.167689,1.342212
1.167689,1.342212
1.167689,1.342212
1.167689,1.342212
1.167689,1.342212
1.167689,1.342212
1.167689,1.342212
1.167689,1.342212
1.167689,1.342212
1.167689,1.342212
1.167689,1.342212
1.167689,1.342212
1.167689,1.342212
1.167689,1.342212
1.167689,1.342212
1.167689,1.342212
1.167689,1.342212
1.167689,1.342212
1.167689,1.342212
1.167689,1.342212
1.167689,1.342212
1.167689,1.342212
1.557883,1.336784
1.557883,1.336784
1.557883,1.336784
1.557883,1.336784
1.557883,1.336784
1.557883,1.336784
1.557883,1.336784
1.427208,1.087792
1.427208,1.087792
1.427208,1.087792
1.427208,1.087792
1.427208,1.087792
1.427208,1.087792
1.379607,1.050257
1.379607,1.050257
1.379607,1.050257
1.379607,1.050257
1.379607,1.050257
1.379607,1.050257
1.379607,1.050257
1.379607,1.050257
1.379607,1.050257
1.379607,1.050257
1.149609,1.478917
1.149609,1.478917
1.149609,1.478917
1.149609,1.478917
1.149609,1.478917
1.149609,1.478917
1.507186,1.279383
1.507186,1.279383
1.576687,1.383051
1.576687,1.383051
1.576687,1.383051
1.576687,1.383051
1.401400,1.327375
1.401400,1.327375
1.401400,1.327375
1.401400,1.327375
1.401400,1.327375
1.401400,1.327375
1.401400,1.327375
1.401400,1.327375
1.401400,1.327375
1.401400,1.327375
1.362368,1.320673
1.362368,1.320673
1.362368,1.320673
1.263841,1.374803
1.263841,1.374803
1.263841,1.374803
1.263841,1.374803
1.263841,1.374803
1.263841,1.374803
1.263841,1.374803
1.263841,1.374803
1.263841,1.374803
1.263841,1.374803
1.263841,1.374803
1.263841,1.374803
1.263841,1.374803
1.263841,1.374803
1.263841,1.374803
1.263841,1.374803
1.263841,1.374803
1.263841,1.374803
1.263841,1.374803
1.263841,1.374803
1.263841,1.374803
1.263841,1.374803
1.263841,1.374803
1.263841,1.374803
1.263841,1.374803
1.263841,1.374803
1.263841,1.374803
1.263841,1.374803
1.263841,1.374803
1.366426,1.522832
1.366426,1.522832
1.366426,1.522832
1.366426,1.522832
1.366426,1.522832
1.366426,1.522832
1.366426,1.522832
1.366426,1.522832
1.366426,1.522832
1.366426,1.522832
1.366426,1.522832
1.366426,1.522832
1.366426,1.522832
1.366426,1.522832
1.366426,1.522832
1.366426,1.522832
1.366426,1.522832
1.366426,1.522832
1.366426,1.522832
1.366426,1.522832
1.366426,1.522832
1.366426,1.522832
1.366426,1.522832
1.366426,1.522832
1.366426,1.522832
1.366426,1.522832
1.366426,1.522832
1.366426,1.522832
1.366426,1.522832
1.366426,1.522832
1.366426,1.522832
1.366426,1.522832
1.366426,1.522832
1.366426,1.522832
1.366426,1.522832
1.366426,1.522832
1.366426,1.522832
1.366426,1.522832
1.366426,1.522832
1.366426,1.522832
1.366426,1.522832
1.366426,1.522832
1.366426,1.522832
1.211341,1.014891
1.211341,1.014891
1.268242,1.338446
1.268242,1.338446
1.268242,1.338446
1.268242,1.338446
1.268242,1.338446
1.627265,1.445251
1.627265,1.445251
1.627265,1.445251
1.627265,1.445251
1.627265,1.445251
1.627265,1.445251
1.627265,1.445251
1.627265,1.445251
1.627265,1.445251
1.627265,1.445251
1.627265,1.445251
1.627265,1.445251
1.627265,1.445251
1.627265,1.445251
1.627265,1.445251
1.627265,1.445251
1.627265,1.445251
1.627265,1.445251
1.627265,1.445251
1.627265,1.445251
1.627265,1.445251
1.627265,1.445251
1.627265,1.445251
1.627265,1.445251
1.627265,1.445251
1.627265,1.445251
1.627265,1.445251
1.627265,1.445251
0.992162,1.270395
0.992162,1.270395
0.992162,1.270395
1.576586,1.674421
1.576586,1.674421
1.251567,1.083285
1.251567,1.083285
1.251567,1.083285
1.251567,1.083285
1.251567,1.083285
1.251567,1.083285
1.251567,1.083285
1.251567,1.083285
1.430669,1.250606
1.451162,1.677870
1.451162,1.677870
1.451162,1.677870
1.451162,1.677870
1.584546,1.463073
1.584546,1.463073
1.584546,1.463073
1.393089,1.641671
1.393089,1.641671
1.393089,1.641671
1.393089,1.641671
1.393089,1.641671
1.393089,1.641671
1.393089,1.641671
1.393089,1.641671
1.393089,1.641671
1.393089,1.641671
1.393089,1.641671
1.393089,1.641671
1.393089,1.641671
1.393089,1.641671
1.393089,1.641671
1.393089,1.641671
1.393089,1.641671
1.315256,1.505803
1.315256,1.505803
1.315256,1.505803
1.315256,1.505803
1.315256,1.505803
1.315256,1.505803
1.315256,1.505803
1.315256,1.505803
1.315256,1.505803
1.315256,1.505803
1.315256,1.505803
1.315256,1.505803
1.315256,1.505803
1.315256,1.505803
1.315256,1.505803
1.315256,1.505803
1.315256,1.505803
1.315256,1.505803
1.315256,1.505803
1.315000,1.204704
1.315000,1.204704
1.315000,1.204704
1.315000,1.204704
1.315000,1.204704
1.315000,1.204704
1.315000,1.204704
1.635447,0.959036
1.635447,0.959036
1.635447,0.959036
1.635447,0.959036
1.635447,0.959036
1.592964,0.944475
1.592964,0.944475
1.592964,0.944475
1.787429,1.327212
1.787429,1.327212
1.787429,1.327212
1.787429,1.327212
1.787429,1.327212
1.787429,1.327212
1.787429,1.327212
1.490547,1.621100
1.490547,1.621100
1.490547,1.621100
1.490547,1.621100
1.490547,1.621100
1.490547,1.621100
1.490547,1.621100
1.490547,1.621100
1.490547,1.621100
1.490547,1.621100
1.490547,1.621100
1.490547,1.621100
1.490547,1.621100
1.490547,1.621100
1.490547,1.621100
1.490547,1.621100
1.490547,1.621100
1.490547,1.621100
1.490547,1.621100
1.490547,1.621100
1.490547,1.621100
1.490547,1.621100
1.490547,1.621100
1.232900,1.346204
1.232900,1.346204
1.232900,1.346204
1.232900,1.346204
1.232900,1.346204
1.232900,1.346204
1.232900,1.346204
1.232900,1.346204
1.232900,1.346204
1.232900,1.346204
1.232900,1.346204
1.232900,1.346204
1.232900,1.346204
1.232900,1.346204
1.232900,1.346204
1.232900,1.346204
1.232900,1.346204
1.232900,1.346204
1.232900,1.346204
1.232900,1.346204
1.232900,1.346204
1.232900,1.346204
1.232900,1.346204
1.232900,1.346204
1.232900,1.346204
1.232900,1.346204
1.232900,1.346204
1.232900,1.346204
1.232900,1.346204
1.529445,1.387777
1.591797,1.340414
1.591797,1.340414
1.591797,1.340414
1.591797,1.340414
1.591797,1.340414
1.591797,1.340414
1.591797,1.340414
1.591797,1.340414
1.591797,1.340414
1.591797,1.340414
1.591797,1.340414
1.591797,1.340414
1.591797,1.340414
1.591797,1.340414
1.591797,1.340414
1.591797,1.340414
1.591797,1.340414
1.591797,1.340414
1.462090,1.341203
1.462090,1.341203
1.462090,1.341203
1.462090,1.341203
1.462090,1.341203
1.462090,1.341203
1.462090,1.341203
1.462090,1.341203
1.350475,1.434568
1.350475,1.434568
1.350475,1.434568
1.350475,1.434568
1.350475,1.434568
1.350475,1.434568
1.350475,1.434568
1.350475,1.434568
1.350475,1.434568
1.350475,1.434568
1.350475,1.434568
1.350475,1.434568
1.350475,1.434568
1.350475,1.434568
1.350475,1.434568
1.605359,1.263657
1.605359,1.263657
1.605359,1.263657
0.977876,1.166974
0.977876,1.166974
0.977876,1.166974
0.977876,1.166974
0.977876,1.166974
0.977876,1.166974
0.977876,1.166974
0.977876,1.166974
0.977876,1.166974
0.977876,1.166974
1.511611,1.644237
1.511611,1.644237
1.234811,1.473262
1.234811,1.473262
1.234811,1.473262
1.234811,1.473262
1.234811,1.473262
1.234811,1.473262
1.234811,1.473262
1.234811,1.473262
1.234811,1.473262
1.234811,1.473262
1.234811,1.473262
1.234811,1.473262
1.234811,1.473262
1.234811,1.473262
1.234811,1.473262
1.234811,1.473262
1.234811,1.473262
1.234811,1.473262
1.234811,1.473262
1.234811,1.473262
1.234811,1.473262
1.234811,1.473262
1.234811,1.473262
1.234811,1.473262
1.234811,1.473262
1.234811,1.473262
1.234811,1.473262
1.234811,1.473262
1.234811,1.473262
1.234811,1.473262
1.234811,1.473262
1.234811,1.473262
1.234811,1.473262
1.234811,1.473262
1.234811,1.473262
1.234811,1.473262
1.234811,1.473262
1.234811,1.473262
1.234811,1.473262
1.234811,1.473262
1.234811,1.473262
1.234811,1.473262
1.234811,1.473262
1.234811,1.473262
1.234811,1.473262
1.234811,1.473262
1.234811,1.473262
1.234811,1.473262
1.234811,1.473262
1.131773,1.706920
1.131773,1.706920
1.131773,1.706920
1.131773,1.706920
1.131773,1.706920
1.131773,1.706920
1.131773,1.706920
1.131773,1.706920
1.131773,1.706920
1.131773,1.706920
1.131773,1.706920
1.215054,1.407473
1.215054,1.407473
1.215054,1.407473
1.215054,1.407473
1.215054,1.407473
1.228743,1.481841
1.228743,1.481841
1.228743,1.481841
1.228743,1.481841
1.228743,1.481841
1.228743,1.481841
1.356892,1.277663
1.356892,1.277663
1.356892,1.277663
1.356892,1.277663
1.356892,1.277663
1.356892,1.277663
1.356892,1.277663
1.356892,1.277663
1.356892,1.277663
1.356892,1.277663
1.356892,1.277663
1.356892,1.277663
1.356892,1.277663
1.356892,1.277663
1.356892,1.277663
1.356892,1.277663
1.471616,1.450326
1.471616,1.450326
1.471616,1.450326
1.471616,1.450326
1.471616,1.450326
1.471616,1.450326
1.471616,1.450326
1.471616,1.450326
1.471616,1.450326
1.471616,1.450326
1.471616,1.450326
1.467809,1.460013
1.467809,1.460013
1.467809,1.460013
1.467809,1.460013
1.467809,1.460013
1.467809,1.460013
1.467809,1.460013
1.467809,1.460013
1.467809,1.460013
1.467809,1.460013
1.375934,1.321327
1.375934,1.321327
1.375934,1.321327
1.375934,1.321327
1.375934,1.321327
1.375934,1.321327
1.375934,1.321327
1.375934,1.321327
1.375934,1.321327
1.375934,1.321327
1.375934,1.321327
1.375934,1.321327
1.375934,1.321327
1.375934,1.321327
1.375934,1.321327
1.375934,1.321327
1.375934,1.321327
1.375934,1.321327
1.375934,1.321327
1.375934,1.321327
1.375934,1.321327
1.375934,1.321327
1.375934,1.321327
1.375934,1.321327
1.375934,1.321327
1.375934,1.321327
1.375934,1.321327
1.375934,1.321327
1.375934,1.321327
1.375934,1.321327
1.375934,1.321327
1.375934,1.321327
1.478861,1.216696
1.478861,1.216696
1.478861,1.216696
1.478861,1.216696
1.478861,1.216696
1.478861,1.216696
1.478861,1.216696
1.478861,1.216696
1.478861,1.216696
1.478861,1.216696
1.478861,1.216696
1.478861,1.216696
1.331182,1.183167
1.331182,1.183167
1.331182,1.183167
1.331182,1.183167
1.331182,1.183167
1.331182,1.183167
1.331182,1.183167
1.331182,1.183167
1.331182,1.183167
1.331182,1.183167
1.136722,0.881448
1.236133,1.680498
1.236133,1.680498
1.236133,1.680498
1.236133,1.680498
1.236133,1.680498
1.236133,1.680498
1.236133,1.680498
1.236133,1.680498
1.236133,1.680498
1.236133,1.680498
1.236133,1.680498
1.236133,1.680498
1.236133,1.680498
1.236133,1.680498
1.236133,1.680498
1.419113,1.036247
1.419113,1.036247
1.601445,1.489222
1.601445,1.489222
1.601445,1.489222
1.601445,1.489222
1.601445,1.489222
1.601445,1.489222
1.601445,1.489222
1.601445,1.489222
1.601445,1.489222
1.601445,1.489222
1.550854,1.198929
1.550854,1.198929
1.550854,1.198929
1.550854,1.198929
1.550854,1.198929
1.550854,1.198929
1.550854,1.198929
1.550854,1.198929
1.550854,1.198929
1.550854,1.198929
1.550854,1.198929
1.550854,1.198929
1.550854,1.198929
1.550854,1.198929
1.550854,1.198929
1.550854,1.198929
1.550854,1.198929
1.550854,1.198929
1.444481,1.396660
1.444481,1.396660
1.444481,1.396660
1.444481,1.396660
1.444481,1.396660
1.444481,1.396660
1.444481,1.396660
1.444481,1.396660
1.444481,1.396660
1.444481,1.396660
1.444481,1.396660
1.444481,1.396660
1.444481,1.396660
1.444481,1.396660
1.444481,1.396660
1.444481,1.396660
1.444481,1.396660
1.444481,1.396660
1.444481,1.396660
1.444481,1.396660
1.444481,1.396660
1.444481,1.396660
1.444481,1.396660
1.444481,1.396660
1.444481,1.396660
1.444481,1.396660
1.444481,1.396660
1.444481,1.396660
1.444481,1.396660
1.444481,1.396660
1.444481,1.396660
1.444481,1.396660
1.444481,1.396660
1.444481,1.396660
1.444481,1.396660
1.444481,1.396660
1.444481,1.396660
1.444481,1.396660
1.444481,1.396660
1.444481,1.396660
1.444481,1.396660
1.444481,1.396660
1.444481,1.396660
1.444481,1.396660
1.444481,1.396660
1.444481,1.396660
1.444481,1.396660
1.444481,1.396660
1.444481,1.396660
1.444481,1.396660
1.444481,1.396660
1.444481,1.396660
1.444481,1.396660
1.444481,1.396660
1.444481,1.396660
1.444481,1.396660
1.444481,1.396660
1.514455,1.444280
1.514455,1.444280
1.514455,1.444280
1.514455,1.444280
1.422809,1.158077
1.422809,1.158077
1.422809,1.158077
1.422809,1.158077
1.422809,1.158077
1.422809,1.158077
1.422809,1.158077
1.293684,0.950139
1.293684,0.950139
1.293684,0.950139
1.293684,0.950139
1.293684,0.950139
1.293684,0.950139
1.293684,0.950139
1.459720,1.512262
1.459720,1.512262
1.459720,1.512262
1.459720,1.512262
1.459720,1.512262
1.459720,1.512262
1.459720,1.512262
1.459720,1.512262
1.459720,1.512262
1.459720,1.512262
1.459720,1.512262
1.459720,1.512262
1.459720,1.512262
1.459720,1.512262
1.459720,1.512262
1.459720,1.512262
1.459720,1.512262
1.459720,1.512262
1.459720,1.512262
1.459720,1.512262
1.459720,1.512262
1.459720,1.512262
1.459720,1.512262
1.459720,1.512262
1.459720,1.512262
1.459720,1.512262
1.459720,1.512262
1.247521,1.082866
1.247521,1.082866
1.247521,1.082866
1.247521,1.082866
1.247521,1.082866
1.247521,1.082866
1.247521,1.082866
1.247521,1.082866
1.247521,1.082866
1.247521,1.082866
1.247521,1.082866
1.247521,1.082866
1.247521,1.082866
1.247521,1.082866
1.247521,1.082866
1.616554,1.428748
1.616554,1.428748
1.616554,1.428748
1.616554,1.428748
1.616554,1.428748
1.616554,1.428748
1.616554,1.428748
1.616554,1.428748
1.616554,1.428748
1.616554,1.428748
1.616554,1.428748
1.616554,1.428748
1.616554,1.428748
1.616554,1.428748
1.616554,1.428748
1.616554,1.428748
1.616554,1.428748
1.616554,1.428748
1.616554,1.428748
1.314293,1.321231
1.314293,1.321231
1.314293,1.321231
1.495406,1.281734
1.495406,1.281734
1.495406,1.281734
1.495406,1.281734
1.495406,1.281734
1.591206,1.403132
1.591206,1.403132
1.591206,1.403132
1.591206,1.403132
1.591206,1.403132
1.591206,1.403132
1.591206,1.403132
1.591206,1.403132
1.591206,1.403132
1.591206,1.403132
1.591206,1.403132
1.591206,1.403132
1.591206,1.403132
1.591206,1.403132
1.591206,1.403132
1.591206,1.403132
1.591206,1.403132
1.591206,1.403132
1.591206,1.403132
1.591206,1.403132
1.591206,1.403132
1.591206,1.403132
1.591206,1.403132
1.591206,1.403132
1.591206,1.403132
1.591206,1.403132
1.591206,1.403132
1.591206,1.403132
1.591206,1.403132
1.591206,1.403132
1.591206,1.403132
1.591206,1.403132
1.591206,1.403132
1.591206,1.403132
1.591206,1.403132
1.591206,1.403132
1.591206,1.403132
1.591206,1.403132
