1.000000,1.000000
1.000000,1.000000
1.221563,0.815866
1.308734,-0.101012
0.917466,-0.147715
0.213937,-0.356630
-0.586486,-1.063423
0.009216,-1.109727
-0.100227,-0.521611
-0.628341,-0.522497
-0.508678,-1.354178
-0.508678,-1.354178
-0.508678,-1.354178
-0.508678,-1.354178
0.147054,-0.460739
-0.452538,0.186545
0.239366,1.020045
0.239366,1.020045
0.239366,1.020045
0.239366,1.020045
0.239366,1.020045
-0.023677,0.066158
0.321388,-0.437216
0.266276,-0.701644
0.266276,-0.701644
0.356403,0.064695
0.070597,0.529766
0.132451,0.106700
0.548225,0.017447
0.807594,-0.776043
0.807594,-0.776043
0.807594,-0.776043
-0.124438,-1.437026
0.250218,-0.594043
0.519401,-0.427062
0.401121,-0.360300
0.427078,-0.095303
0.433588,-0.678850
0.433588,-0.678850
-0.508421,-1.033443
-0.508421,-1.033443
-0.671138,-1.814669
-0.977399,-1.147849
-0.585151,-0.626874
-0.585151,-0.626874
-1.266283,-0.414288
-1.266283,-0.414288
-1.266283,-0.414288
-1.600250,-1.397437
-1.600250,-1.397437
-1.600250,-1.397437
-1.096987,-1.058979
-0.132386,-1.017332
-0.132386,-1.017332
0.145280,-0.287197
0.652352,0.085550
1.600829,-0.869823
1.600829,-0.869823
0.686739,0.016666
1.309445,-0.159984
1.309445,-0.159984
1.616014,0.346881
1.616014,0.346881
1.099220,0.589676
0.103802,0.593495
0.492196,0.331793
-0.256420,0.345708
-0.256420,0.345708
-0.144483,-0.332654
-0.941124,0.522975
-1.317633,0.545896
-0.630251,1.371811
-0.489021,1.023196
-0.905630,1.079472
-0.220696,0.757718
-0.442069,0.152307
0.329978,-0.060199
-0.030930,0.158521
0.851237,0.740281
0.851237,0.740281
0.752847,1.102893
0.735256,1.448873
0.184952,0.484097
0.419792,1.435933
0.419792,1.435933
1.408494,0.562752
1.879528,1.224497
2.185696,0.997991
2.185696,0.997991
1.446700,0.687494
1.864299,1.266448
1.493482,0.955010
1.347926,0.585791
1.541155,0.197564
2.099883,0.736758
1.847622,0.985139
1.847622,0.985139
1.414217,0.746467
1.697066,0.588271
0.933412,-0.151504
0.549925,0.593415
1.085110,1.448159
1.760479,2.372374
0.929744,2.207448
0.929744,2.207448
1.069539,1.739513
1.069539,1.739513
0.896128,1.225420
1.652656,2.183913
2.010431,1.305827
1.475719,0.409326
2.072224,-0.128242
1.551577,-0.645318
1.551577,-0.645318
1.551577,-0.645318
1.551577,-0.645318
1.625637,0.073245
1.482236,-0.052684
1.474126,-0.371985
0.508004,0.021329
-0.432540,0.295381
-0.585286,1.103221
-0.585286,1.103221
-0.617948,0.150419
-0.617948,0.150419
-0.617948,0.150419
-0.030856,-0.593948
0.192138,-0.729402
0.178823,-0.528509
0.320283,-1.007578
0.320283,-1.007578
-0.318043,-1.342005
-0.093256,-1.347034
0.599134,-0.349253
0.953672,0.357856
0.003858,0.839325
-0.320298,0.752282
-0.285218,0.333567
-0.653662,-0.091437
0.254502,-0.589919
-0.451719,-0.043358
-0.821543,0.325796
-1.164535,-0.340450
-0.250790,-1.032712
-0.250790,-1.032712
0.232061,-1.751271
0.232061,-1.751271
0.232061,-1.751271
-0.268177,-1.250886
-0.268177,-1.250886
-0.268177,-1.250886
-0.268177,-1.250886
-1.128916,-1.689742
-1.850005,-1.030495
-1.850005,-1.030495
-1.850005,-1.030495
-1.850005,-1.030495
-1.409655,-0.065704
-1.805207,-0.109041
-1.701674,-0.040251
-1.701674,-0.040251
-1.701674,-0.040251
-1.701674,-0.040251
-1.701674,-0.040251
-1.029136,-0.696152
-1.703154,-0.909401
-1.703154,-0.909401
-2.249379,-1.319878
-2.249379,-1.319878
-2.249379,-1.319878
-2.249379,-1.319878
-2.008854,-0.805396
-1.856676,-1.158402
-1.856676,-1.158402
-1.951007,-0.572249
-1.951007,-0.572249
-1.057722,-1.125326
-0.310300,-1.211954
-0.310300,-1.211954
-0.871208,-0.401206
-0.871208,-0.401206
-1.712627,-0.119430
-1.712627,-0.119430
-1.807735,-0.594752
-1.807735,-0.594752
-1.214267,-0.190098
-0.314325,-0.858918
-0.468236,-1.637694
0.527360,-0.657804
-0.399211,-1.537108
-0.399211,-1.537108
-0.077590,-2.053250
-0.930672,-1.808266
-0.527210,-0.821589
-1.309587,-0.228648
-0.479038,-1.199247
-0.871891,-1.877629
-0.871891,-1.877629
-0.871891,-1.877629
-1.596120,-1.995941
-1.008266,-1.921091
-1.536571,-1.155661
-1.536571,-1.155661
-1.536571,-1.155661
-1.536571,-1.155661
-1.536571,-1.155661
-1.536571,-1.155661
-0.857346,-1.420124
-0.857346,-1.420124
-1.730414,-1.066521
-1.518018,-1.328621
-2.077060,-1.152180
-2.538345,-1.969636
-1.962472,-1.261725
-1.962472,-1.261725
-2.179741,-0.905225
-2.179741,-0.905225
-1.611584,-1.897533
-0.676723,-1.687663
-0.676723,-1.687663
-0.540228,-1.606082
-0.128587,-1.154957
-0.529703,-0.726677
-0.529703,-0.726677
-0.799005,-0.883058
-0.799005,-0.883058
-0.498454,-1.513140
-0.498454,-1.513140
-0.368981,-1.463303
-0.946907,-0.660254
-0.946907,-0.660254
-0.946907,-0.660254
-0.154113,-0.181305
0.714127,0.328855
0.435954,1.079200
0.435954,1.079200
-0.038147,0.864879
0.196594,0.161000
0.108208,0.651555
0.967288,1.207546
0.967288,1.207546
1.623447,1.276278
1.539296,0.951011
1.539296,0.951011
1.539296,0.951011
1.745401,0.956885
1.875415,0.107678
0.991247,-0.114165
0.044447,-0.977633
-0.127757,-1.214119
-0.127757,-1.214119
-0.969512,-0.596538
-1.350264,0.110613
-1.215211,-0.058891
-2.167926,-0.335249
-1.824248,-0.142467
-1.824248,-0.142467
-1.401862,-1.096995
-1.401862,-1.096995
-1.401862,-1.096995
-1.025287,-1.993937
-1.025287,-1.993937
-1.508380,-1.336387
-1.508380,-1.336387
-1.759864,-2.030288
-2.013058,-1.458062
-1.247054,-1.235882
-1.179001,-1.464475
-2.162671,-2.015697
-1.764247,-1.696012
-1.375034,-2.200742
-2.245245,-1.827135
-2.245245,-1.827135
-1.931428,-1.504414
-1.172906,-1.030418
-1.172906,-1.030418
-0.829351,-0.909245
-1.531827,-1.413708
-1.531827,-1.413708
-1.536937,-1.293264
-0.564731,-1.431824
-1.269105,-1.851141
-0.697880,-1.271668
-0.048468,-0.603989
-0.076360,-1.384576
-1.066568,-1.812122
-1.665349,-1.522443
-1.156956,-0.967183
-1.375623,-0.094141
-1.991095,-0.330150
-1.991095,-0.330150
-1.962545,-0.497353
-1.270861,-1.361108
-1.764168,-0.372839
-1.764168,-0.372839
-1.764168,-0.372839
-1.910766,-0.236608
-1.984819,-0.858828
-1.984819,-0.858828
-2.589125,-1.420302
-2.589125,-1.420302
-1.633040,-0.510943
-1.367568,-0.709403
-0.724451,0.156610
-1.439443,-0.718499
-1.151375,-1.153426
-1.652248,-1.332513
-1.652248,-1.332513
-1.078890,-0.908895
-1.078890,-0.908895
-1.550135,-1.110789
-1.345323,-0.850357
-0.513343,-1.752711
-0.513343,-1.752711
-0.513343,-1.752711
-0.764676,-1.907926
-0.764676,-1.907926
-0.893648,-1.541316
-1.374655,-1.827096
-2.153220,-1.163207
-2.083466,-0.813609
-2.587403,-0.483209
-2.587403,-0.483209
-1.710572,0.423604
-1.710572,0.423604
-1.710572,0.423604
-1.269652,0.963864
-1.269652,0.963864
-1.269652,0.963864
-0.736409,1.177764
0.247686,0.854175
0.979430,1.283795
0.979430,1.283795
0.731886,0.800195
0.731886,0.800195
0.318306,1.771088
0.050097,1.972865
-0.367516,1.153219
-0.367516,1.153219
-0.092776,0.712311
0.632329,1.555217
0.632329,1.555217
0.725466,0.907090
-0.206070,0.574945
-1.136324,-0.194379
-2.063132,-1.052734
-1.587728,-0.936725
-1.619783,-1.688465
-1.619783,-1.688465
-0.810542,-0.779197
-0.810542,-0.779197
0.138966,-0.401291
-0.803077,-1.315000
-0.676349,-1.399731
-1.283337,-1.048339
-0.524831,-0.842006
-1.238203,-0.485356
-1.298821,-1.290058
-1.298821,-1.290058
-1.298821,-1.290058
-1.298821,-1.290058
-1.604584,-2.243873
-2.329285,-2.289953
-2.329285,-2.289953
-2.329285,-2.289953
-2.329285,-2.289953
-2.329285,-2.289953
-2.538599,-2.239296
-2.538599,-2.239296
-1.977054,-2.351961
-1.977054,-2.351961
-1.692987,-2.030583
-1.692987,-2.030583
-0.815241,-1.756631
-0.815241,-1.756631
-0.815241,-1.756631
-0.815241,-1.756631
-0.964465,-1.762546
-0.964465,-1.762546
-0.981011,-1.851063
-0.981011,-1.851063
-0.748376,-1.962595
-0.748376,-1.962595
-1.654204,-2.212961
-1.889477,-2.437295
-1.774176,-2.577246
-1.774176,-2.577246
-0.844405,-1.918686
-0.425990,-1.620748
-0.425990,-1.620748
-1.072567,-0.635402
-1.072567,-0.635402
-1.072567,-0.635402
-1.462449,-1.383520
-0.991755,-0.420608
-0.745785,-0.409875
-1.583471,-1.394694
-1.434748,-1.814914
-1.434748,-1.814914
-1.434748,-1.814914
-1.076180,-1.357556
-0.635140,-0.790470
-0.853540,-1.441935
-0.076725,-1.517303
-0.076725,-1.517303
-0.076725,-1.517303
-0.076725,-1.517303
-0.640955,-0.532877
-0.875751,-0.740065
-0.802921,-0.692477
-0.802921,-0.692477
-0.938125,-1.063945
-0.854157,-1.808619
-0.854157,-1.808619
-1.663535,-1.032614
-1.663535,-1.032614
-1.981991,-1.326212
-1.744939,-1.183406
-2.457869,-1.409441
-1.664062,-1.890014
-1.238122,-1.109215
-1.238122,-1.109215
-1.075184,-0.624050
-1.075184,-0.624050
-1.075184,-0.624050
-1.779562,-1.102456
-1.779562,-1.102456
-1.779562,-1.102456
-1.779562,-1.102456
-2.363379,-1.318365
-2.363379,-1.318365
-1.976293,-1.551269
-1.976293,-1.551269
-1.387300,-2.347300
-1.387300,-2.347300
-1.347738,-1.436773
-1.347738,-1.436773
-1.347738,-1.436773
-2.107183,-1.423979
-2.107183,-1.423979
-1.219020,-2.066163
-0.831894,-1.648633
-0.831894,-1.648633
-0.982844,-0.660700
-1.084208,-0.289429
-1.084208,-0.289429
-0.823061,-1.186595
-1.703916,-1.711611
-2.038995,-1.392238
-2.038995,-1.392238
-2.132691,-2.137304
-2.132691,-2.137304
-1.579950,-2.222271
-0.840835,-1.908239
-1.807162,-0.970721
-1.807162,-0.970721
-1.140304,-1.089527
-1.781117,-1.234625
-1.781117,-1.234625
-1.781117,-1.234625
-1.781117,-1.234625
-1.465935,-1.964316
-0.920679,-1.859610
-0.920679,-1.859610
-1.095721,-1.783949
-1.095721,-1.783949
-1.095721,-1.783949
-1.356816,-2.001746
-1.603706,-1.485211
-2.488000,-1.811205
-2.488000,-1.811205
-2.488000,-1.811205
-1.767511,-2.555652
-1.778562,-2.295234
-1.533742,-1.603862
-1.086845,-0.604734
-0.813737,-0.471901
-0.043412,0.367700
-0.168264,-0.010134
0.358044,-0.361222
-0.142785,0.205638
-0.819191,-0.139198
-0.807866,0.200881
-1.132193,-0.769944
-0.990183,-0.002769
-1.250012,-0.957510
-0.688508,-1.747360
-0.745344,-1.001880
-0.123833,-1.262965
-1.017498,-1.094045
-1.160762,-0.927630
-0.370002,-0.623290
-0.190448,-0.861887
0.786277,-1.038614
1.688911,-0.480898
0.723370,-0.313622
0.723370,-0.313622
-0.249529,0.163177
-0.811545,0.366921
-0.811545,0.366921
0.136562,1.202717
0.605091,1.759675
0.551384,1.117140
0.390819,0.502897
0.731326,1.399857
0.746659,1.089944
0.746659,1.089944
1.421636,1.431024
0.685347,0.624931
1.302675,0.064220
0.629294,0.536250
0.177001,0.859712
0.856196,0.087396
0.298788,-0.261913
1.164120,-0.633455
1.164120,-0.633455
1.676694,0.201677
2.089911,1.138676
1.130482,2.005009
1.130482,2.005009
1.130482,2.005009
0.996393,2.372780
1.306876,2.661781
1.306876,2.661781
0.791333,1.936425
0.511881,1.191663
0.511881,1.191663
1.070449,1.032998
1.085153,0.159803
0.969714,-0.010809
1.555068,0.023587
1.742636,0.477072
2.004918,0.664851
1.948871,0.667136
1.223856,1.353112
1.413382,0.703831
0.997294,1.517736
0.997294,1.517736
1.915831,1.367423
1.915831,1.367423
1.281103,1.498789
1.198269,1.299889
1.198269,1.299889
1.730437,1.459905
1.730437,1.459905
0.973242,1.274752
0.973242,1.274752
0.973242,1.274752
0.778642,0.632651
0.173714,1.613552
0.424653,1.148910
1.240129,0.853905
0.930938,0.269117
1.340032,-0.084207
0.974447,-0.476451
0.915307,-0.437579
-0.014581,-1.062013
-0.014581,-1.062013
-0.014581,-1.062013
-0.014581,-1.062013
-0.014581,-1.062013
0.304338,-0.986547
1.017619,-0.882080
1.017619,-0.882080
0.150284,-0.169372
0.694920,-0.473017
1.285542,0.099076
1.285542,0.099076
0.331284,-0.107421
0.331284,-0.107421
0.331284,-0.107421
0.204966,0.867849
-0.616647,0.017506
-0.014570,-0.885552
-0.014570,-0.885552
-0.275158,-0.585035
-0.622108,0.238887
0.299508,-0.162283
0.199085,0.015938
0.986155,0.300496
-0.008234,-0.397123
0.778965,0.058564
1.768216,0.411342
1.768216,0.411342
1.732004,-0.210232
0.759609,0.745124
1.622497,1.313584
1.622497,1.313584
2.104532,0.873726
2.104532,0.873726
2.104532,0.873726
1.635432,0.703247
1.635432,0.703247
1.279471,0.063162
1.279471,0.063162
1.279471,0.063162
1.279471,0.063162
0.537461,-0.892522
0.537461,-0.892522
0.537461,-0.892522
0.137281,-0.721892
0.137281,-0.721892
-0.676681,-0.984988
-0.630941,-0.220545
-0.268793,0.394812
-0.581485,0.975637
0.064642,0.436185
-0.349961,0.211512
-1.250935,-0.468365
-1.250935,-0.468365
-0.636946,-1.154928
-0.636946,-1.154928
-0.636946,-1.154928
-1.258047,-1.997951
-1.258047,-1.997951
-1.258047,-1.997951
-1.192660,-1.044748
-0.412622,-0.930038
-0.412622,-0.930038
-0.366402,-0.123718
-0.333908,0.013594
-0.200117,0.631186
-0.042322,0.691257
0.564365,1.274467
1.418017,0.612449
0.928895,-0.054795
1.411135,0.944409
1.411135,0.944409
1.103101,1.816977
1.060653,2.398832
1.060653,2.398832
1.060653,2.398832
1.717022,1.988398
1.717022,1.988398
1.111779,1.663896
1.582066,1.778625
1.582066,1.778625
1.582066,1.778625
1.865532,1.988756
1.865532,1.988756
1.298338,1.158969
1.636196,1.554098
1.636196,1.554098
1.636196,1.554098
1.846090,1.231852
0.899931,1.132616
1.175767,1.114574
1.537842,0.518221
1.386747,1.051022
1.386747,1.051022
1.386747,1.051022
1.386747,1.051022
1.386747,1.051022
1.386747,1.051022
0.480583,1.158860
1.036700,1.813927
1.036700,1.813927
1.036700,1.813927
1.036700,1.813927
0.566260,1.133495
0.566260,1.133495
0.805276,0.273683
0.139678,-0.439139
0.275698,-0.349721
0.621998,-0.074914
0.603150,-0.855999
0.603150,-0.855999
0.645354,-1.528384
-0.230746,-2.151711
-0.230746,-2.151711
-0.230746,-2.151711
-0.962706,-2.191791
-0.962706,-2.191791
-0.966998,-2.330544
-1.196982,-1.680585
-1.944165,-1.584946
-1.944165,-1.584946
-1.944165,-1.584946
-1.944165,-1.584946
-1.182653,-0.853968
-1.151163,-1.592561
-1.706358,-0.750634
-1.706358,-0.750634
-1.788019,-1.242627
-1.788019,-1.242627
-1.788019,-1.242627
-0.812329,-0.810157
0.127172,-0.620285
0.770794,-1.259718
-0.062015,-0.289240
-0.728127,0.373201
-1.213219,-0.569262
-1.213219,-0.569262
-0.664263,-0.268603
-0.661066,-0.543372
0.124702,-0.125814
-0.229585,-0.630430
-0.912333,-1.585160
-0.912333,-1.585160
-0.912333,-1.585160
-1.612246,-1.022115
-1.440086,-1.529618
-1.069608,-0.907857
-0.926024,-1.680745
-0.926024,-1.680745
-1.820238,-0.738973
-1.037474,-0.822394
-1.186129,-1.273768
-1.241721,-1.612207
-0.818169,-0.974624
-0.818169,-0.974624
-1.806685,-0.958107
-1.489744,-0.132767
-1.489744,-0.132767
-1.002595,-0.615033
-0.988420,-0.368715
-1.395689,-1.340219
-1.395689,-1.340219
-1.395689,-1.340219
-0.657795,-1.559089
-0.989588,-2.009779
-0.989588,-2.009779
-1.125449,-1.414502
-0.666866,-2.017255
-0.640413,-1.427381
-0.640413,-1.427381
-0.245674,-1.050388
-0.317981,-0.310341
-0.629733,0.085150
0.134901,-0.719225
0.358520,-0.358360
0.911855,-0.450338
0.911855,-0.450338
0.911855,-0.450338
0.502096,-1.272757
0.691800,-0.922894
-0.208770,-0.791935
0.625440,-0.235189
0.719657,-0.720848
0.924811,-0.699442
1.323249,-0.156987
1.262352,0.355638
0.846422,-0.192799
-0.052265,-0.418670
0.929167,0.501662
1.419668,0.361961
1.529487,0.096205
1.193819,0.515863
0.435730,1.305771
0.925982,0.978852
1.609952,0.471416
1.044170,1.362774
1.198808,0.367653
1.198808,0.367653
1.159567,0.840979
1.956387,0.991365
1.269886,0.980314
1.269886,0.980314
0.726581,1.653944
0.738705,1.415526
0.026252,1.225138
0.026252,1.225138
0.607163,0.595189
0.460458,0.925110
0.189253,0.769742
0.491883,1.075462
-0.364297,1.262991
0.480740,1.799274
0.598379,0.963412
0.137871,1.199588
-0.146945,0.297134
0.255953,-0.203970
1.231164,0.172442
1.231164,0.172442
0.674258,0.251397
1.444693,0.958824
1.444693,0.958824
1.444693,0.958824
0.465488,1.462843
0.661608,1.645580
0.661608,1.645580
1.571005,1.887133
1.571005,1.887133
1.424135,1.430147
1.424135,1.430147
2.112187,1.524390
1.240260,1.049217
1.240260,1.049217
1.240260,1.049217
1.517227,2.039485
1.517227,2.039485
1.517227,2.039485
0.530559,1.104774
0.281712,0.733481
0.313386,1.078821
-0.498230,0.253332
0.147214,0.220747
0.738493,-0.143758
0.738493,-0.143758
-0.196216,0.201494
0.203562,-0.729351
0.986382,0.127191
0.548133,0.473962
0.548133,0.473962
-0.171381,-0.402268
-0.629038,-0.237891
-0.768261,-0.168754
0.116240,-0.356927
0.164417,-0.636733
-0.064544,-0.783115
-0.883058,-1.561587
-0.897553,-1.180707
-1.543971,-1.524769
-1.543971,-1.524769
-1.234000,-1.838607
-1.311318,-1.329844
-1.311318,-1.329844
-1.311318,-1.329844
-1.296923,-1.392156
-1.296923,-1.392156
-1.220881,-1.349648
-1.220881,-1.349648
-1.595771,-2.115301
-1.595771,-2.115301
-1.595771,-2.115301
-1.131890,-1.676058
-0.857077,-0.895567
-0.854180,-0.195773
-0.335477,-0.366326
0.113347,-0.971727
0.339669,-1.190027
0.339669,-1.190027
0.807197,-1.435094
0.807197,-1.435094
0.555382,-1.689567
0.555382,-1.689567
0.555382,-1.689567
-0.038540,-1.743183
-0.038540,-1.743183
0.295878,-1.173261
0.295878,-1.173261
0.295878,-1.173261
0.218284,-1.304094
0.212937,-1.172735
0.663630,-0.366236
0.663630,-0.366236
0.663630,-0.366236
-0.172968,-1.073540
0.510681,-0.983269
-0.229642,-1.601173
-0.594633,-1.989439
0.293270,-1.005938
-0.246285,-1.320142
-0.246285,-1.320142
-0.744385,-0.885609
-1.044426,-1.665587
-0.126074,-0.919134
-0.535163,-0.491820
-0.676862,-0.021228
-0.577575,0.699702
0.420534,-0.089226
0.879791,0.647131
1.587621,1.142241
1.587621,1.142241
1.587621,1.142241
1.615323,0.728557
2.338119,0.773959
2.496674,1.600529
2.496674,1.600529
2.496674,1.600529
2.496674,1.600529
2.496674,1.600529
2.496674,1.600529
1.593159,2.217259
1.352022,1.435880
1.352022,1.435880
1.708974,0.728756
1.682050,0.222149
1.775498,0.788623
1.775498,0.788623
1.775498,0.788623
1.775498,0.788623
1.775498,0.788623
1.775498,0.788623
0.954643,0.690503
0.954643,0.690503
0.231950,0.382758
0.100661,-0.189621
0.635028,-1.078467
0.635028,-1.078467
-0.102368,-0.506231
-1.008405,-0.258334
-0.221776,0.606106
-0.221776,0.606106
-0.887461,0.437517
-1.386212,-0.066804
-1.200242,-0.466970
-1.200242,-0.466970
-0.761398,-0.822769
-1.011005,0.031284
-1.011005,0.031284
-1.011005,0.031284
-1.358360,0.041756
-1.358360,0.041756
-1.358360,0.041756
-1.719098,-0.876262
-1.719098,-0.876262
-1.348289,-0.696088
-1.348289,-0.696088
-1.924992,-1.340164
-1.643039,-0.548608
-1.042170,0.252225
-1.882230,-0.646639
-1.882230,-0.646639
-1.882230,-0.646639
-1.882230,-0.646639
-1.933892,-0.920394
-1.933892,-0.920394
-2.470870,-1.919432
-2.470870,-1.919432
-1.848891,-2.303746
-1.322086,-2.296053
-1.322086,-2.296053
-1.456636,-1.673522
-1.456636,-1.673522
-1.456636,-1.673522
-1.456636,-1.673522
-1.838042,-1.977619
-1.838042,-1.977619
-1.666288,-1.300403
-1.666288,-1.300403
-1.371750,-0.995537
-1.371750,-0.995537
-1.236924,-0.986813
-1.380573,-1.295592
-1.380573,-1.295592
-0.397583,-2.179682
-1.378005,-2.132023
-0.727300,-1.739204
-1.497364,-2.205086
-1.871836,-1.952928
-1.871836,-1.952928
-1.871836,-1.952928
-1.871836,-1.952928
-1.871836,-1.952928
-1.462334,-1.446173
-2.072434,-1.403681
-2.072434,-1.403681
-2.072434,-1.403681
-1.859036,-0.814967
-1.859036,-0.814967
-1.237503,-0.716055
-1.797558,-1.558366
-2.256169,-1.433695
-2.256169,-1.433695
-1.962333,-0.928301
-1.857319,0.044464
-1.857319,0.044464
-1.303006,0.382963
-0.319042,-0.141103
-1.090897,-0.699876
-0.287949,-1.558572
-0.871552,-2.166180
-1.805511,-1.221538
-1.599323,-1.816403
-2.304964,-1.525824
-1.914127,-0.734823
-1.914127,-0.734823
-1.914127,-0.734823
-1.338937,-1.517259
-1.338937,-1.517259
-2.237287,-2.090411
-2.237287,-2.090411
-2.237287,-2.090411
-1.429610,-1.456987
-0.979891,-1.020654
-0.979891,-1.020654
-0.351476,-1.259164
0.257322,-1.186736
0.336841,-0.720037
-0.394733,-0.281934
-0.809479,-0.917583
0.025201,-0.439799
-0.756409,-0.961540
-0.834609,-1.272241
-1.261010,-1.788576
-1.261010,-1.788576
-1.369958,-0.890140
-0.965173,-1.669545
-0.965173,-1.669545
-1.420104,-1.684030
-1.420104,-1.684030
-1.559897,-1.193117
-0.692911,-1.758743
-1.655329,-1.121657
-1.655329,-1.121657
-1.006636,-0.529315
-1.508564,-0.433047
-1.503194,-0.187128
-1.243726,0.694632
-0.333463,1.493513
-0.333463,1.493513
-0.333463,1.493513
-0.333463,1.493513
-0.494375,1.046278
-0.494375,1.046278
-0.760613,0.383900
-0.961533,-0.484399
-1.308658,-0.615777
-1.001546,-0.975962
-1.842400,-1.221181
-1.842400,-1.221181
-1.842400,-1.221181
-1.842400,-1.221181
-1.749847,-1.685453
-1.100694,-1.359062
-1.400807,-1.367827
-1.051672,-1.443986
-1.366770,-1.303686
-1.119963,-1.225915
-1.119963,-1.225915
-1.119963,-1.225915
-1.322130,-1.047220
-1.322130,-1.047220
-1.555350,-0.759363
-1.555350,-0.759363
-0.658119,-1.005358
-0.630045,-1.173395
-1.214399,-0.397815
-1.932215,-0.744345
-1.640715,-1.494564
-1.640715,-1.494564
-1.189125,-1.628377
-1.057357,-1.003039
-1.057357,-1.003039
-1.446731,-1.207345
-1.313956,-1.654916
-1.313956,-1.654916
-1.313956,-1.654916
-1.313956,-1.654916
-1.619880,-1.330399
-1.619880,-1.330399
-1.619880,-1.330399
-1.570640,-1.753952
-1.570640,-1.753952
-2.057588,-1.888299
-1.357347,-0.930686
-1.580073,-0.289325
-1.580073,-0.289325
-1.473352,-0.625184
-1.473352,-0.625184
-1.169470,-1.288178
-1.713267,-0.872040
-1.713267,-0.872040
-1.197785,-1.178372
-1.197785,-1.178372
-1.559214,-1.711489
-1.559214,-1.711489
-1.559214,-1.711489
-0.863431,-1.679763
-0.863431,-1.679763
-0.887124,-1.885736
-1.149014,-1.485356
-1.149014,-1.485356
-1.149014,-1.485356
-1.149014,-1.485356
-1.225084,-1.980557
-1.239736,-2.244176
-1.239736,-2.244176
-0.378511,-1.633761
0.393114,-0.938366
-0.398661,-0.296192
0.048039,-0.604754
0.048039,-0.604754
-0.778391,-0.419482
-0.778391,-0.419482
-1.271076,-0.978659
-1.271076,-0.978659
-1.462713,-1.813636
-1.218717,-0.972073
-1.640557,-0.840501
-0.988187,-0.460039
-0.988187,-0.460039
-1.985207,-1.367174
-0.985970,-1.190195
-0.985970,-1.190195
-1.037299,-1.877096
-1.081885,-1.236136
-1.603703,-1.435889
-1.603703,-1.435889
-1.604522,-1.207881
-1.489541,-0.717175
-0.999090,-1.704927
-0.999090,-1.704927
-1.314271,-0.945792
-1.272304,-1.608703
-1.701296,-1.678595
-2.013175,-1.439581
-2.013175,-1.439581
-1.803757,-1.752268
-1.803757,-1.752268
-1.803757,-1.752268
-1.803757,-1.752268
-1.371745,-0.923096
-1.267444,0.073603
-0.639770,-0.620449
-0.639770,-0.620449
-0.601946,-0.907742
-0.694666,-1.258442
-0.694666,-1.258442
-0.694666,-1.258442
-1.016461,-1.653709
-1.343235,-1.747768
-0.564011,-1.331678
-0.044605,-1.681909
-0.044605,-1.681909
-0.044605,-1.681909
-0.697507,-1.005063
-1.294917,-1.668589
-1.294917,-1.668589
-0.822133,-1.597414
-1.194961,-1.711786
-0.332453,-1.534997
-0.512566,-0.701473
-0.494659,0.273319
-0.154849,-0.552416
-0.548946,-0.127830
-0.280001,0.028997
-1.009320,0.354664
-1.480846,-0.571242
-1.480846,-0.571242
-0.851651,0.301967
-0.851651,0.301967
-0.754338,-0.162630
-0.555507,-0.413942
-1.217302,-1.200150
-0.715429,-0.216267
-0.525527,-0.529491
-1.496083,-0.659084
-1.471517,0.216589
-1.471517,0.216589
-0.746637,-0.729313
-0.017789,-0.974827
0.181573,-0.298020
0.425600,-0.938633
-0.125702,-0.679733
-0.125702,-0.679733
-0.403829,-1.147580
-0.736007,-2.063556
-0.736007,-2.063556
-0.736007,-2.063556
-0.245322,-1.120716
-0.889671,-0.693612
-0.646457,-0.999144
-1.646365,-0.457083
-0.707312,0.213010
-0.707312,0.213010
-1.219284,-0.506931
-1.533830,-1.080925
-0.774031,-1.133032
-0.969609,-0.213701
-1.038117,0.360906
-0.413815,1.008011
-1.203530,0.276829
-1.815944,-0.568657
-1.815944,-0.568657
-1.513433,-0.261072
-1.513433,-0.261072
-0.700339,-0.591665
-0.389481,-0.001404
-0.005109,0.134187
0.526955,0.534773
1.521327,0.950706
0.987372,0.759470
1.219086,1.176866
1.289850,0.513395
0.491999,1.030231
1.273226,1.105516
1.337219,0.640954
0.585188,1.259628
-0.167165,0.460763
-1.013227,0.702179
-0.911411,-0.092463
-0.650459,-0.264761
-0.712914,0.054916
0.225467,-0.574436
0.356182,0.348109
0.015601,0.210794
0.646386,-0.186801
-0.291649,0.247197
-0.578209,0.037197
-1.026231,0.131377
-0.457328,-0.313353
0.176710,-0.031377
-0.218173,-0.841385
-0.194799,0.017456
-0.601138,0.673944
-0.956640,-0.241013
-0.225509,-0.122886
-0.611177,-0.048811
-0.593403,0.680299
-0.133533,-0.296990
-0.238636,-0.760491
-0.238636,-0.760491
0.737076,0.030692
0.090914,-0.009289
0.509882,-0.405782
0.548538,-0.721112
0.548538,-0.721112
0.424027,-1.384913
0.396069,-1.274684
-0.002822,-1.433527
-0.373326,-0.495036
-0.468754,-0.355761
-0.453336,-1.215432
0.134427,-0.681640
0.384549,-0.879087
0.630855,-1.222176
0.140760,-0.242322
0.015275,0.734934
0.052284,0.745312
-0.282482,0.330141
-1.096543,0.397978
-0.953024,0.517987
-0.264872,0.304401
-0.687665,0.408852
0.184122,0.537757
0.434307,1.390453
-0.197256,0.722065
-0.743729,0.148523
-0.877479,0.218556
-0.877479,0.218556
-0.877479,0.218556
-0.748914,0.998411
-0.337343,0.280965
0.319673,0.740747
0.319673,0.740747
0.945423,1.718687
1.138297,1.359832
0.975197,2.134483
0.975197,2.134483
0.975197,2.134483
1.063370,2.066777
1.063370,2.066777
1.063370,2.066777
0.474774,1.524254
0.034242,1.504566
-0.018040,0.807308
0.663392,1.625293
0.663392,1.625293
1.507351,2.050857
0.550691,1.456115
0.519631,1.439516
0.876739,1.355510
0.552024,1.861719
0.552024,1.861719
0.568757,1.101148
0.747853,1.170248
0.747853,1.170248
1.235020,0.986026
1.235020,0.986026
1.231485,1.567597
1.231485,1.567597
0.353188,2.030682
1.017068,1.854575
1.017068,1.854575
1.953417,1.081059
1.953417,1.081059
1.953417,1.081059
1.953417,1.081059
1.053630,0.351850
1.264168,0.870785
1.877577,0.438091
1.045825,1.186965
1.045825,1.186965
0.686315,0.888784
0.893781,1.777881
0.893781,1.777881
0.454068,1.521693
0.454068,1.521693
0.074331,1.284021
0.793879,0.730104
0.386256,-0.200867
0.386256,-0.200867
0.431656,-1.153555
0.128362,-0.624968
1.005893,0.051891
1.005893,0.051891
1.009161,0.965744
0.597633,0.413437
0.450810,0.762865
1.230401,1.357013
1.230401,1.357013
1.701539,1.768452
1.701539,1.768452
1.701539,1.768452
1.184217,1.140543
0.403621,1.656135
0.129782,1.238720
1.021527,0.806046
0.049151,0.072485
0.712386,1.066389
0.498962,2.053657
0.498962,2.053657
1.106632,1.171528
0.746012,0.222123
0.264417,0.056930
0.753118,-0.348312
1.386949,0.453168
0.726811,-0.491608
0.534597,-1.032222
0.534597,-1.032222
0.534597,-1.032222
0.534597,-1.032222
0.657746,-1.265857
0.657746,-1.265857
0.982299,-0.505692
0.802768,0.113407
-0.154403,0.942248
0.300684,1.599683
1.298883,2.331622
1.298883,2.331622
1.298883,2.331622
1.298883,2.331622
1.528395,1.727661
1.528395,1.727661
1.528395,1.727661
1.528395,1.727661
1.628605,1.971632
1.628605,1.971632
1.868883,2.317038
1.868883,2.317038
1.868883,2.317038
1.296349,1.736294
1.296349,1.736294
1.390493,2.009028
1.344912,1.938906
1.182194,1.135266
0.822290,0.228108
0.115429,0.013302
-0.150888,0.029959
-0.440509,0.357793
0.405060,-0.152088
0.347610,0.281978
0.333812,0.381781
-0.104942,0.233857
-0.207417,-0.053374
0.085984,-0.873775
-0.614790,-0.770495
-0.167758,-1.502236
-0.221164,-1.102054
0.261889,-0.428696
1.261168,0.443563
1.261168,0.443563
1.106034,1.106277
1.106034,1.106277
0.495877,0.205941
1.346212,-0.213651
1.236859,-0.106061
1.236859,-0.106061
1.844629,0.680407
2.049911,0.856429
2.049911,0.856429
1.890929,0.845987
1.134118,1.121189
0.601494,1.317032
0.601494,1.317032
0.601494,1.317032
1.435054,0.952534
2.127257,0.809483
1.487523,0.797550
1.150807,1.615907
1.150807,1.615907
1.150807,1.615907
1.879758,1.087515
1.398020,0.520565
1.398020,0.520565
1.398020,0.520565
1.398020,0.520565
0.709546,1.334536
1.374819,0.579168
0.867445,1.146376
0.867445,1.146376
0.639092,1.217382
0.613545,1.855337
1.568475,1.359041
1.568475,1.359041
2.091989,2.064169
2.091989,2.064169
2.091989,2.064169
2.091989,2.064169
1.339044,1.316769
2.254042,1.691089
2.254042,1.691089
2.254042,1.691089
2.254042,1.691089
2.254042,1.691089
2.254042,1.691089
2.254042,1.691089
2.254042,1.691089
1.593331,1.112648
0.675499,1.117046
1.529863,0.409839
1.192816,-0.346292
0.708008,-0.507642
0.708008,-0.507642
0.708008,-0.507642
0.708008,-0.507642
-0.083359,-1.022075
-0.831721,-0.737983
-0.707910,0.161502
-1.398484,-0.315629
-1.398484,-0.315629
-0.930563,0.033646
-0.826638,0.700847
-0.826638,0.700847
-0.826638,0.700847
-0.964070,0.880891
-0.964070,0.880891
-0.787026,0.457992
-1.120249,-0.020106
-1.049026,-0.978767
-1.049026,-0.978767
-1.955553,-0.984246
-1.955553,-0.984246
-1.910607,-1.573216
-1.394031,-1.482148
-1.622110,-0.801865
-1.937992,0.162085
-1.937992,0.162085
-1.937992,0.162085
-1.297480,-0.739916
-0.592998,-0.522491
-0.841449,-0.234155
-1.617802,-0.401258
-1.617802,-0.401258
-0.716111,0.314557
-0.716111,0.314557
-0.566222,-0.494942
-0.944924,-1.337318
-0.944924,-1.337318
-1.279137,-0.457971
-0.768613,-0.079964
-0.885003,-0.244184
-0.578242,-0.521480
-1.311732,-0.281640
-1.311732,-0.281640
-0.772585,-0.836264
-1.235741,-1.099179
-0.705440,-0.335222
-0.254575,-0.644753
0.009294,0.210848
-0.292536,-0.650547
-0.479362,-0.633855
0.020896,-0.799334
-0.427683,-0.074195
-0.057244,-0.095651
-0.092669,0.511719
-0.366537,-0.380335
0.084839,-0.108909
0.113648,0.089735
0.167055,-0.301729
-0.571669,-0.038840
0.349586,-0.503396
0.093056,-0.011081
0.093056,-0.011081
0.359802,-0.813516
-0.454262,-0.788145
-0.225222,-1.303752
-0.225222,-1.303752
-0.510314,-0.842954
-0.510314,-0.842954
-0.342961,-0.143507
-0.744882,0.774784
-0.744882,0.774784
-0.744882,0.774784
-0.744882,0.774784
-0.257623,0.130729
-0.199002,-0.631868
-0.786342,-0.046183
-1.498180,0.085972
-1.389785,-0.118551
-1.389785,-0.118551
-1.389785,-0.118551
-0.553550,0.483544
-1.348148,-0.318938
-1.348148,-0.318938
-1.882015,-1.034323
-2.132274,-1.126951
-2.051907,-0.398964
-1.209324,-1.103968
-1.209324,-1.103968
-1.670964,-1.884272
-0.745228,-1.042674
-0.497433,-0.364078
-1.211938,-1.047451
-0.922814,-1.727696
-0.922814,-1.727696
-1.174441,-0.834811
-1.795102,-0.278862
-1.795102,-0.278862
-1.795102,-0.278862
-1.700601,-0.008766
-1.700601,-0.008766
-1.000918,-0.428912
-1.166437,-0.300525
-1.166437,-0.300525
-1.674895,0.033685
-0.829027,0.541524
-0.829027,0.541524
-0.829027,0.541524
0.036892,0.049974
-0.646958,0.575096
-0.495482,0.439648
0.341871,-0.180903
-0.428293,-0.323569
0.268165,-0.944875
0.201630,-1.207218
-0.473275,-0.340908
-0.992721,-0.661663
-0.338456,-0.433919
-1.249953,0.036493
-1.395109,0.398907
-0.440942,1.079450
-0.440942,1.079450
-0.910023,1.250873
-0.910023,1.250873
-0.910023,1.250873
-0.910023,1.250873
-0.802354,0.829999
-0.287122,0.333116
-0.287122,0.333116
-0.155279,0.230693
0.607803,-0.661773
-0.214160,-1.387356
-0.214160,-1.387356
-0.214160,-1.387356
-0.928017,-1.174435
-0.928017,-1.174435
-1.548905,-0.451342
-0.662321,0.364688
-0.662321,0.364688
-0.472430,-0.125302
0.455208,0.673225
1.067591,0.999196
1.067591,0.999196
0.254291,1.869987
-0.501350,1.815907
-0.501350,1.815907
0.404458,1.726812
0.404458,1.726812
1.153410,1.353580
1.153410,1.353580
1.057917,0.404097
1.794543,0.889974
2.094060,0.859025
2.703980,1.794053
2.703980,1.794053
2.703980,1.794053
2.703980,1.794053
2.597138,2.105324
2.597138,2.105324
2.597138,2.105324
2.597138,2.105324
2.597138,2.105324
2.198211,1.328042
1.895147,1.733108
1.895147,1.733108
1.908576,1.440800
2.214618,1.092941
1.926339,1.986217
1.861971,2.138405
1.630174,2.338529
1.630174,2.338529
1.630174,2.338529
1.214635,2.371333
1.365014,1.793296
0.439984,0.813671
1.353932,1.538324
1.807522,1.017906
1.681532,1.508340
1.681532,1.508340
1.681532,1.508340
1.996538,1.816133
1.259183,1.086403
0.791833,0.339566
0.548290,1.113326
0.639207,1.154220
0.719747,0.784851
0.464226,0.240774
1.251424,0.682499
1.251424,0.682499
1.251424,0.682499
1.350424,0.568799
1.739221,1.081978
1.226552,0.665293
1.226552,0.665293
0.913609,1.022916
1.860616,1.368476
1.860616,1.368476
1.860616,1.368476
1.900663,0.444771
1.974842,1.177482
1.883531,0.497604
1.897858,1.298464
1.897858,1.298464
1.897858,1.298464
1.897858,1.298464
1.178427,1.830496
1.178427,1.830496
2.117273,1.013785
2.238448,1.595922
2.238448,1.595922
1.789174,0.642929
2.166889,0.909822
1.743666,1.799018
1.979237,1.032901
2.252199,0.701195
1.395353,1.696953
0.584808,0.875384
1.314325,1.861978
1.559099,1.779417
1.706895,1.784299
1.543986,1.769124
1.543986,1.769124
1.543986,1.769124
1.543986,1.769124
1.784919,1.129112
1.784919,1.129112
1.784919,1.129112
1.236474,1.419943
1.236474,1.419943
1.525007,0.794370
1.660358,1.641820
1.898541,0.776829
1.898541,0.776829
1.636055,1.184156
2.574261,1.607377
2.229427,1.972939
2.229427,1.972939
2.229427,1.972939
2.046837,1.195661
2.001597,0.833451
2.001597,0.833451
2.001597,0.833451
2.001597,0.833451
1.444924,0.834403
1.688049,1.047840
0.959390,0.473536
0.937860,0.608636
1.007524,1.452691
1.007524,1.452691
1.827009,0.532911
1.812842,0.436718
2.241402,1.235053
2.092377,0.571968
1.648611,0.210323
1.648611,0.210323
1.648611,0.210323
1.079749,-0.658716
1.079749,-0.658716
0.254008,-0.882670
0.298090,0.000991
0.170765,0.047981
0.149351,0.135290
0.410583,0.668252
0.801464,0.199143
1.316420,1.075326
1.316420,1.075326
1.215225,0.289886
1.301769,0.826725
0.559472,1.050451
1.345672,0.715759
0.900900,1.421514
1.313916,0.980432
1.940478,1.607623
1.860103,0.748043
2.269632,1.709730
1.485700,2.167090
1.485700,2.167090
1.093085,1.474161
1.093085,1.474161
0.370287,1.406783
0.471987,0.690642
-0.463344,0.572555
-0.509390,0.686238
0.292616,-0.004155
-0.606674,-0.369526
-0.634044,-0.379508
-0.031145,0.545986
-0.455686,1.290737
0.211315,1.570447
0.911174,2.096679
-0.029909,1.322931
-0.029909,1.322931
0.820945,1.622290
1.309573,1.992049
1.087164,1.957579
0.497263,1.495384
1.473014,0.953312
1.473014,0.953312
1.462985,0.381763
1.462985,0.381763
1.846440,1.109644
1.846440,1.109644
1.642361,1.165992
1.642361,1.165992
1.017716,0.754218
1.595261,1.557730
1.595261,1.557730
1.078461,1.688373
0.258775,1.235802
0.962029,0.824749
1.895918,0.689466
1.895918,0.689466
1.902624,1.407333
1.902624,1.407333
0.952102,1.977287
0.484514,1.231660
0.768860,2.224316
0.291032,1.383091
0.024567,0.894855
0.206734,0.578766
0.206734,0.578766
-0.099775,1.073943
-0.099775,1.073943
0.637481,0.141541
0.668924,0.607960
1.236311,0.686787
0.891909,0.307424
1.239935,-0.419552
1.527252,0.516265
1.527252,0.516265
1.527252,0.516265
1.076439,-0.292439
1.076439,-0.292439
1.076439,-0.292439
0.872125,-0.199317
0.936842,-0.492153
0.693996,-0.015310
1.647404,-0.086145
1.647404,-0.086145
1.647404,-0.086145
1.647404,-0.086145
1.958108,-0.078101
1.433685,-0.049736
1.009731,0.544265
1.009731,0.544265
1.276808,1.308664
0.483578,1.503671
0.630181,1.447221
1.344889,1.548887
1.769918,1.012651
1.121785,1.833506
0.947404,1.018010
0.979227,1.872421
0.979227,1.872421
0.979227,1.872421
0.979227,1.872421
0.979227,1.872421
1.417020,1.862055
1.793712,0.921517
1.240056,1.615460
1.298524,2.297992
1.887386,1.300012
1.262926,1.999470
1.262926,1.999470
1.262926,1.999470
1.262926,1.999470
1.262926,1.999470
1.262926,1.999470
0.472176,1.854663
0.551509,1.217549
0.838838,0.351734
0.714141,0.574008
1.463010,0.804348
1.463010,0.804348
1.463010,0.804348
2.059129,1.775573
2.059129,1.775573
2.059129,1.775573
2.059129,1.775573
1.954658,1.934756
1.954658,1.934756
1.954658,1.934756
2.244360,0.954278
1.388638,0.836271
0.583770,1.415154
0.583770,1.415154
-0.332526,1.233203
-0.488809,0.586918
0.506736,0.712090
-0.077072,0.651879
-0.298918,0.090823
0.062222,-0.236485
-0.252854,0.283050
-0.394555,0.711613
0.104152,0.481335
0.104152,0.481335
0.741710,-0.083159
0.183622,0.128042
0.183622,0.128042
0.967954,0.410187
1.095974,0.027039
1.374794,0.156239
1.374794,0.156239
1.374794,0.156239
0.583956,0.540466
0.642983,0.611056
1.551241,-0.290377
1.667067,0.402105
2.108806,0.695643
2.108806,0.695643
1.127435,0.791909
1.234654,0.831846
0.609384,-0.089019
1.472392,0.490348
1.300715,1.113108
1.300715,1.113108
1.300715,1.113108
0.789664,1.876449
0.789664,1.876449
0.789664,1.876449
0.789664,1.876449
1.062003,1.081607
1.405072,1.046796
1.405072,1.046796
1.335255,1.623263
1.676880,1.321761
2.537092,0.900572
2.607451,1.434577
2.607451,1.434577
2.443105,1.270342
1.657074,0.434486
1.657074,0.434486
1.120772,0.821578
1.165220,-0.152329
0.807756,-0.053100
0.276220,0.436709
0.170017,-0.527265
0.267519,0.183938
-0.494800,-0.099542
-1.460048,-1.027293
-1.460048,-1.027293
-1.455855,-0.560441
-0.657219,0.113818
-0.847257,0.159085
-0.209388,0.818849
-0.209388,0.818849
0.216762,1.117695
0.937919,1.601740
1.882621,1.206428
1.882621,1.206428
1.882621,1.206428
1.882621,1.206428
2.060743,0.913407
2.060743,0.913407
1.714605,1.372742
1.714605,1.372742
1.714605,1.372742
1.871780,1.008324
1.871780,1.008324
1.658019,0.328848
0.735215,0.764997
0.192352,0.852140
-0.165286,0.033886
-0.226408,0.762118
-1.062254,0.694290
-0.361735,0.326516
-1.081567,0.105173
-1.261281,-0.341849
-1.261281,-0.341849
-1.261281,-0.341849
-0.857403,-0.376366
-0.857403,-0.376366
-1.244569,0.525491
-0.315152,1.241192
0.269118,1.065255
0.037845,2.060981
-0.182947,1.212109
0.318276,1.261662
-0.265935,0.428026
-0.181138,-0.393505
-0.675317,-0.048452
-0.216381,-0.712023
0.509715,-1.213837
-0.005166,-0.832839
0.694477,0.072711
1.085609,-0.176968
1.097920,0.744839
1.769727,-0.191480
1.769727,-0.191480
0.804944,0.692409
0.804944,0.692409
-0.085724,1.237508
0.682913,1.715677
1.323331,1.230276
1.323331,1.230276
1.323331,1.230276
1.323331,1.230276
1.323331,1.230276
1.323331,1.230276
1.323331,1.230276
1.380812,1.312703
0.812243,1.369706
1.243540,2.180033
1.243540,2.180033
1.314198,1.727485
1.314198,1.727485
0.901267,1.591682
0.524072,2.069880
1.267051,1.334293
1.398774,1.190033
1.398774,1.190033
1.398774,1.190033
1.598777,0.651232
0.730155,-0.288196
0.303408,-0.618115
0.729583,0.106454
0.729583,0.106454
0.178185,0.750085
0.174922,-0.092892
-0.651753,-0.004990
-1.610538,-0.318373
-0.681879,-0.333656
-0.651906,-0.588890
-0.974477,-0.035378
-0.974477,-0.035378
-1.658537,-1.033109
-1.108319,-1.517839
-1.493672,-2.143308
-1.237809,-1.860452
-1.355244,-1.589143
-1.893716,-1.680710
-1.893716,-1.680710
-1.704900,-2.255390
-0.708261,-1.745403
-1.408175,-1.201814
-1.670846,-1.913546
-1.670846,-1.913546
-1.670846,-1.913546
-1.670846,-1.913546
-1.470685,-1.806455
-1.825612,-1.061183
-1.844400,-0.829520
-0.965118,-0.738849
-1.166285,0.256193
-1.166285,0.256193
-0.612942,0.275929
-0.286288,0.361789
-0.286288,0.361789
-0.419150,1.345767
-0.080151,0.894980
0.130658,-0.033501
0.848777,-0.601756
0.137794,-0.093719
-0.606526,0.113882
-1.501238,0.695605
-0.767589,1.127765
-0.767589,1.127765
-0.450932,1.184811
-0.450932,1.184811
-1.037645,0.299670
-1.151690,-0.447793
-1.177805,-1.366069
-0.989435,-1.432947
-0.478944,-1.611551
-1.245848,-0.973154
-1.316420,-1.063555
-1.316420,-1.063555
-0.833851,-0.537463
-0.486188,-1.369837
-0.444348,-2.153834
-0.444348,-2.153834
-0.636988,-1.852618
-0.916149,-1.713616
-1.893056,-2.592475
-1.736791,-2.251997
-1.254696,-1.672424
-1.254696,-1.672424
-1.860612,-1.301584
-1.860612,-1.301584
-1.860612,-1.301584
-1.860612,-1.301584
-1.860612,-1.301584
-0.923485,-1.008147
-0.997184,-1.673186
-0.760383,-1.760517
-0.638750,-1.465556
-0.847234,-1.467104
-0.847234,-1.467104
-1.295938,-0.828804
-1.039819,-0.238736
-0.790605,0.298077
-0.016718,1.022864
0.214377,1.032472
1.125895,0.912164
0.519534,1.804752
0.485608,1.618071
0.485608,1.618071
0.526676,1.850441
0.449165,1.116239
-0.275226,0.280940
-0.119814,0.293292
-0.081327,1.143846
-0.081327,1.143846
-0.582228,0.495443
-0.141853,-0.124578
0.324937,-0.778416
0.213304,-0.992737
0.419893,-0.862575
0.419893,-0.862575
-0.377561,-1.667842
-0.821540,-1.615593
-0.518057,-0.979102
0.463971,-0.038810
0.847583,-0.670312
0.462393,-0.560732
1.087782,0.349127
1.761356,1.114287
1.761356,1.114287
1.761356,1.114287
0.973924,0.747372
0.973924,0.747372
1.427560,1.003658
1.084956,0.850485
1.725410,0.963410
1.410408,0.723330
1.645011,1.694002
1.645011,1.694002
1.161057,1.883178
1.060591,1.354458
1.060591,1.354458
1.060591,1.354458
0.362044,0.870241
0.362044,0.870241
-0.027530,1.307937
0.574494,1.517462
0.928998,1.667256
1.324191,1.672831
0.916376,1.538667
0.254396,1.638832
0.246098,2.171531
0.151230,1.722282
0.151230,1.722282
0.605165,1.006588
-0.120617,0.796069
-0.026743,0.534501
0.916999,0.006648
0.122172,-0.659932
-0.762011,-1.112668
-1.577026,-1.072328
-1.483145,-1.219082
-1.809326,-1.349501
-1.809326,-1.349501
-1.415235,-1.857453
-2.392072,-1.555486
-2.016005,-1.000404
-1.409795,-0.423226
-1.554114,0.010405
-1.554114,0.010405
-1.406003,-0.696451
-1.406003,-0.696451
-1.406003,-0.696451
-1.406003,-0.696451
-1.406003,-0.696451
-1.245194,0.024773
-0.625615,-0.711659
-1.180411,-1.174852
-1.650241,-1.608438
-1.650241,-1.608438
-1.650241,-1.608438
-1.650241,-1.608438
-2.201931,-1.858384
-2.033793,-1.952049
-2.033793,-1.952049
-1.297663,-1.823091
-0.805133,-1.878407
-0.805133,-1.878407
-0.805133,-1.878407
-0.805133,-1.878407
-1.655379,-1.955431
-1.808475,-1.041880
-1.808475,-1.041880
-1.011055,-0.800581
-1.486594,-1.181337
-1.989043,-1.852872
-1.989043,-1.852872
-1.989043,-1.852872
-2.049275,-2.158384
-1.405962,-2.000037
-2.118856,-1.606849
-1.831956,-1.688984
-1.355194,-0.738150
-1.355194,-0.738150
-0.968898,-0.274801
0.019131,-0.466290
0.207734,-0.617729
0.993655,0.360866
0.880160,0.856221
0.649872,0.405344
0.133949,1.277501
0.830990,0.453917
0.830990,0.453917
0.096021,-0.183359
-0.763108,0.446614
-0.024480,0.557641
0.936472,1.284287
0.042859,0.332061
-0.156354,0.156390
0.437275,-0.711137
-0.472574,-0.545677
-0.153763,-0.299828
0.169716,0.411399
-0.335702,-0.144240
-0.399607,-0.197974
-0.936768,-0.256371
-0.393341,-0.876676
0.206867,-1.189646
1.051444,-0.373748
0.254162,-0.301447
-0.247373,0.396708
0.093902,0.209510
0.061242,-0.704990
-0.621129,-1.321895
-0.446193,-1.164030
-1.382491,-1.521364
-1.135772,-0.912415
-1.507845,-0.358775
-1.691462,-0.401650
-1.525891,0.353106
-0.608011,1.159442
-0.307049,1.433815
0.012111,1.541739
0.012111,1.541739
0.012111,1.541739
-0.175080,1.422151
0.461100,1.703438
0.624561,1.003144
1.289412,1.147239
1.808634,1.713059
0.832887,2.325021
0.832887,2.325021
0.832887,2.325021
0.832887,2.325021
0.837634,2.117681
0.837634,2.117681
1.786515,1.963094
1.870022,1.461346
1.292565,2.143452
1.292565,2.143452
1.080033,2.115948
1.302067,1.843412
1.253392,1.758395
1.253392,1.758395
0.493559,1.251057
0.509496,1.102996
0.937448,1.685132
0.847464,1.320440
0.716070,0.986752
0.716070,0.986752
1.271170,0.546211
2.236232,0.351600
1.714495,-0.489715
1.067080,0.405616
0.250149,0.261750
0.250149,0.261750
0.879133,-0.408946
0.550368,0.036261
0.424764,1.016728
0.342290,0.867048
0.342290,0.867048
0.560429,1.128185
0.560429,1.128185
1.260863,1.326072
1.260863,1.326072
0.431071,1.012236
0.835737,0.229155
0.649806,-0.707597
0.649806,-0.707597
0.649806,-0.707597
0.649806,-0.707597
0.482835,-0.997921
0.661575,-0.902078
1.230059,-0.404956
1.249118,-0.075255
0.263718,0.303962
0.257860,-0.147858
0.351702,-0.941039
0.048329,-1.737754
0.048329,-1.737754
-0.723516,-2.140140
-1.415021,-2.251900
-0.756162,-2.813987
-0.756162,-2.813987
-0.756162,-2.813987
-1.191412,-2.054144
-0.975418,-1.851610
-1.671669,-1.749260
-1.671669,-1.749260
-1.454032,-1.922991
-0.762013,-1.157208
-1.324644,-1.294446
-1.533266,-1.594067
-1.358054,-0.809675
-1.230557,0.023877
-1.230557,0.023877
-0.249507,0.544181
0.477559,0.341799
0.274841,1.247044
-0.055294,0.681661
-0.590474,-0.102145
-0.459203,0.178436
-0.982403,0.755763
-1.538770,-0.111957
-1.538770,-0.111957
-0.552750,-0.071818
-0.602980,-0.278267
-1.266635,-0.328894
-1.266635,-0.328894
-1.162153,-0.310920
-0.167110,-0.625344
-0.772529,0.110085
-0.508788,0.798955
-0.144068,0.648537
0.818371,0.363231
0.108673,0.469511
-0.762513,0.438578
-0.762513,0.438578
-0.040791,0.423037
0.693313,0.505567
-0.198877,1.473355
-0.198877,1.473355
-0.761542,0.759971
-0.761542,0.759971
-1.485791,0.307895
-1.485791,0.307895
-1.485791,0.307895
-1.485791,0.307895
-1.468401,0.578967
-1.318616,0.024219
-0.661746,0.037024
-0.661746,0.037024
-1.377275,0.139348
-0.640057,0.569034
-0.640057,0.569034
-0.998028,0.135282
-0.998028,0.135282
-0.998028,0.135282
-0.261661,0.267741
0.577384,0.100910
1.139910,0.468168
0.671285,0.288553
1.562330,0.081936
2.476875,0.841810
2.476875,0.841810
2.476875,0.841810
2.476875,0.841810
1.721555,0.167028
2.255787,1.013122
2.255787,1.013122
1.664438,0.214800
0.868403,-0.747089
0.868403,-0.747089
-0.032761,-0.617338
-0.661310,-0.643074
-1.445873,-0.785170
-0.607588,-1.729785
-1.119187,-2.169613
-1.055044,-2.118248
-0.875359,-2.158965
-1.256002,-1.619145
-2.045072,-1.521857
-2.200961,-1.548614
-1.735114,-2.059161
-1.077044,-1.877067
-1.757426,-1.056123
-1.757426,-1.056123
-1.757426,-1.056123
-0.788626,-0.436982
-0.788626,-0.436982
-0.274980,0.408160
0.083251,1.194140
-0.872437,0.943128
-0.872437,0.943128
-0.872437,0.943128
-0.872437,0.943128
-0.872437,0.943128
-0.872437,0.943128
-0.648058,0.081542
0.311242,1.037146
0.025984,0.708705
0.363759,1.699126
-0.333304,2.167800
-0.333304,2.167800
-0.959515,1.425819
-0.959515,1.425819
-0.191783,0.698277
0.469038,1.127263
0.469038,1.127263
0.514282,1.533974
0.514282,1.533974
1.000265,1.451412
1.090378,1.976542
1.090378,1.976542
0.830109,1.638404
0.830109,1.638404
0.830109,1.638404
1.222354,2.099289
0.923280,1.560686
1.073515,0.564709
1.395403,0.544126
1.306654,0.928689
0.494253,0.907455
-0.281055,0.316139
-0.453394,-0.188069
0.158463,-0.718997
0.158463,-0.718997
0.158463,-0.718997
-0.677957,-0.421398
-0.353272,0.552424
-0.589842,0.526737
0.183003,-0.262904
0.909296,0.541376
0.750669,0.497602
0.379393,0.460379
-0.048758,0.530732
-0.978393,0.143698
-0.978393,0.143698
-0.063509,0.612595
-0.063509,0.612595
0.253964,0.381111
0.092099,-0.086546
0.803547,-0.779952
0.803547,-0.779952
0.445808,-1.312385
1.173387,-0.887948
0.582796,-0.949886
-0.291269,-1.363887
-0.701410,-0.601127
-0.369201,-1.162694
-0.369201,-1.162694
-0.369201,-1.162694
-0.369201,-1.162694
-0.369201,-1.162694
0.272494,-0.191056
1.172521,0.562065
1.172521,0.562065
1.986844,0.890097
1.707064,0.624285
1.707064,0.624285
1.259310,1.217468
1.058887,0.718376
0.819105,0.692071
1.321709,-0.037319
0.885400,0.912665
1.006889,0.784692
1.006889,0.784692
0.385409,1.570066
1.279608,2.373483
1.498764,1.725908
1.498764,1.725908
1.498764,1.725908
1.498764,1.725908
1.498764,1.725908
1.498764,1.725908
1.498764,1.725908
1.199695,1.280393
0.519633,1.469084
1.142083,0.997167
1.142083,0.997167
1.142083,0.997167
1.142083,0.997167
1.142083,0.997167
1.332120,0.940880
0.801958,0.501731
1.400840,-0.084351
0.525351,-0.430794
0.465942,-0.914046
0.247258,-0.336607
0.418767,0.211902
-0.401836,0.338989
-0.401836,0.338989
-0.066525,-0.085889
0.194212,0.126077
1.006535,0.836706
0.114588,-0.123070
-0.618416,0.289708
-0.206393,1.148281
-0.530229,0.439566
0.015895,1.143410
0.015895,1.143410
0.015895,1.143410
0.015895,1.143410
0.802443,0.663624
0.699205,1.533071
0.479513,1.169379
0.747281,1.552024
0.747281,1.552024
-0.194013,1.228344
0.035160,0.934034
0.064524,0.454102
-0.786386,1.211963
-1.003336,0.930012
-1.003336,0.930012
-1.003336,0.930012
-1.003336,0.930012
-1.003336,0.930012
-0.332214,0.485440
-0.185730,0.429103
-0.810213,0.745257
-0.810213,0.745257
-0.810213,0.745257
-0.810213,0.745257
0.063084,0.249866
-0.859998,0.019401
-0.677116,-0.290317
-1.390867,-0.307792
-2.161304,-1.043237
-2.358491,-1.156061
-2.358491,-1.156061
-2.358491,-1.156061
-2.358491,-1.156061
-2.358491,-1.156061
-2.358491,-1.156061
-1.467982,-0.371532
-1.467982,-0.371532
-1.467982,-0.371532
-1.467982,-0.371532
-1.467982,-0.371532
-1.376786,0.358140
-1.376786,0.358140
-1.183778,0.243637
-1.183778,0.243637
-1.183778,0.243637
-0.248414,0.898629
-0.166056,1.101296
0.070039,1.146450
0.061362,1.313869
0.061362,1.313869
1.033550,0.881038
1.569062,1.216761
1.274881,0.918664
0.379433,1.133455
0.379433,1.133455
1.231747,1.978640
1.181165,1.839850
1.181165,1.839850
1.181165,1.839850
1.181165,1.839850
1.181165,1.839850
0.977153,1.006933
0.061934,0.933025
0.562931,1.187274
0.244986,1.475963
0.699883,0.932334
1.565251,1.173816
1.287549,1.837231
0.435270,1.583062
0.777363,1.145214
0.777363,1.145214
1.155615,0.415985
1.897732,1.184053
1.897732,1.184053
1.437974,2.033254
1.224040,2.435308
1.224040,2.435308
0.362676,1.490976
1.016709,1.822440
1.551610,1.911176
0.765132,1.581853
0.796618,0.751080
0.721938,1.611754
0.912467,1.838927
0.912467,1.838927
0.789996,1.462825
0.789996,1.462825
1.096449,2.025760
0.886143,1.406627
0.886143,1.406627
0.890850,0.519566
1.601917,1.423266
1.945466,1.443761
1.136126,0.864001
1.246755,0.205796
0.772680,0.436827
-0.027324,0.760055
-0.027324,0.760055
-0.485567,1.080597
-0.375730,1.104103
0.461310,1.232637
0.461310,1.232637
-0.253278,1.155152
0.059804,1.126908
0.059804,1.126908
0.739405,1.174239
0.480388,1.873084
0.480388,1.873084
0.480388,1.873084
-0.201742,1.319928
-0.201742,1.319928
-0.201742,1.319928
0.552151,1.998780
0.898277,1.336804
0.898277,1.336804
0.898277,1.336804
0.398562,0.632760
0.684174,0.911027
0.669280,0.593098
0.669280,0.593098
1.665293,0.586886
1.161210,0.452011
2.067380,0.454008
1.676355,0.494892
1.676355,0.494892
1.755604,0.438435
1.755604,0.438435
1.755604,0.438435
1.384088,0.373324
1.384088,0.373324
1.795454,0.192287
1.795454,0.192287
1.795454,0.192287
1.079615,1.090357
1.479365,1.693719
1.655830,1.529009
1.655830,1.529009
1.655830,1.529009
1.351515,0.919240
1.071187,1.446911
1.071187,1.446911
0.860433,1.293989
1.050190,0.545527
1.438791,-0.241815
0.560857,0.325166
0.393991,-0.191953
0.559371,-0.653020
0.272782,-1.351292
0.272782,-1.351292
0.415969,-0.815538
1.105840,-0.153954
1.362335,0.770025
1.362335,0.770025
0.681555,0.890893
0.211079,1.599958
0.870177,1.058120
0.978904,0.435975
1.117872,0.069113
1.117872,0.069113
1.135869,0.550638
0.612307,1.048300
0.240763,0.502400
0.653759,-0.264446
-0.035610,-0.490346
-0.073156,0.464969
-0.697223,-0.230445
-1.668226,0.125348
-1.668226,0.125348
-1.668226,0.125348
-1.668226,0.125348
-0.879681,-0.792681
-0.724593,-0.231708
-0.017228,0.455956
-0.406681,0.906720
-0.026104,1.268578
-0.026104,1.268578
0.273412,1.242075
0.067156,0.690377
0.593095,0.155471
0.681462,-0.671806
0.659000,-0.191073
0.659000,-0.191073
-0.045724,-0.486960
0.668435,0.385256
-0.128473,0.756047
-0.090023,0.990071
-0.212693,1.275021
0.557544,0.639930
0.744253,0.652339
1.666917,-0.127604
2.061522,-0.004355
1.835793,0.174502
1.835793,0.174502
0.973031,-0.273732
1.902818,0.658344
1.216033,-0.138908
1.201032,-0.263147
0.605246,0.369527
0.605246,0.369527
-0.150712,0.983654
0.495618,1.845698
1.266148,2.141362
0.406735,1.992585
0.406735,1.992585
-0.235648,1.464748
-0.797479,0.769033
-0.555811,0.476887
-0.555811,0.476887
0.052632,0.579659
-0.894618,0.154431
-0.894618,0.154431
-0.794473,-0.703911
-1.030583,-1.015459
-0.315863,-0.716068
-0.277974,0.084629
-1.141224,-0.559332
-1.571208,-1.293505
-1.004161,-0.930589
-1.004161,-0.930589
-1.308278,-0.222572
-0.357999,-0.896376
-0.608369,-0.851226
-0.769575,-0.252929
-1.513705,-0.848005
-1.454930,-1.010588
-0.886973,-1.347276
-0.729602,-0.429080
-0.203632,-0.437256
-0.365871,-1.193354
-0.365871,-1.193354
-0.099798,-1.311091
-1.043849,-1.977254
-0.254729,-1.222626
-0.254729,-1.222626
-0.575225,-1.811515
-0.575225,-1.811515
-0.575225,-1.811515
-0.859129,-1.386572
-0.325085,-1.709814
-1.110594,-1.745669
-0.538201,-1.543594
-0.538201,-1.543594
-0.538201,-1.543594
-1.049246,-0.685335
-1.104491,-1.179339
-1.339326,-2.051941
-0.342200,-1.355870
-0.342200,-1.355870
-0.342200,-1.355870
-0.342200,-1.355870
-1.142119,-1.599946
-0.466686,-1.589401
-0.256279,-1.281415
-0.256279,-1.281415
-1.058168,-0.636621
-0.397820,-0.160306
0.117560,-0.168763
-0.586874,0.415717
-0.586874,0.415717
-0.586874,0.415717
-0.895672,0.445792
-1.357048,0.101270
-0.980430,-0.087260
-0.358764,0.256646
0.467853,1.204677
0.467853,1.204677
0.467853,1.204677
1.348017,2.119603
0.923044,1.592827
0.151561,1.283066
0.557647,0.374105
1.250123,0.822581
0.607183,0.918144
0.607183,0.918144
0.664813,1.506293
0.664813,1.506293
0.664813,1.506293
0.508772,0.932835
1.002777,1.669360
0.341616,1.533338
0.610774,1.285943
0.610774,1.285943
0.610774,1.285943
0.589781,0.452329
-0.045376,1.368017
0.432886,1.506988
1.415664,1.062636
1.040543,0.413382
1.040543,0.413382
0.259686,0.540979
0.259686,0.540979
-0.257649,-0.302578
-0.987293,0.567279
-0.462552,-0.117491
-0.903973,-1.078219
-0.903973,-1.078219
-1.322630,-1.443443
-1.651877,-1.091015
-1.904843,-0.692962
-2.544348,-0.857593
-2.544348,-0.857593
-1.631582,-0.002949
-0.772669,-0.245402
-0.304704,-1.167022
-0.008964,-0.653531
-0.008964,-0.653531
-0.979937,0.199613
-0.288147,1.111300
-0.691693,0.716596
-0.691693,0.716596
-0.031535,-0.015618
-0.496464,-0.066759
-0.584761,-0.081321
-0.575510,-0.598232
-0.816566,-0.022816
-0.471113,-0.002801
-0.911701,-0.961169
-0.755116,-1.237949
-1.600575,-0.857143
-1.068432,-1.142573
-1.985306,-1.038691
-1.023551,-0.815221
-0.359668,-0.938140
-0.435364,-1.167722
0.547616,-0.226026
-0.207279,0.269696
0.411938,-0.550643
0.503881,-1.280388
-0.079034,-0.316834
-0.633813,-0.490546
-0.773985,-0.373052
-0.612340,0.409090
-0.612340,0.409090
-0.612340,0.409090
0.274928,0.709894
1.183578,0.394319
2.155610,1.338215
1.876807,1.488119
1.966715,0.587381
1.784774,0.698539
1.644037,1.332367
1.011671,1.147949
1.011671,1.147949
1.428561,1.824404
1.371644,1.219334
1.716336,0.456884
1.716336,0.456884
1.468095,0.278404
1.692026,-0.121243
1.692026,-0.121243
1.692026,-0.121243
1.544963,0.190138
0.736146,0.414119
1.672817,1.033613
1.672817,1.033613
1.172403,0.571013
0.865000,0.048875
0.437709,0.582296
0.437709,0.582296
-0.267331,0.973055
-1.028831,0.436108
-0.093174,0.028772
0.898168,-0.483030
0.922836,0.104583
0.375194,-0.110564
0.232491,-0.517115
0.232491,-0.517115
-0.430920,-0.480500
0.011156,-0.500823
-0.638895,0.097524
0.111132,-0.198924
-0.488137,-0.121142
-0.420111,-0.803304
0.245376,0.035728
1.083116,-0.068275
1.528425,0.234904
1.528425,0.234904
0.821245,0.665438
0.994378,0.517535
0.994378,0.517535
1.466410,-0.047277
2.076686,0.854355
2.574500,1.616482
2.574500,1.616482
2.083049,1.801362
2.083049,1.801362
2.083049,1.801362
2.083049,1.801362
2.083049,1.801362
2.083049,1.801362
2.083049,1.801362
1.855853,1.318610
2.419207,1.608557
2.419207,1.608557
1.878933,1.233777
1.878933,1.233777
1.333437,1.067920
1.044667,1.710826
1.984167,1.901543
1.984167,1.901543
1.984167,1.901543
2.682068,1.510817
2.293944,2.312612
2.293944,2.312612
1.674304,2.022162
0.765986,1.918846
0.765986,1.918846
0.765986,1.918846
-0.188179,1.278765
0.119346,1.851366
0.607420,0.900608
0.939544,0.920229
1.227135,0.460049
1.961619,0.931886
1.653574,1.611674
1.540830,0.723480
1.540830,0.723480
0.867471,1.586938
1.259763,0.838098
0.963703,0.955217
0.736737,0.336406
0.736737,0.336406
1.235573,0.277758
0.765233,1.263247
1.321976,0.450681
1.321976,0.450681
1.689324,0.467689
0.794302,-0.159319
0.984239,0.098641
0.984239,0.098641
1.088141,0.384495
1.842613,0.796423
1.842613,0.796423
2.308510,1.130419
2.308510,1.130419
1.513925,0.535900
1.513925,0.535900
1.163556,-0.109944
1.177394,0.457060
1.189599,-0.403776
0.614749,0.084756
0.375126,0.739891
1.350799,0.884100
1.350799,0.884100
1.289671,1.497362
0.611642,1.859097
0.611642,1.859097
1.027607,0.999113
0.621388,1.671157
0.326933,0.759275
0.493156,0.465595
0.028068,-0.260067
-0.578194,0.298488
0.070395,1.130789
0.509980,1.233490
0.509980,1.233490
0.517925,0.768654
-0.042060,1.094709
0.795458,1.262975
1.403384,0.673718
1.140462,-0.257225
0.837997,0.208201
0.915448,-0.057917
0.701188,0.869420
0.496335,-0.103509
0.867032,0.208135
0.740661,0.295645
0.096141,-0.156462
-0.280206,0.575573
0.700664,0.061953
0.002160,0.301330
-0.604976,0.172922
-0.904018,0.167655
-0.904018,0.167655
-1.389418,0.049489
-1.389418,0.049489
-1.389418,0.049489
-0.968144,0.407548
-0.539885,0.146276
0.071186,0.428605
0.454725,0.569380
0.262643,0.232765
0.760472,-0.746321
0.206863,-1.255748
-0.180133,-1.493587
-0.173613,-1.914173
-0.173613,-1.914173
-0.173613,-1.914173
-0.173613,-1.914173
-1.048631,-2.334962
-1.048631,-2.334962
-1.048631,-2.334962
-0.917081,-1.376434
-0.917081,-1.376434
-0.917081,-1.376434
-0.736368,-2.139612
-0.736368,-2.139612
-0.736368,-2.139612
-0.736368,-2.139612
-0.736368,-2.139612
-0.736368,-2.139612
-0.736368,-2.139612
-0.504437,-2.078666
0.112864,-1.090521
-0.673710,-1.046695
-0.809339,-0.563090
-1.492162,-0.772700
-1.286921,-1.288420
-2.164080,-1.697907
-1.249705,-1.793797
-0.298643,-1.284896
0.033272,-0.792134
-0.150320,-0.430464
-0.745645,-0.050389
0.172576,0.492159
0.172576,0.492159
1.124008,1.198824
1.124008,1.198824
1.124008,1.198824
1.124008,1.198824
1.124008,1.198824
0.952673,1.569692
0.952673,1.569692
1.667137,1.576225
1.118538,1.275761
1.118538,1.275761
1.118538,1.275761
1.572510,1.174750
2.088734,1.345592
1.237102,1.968182
1.237102,1.968182
1.404136,1.319887
1.396770,1.520335
1.197300,1.025885
0.639615,2.007960
0.795729,1.825122
1.054685,2.098361
0.958064,2.188435
1.039350,2.353309
0.931537,2.341513
1.614007,2.617890
1.614007,2.617890
1.780337,2.127468
0.826326,2.061402
0.168268,2.075891
0.143133,1.628960
0.270173,0.795127
-0.591627,0.527630
-0.859993,0.096053
-0.859993,0.096053
-0.010598,-0.114773
0.043878,-0.543765
-0.296559,-0.272796
0.670340,0.396304
0.539366,1.117336
1.267031,0.997118
0.508524,0.761811
-0.029007,0.482373
-0.555297,1.127905
-0.555297,1.127905
-0.196383,1.385292
-0.196383,1.385292
-0.389306,0.934369
-1.197683,0.547867
-1.316691,0.366221
-1.220865,0.919055
-0.282224,0.664330
-0.282224,0.664330
-0.282224,0.664330
-0.132432,0.207850
-0.095137,1.031711
0.533828,0.041778
1.063970,0.148103
1.593156,0.178675
1.010288,-0.094231
1.310742,-0.361072
0.828787,-0.570820
0.828787,-0.570820
0.276323,0.168129
1.264473,-0.010355
1.186787,0.321338
1.186787,0.321338
1.543244,1.307071
1.359183,1.790937
1.603486,1.790421
1.603486,1.790421
1.603486,1.790421
1.603486,1.790421
0.849980,1.608849
1.419023,1.520045
1.419023,1.520045
1.419023,1.520045
1.963668,1.373193
1.963668,1.373193
1.963668,1.373193
1.963668,1.373193
1.963668,1.373193
1.696831,0.644352
1.795976,0.968770
0.888375,0.922946
0.888375,0.922946
0.243774,1.106389
0.243774,1.106389
-0.119900,0.834378
0.646202,0.714277
0.988760,0.087428
0.188264,0.150455
-0.282999,-0.358185
-1.273186,-0.431024
-0.327554,-1.200066
-0.150919,-0.488710
-0.150919,-0.488710
0.222424,0.286698
0.478513,0.361101
1.404258,1.358022
1.404258,1.358022
2.153765,2.322102
1.759360,1.557070
2.672789,1.563319
2.672789,1.563319
2.672789,1.563319
2.114092,1.551607
2.114092,1.551607
1.343815,1.497429
1.343815,1.497429
1.343815,1.497429
1.314748,0.970834
0.540589,1.673944
0.540589,1.673944
1.424091,0.705816
0.504534,1.700963
0.504534,1.700963
1.171606,1.182193
1.911739,0.593978
1.911739,0.593978
1.079402,1.501176
1.079402,1.501176
1.079402,1.501176
1.079402,1.501176
1.079402,1.501176
1.079402,1.501176
1.079402,1.501176
1.251812,1.204166
1.251812,1.204166
0.810131,1.870266
1.230734,0.948742
2.111696,1.275138
2.111696,1.275138
1.494844,1.842882
1.883678,0.982421
1.976156,1.253094
2.581030,1.372162
1.718038,1.071632
1.718038,1.071632
0.940559,1.973387
1.648677,1.311907
1.648677,1.311907
1.648677,1.311907
1.691502,1.074420
1.391484,0.671987
0.710579,0.700804
0.892638,0.560404
0.009557,0.616295
0.754632,1.105522
0.742015,1.053921
0.561776,1.761270
0.793013,2.172024
0.793013,2.172024
0.793013,2.172024
0.254991,1.635203
-0.289798,1.368747
-0.112175,0.679832
-0.370760,0.634113
0.436785,1.040512
0.369652,0.747205
0.369652,0.747205
0.488600,-0.093617
1.091061,-0.534285
0.448481,-0.376401
0.448481,-0.376401
0.448481,-0.376401
-0.143159,-0.071979
0.097706,0.149882
-0.568905,0.405582
-1.044465,-0.327987
-0.234839,-0.947469
0.004008,-0.629142
-0.205350,-1.316230
-0.205350,-1.316230
-0.205350,-1.316230
0.047522,-1.300578
0.066693,-1.096586
0.066693,-1.096586
-0.717387,-1.115537
-0.717387,-1.115537
-1.110312,-1.007303
-1.720623,-0.505383
-0.900041,-0.994064
-0.380438,-0.029576
-0.380438,-0.029576
-0.380438,-0.029576
-1.267984,-1.001127
-1.267984,-1.001127
-1.267984,-1.001127
-0.366998,-0.132557
-0.070091,-0.026518
0.421902,0.905743
0.315901,1.345207
0.315901,1.345207
-0.102977,1.259891
-0.798812,0.362412
-0.798812,0.362412
-0.040311,0.492939
0.453166,0.364410
-0.446130,-0.114443
-0.750672,-0.551338
-1.055975,0.227221
-1.278400,-0.075019
-2.148795,-0.792828
-2.148795,-0.792828
-2.148795,-0.792828
-1.470578,-0.012729
-1.470578,-0.012729
-0.472867,0.532077
0.041105,0.845565
0.041105,0.845565
-0.379423,1.044259
0.460934,0.915591
0.460934,0.915591
0.460934,0.915591
0.591025,1.348954
0.795847,1.793430
0.795847,1.793430
0.360038,1.159345
-0.447357,1.277732
-0.447357,1.277732
-0.447357,1.277732
0.454218,2.046785
0.454218,2.046785
-0.179736,1.171270
0.536388,1.079186
1.230470,0.514235
1.230470,0.514235
0.863363,0.549611
1.615743,-0.206172
1.427059,0.579519
0.978783,0.401002
1.400508,0.337850
1.400508,0.337850
0.643007,1.027004
0.643007,1.027004
1.605479,1.278743
1.605479,1.278743
1.713658,1.449376
1.713658,1.449376
0.786831,2.275884
0.786831,2.275884
0.786831,2.275884
0.223202,1.353338
0.212805,0.611980
-0.006411,0.243441
0.967930,0.006754
0.967930,0.006754
0.138762,0.166009
0.473482,-0.183535
1.091512,-0.955762
0.445897,-1.805221
-0.294070,-2.434497
-0.044991,-2.162917
-0.653138,-1.297713
-1.093098,-1.693644
-1.016100,-1.586981
-1.419526,-1.980311
-1.419526,-1.980311
-1.419526,-1.980311
-1.419526,-1.980311
-1.314326,-1.874634
-1.314326,-1.874634
-0.959807,-1.482175
-0.959807,-1.482175
-0.319090,-0.950968
-0.716711,-1.762872
-1.700977,-2.318651
-1.700977,-2.318651
-1.700977,-2.318651
-1.700977,-2.318651
-1.312803,-2.278563
-1.312803,-2.278563
-1.253490,-1.398747
-1.253490,-1.398747
-1.253490,-1.398747
-1.963329,-1.667582
-1.963329,-1.667582
-1.304581,-2.099514
-1.304581,-2.099514
-0.973407,-2.056361
-0.973407,-2.056361
-0.973407,-2.056361
-0.509657,-1.805402
-0.505351,-1.436398
-0.366788,-0.599476
0.159657,-0.642505
-0.286814,-0.482540
-0.147498,-0.993697
-0.191720,-0.241063
-0.472594,-0.883596
-0.066716,-1.291805
-0.066716,-1.291805
-0.066716,-1.291805
-0.957765,-1.160979
-1.154251,-1.488730
-1.332089,-2.424332
-1.987897,-2.593109
-2.297978,-2.113991
-2.297978,-2.113991
-1.381446,-1.957246
-0.438969,-1.751161
-0.194635,-1.233007
0.013398,-0.822349
-0.733042,-0.229032
-1.426668,-0.005134
-1.418364,-0.451289
-1.839843,-0.248880
-1.839843,-0.248880
-1.839843,-0.248880
-1.407820,-1.223564
-1.407820,-1.223564
-1.407820,-1.223564
-1.407820,-1.223564
-1.756879,-1.857352
-1.994101,-0.861807
-1.994101,-0.861807
-1.462716,0.131203
-1.185079,0.370547
-0.687761,0.793520
-0.687761,0.793520
-0.571429,-0.001068
-0.086211,-0.951433
-0.042639,-0.627207
-0.020267,-0.635397
-0.259157,0.354676
0.619090,1.046906
0.983997,2.031575
0.983997,2.031575
0.945158,1.270218
0.628222,0.519541
-0.044678,1.097906
0.338810,0.385810
0.812347,1.109719
0.451805,1.490625
0.451805,1.490625
1.185080,1.635159
1.263382,1.665704
1.263382,1.665704
1.263382,1.665704
0.757514,1.531150
0.757514,1.531150
0.757514,1.531150
0.888864,1.134889
0.888864,1.134889
0.448374,1.818165
0.866132,1.075757
0.461679,1.441170
0.849317,0.468208
1.671815,0.201159
1.671815,0.201159
1.091841,0.578311
1.091841,0.578311
1.091841,0.578311
1.091841,0.578311
2.047768,0.834734
1.754755,0.166455
0.926645,0.130732
0.391781,0.665915
0.034544,0.583754
-0.570607,-0.188669
-0.986454,0.668323
-0.986454,0.668323
-0.190178,-0.327343
-0.368302,-0.055563
0.455948,-0.888326
0.546854,-1.026750
0.198251,-1.987941
0.198251,-1.987941
0.946199,-1.229848
0.946199,-1.229848
0.103025,-0.451513
-0.178817,-1.384603
-0.178817,-1.384603
-0.852453,-1.177083
-0.852453,-1.177083
-0.844296,-2.090329
-1.220280,-1.251706
-1.141925,-0.330692
-1.183623,-1.153156
-1.335733,-1.671964
-1.335733,-1.671964
-1.335733,-1.671964
-1.335733,-1.671964
-1.320152,-1.802314
-1.465959,-2.373416
-1.465959,-2.373416
-1.466860,-1.524133
-1.466860,-1.524133
-1.702510,-2.079654
-1.046230,-1.995726
-1.827180,-1.415824
-1.827180,-1.415824
-1.827180,-1.415824
-1.827180,-1.415824
-1.827180,-1.415824
-1.827180,-1.415824
-1.145389,-0.547132
-1.085438,-0.963315
-0.953263,-1.498153
-0.953263,-1.498153
-0.837582,-1.248297
-0.328112,-0.578232
-1.046500,-0.530943
-1.046500,-0.530943
-1.827836,-0.437458
-1.827836,-0.437458
-1.584141,-0.649522
-1.963418,-1.163835
-1.198925,-0.338865
-1.198925,-0.338865
-0.696884,-0.527362
-0.837705,-1.299823
-1.167995,-0.491845
-1.427779,-0.681027
-1.064868,-1.232272
-0.972016,-0.676523
-0.934679,-1.147913
-1.557661,-1.610767
-2.190708,-1.230840
-2.378769,-1.974375
-2.378769,-1.974375
-1.965003,-1.798207
-1.240685,-2.195436
-1.144658,-2.265164
-1.751645,-1.890058
-1.509013,-1.973824
-0.776050,-1.071988
-0.568558,-1.757215
-1.376506,-0.933720
-0.626074,-0.433233
0.306402,-0.309979
0.983141,-0.342476
0.983141,-0.342476
0.983141,-0.342476
1.040791,0.568808
1.527139,0.633295
1.194253,-0.185758
1.194253,-0.185758
1.194253,-0.185758
1.194253,-0.185758
1.306124,0.032236
1.306124,0.032236
1.306124,0.032236
0.331541,0.204736
0.453647,0.446874
1.091111,0.300686
0.208618,0.237526
-0.214929,-0.308692
0.124377,0.408570
-0.757566,-0.409097
-0.968265,0.370430
-0.449211,0.115987
-0.825232,0.318309
-0.970782,0.066298
-0.832247,0.422446
-1.140745,-0.498187
-0.250032,-0.288996
-0.250032,-0.288996
-0.041991,0.262427
-0.471105,0.137017
-0.964806,0.505382
-0.964806,0.505382
-1.163417,0.450506
-1.457706,0.339477
-1.457706,0.339477
-2.122945,-0.341201
-2.122945,-0.341201
-1.859619,-0.616626
-0.890854,-0.586936
-0.760369,-1.523981
-1.376801,-1.891154
-1.376801,-1.891154
-0.695968,-1.128174
-0.205245,-1.560540
-0.205245,-1.560540
-0.205245,-1.560540
0.385517,-0.615211
1.372385,-0.319607
0.725953,-0.904861
0.775582,-0.786571
0.775582,-0.786571
0.141629,-1.643474
-0.312790,-1.065545
-0.933763,-1.758398
-0.933763,-1.758398
-0.933763,-1.758398
-1.049615,-0.887122
-0.932013,-0.339014
-0.598642,0.627979
0.401068,0.749693
0.025269,0.701364
0.699002,0.133453
0.739095,-0.034288
0.242556,0.631965
-0.143031,0.085657
0.469729,0.742722
0.617046,0.696290
0.617046,0.696290
0.613129,0.852224
-0.301057,0.134088
0.073650,-0.161809
0.085224,0.361886
-0.391703,0.653682
-0.391703,0.653682
-0.040607,1.525237
0.620253,0.585014
0.694275,0.687642
0.412019,0.796330
0.412019,0.796330
0.818758,0.858734
1.809732,0.160046
1.809732,0.160046
2.084032,0.328979
1.905180,0.363715
1.938227,-0.221219
1.938227,-0.221219
1.938227,-0.221219
1.110620,0.186098
1.110620,0.186098
0.609838,-0.446358
0.891526,-0.130797
0.891526,-0.130797
0.665294,-0.410210
0.218665,-0.902336
-0.595130,-0.349097
-0.462987,0.582619
-1.199721,0.297210
-1.342180,-0.013975
-1.342180,-0.013975
-1.480488,-0.564676
-1.480488,-0.564676
-0.970196,-0.081946
-0.922706,0.079374
-1.230491,-0.867948
-1.936723,-0.498732
-2.323148,-1.141568
-2.281302,-1.838817
-2.281302,-1.838817
-1.530320,-2.095075
-1.530320,-2.095075
-1.530320,-2.095075
-1.530320,-2.095075
-1.721529,-1.736429
-1.334427,-1.708808
-0.982235,-2.424154
-0.982235,-2.424154
-1.630538,-2.452958
-1.258783,-2.367989
-1.258783,-2.367989
-1.258783,-2.367989
-1.258783,-2.367989
-1.258783,-2.367989
-1.258783,-2.367989
-1.258783,-2.367989
-1.258783,-2.367989
-1.148813,-2.107409
-1.597688,-2.342466
-0.768349,-1.644533
-0.756885,-0.974028
-1.506844,-1.529671
-1.506844,-1.529671
-1.506844,-1.529671
-1.506844,-1.529671
-1.506844,-1.529671
-0.627218,-1.646093
-0.627218,-1.646093
-0.417192,-1.749359
-0.417192,-1.749359
-0.417192,-1.749359
-0.417192,-1.749359
-0.521981,-0.935837
-0.249380,-1.333934
-0.249380,-1.333934
-1.142350,-1.472512
-1.142350,-1.472512
-1.142350,-1.472512
-0.284033,-1.740888
-0.284033,-1.740888
-0.340183,-1.450731
-0.307902,-0.902216
-0.505814,-1.219917
-0.520828,-1.562700
-0.520828,-1.562700
-1.083420,-1.046108
-1.083420,-1.046108
-1.083420,-1.046108
-1.175587,-0.098644
-0.999152,-0.746053
-0.999152,-0.746053
-1.150213,-1.638139
-1.150213,-1.638139
-0.954705,-1.729156
-0.558982,-0.815014
0.436930,-0.511611
-0.238273,-0.653880
-0.238273,-0.653880
-1.142809,-1.192818
-1.940778,-0.657478
-1.940778,-0.657478
-1.940778,-0.657478
-2.315431,-1.455585
-1.943697,-1.722709
-1.943697,-1.722709
-1.943697,-1.722709
-1.943697,-1.722709
-1.778761,-1.628704
-1.778761,-1.628704
-1.778761,-1.628704
-1.778761,-1.628704
-1.778761,-1.628704
-1.778761,-1.628704
-1.778761,-1.628704
-1.778761,-1.628704
-1.130084,-1.328239
-1.130084,-1.328239
-0.988610,-1.564237
-0.409301,-1.119338
-0.613217,-0.342075
-0.800658,-0.655141
-0.074584,-1.535641
-0.074584,-1.535641
0.065870,-0.930892
0.021108,-1.231034
-0.447159,-1.398463
-0.570025,-0.408337
-0.084379,-0.162465
0.474477,0.536963
0.403248,1.394758
0.403248,1.394758
1.363782,1.089223
0.953649,1.985861
0.670500,1.093451
1.140372,0.226291
0.154227,0.085101
-0.089130,-0.005566
-0.770718,0.541482
-0.443850,0.221242
-0.028743,0.908381
0.772593,0.968303
0.738337,1.234103
1.024866,0.916418
1.539644,0.795744
1.866562,1.304270
1.866562,1.304270
1.131975,1.106781
0.511319,1.742104
-0.124849,1.668780
-0.124849,1.668780
-0.124849,1.668780
-0.124849,1.668780
0.782737,1.467995
0.782737,1.467995
0.023378,0.908695
0.001848,1.067508
0.001848,1.067508
0.659626,0.334517
-0.252780,-0.465788
-0.435339,-0.736982
-0.018025,-0.947061
-0.841546,-1.860725
-0.302808,-1.301051
-0.373274,-1.619234
0.113222,-1.084980
0.151860,-1.681902
-0.263746,-0.785534
-0.539782,-0.114627
0.347578,-0.254794
-0.652380,-0.546789
-0.572513,-0.221255
0.351319,0.622907
1.221377,-0.318955
0.704060,-0.869884
0.057412,-1.071594
-0.533870,-0.758164
-0.082677,-1.551513
-0.075618,-0.909930
-0.075618,-0.909930
-0.569682,-0.646321
-1.022063,0.183447
-0.641031,0.198852
-0.434986,1.196361
-0.005894,0.946857
-0.029547,1.402572
-0.029547,1.402572
-0.029547,1.402572
0.142854,0.949660
0.142854,0.949660
0.034181,0.487005
0.870380,0.482994
0.977211,-0.020305
0.522319,0.616035
0.557598,1.544017
0.557598,1.544017
0.557598,1.544017
1.221848,1.597355
0.642215,1.705882
0.642215,1.705882
0.642215,1.705882
-0.114387,1.498082
-0.238533,0.972909
0.279183,0.231412
0.956007,-0.388613
0.080014,-1.207805
-0.745150,-1.737376
-0.745150,-1.737376
-0.745150,-1.737376
-0.745150,-1.737376
-0.773332,-1.387561
-0.773332,-1.387561
-0.653683,-0.446269
-1.086187,0.450365
-0.249220,1.361194
-0.249220,1.361194
-0.249220,1.361194
0.336078,0.465270
-0.281003,1.177572
0.302801,1.171822
0.282991,0.229567
0.533829,0.064850
-0.261203,-0.046412
0.239314,0.149087
1.165947,0.066136
1.098355,0.057548
1.889005,0.501622
1.889005,0.501622
2.018813,0.195978
1.600151,-0.270128
1.518301,0.082099
0.881423,0.075049
0.111246,-0.281010
0.472990,-0.456813
0.472990,-0.456813
0.102283,-0.927004
-0.823963,-0.348886
0.145360,-0.926614
-0.664882,-0.667335
0.017383,0.150303
-0.309916,-0.755591
0.347364,0.138565
1.215535,-0.497775
0.802504,-0.322556
0.802504,-0.322556
0.839319,0.431411
0.730883,-0.047951
0.940656,-0.398118
0.077041,-1.167637
0.962271,-1.104365
0.115445,-1.715757
0.115445,-1.715757
0.115445,-1.715757
-0.393717,-1.196281
-0.393717,-1.196281
-1.312384,-1.238040
-1.312384,-1.238040
-1.312384,-1.238040
-1.312384,-1.238040
-1.312384,-1.238040
-1.806989,-2.065807
-1.806989,-2.065807
-1.806989,-2.065807
-1.402042,-2.115782
-0.690900,-1.964152
-1.567517,-1.262822
-0.896679,-0.484437
-1.615547,-0.490998
-2.110262,-1.173599
-2.110262,-1.173599
-3.053922,-1.263859
-2.538565,-1.660786
-2.538565,-1.660786
-1.715764,-0.845876
-1.499661,-0.809889
-1.559504,-0.575734
-1.642596,-1.119052
-1.373150,-0.526823
-1.085312,-0.833267
-1.085312,-0.833267
-1.870642,0.117952
-0.926138,0.398578
-1.162768,1.364902
-1.162768,1.364902
-1.065919,1.104881
-0.525839,0.224267
-0.609339,0.836257
-0.575314,0.699910
-0.985144,0.677552
-0.203440,0.789188
0.073543,0.039589
-0.817190,-0.518470
-1.641138,-0.610996
-2.173869,-0.223231
-2.061342,-0.968350
-1.071842,-0.447984
-2.011144,-1.304074
-2.011144,-1.304074
-1.571653,-0.773472
-1.571653,-0.773472
-1.571653,-0.773472
-1.759272,-0.078809
-1.127244,0.418452
-1.464872,-0.108040
-1.464872,-0.108040
-1.009999,-1.050892
-1.572116,-0.552640
-0.957912,0.364902
-0.719853,-0.573889
0.193101,-0.554042
1.001259,0.159059
0.695032,-0.602515
1.477592,-0.110504
0.619314,0.817196
1.030479,1.260130
1.084322,2.196621
1.698454,1.916431
1.609215,2.078751
1.446212,2.484621
2.091014,1.666314
1.342038,1.630102
1.342038,1.630102
1.342038,1.630102
1.342038,1.630102
1.255601,0.878003
1.746781,0.147661
0.851349,0.630725
1.407102,1.162346
1.742405,0.602886
1.742405,0.602886
1.332560,0.334295
1.259618,0.395480
0.642680,-0.471834
-0.271574,-0.337785
-0.973420,-0.262030
-0.973420,-0.262030
-1.061226,-0.030354
-1.015455,-0.753063
-1.347755,-1.711862
-1.347755,-1.711862
-1.766746,-1.695229
-1.865319,-2.422702
-1.865319,-2.422702
-2.071162,-2.013298
-2.436238,-1.857566
-2.436238,-1.857566
-1.704900,-2.258082
-0.708728,-1.597724
-0.708728,-1.597724
-0.904429,-0.742270
-0.904429,-0.742270
-1.569235,-0.136818
-1.569235,-0.136818
-1.569235,-0.136818
-0.666936,0.807592
-0.666936,0.807592
0.001933,0.488808
0.001933,0.488808
0.435379,1.417359
1.250471,0.667384
0.828482,0.295989
-0.168450,0.860461
0.810730,-0.060954
0.671567,-0.972526
0.082020,-1.484818
0.936707,-0.767897
0.913049,-0.380897
0.913049,-0.380897
0.913049,-0.380897
0.863007,0.562564
1.695797,1.265132
2.193969,2.034780
1.440093,1.641355
2.020067,1.273642
2.020067,1.273642
2.020067,1.273642
1.634871,1.283859
1.095090,1.171643
1.862834,0.658355
1.974956,1.093353
1.997906,0.806062
1.997906,0.806062
1.512715,0.204753
1.564419,1.194684
1.564419,1.194684
0.618620,1.152463
0.618620,1.152463
0.750016,1.513668
0.390511,1.311267
-0.304090,1.160679
-0.304090,1.160679
0.485612,1.676151
1.104136,1.206700
1.104136,1.206700
1.104136,1.206700
1.889867,1.000183
1.567188,1.734048
1.078922,1.441621
1.078922,1.441621
1.856190,0.989198
2.125499,1.258827
2.125499,1.258827
2.125499,1.258827
1.262994,1.138090
1.088425,1.156811
1.256210,1.115560
1.256210,1.115560
1.710363,2.064782
1.710363,2.064782
1.574092,1.762007
2.080166,1.354078
2.080166,1.354078
2.103519,1.848477
2.103519,1.848477
1.694547,2.253921
2.309244,1.462656
2.309244,1.462656
2.309244,1.462656
2.309244,1.462656
1.552254,0.741031
1.163288,1.380260
1.701897,1.781045
1.414514,1.741271
0.447380,1.112232
-0.068939,1.349350
-0.068939,1.349350
0.369922,1.281326
-0.271988,0.700730
0.056972,1.529575
0.056972,1.529575
0.649618,2.135824
0.649618,2.135824
0.649618,2.135824
1.248162,1.850440
1.248162,1.850440
1.248162,1.850440
1.248162,1.850440
1.248162,1.850440
1.248162,1.850440
0.293696,2.154196
-0.172340,1.478268
-0.172340,1.478268
0.151165,0.630010
-0.353088,-0.344303
-0.080231,-0.444769
0.260107,-0.378825
0.260107,-0.378825
0.001905,0.013286
0.146591,-0.237497
-0.035133,-0.476308
0.011874,-0.428554
0.688991,-0.133040
-0.129870,-0.729275
-0.383040,0.241438
-0.383040,0.241438
0.210944,-0.663475
0.283073,-0.391208
-0.714502,-0.639960
-0.272680,-0.929646
-1.182041,-0.564765
-0.857748,-0.169804
-0.439365,-0.413686
-1.196466,-1.001807
-1.196466,-1.001807
-1.196466,-1.001807
-1.196466,-1.001807
-1.196466,-1.001807
-1.671203,-1.904397
-1.979245,-1.168540
-1.979245,-1.168540
-1.979245,-1.168540
-2.173152,-2.165175
-2.173152,-2.165175
-1.470059,-1.275871
-1.470059,-1.275871
-1.644773,-1.706882
-1.498889,-1.825927
-1.132752,-2.164992
-1.246590,-1.439128
-1.246590,-1.439128
-1.409246,-1.199419
-0.512438,-0.540190
-1.332251,-1.143119
-1.236113,-1.347119
-1.090341,-1.367063
-1.090341,-1.367063
-0.887191,-1.025764
-1.010762,-1.882131
-1.099532,-1.829547
-1.178489,-0.872076
-1.764562,-1.001923
-1.764562,-1.001923
-1.756377,-1.420902
-1.756377,-1.420902
-1.529568,-1.444195
-1.286052,-0.671509
-1.286052,-0.671509
-0.489358,-0.631739
-0.819147,-1.410368
-0.819147,-1.410368
-0.819147,-1.410368
-0.819147,-1.410368
-1.065339,-1.148895
-1.065339,-1.148895
-0.102020,-0.643913
-0.362623,-0.601024
0.274432,0.377855
0.274432,0.377855
1.094921,0.335328
1.733855,0.902623
0.889364,1.534039
0.889364,1.534039
1.075308,0.702671
1.075308,0.702671
1.738822,0.376697
1.738822,0.376697
1.174065,0.508295
0.956647,0.369780
0.470025,-0.288441
-0.274583,-0.916221
-0.316717,-1.062805
-0.316717,-1.062805
0.464373,-1.284058
0.464373,-1.284058
0.464373,-1.284058
-0.308123,-0.627536
-0.616739,-1.533422
-0.083265,-1.433995
-0.747282,-1.561188
-0.224138,-1.079135
-0.849023,-1.536171
-0.849023,-1.536171
-1.752875,-0.576701
-1.752875,-0.576701
-1.752875,-0.576701
-1.752875,-0.576701
-1.826683,-1.059884
-2.262281,-0.159362
-2.549223,-0.799194
-2.105748,-1.307397
-1.645965,-1.727024
-1.767105,-1.740638
-1.876625,-2.440397
-1.794138,-2.072393
-1.794138,-2.072393
-1.926815,-1.976917
-1.926815,-1.976917
-0.988134,-1.565508
-0.988134,-1.565508
-1.409739,-1.488679
-1.625662,-0.494014
-1.983274,-0.885683
-1.020704,-0.973361
-1.267140,-0.827337
-0.836724,-0.824126
-0.247781,-0.448313
-0.447614,-1.056597
-0.447614,-1.056597
-0.447614,-1.056597
-0.447614,-1.056597
-0.447614,-1.056597
0.259760,-0.207553
0.452050,-0.391069
-0.228950,0.030776
-0.976487,0.176088
-0.311379,0.655022
-0.138721,0.521311
-0.876182,0.017123
-0.227022,0.443175
-0.227022,0.443175
0.348393,1.433158
0.193726,1.952796
0.688614,1.543284
0.081449,0.921345
-0.689211,0.438759
-0.624979,-0.018827
-0.624979,-0.018827
0.222721,-0.726903
0.267705,-0.677852
0.267705,-0.677852
0.030414,-0.826366
0.030414,-0.826366
-0.892058,-0.815353
-0.892058,-0.815353
-0.680009,-0.906674
-0.680009,-0.906674
-0.680009,-0.906674
-0.680009,-0.906674
-0.680009,-0.906674
-0.085369,-0.788773
-0.365354,-0.497702
-0.865721,-0.168086
-1.779990,-0.289270
-1.779990,-0.289270
-1.019667,0.451987
-0.321861,0.478942
0.517184,0.314364
0.694043,0.772860
1.285663,0.142095
1.814073,1.127032
2.320533,1.204926
1.494563,1.114120
1.494563,1.114120
2.012457,1.357131
1.222846,0.378413
0.242967,-0.446832
0.309205,-1.187465
1.304319,-0.316006
1.039741,-1.077988
1.039741,-1.077988
1.113059,-0.822041
0.121859,0.085757
0.132950,0.484132
-0.278269,1.126264
0.383302,0.154751
0.564451,0.731126
0.564451,0.731126
0.875894,1.152434
0.352109,1.899340
1.152324,1.112316
1.152324,1.112316
0.377644,1.054808
0.121449,1.191860
0.121449,1.191860
-0.174503,1.130692
-1.173043,0.668488
-1.173043,0.668488
-1.173043,0.668488
-1.172123,0.133730
-0.564436,-0.483633
-0.797007,-1.299075
-0.797007,-1.299075
-1.710897,-1.043647
-1.221199,-0.684508
-1.274223,0.128256
-1.036798,0.539107
-0.514446,-0.300071
0.064181,0.687946
0.829999,-0.207210
0.230958,-0.287150
0.230958,-0.287150
0.719381,0.635767
1.334602,0.662097
2.053614,1.092296
1.382086,0.713151
2.022444,1.223266
2.022444,1.223266
2.291524,1.644716
2.007024,2.055255
1.127736,1.865408
1.127736,1.865408
1.039520,1.209238
1.039520,1.209238
1.039520,1.209238
1.039520,1.209238
1.620966,1.582133
1.620966,1.582133
0.918896,1.883778
0.821681,1.990943
0.821681,1.990943
1.761666,2.313023
1.761666,2.313023
1.761666,2.313023
1.046338,1.800393
1.046338,1.800393
0.988532,2.255175
0.553420,1.323390
1.047984,1.465035
1.925822,1.282848
1.925822,1.282848
0.963567,0.676022
0.963567,0.676022
0.965563,0.218142
1.410136,0.156487
1.410136,0.156487
1.410136,0.156487
1.267467,0.310445
1.267467,0.310445
1.267467,0.310445
1.559536,1.125943
1.559536,1.125943
1.124942,0.897941
1.124942,0.897941
0.703487,1.503893
1.369853,1.123290
0.549139,1.387528
0.862441,1.047945
0.094304,0.969427
0.865931,1.708915
0.865931,1.708915
0.865931,1.708915
1.795250,0.761669
1.360660,0.605700
0.681476,1.561373
1.560372,1.165972
1.560372,1.165972
1.447946,1.635256
1.822137,0.656253
1.908106,1.535384
1.220642,1.330917
1.220642,1.330917
1.728253,0.741852
1.728253,0.741852
0.911016,1.449268
1.299650,1.210320
1.686642,1.392044
1.686642,1.392044
1.686642,1.392044
1.686642,1.392044
1.686642,1.392044
1.241736,1.862447
1.241736,1.862447
1.183418,1.700444
1.822201,1.725312
1.822201,1.725312
1.822201,1.725312
1.853523,2.167926
1.853523,2.167926
1.853523,2.167926
1.853523,2.167926
1.300020,1.436823
1.065544,0.599259
1.065544,0.599259
1.751568,0.608411
0.804630,1.424691
1.344976,1.018194
1.667226,1.068401
1.667226,1.068401
1.992313,0.803251
1.992313,0.803251
1.992313,0.803251
1.992313,0.803251
2.210355,1.440746
2.169438,1.747141
2.034995,2.163037
2.054002,1.613211
2.142494,0.890602
1.503276,1.564812
2.267031,1.983985
1.951764,1.301674
2.116700,1.374766
2.222688,0.721549
2.222688,0.721549
2.222688,0.721549
1.975087,1.286654
1.360218,1.186404
1.360218,1.186404
1.360218,1.186404
1.360218,1.186404
1.583216,1.113185
1.583216,1.113185
1.583216,1.113185
1.583216,1.113185
1.343881,0.615191
0.695590,0.786100
0.603957,0.705135
0.806963,0.628853
0.688155,-0.170565
1.668811,-0.294019
1.571498,0.158509
1.571498,0.158509
0.598227,0.401919
0.621296,0.121591
1.491348,1.086251
2.024062,0.418146
2.128894,0.315540
2.021340,0.657021
2.021340,0.657021
1.482630,0.559494
1.482630,0.559494
0.536087,0.009827
0.950213,0.222255
0.902590,-0.170425
0.088175,-0.044916
-0.221289,0.789428
-0.221289,0.789428
-0.026143,0.618778
-0.423176,-0.310659
0.011369,-0.923757
0.377962,-1.593294
0.377962,-1.593294
-0.273140,-0.658217
-1.129932,-0.768202
-0.965152,-1.308397
-1.521087,-0.909865
-1.510389,-1.112751
-1.809088,-1.345491
-1.338654,-0.757175
-1.338654,-0.757175
-0.727293,-1.612496
-0.727293,-1.612496
-0.727293,-1.612496
-0.727293,-1.612496
-1.316096,-1.633620
-1.316096,-1.633620
-1.316096,-1.633620
-0.866760,-1.636479
-0.916020,-1.554672
-0.271913,-2.033441
-0.856795,-2.149305
-1.713893,-1.406912
-2.326470,-0.981077
-2.470110,-1.143878
-2.470110,-1.143878
-2.470110,-1.143878
-2.470110,-1.143878
-1.665234,-1.585424
-1.665234,-1.585424
-1.665234,-1.585424
-1.215621,-0.948201
-1.492669,-1.293480
-0.764090,-2.054276
-1.454472,-1.315381
-1.771732,-1.500516
-1.771732,-1.500516
-1.830128,-0.959129
-1.836284,-0.418917
-1.498429,-0.093114
-1.498429,-0.093114
-1.498429,-0.093114
-1.498429,-0.093114
-1.434812,-0.883386
-0.722139,-0.985740
-0.550597,-1.877928
-0.550597,-1.877928
0.151996,-1.399357
-0.274346,-0.931120
-0.441995,-0.611659
-1.047385,-1.406413
-1.796153,-1.950123
-1.311478,-2.012230
-1.311478,-2.012230
-1.456361,-1.056223
-1.025596,-1.184549
-1.386700,-0.263016
-0.981931,0.687366
-0.145049,0.168333
-0.384846,-0.108572
-0.364658,-0.815187
0.125886,-0.233813
-0.823539,-1.228315
-1.573535,-0.399986
-2.036569,-0.614804
-1.638292,-0.780523
-1.320039,0.109653
-0.621133,0.618578
0.186276,0.740538
0.481648,1.060224
0.481648,1.060224
0.772696,0.710006
0.930314,-0.205539
1.371081,-0.237088
1.066255,0.549632
1.066255,0.549632
1.366169,1.200383
1.366169,1.200383
2.176945,1.908871
2.176945,1.908871
2.176945,1.908871
2.176945,1.908871
1.364543,1.877401
1.364543,1.877401
0.793588,1.838834
0.793588,1.838834
0.793588,1.838834
0.793588,1.838834
0.793588,1.838834
0.793588,1.838834
1.546084,1.026855
1.546084,1.026855
1.115079,1.131488
1.667936,1.004130
1.966292,1.475661
1.261241,1.683033
1.155831,2.056194
1.439835,1.299411
1.157795,1.063671
0.218032,0.471294
0.957358,0.321218
0.957358,0.321218
0.450666,0.341566
-0.200690,0.995603
-0.679934,0.346155
-0.679934,0.346155
0.271545,-0.138778
0.487889,-0.047918
0.567898,0.654187
0.567898,0.654187
1.022394,1.374574
1.010266,1.537812
1.377993,1.935033
1.377993,1.935033
1.475808,1.905024
1.475808,1.905024
1.475808,1.905024
1.475808,1.905024
1.475808,1.905024
0.857803,1.089591
1.325423,0.379901
1.325423,0.379901
0.486782,1.338236
1.065908,0.713258
1.065908,0.713258
1.065908,0.713258
1.135385,0.413711
1.135385,0.413711
1.056416,1.177025
1.413510,0.854706
0.906733,1.464398
0.929683,1.184056
0.370859,1.024804
0.370859,1.024804
0.370859,1.024804
0.370859,1.024804
0.898992,1.356354
1.104192,2.156109
1.963133,2.371483
1.831235,1.565281
1.831235,1.565281
1.831235,1.565281
1.679195,2.229241
1.769712,1.542838
1.769712,1.542838
1.204317,0.952091
0.538543,1.290638
0.538543,1.290638
0.697639,1.224018
1.682114,1.286230
1.682114,1.286230
1.732545,0.887805
1.732545,0.887805
1.732545,0.887805
1.732545,0.887805
1.732545,0.887805
1.732545,0.887805
1.732545,0.887805
1.288461,1.161481
1.260054,1.720892
0.891152,1.583971
0.891152,1.583971
1.057743,1.494786
1.057743,1.494786
0.287709,1.519649
0.287709,1.519649
0.287709,1.519649
0.110993,1.452875
0.994624,0.646657
0.994624,0.646657
0.111195,0.848377
-0.458363,0.287024
-1.256109,0.580227
-1.256109,0.580227
-1.587676,-0.073704
-1.075881,-0.339053
-0.855434,-1.271380
-1.407266,-1.917682
-2.032730,-2.095241
-2.145183,-2.091469
-1.175557,-1.580319
-1.175557,-1.580319
-1.175557,-1.580319
-1.175557,-1.580319
-0.565999,-0.736884
0.233435,-0.654113
-0.649562,-1.187628
-0.623635,-1.433224
-0.623635,-1.433224
-1.136873,-1.417082
-1.376399,-1.136207
-1.529567,-1.434694
-1.529354,-1.856533
-1.529354,-1.856533
-1.922079,-2.387312
-1.922079,-2.387312
-2.392684,-1.847827
-2.392684,-1.847827
-2.392684,-1.847827
-2.392684,-1.847827
-2.392684,-1.847827
-2.392684,-1.847827
-2.392684,-1.847827
-1.721152,-1.404411
-1.330605,-1.479643
-1.330605,-1.479643
-1.330605,-1.479643
-1.598858,-2.002760
-1.692623,-1.914925
-1.645641,-2.296087
-1.162603,-1.862403
-1.162603,-1.862403
-1.575998,-1.801159
-1.575998,-1.801159
-1.575998,-1.801159
-1.575998,-1.801159
-1.575998,-1.801159
-0.775833,-1.421112
-1.729067,-0.431041
-1.454112,-1.258874
-1.454112,-1.258874
-0.759741,-0.971069
-0.763664,-0.905013
-1.049370,-0.761264
-1.201959,-1.317534
-0.230309,-0.807055
0.315147,-1.321294
0.012629,-1.743364
0.012629,-1.743364
0.264558,-1.581416
1.205875,-0.859359
0.798813,-0.356033
0.229951,-1.211047
0.626511,-0.231119
0.175632,-0.151120
-0.481127,-0.297790
0.185687,-1.160899
0.185687,-1.160899
0.242069,-1.547091
0.767816,-1.319500
0.767816,-1.319500
0.767816,-1.319500
1.200166,-0.810012
1.200166,-0.810012
0.653603,-0.897972
1.378798,-0.545767
1.378798,-0.545767
1.378798,-0.545767
1.378798,-0.545767
0.857065,-1.310024
-0.100348,-0.545494
-1.045129,-1.488069
-1.741982,-1.495776
-1.741982,-1.495776
-1.687489,-1.622465
-1.687489,-1.622465
-1.203059,-1.808020
-0.831061,-1.639189
-1.126607,-0.891949
-0.876000,-0.927588
-0.063390,-1.394099
-0.776430,-1.465779
0.147876,-0.655063
0.742659,-0.123838
1.408616,0.604613
0.725026,1.517995
0.291868,1.428817
-0.017087,0.818666
0.066095,0.852141
0.561204,0.162330
0.540362,-0.142209
0.253861,0.646311
0.955266,1.158921
1.212998,0.854507
1.199678,0.994918
2.023209,0.067629
2.023209,0.067629
1.782259,0.426503
1.957323,0.721279
1.498197,0.195966
1.498197,0.195966
1.498197,0.195966
0.760810,0.931193
0.091214,1.026737
0.921857,1.642355
1.593285,2.338111
2.292964,1.853820
2.292964,1.853820
2.292964,1.853820
2.271164,1.445055
1.980446,1.360917
0.991654,0.731279
1.186653,0.071202
0.337525,0.790502
-0.203836,0.131789
0.203396,0.476526
0.082636,0.866448
0.247736,1.704628
0.736478,1.977619
0.127530,1.399531
0.470479,1.341197
0.104795,1.286945
0.104795,1.286945
1.002098,2.267811
1.720479,2.094454
1.178175,1.584073
0.964937,1.695909
0.966923,1.073347
1.964306,0.095617
1.183566,0.199216
0.416690,-0.685057
0.714720,0.296088
0.741621,0.428312
1.511982,-0.125872
1.064177,-0.381786
1.064177,-0.381786
1.064177,-0.381786
1.341119,0.187157
0.383771,0.044811
0.345551,-0.316538
0.116171,0.491391
-0.393650,-0.068345
-0.415637,0.396788
0.348591,0.773155
0.054086,1.018373
-0.472892,0.105485
-0.842347,0.674657
-0.842347,0.674657
-1.337030,0.539181
-0.715539,-0.068940
-0.660401,0.635830
0.108095,0.749872
-0.462373,0.901820
-0.243589,-0.002154
0.137315,-0.144854
-0.313025,-1.003923
-0.313025,-1.003923
-0.961995,-0.244878
-1.842080,0.157296
-1.842080,0.157296
-1.842080,0.157296
-1.456028,0.533714
-1.456028,0.533714
-1.754526,-0.316312
-1.551732,0.032023
-0.894721,0.423637
-0.790829,0.531801
-1.299592,-0.248866
-1.299592,-0.248866
-1.579293,-1.182379
-1.579293,-1.182379
-1.579293,-1.182379
-1.793957,-1.040410
-1.793957,-1.040410
-1.793957,-1.040410
-1.752631,-0.477366
-1.752631,-0.477366
-1.752631,-0.477366
-1.006828,0.240797
-1.035356,0.779830
-0.918182,0.111353
-1.673933,0.212801
-1.673933,0.212801
-1.673933,0.212801
-1.565054,0.132755
-1.565054,0.132755
-1.565054,0.132755
-1.922884,0.083197
-1.775802,0.096861
-1.166744,0.530158
-0.290488,-0.232335
-0.525522,-0.439988
0.375657,-0.324633
1.051687,-0.294065
1.051687,-0.294065
0.418240,-0.637334
0.418240,-0.637334
0.418240,-0.637334
0.418240,-0.637334
-0.375369,-0.829349
-0.176157,-0.671961
0.136181,-1.211142
-0.442629,-1.272825
0.402156,-0.961279
0.722032,-0.807555
0.722032,-0.807555
0.802974,-0.412781
0.092898,-0.655439
0.049820,-0.680991
0.619627,0.077283
-0.206179,0.751925
-0.499090,-0.197480
-0.752707,-0.739329
-0.157314,0.016734
0.637877,0.796537
1.372858,1.619220
1.372858,1.619220
1.372858,1.619220
0.943760,1.767279
0.811227,2.288554
0.811227,2.288554
0.587629,2.272847
-0.259787,1.752943
-0.538038,1.200730
-0.213255,1.829720
-0.502654,1.885833
-0.502654,1.885833
-0.096677,1.151904
-0.964441,0.645318
-0.948368,0.783182
-1.317909,-0.104149
-1.317909,-0.104149
-1.317909,-0.104149
-1.116138,-0.929591
-1.486674,-0.537663
-1.486674,-0.537663
-0.704992,-0.805152
-1.461027,-1.484441
-1.172665,-0.977799
-0.473104,-1.463590
-0.573731,-0.699122
-0.249728,-1.181007
-0.249728,-1.181007
-1.044605,-0.680828
-0.205020,0.221490
-0.728767,-0.390280
-0.606030,0.449107
-1.115680,0.762149
-1.115680,0.762149
-0.316682,1.523523
0.644724,1.881897
1.168943,2.432813
1.168943,2.432813
1.168943,2.432813
0.745989,1.836228
0.745989,1.836228
0.745989,1.836228
1.338844,1.955593
1.338844,1.955593
0.525608,1.894902
0.525608,1.894902
0.913527,1.653184
0.799031,1.315786
0.799031,1.315786
0.558092,1.850549
0.207167,1.848391
0.207167,1.848391
0.207167,1.848391
0.289288,2.065527
1.048687,1.282900
1.048687,1.282900
0.459120,0.428455
-0.239669,-0.121092
-0.721035,-0.430624
-1.270355,-0.848374
-0.393379,-1.516716
-0.393379,-1.516716
-0.109893,-0.979568
0.736447,-0.539359
1.159894,0.343097
1.218775,-0.053810
0.881051,-0.168836
1.544612,0.297046
1.415518,0.614352
0.703316,0.626129
0.337648,0.845440
0.337648,0.845440
0.734350,0.223822
0.734350,0.223822
-0.128085,-0.723852
-0.128085,-0.723852
-1.043698,-1.435758
-1.241564,-0.960101
-1.545067,-1.939011
-1.771151,-1.739875
-2.057084,-1.404421
-2.248242,-2.197585
-2.378741,-1.503267
-2.105772,-1.711285
-1.376106,-2.208842
-1.755670,-1.537296
-1.425755,-0.664174
-1.425755,-0.664174
-1.425755,-0.664174
-1.926529,-1.178405
-1.470845,-0.493952
-1.023535,-0.551394
-1.798260,-1.359921
-1.941173,-1.289528
-1.163508,-1.085169
-0.742564,-0.276632
-0.936168,-0.173448
-1.904938,-0.287585
-1.016849,-0.185463
-0.970038,0.570301
-1.048386,-0.221876
-0.231874,-1.100940
0.426362,-0.133660
0.523200,-0.572968
-0.343441,-0.210804
-0.343981,0.703118
0.367979,0.621911
1.167897,0.845404
1.250466,0.585012
1.177399,0.549685
0.517963,1.402331
1.254794,1.318678
1.990345,1.730854
1.228735,1.356150
1.945056,0.559436
1.816102,1.219033
2.175936,0.959593
2.175936,0.959593
2.175936,0.959593
2.543304,1.308690
2.543304,1.308690
1.609434,1.763805
2.131596,1.727100
2.110997,1.534520
1.349568,2.185052
0.769551,1.844932
0.769551,1.844932
1.079283,1.516260
0.538943,2.011149
0.023202,1.955532
0.078260,1.323934
0.078260,1.323934
-0.211191,0.513574
0.787703,0.928233
1.784244,1.790753
1.784244,1.790753
2.174933,2.093219
2.174933,2.093219
1.402499,1.806505
1.402499,1.806505
1.119067,2.152280
1.131544,1.868055
1.131544,1.868055
1.131544,1.868055
1.131544,1.868055
1.688880,0.999784
2.281153,1.335702
2.281153,1.335702
2.281153,1.335702
2.185268,1.795947
1.904287,1.351737
1.431364,0.931258
1.709786,0.366330
1.709786,0.366330
2.053388,1.288688
2.053388,1.288688
1.706894,1.769789
1.274850,2.401990
0.901064,2.185912
0.901064,2.185912
0.901064,2.185912
1.589681,1.776155
1.589681,1.776155
1.045340,1.032780
1.327713,0.865876
1.327713,0.865876
1.327713,0.865876
1.327713,0.865876
1.327713,0.865876
1.312760,1.552511
1.473196,2.008053
1.473196,2.008053
1.259254,2.283743
1.597061,1.803368
1.420675,1.276662
1.420675,1.276662
1.458833,0.598920
1.458833,0.598920
1.195403,1.139050
0.392180,1.367509
0.392180,1.367509
0.692324,1.887023
1.146515,1.470792
1.146515,1.470792
1.783153,1.451410
1.783153,1.451410
1.488819,0.583509
1.488819,0.583509
1.718588,0.312085
2.237453,0.875503
2.237453,0.875503
2.237453,0.875503
1.891746,0.577704
1.041697,-0.204936
0.859293,0.143247
0.859293,0.143247
0.610008,0.404006
0.145629,-0.409750
-0.536935,-0.260104
-1.189652,-0.486943
-0.675863,-1.233377
-0.380623,-1.124999
-0.587984,-0.242175
-0.339196,-0.860526
-0.663861,-1.515048
-1.241357,-1.481279
-0.917318,-1.365386
-0.917318,-1.365386
-1.609543,-1.597421
-2.110481,-0.851711
-1.611729,-0.330345
-2.089307,-0.990191
-2.089307,-0.990191
-2.089307,-0.990191
-2.089307,-0.990191
-2.089307,-0.990191
-2.089307,-0.990191
-2.089307,-0.990191
-2.089307,-0.990191
-2.089307,-0.990191
-2.535455,-1.393404
-2.490916,-0.830917
-1.967580,-1.124290
-1.967580,-1.124290
-1.396354,-0.525862
-0.670852,-1.007564
-0.670852,-1.007564
-0.405165,-1.608915
-0.977493,-0.721168
-0.985020,-1.232040
-0.558679,-1.726293
-0.558679,-1.726293
-0.558679,-1.726293
-0.558679,-1.726293
-0.558679,-1.726293
-1.390836,-1.778972
-0.834724,-1.208602
-0.988868,-1.912772
-1.398673,-1.493049
-1.494739,-2.070061
-1.089157,-1.457469
-1.243110,-0.952608
-0.313865,-1.136593
-1.012679,-2.103708
-0.060405,-1.232378
-0.958152,-1.668582
-1.261614,-1.941694
-1.488532,-1.756361
-1.597123,-0.843328
-1.479810,-1.161750
-1.603043,-0.350589
-2.052903,-1.135772
-1.085407,-0.443112
-1.744823,-1.234820
-0.790941,-1.339179
-0.790941,-1.339179
-0.965276,-1.399306
-0.930176,-1.468761
-0.930176,-1.468761
-0.749364,-0.554200
-1.174178,-0.402464
-2.068982,-1.373775
-2.633048,-1.639194
-2.180045,-2.024625
-2.180045,-2.024625
-2.038180,-1.699527
-1.337905,-2.172233
-1.049229,-2.387769
-1.322171,-1.735995
-1.230069,-1.775958
-1.230069,-1.775958
-1.453773,-1.561880
-1.646595,-2.320524
-1.427364,-1.706299
-1.427364,-1.706299
-1.427364,-1.706299
-1.427364,-1.706299
-1.427364,-1.706299
-1.427364,-1.706299
-1.427364,-1.706299
-0.967687,-1.908037
-0.954323,-1.308591
-1.384325,-0.349730
-1.169225,-1.162288
-1.169225,-1.162288
-0.836971,-0.979036
-0.435638,-1.775645
0.441743,-1.631478
0.342276,-1.361835
0.963256,-0.556235
0.963256,-0.556235
0.484268,-0.902463
0.544143,-0.587880
1.138796,-0.249212
0.973740,-0.355220
0.874101,-0.991070
0.874101,-0.991070
0.068511,-0.542934
0.874634,-0.018623
0.722877,-0.602992
0.006290,-0.282899
-0.064208,-1.148755
-0.064208,-1.148755
-0.351510,-1.833831
-0.571005,-0.876935
-0.565925,-1.499018
-0.816862,-0.999314
-0.816862,-0.999314
-1.570516,-1.654645
-1.570516,-1.654645
-1.570516,-1.654645
-1.570516,-1.654645
-1.570516,-1.654645
-1.336474,-2.122919
-1.336474,-2.122919
-1.336474,-2.122919
-0.791421,-1.410631
-1.320928,-0.845076
-1.320928,-0.845076
-0.370767,-1.474392
0.321850,-0.668504
0.580429,-0.732104
0.580429,-0.732104
0.225647,-1.557997
0.225647,-1.557997
0.225647,-1.557997
0.225647,-1.557997
-0.660038,-1.265691
-0.660038,-1.265691
-0.660038,-1.265691
-0.633992,-1.510178
-1.105081,-1.093400
-1.105081,-1.093400
-1.405192,-1.055347
-1.405192,-1.055347
-1.405192,-1.055347
-1.607285,-1.644672
-1.607285,-1.644672
-1.607285,-1.644672
-1.758902,-1.873555
-1.758902,-1.873555
-2.121010,-1.815359
-2.121010,-1.815359
-2.701643,-2.522146
-2.679762,-2.757462
-2.679762,-2.757462
-2.679762,-2.757462
-2.772449,-2.553163
-2.772449,-2.553163
-2.772449,-2.553163
-2.772449,-2.553163
-2.772449,-2.553163
-2.772449,-2.553163
-2.772449,-2.553163
-2.772449,-2.553163
-2.772449,-2.553163
-1.827088,-1.867025
-1.827088,-1.867025
-1.887305,-1.933457
-1.887305,-1.933457
-1.887305,-1.933457
-1.887305,-1.933457
-1.887305,-1.933457
-1.748081,-2.004081
-1.748081,-2.004081
-1.748081,-2.004081
-1.748081,-2.004081
-1.618677,-1.109025
-1.761893,-0.132941
-1.761893,-0.132941
-1.378677,0.582188
-0.471582,0.124317
0.132407,-0.629049
-0.013141,-0.857973
-0.838905,-1.483935
-1.217803,-1.622951
-0.402694,-2.069717
-1.163290,-1.417701
-1.243425,-2.250707
-0.962890,-1.299948
-0.962890,-1.299948
-0.962890,-1.299948
-0.962890,-1.299948
-0.962890,-1.299948
-1.061261,-0.616001
-1.435534,-1.012904
-1.435534,-1.012904
-0.648863,-1.440146
-0.648863,-1.440146
-0.648863,-1.440146
-0.648863,-1.440146
-1.203555,-2.152628
-1.296442,-1.303603
-2.140954,-1.009347
-2.140954,-1.009347
-2.140954,-1.009347
-1.645654,-0.504245
-1.439449,-0.817330
-1.331070,-1.287401
-1.533688,-0.702038
-1.046886,-1.009001
-0.737701,-0.536865
-1.329803,0.006459
-0.662745,-0.761502
-0.396071,-0.769918
0.054557,-1.060676
0.424658,-0.775284
0.424658,-0.775284
0.231961,-1.426599
0.740246,-0.677853
0.678690,-1.262863
1.027993,-0.525364
0.382277,-1.076136
0.382277,-1.076136
0.382277,-1.076136
0.962836,-1.622038
0.753083,-0.926837
1.232932,-0.107602
1.382391,-0.161924
1.382391,-0.161924
0.577497,-0.001783
-0.363820,-0.728051
-0.472421,0.014853
0.296398,-0.440137
