75,75
75,76
75,77
74,77
75,74
74,74
76,75
76,76
73,77
73,78
72,78
77,76
73,74
78,76
72,79
78,75
77,77
79,75
73,76
71,78
70,78
78,74
69,78
74,78
70,79
79,76
72,74
71,74
70,74
78,73
70,80
77,78
80,76
73,79
73,80
72,73
79,74
72,72
69,74
78,72
68,78
81,76
70,73
69,80
73,81
68,74
79,72
79,71
67,78
69,81
79,70
80,74
81,74
69,82
77,79
72,71
74,81
75,81
70,72
69,72
68,81
67,81
70,82
77,80
66,78
82,76
66,77
78,78
66,76
82,77
82,74
80,73
83,76
67,80
80,70
68,82
83,75
73,71
66,75
81,73
76,79
83,74
73,70
68,79
68,83
74,82
66,74
65,78
68,84
77,81
67,84
84,75
72,70
70,83
81,70
66,81
65,81
64,81
66,84
82,73
84,74
65,77
67,85
78,81
67,86
82,70
74,83
64,78
65,84
79,81
75,83
72,69
80,69
64,84
67,74
72,68
64,85
74,84
77,82
63,85
67,87
62,85
61,85
83,70
83,71
74,85
72,67
71,69
74,86
64,79
61,86
64,77
80,68
80,67
85,74
84,76
71,67
75,86
68,87
72,66
81,67
71,66
83,69
70,84
61,84
74,87
85,76
74,88
85,75
86,74
68,88
64,86
85,77
67,88
80,81
86,77
76,86
84,69
71,65
60,86
80,66
77,86
74,89
59,86
65,74
86,73
68,89
61,87
78,86
70,65
59,85
79,86
79,87
70,69
68,72
58,85
80,82
79,68
58,84
59,87
65,73
83,68
76,87
79,66
71,64
83,67
57,84
85,69
65,72
61,88
86,72
69,65
86,69
56,84
72,64
84,67
56,83
78,66
56,82
58,87
86,71
79,88
57,87
86,68
87,69
86,78
79,89
87,74
65,71
66,88
71,63
80,86
67,89
69,87
73,64
67,73
87,68
67,90
67,91
80,87
68,91
65,70
56,87
87,70
62,88
88,74
64,71
64,74
57,88
56,86
74,90
68,92
70,67
87,78
87,79
70,68
78,89
88,79
87,73
78,90
75,90
88,68
73,63
73,62
78,91
86,79
78,92
63,79
55,87
68,65
79,65
57,89
62,89
68,64
67,65
81,66
74,91
55,82
88,70
79,91
55,88
56,81
55,89
79,92
78,93
69,88
77,92
73,61
56,80
88,80
89,74
67,92
78,94
68,63
78,95
68,93
89,75
79,95
54,89
73,60
54,87
69,63
54,82
89,68
86,67
90,75
54,90
80,95
89,73
89,67
82,66
65,69
54,91
64,73
54,92
54,93
89,80
71,62
54,94
90,80
55,83
91,75
53,93
52,93
54,88
53,92
83,66
90,68
81,95
90,74
53,87
81,96
90,81
92,75
69,62
53,94
91,68
91,80
91,81
91,74
62,90
55,90
52,87
51,87
55,92
74,92
88,81
53,95
87,81
50,87
81,97
57,80
81,82
82,95
83,95
92,74
64,69
51,93
82,65
52,86
50,93
53,96
88,67
90,82
91,67
63,74
50,88
63,69
88,66
80,96
90,79
74,62
66,92
50,94
73,65
81,98
93,75
73,59
50,95
51,86
94,75
49,95
50,89
54,81
92,67
81,99
48,95
73,58
71,61
63,90
74,58
92,66
95,75
49,96
65,75
93,66
61,90
93,65
80,99
93,64
72,60
96,75
80,98
51,85
49,93
82,99
95,74
52,96
87,82
54,96
83,94
53,81
67,66
53,97
48,96
52,81
82,97
51,81
93,63
53,98
94,66
50,81
48,93
55,93
73,57
47,93
67,67
47,94
46,94
91,76
52,98
83,97
73,56
51,98
45,94
81,100
44,94
80,100
95,66
90,83
81,101
90,84
81,102
43,94
43,95
80,102
82,64
49,81
43,96
52,99
73,55
50,90
72,57
74,55
80,103
49,82
80,104
95,67
94,76
71,57
49,89
52,100
53,100
94,65
46,95
66,67
79,104
42,94
66,65
95,68
92,81
75,62
94,63
79,105
96,67
94,62
41,94
84,95
58,80
41,93
70,57
48,97
52,80
79,106
52,101
44,96
82,63
47,97
40,93
40,94
94,61
74,54
81,104
44,97
51,101
47,98
48,81
80,106
51,102
42,96
48,82
84,96
49,80
80,107
82,101
94,60
40,95
82,100
91,83
74,53
40,96
81,106
51,103
52,102
39,94
52,103
70,61
79,107
42,97
82,106
63,68
42,98
95,73
51,104
93,60
90,85
83,99
41,97
78,107
95,62
40,92
63,73
45,97
38,94
83,101
80,108
96,74
82,107
74,52
50,98
49,87
53,103
95,65
48,80
44,98
52,104
70,56
47,99
83,107
78,108
47,80
63,67
50,104
52,105
46,99
45,99
52,106
52,107
95,61
73,52
93,59
93,58
46,80
37,94
41,98
78,109
57,79
41,92
47,79
47,78
37,93
66,93
78,105
41,99
91,84
72,52
47,77
78,110
90,86
72,51
51,106
53,107
95,63
97,67
40,91
92,84
94,59
93,57
47,76
46,77
53,108
77,109
39,91
36,93
40,98
35,93
78,111
50,106
69,93
34,93
95,59
72,50
76,109
66,64
93,56
85,96
33,93
33,94
33,92
80,109
76,62
41,100
93,55
63,71
96,61
84,101
84,107
84,100
40,90
97,68
53,109
41,101
33,95
54,109
93,54
81,109
97,75
32,95
97,69
79,111
35,92
94,77
76,110
32,96
31,96
52,108
62,68
98,67
72,49
81,110
32,93
83,63
71,50
85,107
46,78
54,103
31,95
85,108
80,111
94,54
97,61
92,83
98,66
69,57
95,54
99,67
96,76
80,92
53,110
31,97
73,49
30,95
94,78
81,111
30,94
72,48
72,47
40,101
80,112
97,74
96,60
80,113
52,110
40,89
85,106
93,53
54,107
29,95
40,102
71,47
83,108
85,109
38,91
76,111
30,93
98,75
28,95
51,110
50,110
49,106
75,111
46,76
81,113
80,114
99,68
52,111
40,88
73,47
27,95
96,54
27,96
62,69
97,66
92,53
48,89
45,77
39,88
80,115
27,97
74,47
27,94
71,46
26,97
72,46
99,69
98,61
71,45
97,60
26,95
25,95
31,98
25,96
46,81
76,112
83,109
26,94
95,53
100,68
27,93
78,112
65,64
24,95
44,77
53,111
44,76
39,101
27,98
80,116
43,76
95,52
85,97
74,49
30,92
80,117
86,106
43,75
81,117
101,68
55,103
82,117
26,98
50,111
27,92
27,91
97,54
81,118
54,111
42,75
45,81
99,75
23,95
27,99
23,96
102,68
99,76
28,91
22,96
21,96
103,68
28,90
26,99
49,110
25,98
20,96
55,109
100,76
50,107
27,90
81,119
23,94
50,109
50,112
50,113
97,62
20,95
79,116
38,88
70,47
99,77
94,52
80,119
22,94
46,75
78,116
70,48
22,93
85,110
74,46
20,97
28,89
27,100
21,93
71,44
49,109
101,76
49,113
85,111
20,98
33,96
43,74
41,75
69,47
25,94
20,99
25,93
26,91
79,98
70,44
40,75
27,101
26,100
82,118
86,105
103,69
54,100
81,120
96,52
19,97
27,102
18,97
71,43
46,74
18,96
89,86
104,69
49,108
78,117
17,97
75,46
80,120
81,121
98,65
75,110
72,44
79,120
22,92
97,52
78,120
81,122
92,52
71,42
102,76
83,93
93,83
65,63
22,91
21,99
18,95
80,122
16,97
29,90
101,77
16,96
77,62
80,123
82,122
15,97
15,96
14,97
49,114
46,73
15,98
103,76
83,122
15,99
14,96
40,87
79,122
13,96
12,96
77,120
105,69
83,123
48,113
20,100
97,53
74,111
70,43
80,124
94,51
106,69
61,69
74,45
48,114
83,118
28,88
95,51
12,97
48,78
93,84
106,68
12,98
12,99
106,70
83,121
86,110
94,50
42,74
98,52
14,95
11,99
78,122
11,97
76,120
11,96
10,99
12,100
47,114
75,45
10,97
106,71
9,99
86,111
84,123
9,97
11,100
22,90
9,96
13,100
97,59
39,102
75,47
11,95
8,97
8,99
104,68
27,103
95,78
7,97
7,96
80,125
7,95
7,99
87,110
44,78
6,95
5,95
16,95
8,100
85,95
7,100
84,118
4,95
104,76
3,95
75,44
79,125
3,94
3,93
94,49
6,99
2,93
5,99
6,97
69,46
7,101
4,93
94,48
3,92
2,95
93,48
2,96
1,96
1,97
55,111
48,115
81,125
105,76
1,93
1,94
103,75
77,122
10,95
7,102
83,124
1,98
1,99
1,92
48,116
1,95
1,100
3,91
1,91
76,44
5,93
69,44
1,101
16,94
15,100
28,87
1,102
1,90
71,41
68,46
1,103
1,89
2,103
95,48
1,104
1,105
2,105
1,106
106,67
9,100
6,94
6,100
85,118
1,107
42,73
75,43
106,71