-0.127936	0.378402
-0.505689	-0.780963
0.200378	0.758183
1.07383	1.13522
-0.417722	0.181595
0.0552873	1.41076
-0.424187	1.18177
-1.15208	-0.802457
-1.45101	-1.22339
-1.45419	-1.62437
0.773039	1.2968
-2.33399	-1.99721
-1.1353	-1.11431
-0.423556	1.76713
-0.992085	1.86456
-1.87276	1.90378
-1.47669	-1.15394
-1.90677	-2.12532
-2.0048	-2.2668
-1.4841	-2.54692
-7.72421E-05	0.464222
-0.995605	1.77305
-1.22158	2.75536
-0.618054	-1.27946
-2.79425	1.96362
-1.17004	-3.03342
1.26541	1.75422
1.67744	0.822755
-2.79126	-2.62523
-1.77017	-3.5476
-3.24291	-2.54928
-1.04076	-1.72379
-2.30205	1.89834
2.20289	0.590097
2.98737	0.289401
3.13749	-0.247629
-2.17305	2.69158
-1.82639	-2.7466
-2.46115	-3.99468
0.979931	2.33208
-2.40695	-3.99586
-3.05357	-4.16652
0.824746	0.358139
-1.31131	1.4267
-0.531351	2.74325
2.82769	0.219877
-0.196254	3.43234
-0.497862	3.54136
3.52503	-0.36292
-3.98103	-2.8708
-1.65421	-3.73472
-0.55287	-0.670024
-4.60924	-3.06582
-2.44075	1.74201
-3.15823	1.74126
-1.81494	-3.85952
-4.54553	-2.66902
-2.31775	3.61318
0.0598884	2.45341
-5.10606	-3.49532
1.27472	1.33716
3.3099	0.0183518
-3.61196	1.73945
0.449045	0.298543
-3.28476	2.69924
-4.47458	1.80168
-1.93202	-4.34724
-4.59542	1.67383
1.7868	2.9125
-4.90627	2.37429
-4.9968	1.35757
-1.79557	-4.02142
-1.9975	3.68386
1.7688	3.89987
-5.30366	-3.70429
-5.73712	-4.4428
-3.46351	-4.94089
1.51156	3.78714
-5.29899	0.751292
-5.67202	1.95419
-3.80135	-4.4302
2.40547	2.60203
-4.99868	3.25126
1.24628	4.00572
-5.11541	-2.45582
1.03245	4.24757
-6.39883	-4.12029
0.78686	4.19144
-4.19359	-5.1693
3.21654	-1.06073
0.636009	4.99724
-2.27214	3.99846
-2.91653	4.21465
-6.50359	2.14396
-4.57472	-5.54473
-1.88564	4.34016
-3.12729	3.7106
2.18327	4.28137
2.86202	-1.67573
2.48961	4.86754
-3.56466	4.53402
3.69043	0.0212937
-5.28555	0.544734
2.30454	-1.94936
3.63215	-0.185885
2.83247	5.1321
2.13739	5.64069
2.29622	4.88137
3.22819	6.03748
3.99646	5.66747
3.23643	6.54323
-5.57893	3.94801
-5.91177	4.20846
-3.94198	4.48567
-5.12327	-4.50174
-3.49148	4.91431
4.25716	5.67904
3.7316	-0.852708
1.57868	5.87755
2.99618	6.57199
-0.904652	-2.76573
4.26596	-1.65898
3.03492	6.7629
4.52326	-2.24014
4.84488	6.31072
-5.37092	0.310418
-5.92987	4.15057
4.16916	5.68061
-6.86076	2.41847
-1.50343	4.48989
-7.21335	-4.56217
5.68395	5.98372
-1.73512	-4.9353
-3.07567	5.56098
-4.6897	-6.48228
-6.96567	1.71669
5.30163	-2.61135
-3.66849	-5.99567
-3.92028	-6.98235
5.14753	6.75549
-4.91713	-7.45558
-7.18992	-4.99925
-5.59904	5.12808
-3.99276	5.91591
3.05292	2.47721
-3.8875	5.64503
4.87738	7.42295
-6.08895	3.55717
5.11218	8.20289
3.7411	0.484299
3.33854	6.59442
-7.27154	2.16609
5.33728	-3.601
4.79784	-1.89149
5.34887	8.19934
-6.99909	3.2088
-4.70859	-7.81635
3.95814	-0.0307968
5.17771	8.31966
-4.05779	-6.84998
-6.84802	3.94883
5.85305	6.29825
5.47135	8.12129
5.23701	6.43251
5.06539	-4.44585
4.31046	-4.82436
-3.85	-7.56459
-7.39093	-5.71315
-5.26192	-7.84936
-1.98796	-5.5339
-8.35467	-5.45682
-4.78777	-8.39781
-2.86697	-6.45922
4.22882	-5.02585
5.10129	8.37161
-7.68389	4.19548
5.44356	8.6606
3.48076	2.11219
-8.95514	-5.41565
4.71205	8.88554
4.97114	-5.66146
5.96668	8.47527
-8.73794	-6.2188
-4.90689	-8.84778
0.191187	4.85876
-9.30276	-6.63811
-4.66731	-8.5355
-5.9754	-2.8266
-9.72104	-6.148
-7.7439	4.58188
-7.79765	5.11509
3.52268	6.852
-3.27555	-8.35847
4.1474	6.01566
4.52207	0.151282
6.10667	7.665
-5.70667	-9.38314
-3.1238	-8.94978
-8.5579	4.50323
-2.54306	5.83318
4.98727	8.57871
4.02984	8.84169
6.76176	8.23459
5.86978	5.06838
-8.55133	-6.81629
4.90947	-0.687893
1.47073	6.83403
5.23669	9.36703
-9.9982	-6.3178
-5.24233	-9.50487
7.34552	8.62893
4.96398	-5.55647
5.6267	8.87652
-6.36608	-9.2667
-8.61121	-7.048
-9.91764	-6.14597
-8.21386	5.3438
4.60174	9.70574
5.35576	10.1089
1.2507	7.00344
-8.62314	-4.93901
-4.9513	-10.0121
4.49574	9.09766
5.13371	-5.7744
6.18292	5.29276
-10.3055	-7.19775
5.38341	-6.37634
4.60752	0.720071
6.95547	5.42154
-7.27656	-9.56284
5.02632	-3.73752
-2.3313	-9.13769
6.09501	4.58064
3.34481	8.66085
-7.479	3.40668
-10.1774	-7.73711
-9.66749	-6.2482
-8.1527	-9.46182
-4.67808	-10.6278
-4.05155	-11.1005
7.65929	8.65715
-3.97988	6.44382
2.78128	9.30738
-10.924	-6.04067
6.2096	-5.93172
4.54351	10.5333
-10.514	-8.55612
-8.62682	3.74859
2.99527	-2.17137
-11.3772	-8.69922
4.4607	-6.40239
-3.41219	-11.6694
-11.915	-9.33615
8.3409	8.85912
-11.4215	-8.03884
-11.1243	-5.65662
-11.627	-9.12819
-11.8978	-8.98101
-6.99375	-9.54114
-7.65483	-9.59997
-4.47645	6.36363
7.02467	6.03978
-7.83897	1.5601
-3.30356	-12.6027
-2.31176	-8.29325
6.33757	-5.22303
-9.18689	4.38155
-3.08301	-13.5138
-11.808	-5.6398
-8.16045	-10.0096
-2.57509	-11.9683
8.78736	9.31712
-8.69707	-9.93733
-11.822	-9.80944
0.347476	7.25427
9.69442	9.58826
-5.16413	-11.1702
4.67666	11.2957
7.11645	8.1271
-9.8018	4.44391
-4.58241	6.6303
8.6403	8.93962
5.93362	-2.94221
-3.94021	6.86464
-2.51415	-12.4207
-1.62402	-7.79413
-11.4152	-9.81125
-9.03998	3.77943
-10.9956	-5.52866
-11.9323	-5.20413
-2.07573	-12.294
-10.0236	4.9851
-7.18523	-10.1272
9.89627	9.17477
6.37186	-6.73674
4.00052	-6.18301
-8.09367	-10.5235
7.11346	-5.65521
-8.09252	0.680258
-7.57466	5.95407
2.65519	9.09939
-9.29616	3.59858
-12.5283	-5.45227
-4.95694	7.23461
8.37529	10.1983
-1.42595	-12.4889
2.4551	9.37768
7.643	5.26168
7.51907	-5.22161
9.72441	10.5255
-3.50737	-13.3344
-5.39544	-11.413
-10.8912	-8.77534
6.79868	-2.74544
0.735583	7.88286
8.04891	-4.91362
-11.0135	-10.7043
8.85423	-4.75251
-0.835787	-11.8543
-4.33998	-13.3639
-11.1529	-11.6509
-11.9009	-12.0483
7.56643	-2.94208
10.0606	10.4487
-8.83742	-10.9982
9.71763	-5.08273
7.83426	-5.45043
-0.408494	-12.6987
-8.99599	3.53707
6.11914	-6.98922
10.6614	9.78358
-1.92059	-12.6906
10.126	8.24558
-10.1303	4.39451
-0.825278	-13.3599
-2.2603	-8.67046
10.3564	10.4306
-2.06466	-9.11453
8.43665	11.1351
-4.67348	-13.8377
5.26474	10.4507
-10.1303	3.22273
-5.0228	7.65428
4.56075	10.9673
10.2636	9.96761
-0.998496	-7.90222
-7.80548	6.34481
-2.48075	-13.9775
-13.2012	-6.04209
8.72233	11.5058
-8.53105	-5.20827
-12.1271	-10.6648
9.08768	11.3212
-12.9813	-5.84015
-5.96854	5.94264
-10.3947	4.63042
-13.3165	-6.89356
-13.6661	-6.89149
-10.3599	4.24149
-4.4338	7.13603
-14.4793	-6.89906
-8.58073	6.93467
8.8232	11.3665
-11.5595	-4.54834
-9.42269	7.32053
-8.48127	6.34611
-12.1902	-10.9432
-10.3237	4.69499
-15.2919	-7.4497
-11.7655	-11.8573
10.1504	-5.03748
7.46323	4.59395
-2.93954	-14.7703
8.15978	-5.89771
-11.0875	-12.632
-15.5721	-6.96163
10.943	-4.9755
11.6099	-4.89854
-11.8847	-5.49696
4.76149	11.8939
8.09495	-3.14123
6.15154	10.378
-12.7439	-11.3627
8.57399	12.1447
-10.8775	4.02135
11.0296	8.59617
11.2832	9.53393
-0.736661	-13.0331
10.0494	8.58989
-4.26054	-14.5975
7.17644	-6.87823
11.3657	7.72363
6.94543	-7.59788
9.34474	11.194
11.9818	8.70984
-1.09834	-14.0021
-3.06948	-15.4418
8.90717	12.5199
11.7778	-4.64671
-3.35345	-15.6401
4.30813	12.649
-10.8382	-12.5126
9.55541	11.9472
12.1965	-3.8517
-12.7729	-10.1609
12.1828	9.04399
-4.21883	-14.6581
-13.7397	-10.1852
4.12545	13.4211
-12.9467	-11.7435
3.60099	13.6059
-1.21321	-14.8216
11.1984	7.22653
2.66048	10.1805
-9.54742	7.99984
-9.78703	7.51454
-11.4736	-13.0426
3.95016	14.2263
-9.59218	8.73552
-0.635238	-15.4458
-12.0903	-4.20085
-15.9519	-7.53451
-8.26852	-0.128553
-8.42819	3.11137
-16.0506	-6.33487
-15.9647	-5.95172
-0.771552	-13.4227
4.22076	13.2602
8.55685	12.6326
12.5623	8.41001
-4.34164	-14.9946
-16.1093	-6.83063
-0.174715	8.10456
-3.81413	-14.9824
13.1086	8.93164
-0.957353	8.54095
-9.91664	9.20876
-9.35766	7.70296
11.2874	9.92861
-0.459289	-16.0859
-16.9228	-7.05777
4.76429	-7.33601
12.8715	-4.28509
-11.0418	4.00364
-11.6436	4.67242
4.19576	14.9016
-13.949	-9.98122
10.7047	10.905
-4.65763	-14.2223
11.649	-5.01389
12.792	8.24377
-15.9141	-8.13044
13.3976	-4.62825
-12.0127	-12.1675
-1.66733	9.23904
-0.356084	-11.8337
12.7462	7.9364
2.8953	13.7061
-16.4276	-8.36517
-11.6121	-13.9953
4.75876	13.7986
-12.1763	-13.8168
-5.21764	-14.1047
2.5341	13.4389
-1.54041	-15.6385
-5.8411	-10.7206
-12.8803	-13.1309
2.22232	14.4017
6.28137	-8.0461
-16.6715	-8.59241
2.09784	14.1464
-10.1177	8.99027
2.56083	10.9003
-4.82384	-13.9915
-13.0094	-12.4665
9.50632	11.9657
-11.989	5.06135
-10.1933	8.75192
-1.8081	8.87244
-17.6047	-7.16948
2.66779	14.9987
11.7603	7.37114
-17.9031	-7.43555
2.3685	15.5878
-18.6411	-7.13873
-18.3143	-6.31623
5.0736	14.9455
8.90232	13.3217
12.442	-4.65732
-0.580923	-16.9716
-12.9987	-3.79136
1.78195	16.1198
4.80411	15.4707
1.56856	16.452
-3.08931	-15.8693
-14.3528	-9.53991
9.19218	12.9944
-17.6749	-5.79324
-11.3061	-14.6471
-5.21345	-15.1863
12.7861	-4.78064
-1.38843	-17.5447
-17.9775	-8.43062
-11.9819	5.26135
0.941777	16.588
11.9986	9.64951
10.301	-5.89117
-15.3896	-5.15772
1.40717	16.7787
1.63932	16.4034
12.4958	7.20722
7.36893	-8.17325
-18.8534	-7.97913
5.92214	-8.63833
1.67859	10.5363
-0.421408	-11.4103
12.931	6.53646
2.12206	16.5846
12.412	6.28576
12.9713	-3.41072
-1.91633	-17.2879
7.53485	-6.52089
-18.4559	-8.31437
-10.7061	9.43311
-1.99932	-18.2444
-10.8765	10.2824
-19.386	-8.79902
0.799463	17.1056
8.82207	-3.70086
-2.85249	-16.5999
12.9696	-5.36454
13.7903	6.7812
-12.2755	5.80236
0.15526	-12.4196
-10.6618	10.847
-17.7628	-5.43727
10.4566	11.9314
-2.29909	-18.6797
-18.6459	-7.42906
-19.7383	-9.20855
-11.5424	10.2314
-20.2486	-9.77772
-20.9429	-9.13802
1.52968	17.7042
12.9861	-6.10577
13.3294	-7.00933
-10.7679	-14.921
14.6716	6.43233
-12.6617	5.92611
-0.556444	-17.2319
13.7695	-7.16618
-2.43826	-17.1562
-21.5118	-8.63518
14.6945	5.82388
-11.6894	10.4737
-2.34244	9.78752
15.1087	6.00903
13.6816	-4.71667
-22.268	-9.00763
-10.4444	-15.2514
14.2883	-7.73933
5.45213	-9.43063
-22.3895	-8.32934
-10.483	9.33924
14.3274	-7.00713
-18.259	-4.59839
12.2046	5.59303
0.117156	-17.6157
-10.2722	-14.9508
10.9793	12.2119
-2.17535	-19.2249
-20.667	-8.82979
11.5456	12.6377
9.02872	13.9421
13.6829	-4.10503
4.64323	16.2409
11.1582	12.635
13.9948	9.29486
-22.6439	-8.9076
-2.23443	9.63341
-21.352	-7.86045
-17.5913	-3.9052
-18.8295	-5.4643
0.273433	-17.2439
14.116	-3.43685
0.153527	-16.4348
-22.5928	-9.53752
-22.8924	-10.4647
0.00566718	-13.2449
11.0899	13.397
-23.3862	-9.09696
-16.9334	-9.04451
-10.9616	-15.4925
-5.34412	-11.9079
-21.0964	-7.23462
14.3544	-3.51786
8.64506	14.3226
-2.24119	10.5584
1.74502	17.8344
14.592	-3.28668
11.6155	13.5104
1.84932	17.6868
4.91991	-0.228253
-13.4566	-13.3097
-0.473553	-18.3599
-12.5042	-3.28261
-11.6536	-15.0192
-10.8978	-15.8701
4.45423	16.0582
-19.6332	-10.373
-12.8707	5.47904
14.4501	8.44551
-2.12145	7.97143
-22.3463	-10.3822
-11.942	9.9045
14.9999	7.10841
15.364	8.67411
2.16206	18.4337
0.429416	-18.7351
-17.2599	-3.20139
0.00849464	17.4768
8.87398	15.2236
15.3257	9.36404
1.96382	19.1505
-22.7715	-7.45566
15.6661	8.99108
12.0509	12.4979
-3.46117	-16.3497
-10.2402	-14.1214
16.1989	8.70285
8.43428	15.2532
-5.42773	-15.8536
15.3366	5.39195
0.93722	-18.3267
17.1518	8.72918
-18.9008	-5.03595
0.786855	16.6916
-1.96529	-19.8897
-11.4572	10.9498
-23.9953	-9.46204
17.5285	9.5798
-12.4498	11.0846
17.4064	8.65718
14.7397	-7.65619
-24.8474	-8.98129
-13.0511	5.51972
15.0052	4.98751
2.29167	16.8765
-12.5339	6.05352
0.201461	-18.6438
-5.61541	-14.9354
14.763	-8.08776
0.731823	17.9949
2.33781	15.5968
10.9435	13.8061
-23.3439	-7.83301
-11.0121	-16.4336
-23.4274	-11.3052
-25.3079	-9.58609
-10.7747	-15.6645
-26.0047	-9.12511
-10.3658	-17.0965
14.5641	-8.54109
14.8038	-8.97813
7.43325	-8.57889
-23.1949	-10.8482
-5.26978	8.5637
14.0046	-5.43103
14.1069	-4.08258
-13.5068	-14.1261
18.0183	9.05625
17.69	9.25614
-10.4582	-16.5687
2.58144	19.6288
15.0183	-2.68376
-22.6866	-11.736
-12.9989	10.655
18.0508	9.47451
-2.13539	-19.6743
18.4117	9.6129
-10.9293	-17
12.7855	12.6962
-26.6029	-8.48683
18.9812	9.76321
-21.0907	-6.31806
14.8305	-6.58601
-12.025	-2.83349
-12.7892	11.4774
-17.2567	-3.69893
-2.55789	-20.6046
-26.695	-9.75722
4.8384	16.4546
-13.2588	-14.0876
-2.28356	-21.4211
-22.1115	-12.2696
15.0628	-9.06114
-13.2472	10.1124
-16.9702	-3.24068
6.41621	-9.60264
-21.323	-12.4762
15.416	-9.6592
-10.7333	-17.6878
15.0566	-3.86046
15.1742	-6.65836
16.3192	-9.86575
15.4063	-7.83507
-3.26154	9.73313
-2.81242	-16.3789
1.621	19.6953
1.52823	19.8007
19.298	9.80495
15.2172	-2.98896
12.0121	14.1239
-12.5777	11.6947
-20.858	-12.9668
15.9243	-10.3919
-2.53257	-22.0271
0.991092	17.7869
-12.9314	-10.4826
-24.0812	-10.7773
-20.5623	-13.2537
7.42144	-9.33903
-26.8948	-10.4317
19.9417	9.4453
18.821	10.5263
10.4605	14.3155
-26.8374	-8.55276
8.90614	-3.75917
-11.2777	-17.2479
20.5809	9.53284
-11.4953	-17.0037
2.95685	20.5132
-2.93007	-21.9233
-13.094	11.9963
-10.782	2.75083
-10.3533	-18.2134
18.1318	10.9193
2.58952	19.8872
-21.5559	-7.03897
-3.52641	-22.4854
-21.9982	-6.44415
-3.87501	-22.3347
-27.1054	-9.51895
9.41234	15.7447
17.4525	8.07398
-4.66308	-22.4984
19.9758	9.64461
17.9913	7.60296
-11.3736	10.9489
-13.0915	12.4123
-3.0039	10.2839
-27.5441	-9.68611
-12.2971	-17.5668
13.8896	9.54036
-20.9876	-13.8236
8.94875	16.0808
14.9328	5.02416
2.39974	20.6097
3.65481	21.075
13.9152	-9.08109
18.6881	11.7487
14.7472	-10.366
-13.0504	12.4183
15.6573	-10.8714
15.8739	-7.05315
20.6334	9.39686
1.03428	-17.2188
19.6535	11.78
3.73316	21.9541
14.4456	9.56611
18.8616	12.1969
-13.9505	10.9081
-20.3057	-14.1571
17.8593	10.9228
-27.7485	-9.44686
-27.8428	-8.47168
14.807	-10.6981
19.6421	12.0836
-23.8127	-8.47008
18.3916	8.59169
-14.0651	12.5935
-24.711	-8.0539
-1.09767	-19.7205
-14.0367	10.6578
-12.7216	-17.1833
-13.3906	12.9489
17.5381	7.71195
-2.15386	-22.9276
20.0134	12.2535
16.1522	-8.26669
-27.3847	-11.2733
19.074	12.9669
15.5988	-11.4489
18.7074	7.53106
-26.9976	-11.9911
-28.6063	-9.62889
-28.7025	-7.98497
-11.9661	11.9801
14.4828	-2.39909
-20.3834	-13.7828
-2.02661	10.9236
-2.80049	9.93742
-27.1684	-11.6712
-29.3834	-7.39007
5.72092	-9.90382
-2.82508	-22.9502
10.772	15.1243
-29.1208	-10.3634
4.28138	21.8847
-29.8507	-9.80177
-12.9999	6.88845
-9.52804	-17.8445
21.472	9.39972
18.4729	13.526
12.799	13.6825
-19.4324	-14.5208
19.2657	7.35796
1.06418	-19.3122
15.7918	-5.92562
-12.7876	-17.9561
-14.933	12.1657
-29.5801	-8.95189
-14.0647	13.5527
-27.8199	-11.3546
4.88522	22.4878
-29.7752	-6.96684
-13.3331	6.55157
5.22791	23.1701
-29.9893	-9.14492
21.7061	9.931
15.9637	-12.1033
-4.95197	-21.6059
6.1074	-10.7343
6.32212	-10.7635
-19.5727	-15.288
21.0681	10.004
-30.1375	-10.0085
0.894322	19.7661
18.6088	7.15022
-30.9765	-10.4506
-5.35104	-21.2414
1.39271	14.8915
16.9015	-9.42869
12.9201	13.804
4.47956	23.2165
5.04573	21.7428
16.0349	-11.5595
4.68752	21.3361
-26.6303	-11.9034
-18.8073	-14.1279
-22.3885	-6.1607
21.6491	9.73315
14.3202	-9.9809
-25.1481	-7.1547
20.5014	13.0449
0.15732	20.207
-31.3671	-10.9026
4.35191	15.414
11.7959	-2.95988
-29.9268	-7.03695
-14.3641	14.2821
-4.51721	-22.8968
14.9455	-10.4716
11.0776	15.7724
-15.6794	12.635
18.4678	14.0663
4.79618	23.0731
1.15127	-19.6284
-9.75676	-18.8111
1.08778	14.6268
-5.04926	-23.2339
21.946	8.69388
-5.76236	-23.3105
16.0272	-9.88601
0.182818	20.9885
21.6143	8.77433
-13.9491	5.56688
-27.6464	-12.0479
-13.313	12.9554
15.4506	-11.9492
-21.0972	-12.882
-4.82569	-24.0332
-13.9913	5.90827
13.2601	14.6223
-1.65554	-23.1402
-15.3932	12.749
5.25951	23.8242
-20.8734	-14.061
17.7378	14.4805
-30.2757	-7.29892
-4.90671	-24.869
-15.1257	13.4574
-31.418	-9.92197
-20.4641	-14.5963
-12.5086	-17.9047
-9.5529	-18.5032
5.3759	21.117
-15.9016	13.4947
-30.6398	-8.87559
-31.4779	-9.00651
-14.16	-13.3352
-9.45516	-19.6872
-0.605432	19.939
19.1575	14.5162
2.3277	21.3894
-13.2896	13.1959
-21.66	-6.0276
-6.07168	-23.6509
-6.33739	-24.3152
5.48395	21.2934
13.6472	15.3014
15.6028	-12.2528
21.3691	7.82649
21.5962	7.59535
-31.7838	-10.7434
21.1966	7.58259
17.4221	14.6783
17.1194	14.5246
21.3828	12.8669
1.36712	21.3665
-18.8107	-13.9515
-14.6192	15.0543
-27.1973	-12.3244
-16.3663	-2.82908
-14.449	13.7227
0.234312	-13.3542
16.1174	-12.4707
0.0490662	16.8555
-2.32404	-22.8264
1.40586	22.1893
-4.68483	-25.0229
3.60178	23.5935
-5.53389	7.71522
-0.577837	20.3388
5.41032	17.2304
0.306785	-20.0444
-31.5169	-11.2885
-31.0372	-8.75257
1.68398	-17.6478
-20.9562	-14.6334
16.8589	-11.5918
19.1615	15.1691
14.7683	-12.7395
22.212	13.2471
-1.56519	-21.8338
21.6887	13.8889
17.1046	-8.78691
-14.4939	15.5583
22.0129	13.0937
23.0891	13.082
4.90046	20.483
17.5891	-11.4942
-0.17446	17.7953
15.2864	4.28094
16.3265	-12.6248
-4.98488	-24.7167
17.0953	-12.8688
-6.47983	-22.8311
9.24717	16.2125
23.8712	12.9679
-3.84112	-23.2369
21.6746	14.5765
5.5059	17.7771
-32.265	-9.67037
24.1113	13.3139
12.9018	15.8284
17.8935	15.2652
-14.5131	15.1824
1.97551	-17.0366
-29.4363	-6.73735
-14.4948	14.6881
24.2689	13.5882
-32.1192	-8.69898
22.259	14.3522
25.0172	12.9678
-6.62826	-23.6607
-6.459	-24.2003
25.5479	12.3909
-5.15126	-25.9055
16.4493	-13.0931
-18.6472	-4.08255
-4.27811	-25.7833
-16.6706	14.0787
-32.1956	-11.3583
25.0211	13.0397
5.79053	-10.8949
0.891226	22.7669
9.82658	16.7479
-5.02147	-26.5252
18.7844	15.2001
5.65986	23.8111
21.5037	7.62096
-16.4644	12.4193
-31.3671	-11.9012
-2.43116	11.7416
-30.9966	-12.6071
-19.4342	-15.9976
16.5586	-5.81423
18.4413	15.4786
24.0437	14.364
-4.24411	-25.3797
-1.67864	-23.7872
18.0402	15.0048
-1.83254	-23.9819
-13.5235	-18.424
17.9915	-9.07509
-15.1249	-13.5894
-10.2903	-19.8358
-1.48831	-21.3908
-4.36529	-26.1315
18.8101	-8.57492
-32.8978	-9.0934
-7.36894	-22.6653
-32.7431	-11.1363
18.5835	-11.4048
-29.4624	-6.5801
18.0728	16.0744
-33.5795	-11.5505
-7.07399	-24.6518
-17.5185	14.4794
24.9409	12.9407
14.7963	-13.5773
-15.1118	16.0322
-12.9429	7.78646
-33.8297	-10.809
14.9798	-13.3414
-34.5902	-10.4541
18.2146	-11.9247
26.0482	12.474
-34.9043	-11.1787
2.92752	-17.1654
-22.542	-12.6984
16.0459	-2.84987
23.9708	13.9844
23.8802	14.2729
-11.9819	11.7364
-31.5533	-12.69
-18.1253	14.6262
-18.7096	14.6325
15.7744	-13.8523
-6.04838	-24.8169
-16.756	-2.94741
-14.0682	-18.945
5.37972	24.8045
17.4759	16.2766
