2979.423372
2914.867842
2957.240437
3001.261012
2975.862033
3001.055451
3001.638144
2994.586910
2996.880516
2961.562506
3001.307276
2958.737254
2999.175896
2955.981854
2982.636748
2993.961911
2942.907686
3002.204959
2998.987783
2972.327928
3002.577373
2995.637179
2996.907500
2952.688656
2968.075037
2999.542964
3003.238693
2958.581063
3001.398643
2950.199050
3002.301630
2911.335683
2999.838238
3004.334586
2995.286968
3000.752502
2946.692848
3000.962530
2971.412277
3000.087718
3001.093845
3001.808438
2978.353984
2991.805004
2996.749234
2995.199180
2956.823872
2967.070135
3000.112377
2968.421972
2948.981211
2942.205542
3000.479964
2981.176609
2997.307363
2967.053693
2987.630436
3000.875331
3002.160070
2985.826463
3001.735930
2934.295722
2912.732391
2941.476244
2995.361914
2999.017211
2977.721150
2999.549728
2995.851299
3001.474139
2932.236108
2998.172934
2953.592040
3001.809204
2963.987385
2915.829523
3002.161287
2996.552431
2999.604330
2977.745865
3002.972712
2922.623294
2999.901035
2938.896381
2998.948866
3000.022709
2932.851262
2951.567084
2967.590060
2995.653948
2998.993413
2998.501716
2999.724156
2996.776184
2969.872899
2971.492643
2999.975592
3001.059410
2994.243148
2964.940679
2915.692990
2949.470668
3000.931696
2997.729829
2941.581877
2997.459542
2905.105701
3002.578726
2931.841878
3004.562986
2998.650513
2919.747159
3001.294860
2997.904084
3000.684230
2926.556376
2996.024812
3001.431322
3002.608830
2914.200295
3001.191376
2964.142215
2947.100947
2982.126415
2998.756399
2913.604359
2983.668832
2933.343169
2951.699363
2903.780357
3001.543126
2999.776469
2966.793596
2993.667535
2942.428362
2932.136516
2943.308177
2998.256955
2903.944975
2981.913262
3002.621465
2993.861320
2941.597049
2964.305259
2998.154155
3002.997576
2949.068348
3000.249554
3002.486978
2999.353824
2997.714311
2997.142617
2985.575396
3002.750024
2966.919035
2999.276935
2917.916206
2981.117942
2998.755403
2973.827751
2918.580602
2994.643698
3003.292230
2998.394956
2938.060568
2999.292367
3000.735899
2999.403192
2992.290908
2965.254667
2998.481807
2995.716630
2968.215886
2924.433411
3002.142888
3000.725071
2967.258261
2937.401165
2961.066429
3001.018842
2966.332735
2994.765325
3000.241938
3000.278970
2997.979790
3001.501778
2998.584222
2951.875310
2911.054452
2971.221564
3000.746962
2940.131390
2996.783167
3002.209399
3001.197430
2997.146961
2918.136571
2997.616280
2998.583276
2997.204354
2964.459132
3001.187669
3001.974142
2995.945430
2965.214581
2999.149746
2923.042954
2991.125016
2996.395486
2958.804283
3001.212594
2957.672687
3001.374013
2903.339968
2963.371661
3001.118119
2966.906000
2978.753411
3003.337467
2971.327993
2969.176950
2905.622902
2918.353028
3003.765636
3003.062917
2930.457620
2937.711868
3003.384369
2997.327173
2992.898437
2975.878640
2925.773715
2998.646833
2997.293305
2958.020046
2968.278449
2913.125095
3000.558737
2994.967451
2910.220880
2997.596516
2912.065047
2939.069825
3002.938277
3000.422222
2932.021239
2999.896901
3000.934172
2996.572154
2994.479419
2989.732703
2965.457053
2955.286510
2975.202272
3001.762274
3001.011512
3003.088956
2965.661964
2997.603270
2902.863340
3002.079220
2912.822720
2931.751226
3003.368576
2930.985034
2997.562100
3000.430886
2998.370094
3000.074194
2999.475814
2964.419823
3000.987921
3001.734160
2905.648183
2923.236716
3000.643177
2971.757817
2983.599515
2950.852284
2998.800338
3000.341305
2997.511862
3006.485464
3000.231904
2937.966897
2954.036057
2906.384344
3001.168486
3000.715530
3001.290586
2973.390849
2923.812874
2982.328886
3001.278944
2932.196137
2931.759416
2998.144976
2998.458533
2995.079585
2928.330678
3002.439313
2909.039915
2964.116758
3004.412246
3003.340797
3000.860519
2996.729466
2997.401004
3001.921675
2997.367948
2978.589549
3001.752548
2937.360234
3004.365908
3000.751895
3002.137867
3001.097201
3001.944893
2950.993758
2998.600102
2965.799473
2963.852505
2997.024352
2971.389806
3000.818978
3001.804812
2998.317904
2943.387151
3001.417986
2996.289223
2972.425146
2909.980024
2934.945222
2997.522396
2902.025298
2983.886173
3000.740073
3000.019790
2907.291822
2978.066955
3001.936212
2992.014475
2985.128014
2998.330135
2965.200126
2961.309490
2996.921191
2999.838333
2998.162330
3000.013425
3001.138980
2997.465288
3000.917685
2933.630501
3002.572525
2999.083400
2975.980247
2999.460484
2998.963695
2940.265405
2966.764020
2949.372221
3001.320649
2999.019700
3002.557189
2943.914465
3001.574259
2960.434168
2994.741697
2994.649871
2999.764816
2999.158074
2989.008568
2975.471826
2952.915807
2999.374984
3002.869629
2941.539136
2998.217685
3001.993611
2999.404588
2962.890994
3002.122673
3000.033099
3001.198254
2964.264313
3000.835940
2970.733962
2996.609598
2954.072949
2997.881831
3001.320474
2996.077170
2903.872474
2988.319628
3001.691575
3002.505527
2977.282963
2967.207812
3004.597146
2996.293330
2951.604898
2993.606557
2943.028702
3003.216846
3003.052659
2941.126435
2996.703214
3003.411146
2953.602957
3001.397720
2994.564257
2995.084071
2935.827076
3000.781938
2998.432960
2957.590681
2997.336265
3002.795870
2997.540370
2935.433992
3003.097891
3004.414106
2999.775253
3004.108617
2997.258854
2998.655756
2994.684952
2961.349433
3002.065848
2999.457180
3000.306422
3002.187453
3002.024920
2999.424731
2999.734718
2996.282542
2999.119056
2997.971204
2929.810847
3002.148406
2997.780708
2924.535664
2998.455272
2999.350804
2996.713771
2924.548815
2960.362769
2981.291688
2997.565973
2962.192578
2989.306781
2919.577670
2999.682122
3002.395478
2951.786540
2939.487393
2951.402578
2904.363455
2920.166035
2995.149036
2911.194956
2996.096024
2999.225585
2928.659430
2960.797389
2998.222601
2953.907847
2999.850547
3001.951044
2962.051103
2976.575215
2998.215633
2998.045077
2998.395021
2945.313735
2977.541412
2928.110729
2998.473731
2996.835401
2969.099958
2998.759521
3003.535208
2935.276192
2909.525451
3000.299593
3002.156117
2988.754909
2997.806086
2909.007760
2966.005509
3002.161417
2967.304619
3002.427050
2980.298850
3003.228254
2975.665776
3001.811573
3003.737255
3001.115839
2967.277646
3000.610952
2998.419041
2996.991770
3002.496989
2964.388478
2962.585244
2995.002211
2998.867492
2941.866488
3000.586715
2997.962196
2962.060963
2998.598975
2909.574397
2952.826749
2998.283069
2947.576531
3001.088092
3002.869249
2993.915490
2996.036006
2996.985066
2977.507782
2998.737039
2950.717074
3001.049540
3001.879399
2998.911243
3002.905595
2935.389864
2999.988688
2932.738189
2948.577722
3005.018718
2978.344232
2964.582877
2957.284749
2942.169584
2954.675686
2997.022573
2972.549283
2993.834125
2993.647302
2995.633587
2999.284351
2978.140643
2933.591473
2999.599369
2933.058559
2999.981778
2997.543384
2974.244432
2963.707657
2944.517907
2913.293490
2998.164440
2999.859968
2998.361672
3002.104325
2996.836009
2987.830651
2996.951808
3000.692431
2996.142643
2998.179460
2964.080270
2965.150213
2915.461855
3003.120679
3000.736533
2998.251253
2970.728583
2999.563555
2962.955441
2971.925062
3000.515323
3000.880858
2917.576601
2997.494050
3001.117077
2970.947106
2987.010290
2996.109036
2997.393157
2926.648935
2950.314281
3000.241848
3000.116244
2999.900492
2934.003111
3004.375732
3002.050776
2946.997229
2998.845117
2998.362897
2906.384541
2933.257807
2903.227359
2998.002821
2997.134335
2961.862463
2997.307262
2966.182553
2996.651510
2977.758919
2937.362712
2935.420729
2900.353487
2968.866071
2979.956670
3002.125151
2972.794139
2946.639200
2921.247905
3004.195122
3000.904835
3002.703634
2998.635717
2946.160000
2958.635888
2997.017103
2995.930063
2903.290530
2963.225011
2997.407244
2978.951437
3002.521736
2982.712953
2916.405491
2954.388508
3000.731523
3003.752828
2922.025700
2999.214610
2960.742386
3000.531125
2900.116915
2995.942395
2964.183771
2978.607464
2996.218718
3000.869036
2949.179770
3002.422047
2907.628779
2966.012720
3003.810803
2974.686130
2999.915264
2975.946422
2980.650543
2960.657185
2952.120407
2968.814505
2937.863471
2945.542659
2910.673623
3003.189414
2999.687582
2972.471082
2959.042356
2952.597115
3002.192884
2932.821609
2995.234299
2970.130641
2948.163232
2998.983332
2911.888297
2999.317110
2996.570261
2999.126979
2901.635565
2996.588646
2980.004227
2995.295504
3001.840006
2928.790353
3001.472263
2996.614481
3001.891375
3003.597178
2949.178425
3000.746291
2998.452725
2929.448677
3001.328000
2931.844290
2930.873469
3004.569111
2976.791032
3001.226620
2951.754570
2908.964208
3001.424908
2939.120960
2995.565749
2978.181109
2965.064324
2940.233197
3000.056754
2998.424345
2996.342875
2997.611263
2978.275308
2995.045720
2999.884857
3001.955489
2951.505180
2995.718604
2929.475502
3001.871575
3001.432116
2997.450168
3001.099740
2999.158156
2995.318276
3003.105961
2965.827755
2996.922770
2998.415031
2962.121300
2999.207656
3004.041884
2999.275598
2970.441951
3001.264862
3001.281050
3000.622777
3005.578553
2916.404368
2996.969382
2991.916812
2999.898390
2976.267812
2995.780017
2911.542193
2955.875944
2998.173766
2915.056001
3003.240850
2999.516465
3002.499816
2964.010660
3001.377680
2974.850513
3001.853214
2998.014894
2966.458996
2998.424671
3001.823695
2934.622568
2997.283448
2996.491003
2998.640942
2999.556987
2937.041862
2968.256307
3000.419904
2945.196214
2929.926954
2963.611132
2967.242295
2997.840855
2981.888689
2915.096701
3004.493441
2992.754366
2916.789632
2967.162800
3000.950638
2923.795166
2963.662332
2975.759233
2946.078913
2964.692141
2998.212792
2998.770424
2961.418718
2990.788871
2994.338135
2998.602030
2928.057114
2967.113674
3002.309417
3001.343954
2926.080980
3000.016068
2998.063948
2979.243318
3002.855605
2999.936904
2944.847098
3000.977996
2950.766121
2997.989810
2996.698283
3003.531320
2998.628890
3000.899421
2962.914811
2964.781201
2968.156393
3001.935292
2908.915116
2960.992701
2998.098155
2996.348870
2933.358449
3000.884821
2998.274036
2952.600615
2995.788770
3001.563545
2946.905122
2948.627089
3002.774793
2999.327376
3002.868368
2997.296503
2947.523670
3002.956885
2917.894558
2973.519089
2967.779750
2966.792587
2998.027050
3000.323932
2907.450587
2998.341630
2962.666343
2996.743099
2996.397092
3002.251045
2995.922565
2930.868821
2999.616513
2958.555764
2997.740664
3000.657405
3003.462574
2961.821447
2996.363866
2978.964627
2929.865946
2960.427205
3002.556034
3000.747881
2996.018303
3000.028763
2918.459339
2942.145478
2943.793307
2933.355107
2997.241062
2996.179657
2958.440923
2959.449502
3000.202454
2999.244151
2974.310984
2931.537276
2996.099338
3000.666069
2926.110853
2999.307005
2911.357860
3006.891153
2998.323742
2927.282530
3001.842803
3001.059564
2998.014671
3002.833742
2998.271580
2997.387020
2917.184748
2997.867355
3001.291068
2934.342802
2999.183366
2957.762293
2999.210203
2967.251256
3000.615530
3001.818856
3000.640937
2939.657685
3001.894395
3003.492219
3002.681115
3001.630897
2999.940317
2988.004714
2974.787903
2996.028265
2921.982109
2997.221856
3002.939259
2976.966387
3000.899889
2997.206276
2996.460074
2998.200328
2995.119204
2927.186995
3000.964158
2996.728388
3000.873932
2989.066231
2963.618274
3001.371088
2929.748897
2997.991966
3002.704077
2995.002546
3000.335090
2970.580401
2905.345493
2938.639524
2940.444228
2999.941205
2918.251924
2946.443588
3000.340574
2917.247353
2954.234684
3000.195072
3002.331945
2995.859444
3000.307665
3000.034716
3002.943954
2958.632168
2965.454722
2913.310038
2936.033920
2906.822062
2998.329110
2997.899850
3002.043038
2927.715180
2963.920400
2918.428474
3001.564740
2928.425868
2999.362026
2998.378062
2951.708560
2997.757482
3001.503755
2999.284134
3001.838853
2916.660645
2994.230746
2998.269965
3002.149114
2945.144977
2978.689051
2999.195412
2938.688229
3000.622377
2996.310335
3001.425020
2998.424856
2997.216507
2969.797402
2922.167078
2967.355466
2976.755000
2957.686221
2974.082054
2996.876478
2997.570048
2910.291969
2997.813235
3003.076349
2909.673160
2964.360517
2996.970406
2998.966700
3003.767304
2997.536125
2996.195002
2973.473578
2943.982070
2958.999611
2998.147607
2999.142872
3000.127388
2995.187965
3000.056452
3001.657919
2985.520947
2936.102342
3000.614320
2929.590703
2959.310743
3000.607430
