2995
3003
2995
3001
2997
2997
2954
2998
2908
2926
2950
3000
2996
2968
3001
2968
2998
2991
2996
3001
2996
2986
3006
3001
2998
2997
2998
2930
2999
2972
3001
3002
2969
3000
2967
2998
2996
2997
2956
2997
2959
3002
2945
2909
3003
2997
3000
2904
2996
2985
3002
2964
2997
2919
2998
2999
2949
3004
3003
3007
2999
3003
2997
2965
3004
2980
3000
3002
2969
2953
3000
2973
2947
3001
2964
2964
2976
3002
2919
2920
3001
2918
3003
2998
2997
2997
3003
3003
2998
2954
2955
3001
2962
2995
2999
2981
2961
3001
2923
2997
3000
2984
3001
3003
2925
2997
3001
3001
2934
3003
2938
2900
2997
2995
2985
2997
2998
2998
2951
2917
2943
2995
2997
2967
2978
3001
2955
2980
2964
2936
3001
3001
2977
2958
2907
3003
2964
3001
2943
2996
2958
2999
2994
2944
2966
3000
2937
2978
2942
2997
2967
3001
2992
2953
2903
3001
2996
3001
2950
2922
3000
2958
2995
2998
3000
2994
2995
2998
3007
3000
2977
2998
2945
3003
2957
3001
2948
2943
2999
2996
2997
2998
2998
2996
2994
2931
3002
2966
3001
2998
2975
2927
3001
2965
2998
2997
3001
3002
3000
2995
3002
2989
2997
3002
2998
2994
3002
3002
2997
2997
2936
3001
2997
2965
2955
3001
2930
2972
3000
2964
2909
3001
3003
2931
2954
2995
3001
2949
2972
2965
2979
2997
2954
2960
2996
2950
2998
3000
3000
3000
2998
2982
2998
2984
3001
3001
2930
2998
2997
2976
3003
2927
2964
3001
2999
2998
3002
2945
2958
3003
2946
2999
2910
3003
2980
2991
3002
2948
3003
2988
2998
2936
3003
2997
2946
2997
3000
3000
3000
2933
2998
2922
3001
2999
3001
2941
2926
2998
3001
3002
2925
3001
3001
2966
2975
2996
2998
3000
2997
2962
2920
2996
3000
2927
3003
2964
3004
2997
3000
2923
2924
2996
2949
2965
2997
2907
2930
3001
3001
2956
2997
2978
2963
2997
3003
2997
2958
2948
2959
3000
2907
2996
2997
2905
3002
2987
2997
2958
2996
2961
2997
2959
2975
2999
2925
2997
2934
3003
2998
2912
3002
3007
3001
2914
2936
2997
2964
3001
3002
2997
3000
3002
2993
2940
2999
2979
2999
2998
2951
2996
3002
2994
2998
3002
2978
3000
2930
2996
2981
2996
2943
3000
2988
2931
2998
2929
3002
3000
2954
2998
3000
2965
3001
2965
2926
3000
2997
2902
2977
2976
2945
2934
2946
3000
2998
2945
2966
2994
2998
2999
2924
2958
3004
3003
2918
2980
3001
2939
3001
2941
2999
3001
2939
2904
2979
2996
2980
2954
2911
2933
2971
2996
3002
2936
3001
3003
3001
2964
3004
2977
2986
2917
2998
2996
3001
3001
2997
2997
3001
2967
2999
3001
2994
2929
2998
2935
3000
2965
2920
3001
2963
2984
3001
2998
2943
2956
2998
2909
2948
2962
3002
2931
2997
3001
2966
2999
2992
2930
2980
3000
2999
2998
3000
2999
2975
2909
3001
3001
2998
2976
2947
3000
2998
2926
3000
2915
2997
3003
2937
2997
2904
2998
3001
3001
2969
2985
3001
2968
3001
2906
2964
2998
2974
3001
3002
3000
2978
2995
2943
3002
2998
2984
2981
2980
3001
2905
2910
2984
2931
3003
2998
3005
3002
2946
2954
3003
2960
3002
2998
3004
2937
2999
2997
2991
2940
2954
2998
2930
2969
3000
2999
2944
2968
2980
2903
2921
2923
3001
2954
2998
2918
3001
2998
2965
2964
2999
2998
2997
3000
3000
2999
2997
3003
2921
2969
2989
2955
2915
3002
2950
3002
3001
2900
2998
2917
3006
2996
2948
3001
3001
2968
2998
2997
2997
2996
2985
3003
3003
2997
2904
2967
2976
2965
2963
2966
2990
3001
2998
3001
2992
2954
2943
3002
3002
2977
2999
2905
3001
2923
3000
2966
2948
3002
2947
2999
3001
3000
3001
3007
3000
2997
2956
2975
2933
2994
3003
3001
3001
2911
3003
2966
2931
2949
2935
2971
2956
3000
2948
2919
2999
2928
2937
3001
2908
2903
2985
2945
2949
2950
2996
2964
2963
2997
3000
2936
3001
2997
2999
2998
3004
2938
3003
2919
2998
2997
3001
2954
2966
2912
2946
3001
2948
3003
2998
2997
3003
3001
2940
3001
3001
3002
2987
2998
2965
2998
2938
2937
2997
2996
3002
3001
2948
2948
3000
2966
2959
3003
2918
2949
2999
2906
3000
2957
2905
2997
2998
2944
2998
3002
2916
2975
3003
3002
3001
2998
2997
2933
2995
2999
2968
3001
3003
2999
2996
3003
2995
3001
2947
2900
3003
3002
2954
3003
2964
2926
3001
2945
3001
3001
3001
2924
2986
3001
2964
2971
3000
3001
2998
2916
2977
2974
2999
2984
2997
2996
2998
3001
2952
2923
2998
3001
3000
2965
2959
2998
2906
3001
2924
2927
2909
2909
2997
2998
2998
2962
2962
3003
2986
2997
2918
3002
2998
2951
2999
2997
2904
2996
3001
2919
3001
2913
2994
3001
2997
3000
3000
3002
2998
2965
2997
2996
2973
3000
2976
3000
2997
2972
2999
2958
2924
2921
3002
3000
3001
2934
2973
2930
2952
2999
2996
2995
3001
3001
2999
3001
2989
2966
2950
3002
2926
3000
2950
3001
2992
2960
3000
2981
3000
2927
2998
2919
2956
3007
2998
3003
2978
2968
2964
2911
3001
3000
2930
3002
3003
3003
3007
2960
2913
3001
2971
2998
3001
2991
3004
3000
2998
2946
3000
2997
2971
3000
2997
2998
2935
2998
2973
2997
2991
2999
2965
2998
2998
3000
3002
2989
2997
2958
2999
2921
2951
2957
3001
2996
2944
2932
3001
2998
2926
2968
2912
2959
3000
2995
2998
2949
2973
2904
2998
2964
2963
2925
2965
3001
3001
3001
3001
3003
2975
2998
3001
2983
2965
2942
2965
2998
2966
2999
2931
3001
2998
2992
2907
2961
2997
3002
3000
2999
2937
3001
3002
3001
2994
3001
2978
2996
3002
3003
2933
2943
2998
2965
2942
2997
3002
2959
3002
3002
2997
3002
2979
2957
2998
2948
2951
3002
2966
3003
2997
2913
2905
3001
2999
2997
2919
2962
2996
2998
2998
2936
2977
3004
2952
2986
3001
3000
2968
2999
2997
3002
2999
