0.329819
0.271925
0.238163
0.80825
0.263278
0.911001
0.195545
0.528707
0.972526
0.247556
0.666189
0.633966
0.0601228
0.484292
0.502215
0.731396
0.580003
0.115205
0.253358
0.183485
0.838782
0.401573
0.241171
0.360491
0.775208
0.92023
0.300668
0.323944
0.52804
0.7735
0.222679
0.564474
0.107442
0.773256
0.121004
0.714312
0.447764
0.577517
0.336152
0.708105
0.11712
0.441242
0.958596
0.116429
0.814341
0.631303
0.316144
0.426455
0.4268
0.23518
0.662339
0.930233
0.41889
0.287972
0.942901
0.340048
0.183995
0.408069
0.414256
0.398575
0.856187
0.942631
0.80732
0.627076
0.274061
0.145201
0.392588
0.234874
0.53566
0.839034
0.641376
0.601755
0.6985
0.687125
0.514055
0.717555
0.94502
0.947704
0.0533236
0.209276
0.295418
0.0969312
0.123102
0.974156
0.64625
0.522601
0.346802
0.697663
0.618835
0.762978
0.370643
0.400381
0.200093
0.96794
0.159399
0.0236117
0.84262
0.908003
0.814764
0.746639
