0.329819
0.271925
0.238163
0.80825
0.263278
0.911001
0.195545
0.528707
0.972526
0.247556
0.666189
0.633966
0.0601228
0.484292
0.502215
0.731396
0.580003
0.115205
0.253358
0.183485
0.838782
0.401573
0.241171
0.360491
0.775208
0.92023
0.300668
0.323944
0.52804
0.7735
0.222679
0.564474
0.107442
0.773256
0.121004
0.714312
0.447764
0.577517
0.336152
0.708105
0.11712
0.441242
0.958596
0.116429
0.814341
0.631303
0.316144
0.426455
0.4268
0.23518
0.662339
0.930233
0.41889
0.287972
0.942901
0.340048
0.183995
0.408069
0.414256
0.398575
0.856187
0.942631
0.80732
0.627076
0.274061
0.145201
0.392588
0.234874
0.53566
0.839034
0.641376
0.601755
0.6985
0.687125
0.514055
0.717555
0.94502
0.947704
0.0533236
0.209276
0.295418
0.0969312
0.123102
0.974156
0.64625
0.522601
0.346802
0.697663
0.618835
0.762978
0.370643
0.400381
0.200093
0.96794
0.159399
0.0236117
0.84262
0.908003
0.814764
0.746639
0.764696
0.249523
0.735589
0.0363056
0.18763
0.496019
0.597366
0.936042
0.0545529
0.870296
0.0592445
0.721522
0.61397
0.990614
0.257258
0.734016
0.605616
0.582545
0.827459
0.101393
0.117258
0.760751
0.944405
0.621373
0.412589
0.390222
0.469155
0.086407
0.241803
0.990274
0.530602
0.82444
0.368496
0.318565
0.11387
0.818288
0.959994
0.622177
0.933401
0.678405
0.956963
0.678368
0.322855
0.223697
0.66844
0.472708
0.80133
0.961513
0.152436
0.984423
0.199042
0.296608
0.0937195
0.14331
0.619447
0.0417713
0.0508522
0.672707
0.185455
0.950264
0.0826
0.258496
0.533977
0.559795
0.46842
0.734119
0.334617
0.910701
0.155238
0.0885378
0.0553474
0.224195
0.0410195
0.414623
0.574567
0.744794
0.748114
0.551324
0.106067
0.660931
0.275016
0.191152
0.690427
0.00186229
0.299435
0.6054
0.961471
0.449792
0.653341
0.708821
0.146414
0.783912
0.206521
0.000847644
0.246356
0.498833
0.879202
0.752441
0.267796
0.844791
0.408984
0.801845
0.606137
0.347867
0.598659
0.660908
0.881459
0.681937
0.321195
0.321328
0.566135
0.0237565
0.2759
0.0586395
0.554277
0.741855
0.360946
0.412226
0.283127
0.507698
0.874576
0.994911
0.461275
0.641449
0.828382
0.616036
0.709273
0.749231
0.326674
0.418293
0.250403
0.520398
0.334962
0.712999
0.377536
0.251096
0.172853
0.133133
0.564661
0.258103
0.940629
0.15556
0.497921
0.554529
0.977158
0.0873016
0.277174
0.471218
0.760361
0.389931
0.565332
0.533726
0.325838
0.366564
0.833286
0.0343484
0.294003
0.300863
0.60979
0.747628
0.378787
0.270016
0.15973
0.589107
0.126062
0.720328
0.555228
0.717275
0.240237
0.66405
0.691913
0.975721
0.934484
0.876866
0.487288
0.843935
0.00836328
0.56167
0.990429
0.142676
0.955846
0.911595
0.176044
0.777658
0.103602
0.24179
0.758026
0.146739
0.236504
0.925832
0.450794
0.500016
0.769301
0.649521
0.501334
0.921714
0.254256
0.276122
0.781722
0.395475
0.749677
0.815203
0.114735
0.357655
0.102077
0.609037
0.0881311
0.218803
0.414731
0.390738
0.140835
0.00797189
0.983638
0.00564597
0.891792
0.354565
0.179619
0.855772
0.965909
0.0245332
0.32987
0.11776
0.184617
0.853447
0.876285
0.730184
0.209608
0.875604
0.276802
0.206616
0.600918
0.62099
0.984534
0.0640735
0.88306
0.597604
0.928398
0.584889
0.234833
0.829941
0.813601
0.198263
0.202059
0.0111679
0.699376
0.406921
0.128305
0.429513
0.819891
0.903992
0.396174
0.488229
0.660581
0.380547
0.848323
0.763989
0.361753
0.990742
0.399421
0.0735464
0.093959
0.168804
0.0807782
0.639242
0.746207
0.50127
0.842943
0.348614
0.149721
0.364838
0.825005
0.853352
0.279393
0.759892
0.499667
0.902686
0.44968
0.774238
0.617425
0.0641605
0.345887
0.325586
0.119169
0.881047
0.759177
0.491457
0.922818
0.802493
0.493274
0.460348
0.0726793
0.521025
0.861147
0.302691
0.334097
0.167128
0.927551
0.356213
0.879863
0.863161
0.151809
0.451656
0.98607
0.875971
0.452926
0.331365
0.25169
0.162047
0.520567
0.17325
0.812634
0.936867
0.931989
0.940871
0.214769
0.624044
0.299729
0.537281
0.0771233
0.210837
0.537775
0.376683
0.905189
0.513355
0.954232
0.782542
0.191047
0.934988
0.339057
0.536877
0.29811
0.335654
0.342217
0.640014
0.710556
0.321178
0.0367381
0.457544
0.947426
0.381153
0.0435855
0.541385
0.0584758
0.803246
0.157021
0.0453514
0.221654
0.337038
0.60203
0.315619
0.616014
0.340252
0.610982
0.780128
0.605923
0.742392
0.375804
0.134263
0.562734
0.872705
0.54636
0.666397
0.131774
0.717626
0.14852
0.171075
0.261744
0.133312
0.577351
0.545809
0.40896
0.395993
0.451057
0.922674
0.378768
0.950278
0.314934
0.0892743
0.433572
0.0476109
0.19663
0.756524
0.901094
0.688686
0.748342
0.381847
0.69802
0.618616
0.0782842
0.722296
0.636665
0.424733
0.48873
0.0796801
0.183075
0.939594
0.763654
0.725891
0.0510466
0.939645
0.609747
0.0130916
0.0312184
0.688107
0.0102489
0.252807
0.930588
0.394918
0.386091
0.0324016
0.573181
0.460069
0.387729
0.554126
0.203623
0.288571
0.0053424
0.789641
0.502795
0.469184
0.579069
0.414029
0.589701
0.0977562
0.989268
0.630317
0.730111
0.968932
0.847739
0.943101
0.694453
0.674607
0.115978
0.236749
0.0348319
0.420325
0.406275
0.261564
0.104507
0.45334
0.286119
0.807906
0.475114
0.245948
0.656199
0.73334
0.241219
0.164205
0.785286
0.297582
0.458665
0.789856
0.103762
0.926273
0.877048
0.550278
0.525005
0.7521
0.546501
0.0386007
0.761511
0.713205
0.838106
0.0518038
0.666957
0.544665
0.188493
0.00360353
0.564492
0.409688
0.631097
0.842942
0.323757
0.385706
0.562334
0.152186
0.784606
0.865017
0.346191
0.425326
0.457301
0.865043
0.77164
0.951027
0.918221
0.544864
0.531433
0.791355
0.310603
0.309738
0.763351
0.631872
0.867038
0.30314
0.870531
0.00637205
0.0949804
0.33535
0.222198
0.487473
0.953171
0.946223
0.177256
0.138889
0.312453
0.404513
0.655591
0.514168
0.61588
0.0932229
0.796629
0.936072
0.566546
0.940858
0.00381713
0.154502
0.713874
0.0816249
0.869006
0.384929
0.497189
0.257104
0.149866
0.801038
0.0392357
0.43365
0.351108
0.0783206
0.334146
0.997866
0.137612
0.838743
0.756766
0.974344
0.793601
0.0494889
0.760307
0.472265
0.365059
0.542882
0.22192
0.809675
0.211811
0.911963
0.369356
0.75939
0.0636627
0.978536
0.250913
0.0902883
0.476055
0.0520134
0.189293
0.441597
0.9198
0.081977
0.787361
0.181087
0.53107
0.697416
0.464168
0.270453
0.507329
0.684599
0.0482769
0.389081
0.289659
0.294339
0.949099
0.510729
0.819419
0.968445
0.655886
0.471789
0.359317
0.0401726
0.181346
0.875378
0.482085
0.400044
0.537582
0.142076
0.863501
0.856113
0.689309
0.214389
0.235175
0.583285
0.267035
0.0495307
0.462989
0.461036
0.633307
0.986327
0.195564
0.841261
0.0656335
0.101703
0.317857
0.226359
0.414188
0.258086
0.643548
0.11266
0.475496
0.654172
0.665593
0.615548
0.510588
0.44543
0.348092
0.382294
0.209972
0.00765825
0.712265
0.04382
0.483081
0.14471
0.134532
0.0854129
0.535103
0.483134
0.0286824
0.0646276
0.195344
0.150204
0.477065
0.0308598
0.65994
0.607385
0.32065
0.170276
0.823508
0.700332
0.481298
0.17139
0.555031
0.400945
0.680965
0.976034
0.202312
0.252074
0.606788
0.285281
0.709891
0.143518
0.110023
0.158359
0.535762
0.548845
0.438876
0.185284
0.0755209
0.279948
0.0895734
0.46077
0.161985
0.474894
0.540914
0.141141
0.151391
0.434166
0.0229446
0.630641
0.188087
0.186241
0.154147
0.748052
0.508781
0.0888458
0.231567
0.949592
0.800223
0.356175
0.235581
0.409366
0.210475
0.455496
0.521552
0.717835
0.64603
0.830143
0.212969
0.373467
0.862544
0.778669
0.0834112
0.891585
0.863269
0.961555
0.855173
0.893958
0.756527
0.950604
0.796734
0.70761
0.802581
0.983564
0.754429
0.682526
0.220495
0.865728
0.291993
0.522872
0.90765
0.869854
0.642766
0.961957
0.609314
0.74205
0.638371
0.0971534
0.857086
0.0474928
0.212285
0.876492
0.194073
0.782338
0.746365
0.15599
0.723757
0.185113
0.19177
0.0773023
0.218926
0.481261
0.549084
0.459344
0.199356
0.574375
0.521918
0.88157
0.54646
0.357691
0.710867
0.538963
0.359329
0.236614
0.779828
0.568965
0.600396
0.857703
0.413159
0.961943
0.367894
0.195899
0.480997
0.116534
0.586114
0.813472
0.0270088
0.93657
0.937842
0.310576
0.857781
0.719161
0.935726
0.739219
0.0607137
0.415438
0.273875
0.0153107
0.326505
0.576844
0.00950179
0.696517
0.359416
0.707017
0.836389
0.185689
0.869882
0.100733
0.0271679
0.610348
0.11317
0.0460352
0.712901
0.719849
0.495265
0.920769
0.36599
0.201639
0.950765
0.514558
0.17761
0.0847933
0.121626
0.169129
0.544367
0.169145
0.821631
0.158366
0.651381
0.756589
0.996301
0.823683
0.645919
0.964008
0.0796888
0.329232
0.407788
0.693046
0.0171047
0.479205
0.00244945
0.167955
0.811679
0.891597
0.0779385
0.911546
0.353556
0.208427
0.0290821
0.782126
0.183512
0.287929
0.223697
0.675006
0.832912
0.754196
0.768974
0.144148
0.69118
0.669475
0.864106
0.023404
0.35065
0.37769
0.832108
0.230778
0.678708
0.0397673
0.368726
0.176933
0.717274
0.219708
0.640432
0.739153
0.936424
0.486021
0.54692
0.0892593
0.181782
0.213891
0.862204
0.0644799
0.713532
0.333744
0.228949
0.946176
0.374051
0.678768
0.0494472
0.0587743
0.81955
0.170793
0.521007
0.56506
0.96509
0.273548
0.515338
0.277426
0.692276
0.0879427
0.0531927
0.0101833
0.150017
0.335474
0.315783
0.371952
0.39928
0.691113
0.544333
0.597069
0.935469
0.431734
0.161338
0.602603
0.955617
0.0504165
0.350575
0.113927
0.767767
0.861376
0.148655
0.450106
0.934114
0.64753
0.0371174
0.832576
0.10506
0.74119
0.177745
0.356757
0.0153729
0.371741
0.843063
0.367097
0.797586
0.0222742
