0.329819
0.271925
0.238163
0.80825
0.263278
0.911001
0.195545
0.528707
0.972526
0.247556
0.666189
0.633966
0.0601228
0.484292
0.502215
0.731396
0.580003
0.115205
0.253358
0.183485
0.838782
0.401573
0.241171
0.360491
0.775208
0.92023
0.300668
0.323944
0.52804
0.7735
0.222679
0.564474
0.107442
0.773256
0.121004
0.714312
0.447764
0.577517
0.336152
0.708105
0.11712
0.441242
0.958596
0.116429
0.814341
0.631303
0.316144
0.426455
0.4268
0.23518
0.662339
0.930233
0.41889
0.287972
0.942901
0.340048
0.183995
0.408069
0.414256
0.398575
0.856187
0.942631
0.80732
0.627076
0.274061
0.145201
0.392588
0.234874
0.53566
0.839034
0.641376
0.601755
0.6985
0.687125
0.514055
0.717555
0.94502
0.947704
0.0533236
0.209276
0.295418
0.0969312
0.123102
0.974156
0.64625
0.522601
0.346802
0.697663
0.618835
0.762978
0.370643
0.400381
0.200093
0.96794
0.159399
0.0236117
0.84262
0.908003
0.814764
0.746639
0.764696
0.249523
0.735589
0.0363056
0.18763
0.496019
0.597366
0.936042
0.0545529
0.870296
0.0592445
0.721522
0.61397
0.990614
0.257258
0.734016
0.605616
0.582545
0.827459
0.101393
0.117258
0.760751
0.944405
0.621373
0.412589
0.390222
0.469155
0.086407
0.241803
0.990274
0.530602
0.82444
0.368496
0.318565
0.11387
0.818288
0.959994
0.622177
0.933401
0.678405
0.956963
0.678368
0.322855
0.223697
0.66844
0.472708
0.80133
0.961513
0.152436
0.984423
0.199042
0.296608
0.0937195
0.14331
0.619447
0.0417713
0.0508522
0.672707
0.185455
0.950264
0.0826
0.258496
0.533977
0.559795
0.46842
0.734119
0.334617
0.910701
0.155238
0.0885378
0.0553474
0.224195
0.0410195
0.414623
0.574567
0.744794
0.748114
0.551324
0.106067
0.660931
0.275016
0.191152
0.690427
0.00186229
0.299435
0.6054
0.961471
0.449792
0.653341
0.708821
0.146414
0.783912
0.206521
0.000847644
0.246356
0.498833
0.879202
0.752441
0.267796
0.844791
0.408984
0.801845
0.606137
0.347867
0.598659
0.660908
0.881459
0.681937
0.321195
0.321328
0.566135
0.0237565
0.2759
0.0586395
0.554277
0.741855
0.360946
0.412226
0.283127
0.507698
0.874576
0.994911
0.461275
0.641449
0.828382
0.616036
0.709273
0.749231
0.326674
0.418293
0.250403
0.520398
0.334962
0.712999
0.377536
0.251096
0.172853
0.133133
0.564661
0.258103
0.940629
0.15556
0.497921
0.554529
0.977158
0.0873016
0.277174
0.471218
0.760361
0.389931
0.565332
0.533726
0.325838
0.366564
0.833286
0.0343484
0.294003
0.300863
0.60979
0.747628
0.378787
0.270016
0.15973
0.589107
0.126062
0.720328
0.555228
0.717275
0.240237
0.66405
0.691913
0.975721
0.934484
0.876866
0.487288
0.843935
0.00836328
0.56167
0.990429
0.142676
0.955846
0.911595
0.176044
0.777658
0.103602
0.24179
0.758026
0.146739
0.236504
0.925832
0.450794
0.500016
0.769301
0.649521
0.501334
0.921714
0.254256
0.276122
0.781722
0.395475
0.749677
0.815203
0.114735
0.357655
0.102077
0.609037
0.0881311
0.218803
0.414731
0.390738
0.140835
0.00797189
0.983638
0.00564597
0.891792
0.354565
0.179619
0.855772
0.965909
0.0245332
0.32987
0.11776
0.184617
0.853447
0.876285
0.730184
0.209608
0.875604
0.276802
0.206616
0.600918
0.62099
0.984534
0.0640735
0.88306
0.597604
0.928398
0.584889
0.234833
0.829941
0.813601
0.198263
0.202059
0.0111679
0.699376
0.406921
0.128305
0.429513
0.819891
0.903992
0.396174
0.488229
0.660581
0.380547
0.848323
0.763989
0.361753
0.990742
0.399421
0.0735464
0.093959
0.168804
0.0807782
0.639242
0.746207
0.50127
0.842943
0.348614
0.149721
0.364838
0.825005
0.853352
0.279393
0.759892
0.499667
0.902686
0.44968
0.774238
0.617425
0.0641605
0.345887
0.325586
0.119169
0.881047
0.759177
0.491457
0.922818
0.802493
0.493274
0.460348
0.0726793
0.521025
0.861147
0.302691
0.334097
0.167128
0.927551
0.356213
0.879863
0.863161
0.151809
0.451656
0.98607
0.875971
0.452926
0.331365
0.25169
0.162047
0.520567
0.17325
0.812634
0.936867
0.931989
0.940871
0.214769
0.624044
0.299729
0.537281
0.0771233
0.210837
0.537775
0.376683
0.905189
0.513355
0.954232
0.782542
0.191047
0.934988
0.339057
0.536877
0.29811
0.335654
0.342217
0.640014
0.710556
0.321178
0.0367381
0.457544
0.947426
0.381153
0.0435855
0.541385
0.0584758
0.803246
0.157021
0.0453514
0.221654
0.337038
0.60203
0.315619
0.616014
0.340252
0.610982
0.780128
0.605923
0.742392
0.375804
0.134263
0.562734
0.872705
0.54636
0.666397
0.131774
0.717626
0.14852
0.171075
0.261744
0.133312
0.577351
0.545809
0.40896
0.395993
0.451057
0.922674
0.378768
0.950278
0.314934
0.0892743
0.433572
0.0476109
0.19663
0.756524
0.901094
0.688686
0.748342
0.381847
0.69802
0.618616
0.0782842
0.722296
0.636665
0.424733
0.48873
0.0796801
0.183075
0.939594
0.763654
0.725891
0.0510466
0.939645
0.609747
0.0130916
0.0312184
0.688107
0.0102489
0.252807
0.930588
0.394918
0.386091
0.0324016
0.573181
0.460069
0.387729
0.554126
0.203623
0.288571
0.0053424
0.789641
0.502795
0.469184
0.579069
0.414029
0.589701
0.0977562
0.989268
0.630317
0.730111
0.968932
0.847739
0.943101
0.694453
0.674607
0.115978
0.236749
0.0348319
0.420325
0.406275
0.261564
0.104507
0.45334
0.286119
0.807906
0.475114
0.245948
0.656199
0.73334
0.241219
0.164205
0.785286
0.297582
0.458665
0.789856
0.103762
0.926273
0.877048
0.550278
0.525005
0.7521
0.546501
0.0386007
0.761511
0.713205
0.838106
0.0518038
0.666957
0.544665
0.188493
0.00360353
0.564492
0.409688
0.631097
0.842942
0.323757
0.385706
0.562334
0.152186
0.784606
0.865017
0.346191
0.425326
0.457301
0.865043
0.77164
0.951027
0.918221
0.544864
0.531433
0.791355
0.310603
0.309738
0.763351
0.631872
0.867038
0.30314
0.870531
0.00637205
0.0949804
0.33535
0.222198
0.487473
0.953171
0.946223
0.177256
0.138889
0.312453
0.404513
0.655591
0.514168
0.61588
0.0932229
0.796629
0.936072
0.566546
0.940858
0.00381713
0.154502
0.713874
0.0816249
0.869006
0.384929
0.497189
0.257104
0.149866
0.801038
0.0392357
0.43365
0.351108
0.0783206
0.334146
0.997866
0.137612
0.838743
0.756766
0.974344
0.793601
0.0494889
0.760307
0.472265
0.365059
0.542882
0.22192
0.809675
0.211811
0.911963
0.369356
0.75939
0.0636627
0.978536
0.250913
0.0902883
0.476055
0.0520134
0.189293
0.441597
0.9198
0.081977
0.787361
0.181087
0.53107
0.697416
0.464168
0.270453
0.507329
0.684599
0.0482769
0.389081
0.289659
0.294339
0.949099
0.510729
0.819419
0.968445
0.655886
0.471789
0.359317
0.0401726
0.181346
0.875378
0.482085
0.400044
0.537582
0.142076
0.863501
0.856113
0.689309
0.214389
0.235175
0.583285
0.267035
0.0495307
0.462989
0.461036
0.633307
0.986327
0.195564
0.841261
0.0656335
0.101703
0.317857
0.226359
0.414188
0.258086
0.643548
0.11266
0.475496
0.654172
0.665593
0.615548
0.510588
0.44543
0.348092
0.382294
0.209972
0.00765825
0.712265
0.04382
0.483081
0.14471
0.134532
0.0854129
0.535103
0.483134
0.0286824
0.0646276
0.195344
0.150204
0.477065
0.0308598
0.65994
0.607385
0.32065
0.170276
0.823508
0.700332
0.481298
0.17139
0.555031
0.400945
0.680965
0.976034
0.202312
0.252074
0.606788
0.285281
0.709891
0.143518
0.110023
0.158359
0.535762
0.548845
0.438876
0.185284
0.0755209
0.279948
0.0895734
0.46077
0.161985
0.474894
0.540914
0.141141
0.151391
0.434166
0.0229446
0.630641
0.188087
0.186241
0.154147
0.748052
0.508781
0.0888458
0.231567
0.949592
0.800223
0.356175
0.235581
0.409366
0.210475
0.455496
0.521552
0.717835
0.64603
0.830143
0.212969
0.373467
0.862544
0.778669
0.0834112
0.891585
0.863269
0.961555
0.855173
0.893958
0.756527
0.950604
0.796734
0.70761
0.802581
0.983564
0.754429
0.682526
0.220495
0.865728
0.291993
0.522872
0.90765
0.869854
0.642766
0.961957
0.609314
0.74205
0.638371
0.0971534
0.857086
0.0474928
0.212285
0.876492
0.194073
0.782338
0.746365
0.15599
0.723757
0.185113
0.19177
0.0773023
0.218926
0.481261
0.549084
0.459344
0.199356
0.574375
0.521918
0.88157
0.54646
0.357691
0.710867
0.538963
0.359329
0.236614
0.779828
0.568965
0.600396
0.857703
0.413159
0.961943
0.367894
0.195899
0.480997
0.116534
0.586114
0.813472
0.0270088
0.93657
0.937842
0.310576
0.857781
0.719161
0.935726
0.739219
0.0607137
0.415438
0.273875
0.0153107
0.326505
0.576844
0.00950179
0.696517
0.359416
0.707017
0.836389
0.185689
0.869882
0.100733
0.0271679
0.610348
0.11317
0.0460352
0.712901
0.719849
0.495265
0.920769
0.36599
0.201639
0.950765
0.514558
0.17761
0.0847933
0.121626
0.169129
0.544367
0.169145
0.821631
0.158366
0.651381
0.756589
0.996301
0.823683
0.645919
0.964008
0.0796888
0.329232
0.407788
0.693046
0.0171047
0.479205
0.00244945
0.167955
0.811679
0.891597
0.0779385
0.911546
0.353556
0.208427
0.0290821
0.782126
0.183512
0.287929
0.223697
0.675006
0.832912
0.754196
0.768974
0.144148
0.69118
0.669475
0.864106
0.023404
0.35065
0.37769
0.832108
0.230778
0.678708
0.0397673
0.368726
0.176933
0.717274
0.219708
0.640432
0.739153
0.936424
0.486021
0.54692
0.0892593
0.181782
0.213891
0.862204
0.0644799
0.713532
0.333744
0.228949
0.946176
0.374051
0.678768
0.0494472
0.0587743
0.81955
0.170793
0.521007
0.56506
0.96509
0.273548
0.515338
0.277426
0.692276
0.0879427
0.0531927
0.0101833
0.150017
0.335474
0.315783
0.371952
0.39928
0.691113
0.544333
0.597069
0.935469
0.431734
0.161338
0.602603
0.955617
0.0504165
0.350575
0.113927
0.767767
0.861376
0.148655
0.450106
0.934114
0.64753
0.0371174
0.832576
0.10506
0.74119
0.177745
0.356757
0.0153729
0.371741
0.843063
0.367097
0.797586
0.0222742
0.363229
0.786018
0.605221
0.94277
0.141065
0.880123
0.225086
0.0280392
0.255112
0.674646
0.769769
0.508957
0.0366321
0.676396
0.182987
0.455112
0.070612
0.775193
0.669974
0.248354
0.0881616
0.731422
0.008317
0.783737
0.265826
0.729255
0.591383
0.380963
0.851883
0.589851
0.62961
0.858346
0.218863
0.423738
0.768537
0.801393
0.01758
0.466954
0.0997841
0.0718932
0.309323
0.789445
0.202689
0.587747
0.260886
0.706152
0.292537
0.672453
0.921172
0.139478
0.211144
0.688966
0.444234
0.238573
0.691785
0.825621
0.215637
0.204726
0.829795
0.364637
0.445899
0.229481
0.881087
0.437583
0.450009
0.303357
0.513228
0.822948
0.280538
0.994102
0.872412
0.632198
0.352297
0.0611779
0.217092
0.665683
0.135898
0.0413123
0.33532
0.722719
0.745833
0.221509
0.894804
0.972164
0.163618
0.925047
0.258283
0.95897
0.413549
0.513294
0.940357
0.58824
0.543978
0.644998
0.47452
0.250125
0.856258
0.127043
0.210026
0.914116
0.550426
0.00784197
0.800011
0.778914
0.206452
0.839908
0.325476
0.272154
0.0945831
0.658745
0.518973
0.387556
0.653478
0.0108922
0.066032
0.800198
0.932276
0.754362
0.5583
0.34338
0.183616
0.0351425
0.640287
0.29637
0.0989136
0.441646
0.750444
0.713584
0.202627
0.554189
0.249046
0.711697
0.497465
0.898313
0.952066
0.380416
0.657769
0.126314
0.965703
0.570717
0.046273
0.711048
0.588148
0.00774038
0.092563
0.705826
0.81573
0.975226
0.628359
0.82231
0.558842
0.458924
0.139298
0.17722
0.539241
0.0186637
0.680332
0.341133
0.421204
0.181983
0.581773
0.860887
0.924753
0.331552
0.395183
0.840806
0.420648
0.833338
0.904609
0.769893
0.59027
0.66986
0.333359
0.76447
0.443161
0.200787
0.632251
0.237319
0.617337
0.578136
0.739901
0.520639
0.384021
0.234611
0.102632
0.941998
0.163567
0.0767308
0.61435
0.386887
0.408449
0.806897
0.516233
0.328199
0.0395876
0.348976
0.242143
0.692942
0.276857
0.131247
0.869822
0.10057
0.28707
0.783803
0.378211
0.589697
0.042643
0.700164
0.657638
0.915882
0.222047
0.937149
0.654913
0.129117
0.0693169
0.00860446
0.615119
0.30474
0.762358
0.949473
0.78473
0.955746
0.219377
0.0754921
0.794893
0.772078
0.309716
0.402758
0.159821
0.107423
0.456962
0.152834
0.680821
0.561333
0.322385
0.319596
0.446985
0.478453
0.356297
0.279899
0.263469
0.12108
0.997806
0.118869
0.827936
0.123187
0.403971
0.547841
0.570123
0.0567031
0.00980011
0.710504
0.438003
0.523497
0.419356
0.114639
0.72948
0.375245
0.744624
0.890636
0.921033
0.802485
0.369915
0.161732
0.221591
0.277645
0.383951
0.0679965
0.816856
0.901461
0.857603
0.726788
0.120118
0.822305
0.476023
0.52605
0.323778
0.741524
0.796334
0.992554
0.854203
0.594699
0.106638
0.261758
0.362789
0.396838
0.649461
0.489478
0.664161
0.55336
0.317866
0.371131
0.600193
0.445335
0.753688
0.241018
0.782524
0.885483
0.305125
0.240463
0.459777
0.46686
0.512143
0.579266
0.724873
0.940983
0.106442
0.965127
0.88413
0.567417
0.582242
0.740968
0.456737
0.373073
0.242962
0.459768
0.323872
0.316753
0.67003
0.186963
0.283556
0.722107
0.459988
0.0257525
0.822083
0.743033
0.158013
0.719619
0.6362
0.610503
0.715696
0.70134
0.417506
0.0241675
0.183023
0.0758763
0.253354
0.122534
0.422487
0.747324
0.273944
0.169246
0.521065
0.536759
0.302253
0.963535
0.139767
0.059321
0.00797325
0.00635806
0.859845
0.414043
0.815898
0.802909
0.49429
0.536429
0.768806
0.327336
0.531236
0.491148
0.719175
0.168685
0.0930213
0.408734
0.595265
0.623464
0.554451
0.656552
0.664006
0.946318
0.765257
0.682255
0.654748
0.350881
0.259131
0.20891
0.156688
0.459734
0.754558
0.86343
0.672077
0.600416
0.196405
0.974016
0.293471
0.369653
0.763633
0.377704
0.0663899
0.814466
0.724028
0.731466
0.755978
0.720176
0.99786
0.0350079
0.378341
0.770993
0.0711141
0.215118
0.494556
0.00538798
0.555827
0.789178
0.719016
0.509684
0.261037
0.256124
0.671594
0.48732
0.389855
0.295237
0.0553146
0.671731
0.788554
0.23493
0.461754
0.705505
0.419151
0.671866
0.0457028
0.127643
0.303491
0.779502
0.0887224
0.15808
0.854153
0.748582
0.424824
0.0147699
0.238377
0.398034
0.752868
0.448975
0.920756
0.139628
0.734193
0.578032
0.976792
0.950802
0.128247
0.450191
0.364923
0.254421
0.0465158
0.791044
0.0786363
0.640675
0.827437
0.72543
0.304992
0.992284
0.309368
0.548822
0.0511966
0.460949
0.165886
0.0456634
0.464468
0.317475
0.80692
0.911144
0.593451
0.12854
0.375983
0.144175
0.154525
0.101146
0.965996
0.487164
0.769407
0.418398
0.0145212
0.0586103
0.0638224
0.663286
0.84222
0.184409
0.35866
0.992368
0.729611
0.579699
0.99341
0.241739
0.903692
0.350247
0.603928
0.218781
0.0463912
0.696277
0.331951
0.098163
0.826377
0.910501
0.783975
0.265531
0.773575
0.469318
0.824134
0.212398
0.77682
0.0159497
0.066225
0.0435474
0.901673
0.422749
0.135421
0.0125374
0.7169
0.935682
0.00419812
0.557802
0.985999
0.688085
0.647442
0.555562
0.334667
0.750752
0.895266
0.741401
0.725908
0.32839
0.244243
0.995549
0.197817
0.703811
0.944793
0.130314
0.181779
0.157322
0.107071
0.549211
0.590379
0.492152
0.59195
0.90769
0.539878
0.724346
0.0891953
0.105758
0.478012
0.953271
0.633792
0.144362
0.292093
0.2058
0.872848
0.949102
0.556584
0.499319
0.0600278
0.887009
0.955033
0.24119
0.674579
0.649722
0.87302
0.847762
0.338716
0.798106
0.768038
0.421496
0.0878326
0.202742
0.47863
0.338848
0.0155825
0.895704
0.0998551
0.264311
0.275187
0.0607293
0.678138
0.471272
0.663555
0.376834
0.441935
0.59355
0.796105
0.132503
0.970175
0.738134
0.816422
0.599826
0.283541
0.47463
0.10359
0.0298594
0.846261
0.110219
0.449582
0.12181
0.254988
0.578854
0.791633
0.982147
0.952405
0.0689581
0.978317
0.565515
0.603541
0.70786
0.998141
0.761031
0.655551
0.845248
0.0811273
0.506335
0.969853
0.320291
0.124891
0.0375104
0.436466
0.690695
0.512058
0.159062
0.351685
0.776797
0.618902
0.891157
0.674342
0.663181
0.0752602
0.89798
0.345068
0.552084
0.870421
0.164201
0.730407
0.954611
0.154146
0.735131
0.339893
0.584459
0.000199374
0.350883
0.298607
0.685514
0.429933
0.891
0.0325039
0.293566
0.965121
0.794048
0.567476
0.564984
0.67795
0.305834
0.152839
0.759429
0.726877
0.622241
0.00152086
0.561118
0.70452
0.872422
0.797115
0.116569
0.176527
0.892672
0.13691
0.0438725
0.365465
0.372634
0.856583
0.594537
0.377285
0.0365963
0.0739375
0.667131
0.46862
0.100757
0.418792
0.629729
0.847887
0.439986
0.852693
0.218573
0.560816
0.632336
0.678842
0.299459
0.0112209
0.5904
0.852564
0.038632
0.288382
0.837103
0.188396
0.378685
0.557379
0.877089
0.232057
0.176343
0.798532
0.935443
0.990953
0.953109
0.910857
0.780187
0.599605
0.569201
0.561142
0.106913
0.887799
0.244756
0.613102
0.404039
0.679237
0.935853
0.87329
0.390171
0.607879
0.615897
0.387307
0.460556
0.561659
0.803903
0.202571
0.614203
0.903001
0.734475
0.323371
0.889264
0.858992
0.0867859
0.61095
0.231491
0.675436
0.0537004
0.542906
0.618153
0.304813
0.998063
0.450842
0.309051
0.225075
0.838492
0.541421
0.669347
0.722224
0.419234
0.0640985
0.302836
0.758409
0.575459
0.743365
0.738378
0.924859
0.0986367
0.786217
0.944083
0.199335
0.216804
0.823454
0.78561
0.739233
0.288148
0.903562
0.164538
0.388144
0.542425
0.530798
0.126049
0.505189
0.71297
0.882573
0.406761
0.425461
0.72284
0.766265
0.622282
0.697966
0.714271
0.755326
0.771712
0.155271
0.637683
0.53579
0.0272319
0.686176
0.560604
0.0648347
0.677335
0.969838
0.0629361
0.767803
0.467701
0.644178
0.705627
0.477134
0.190947
0.243201
0.473083
0.112405
0.192343
0.705779
0.0297043
0.24055
0.919035
0.21361
0.146887
0.730964
0.307357
0.757111
0.763313
0.00704565
0.416184
0.796637
0.0785983
0.00120601
0.269381
0.48137
0.378662
0.179616
0.811131
0.674365
0.0517754
0.189517
0.213437
0.241418
0.510956
0.63194
0.0234855
0.721329
0.379754
0.525815
0.380282
0.401599
0.675824
0.574631
0.827987
0.972606
0.594732
0.660275
0.244891
0.883281
0.30717
0.603835
0.662319
0.600312
0.443431
0.745615
0.54659
0.537155
0.959496
0.242272
0.872116
0.658587
0.877159
0.412555
0.810155
0.282911
0.886742
0.469976
0.880938
0.932589
0.0186204
0.952276
0.906853
0.480502
0.79481
0.376746
0.963619
0.552286
0.262401
0.167734
0.0994679
0.756388
0.60591
0.522322
0.664739
0.268208
0.779675
0.990756
0.632999
0.818834
0.1348
0.581991
0.518979
0.476158
0.792778
0.218745
0.444176
0.258093
0.769224
0.346462
0.985759
0.65799
0.841891
0.662162
0.953035
0.655054
0.489777
0.680817
0.486333
0.795761
0.353793
0.202771
0.970017
0.0704142
0.451342
0.702887
0.423623
0.835784
0.0184602
0.260843
0.982275
0.0994362
0.224993
0.45317
0.432156
0.238082
0.438323
0.888841
0.755404
0.0764534
0.95147
0.356551
0.557933
0.186148
0.591088
0.415617
0.280649
0.860448
0.557213
0.0777766
0.190607
0.531516
0.195296
0.348267
0.326065
0.175916
0.615522
0.0796364
0.448664
0.696631
0.271429
0.914812
0.239022
0.247518
0.0370504
0.70579
0.215088
0.976137
0.942301
0.259285
0.80444
0.21721
0.653182
0.0256594
0.257278
0.0776718
0.429893
0.212242
0.154752
0.910788
0.61513
0.489849
0.894123
0.526553
0.77765
0.966445
0.0420524
0.774755
0.303177
0.490669
0.666091
0.993895
0.395853
0.0997892
0.15652
0.627426
0.149794
0.586565
0.399885
0.866567
0.399587
0.856721
0.90449
0.755456
0.947442
0.660375
0.917253
0.272465
0.319232
0.339975
0.963911
0.456124
0.0781576
0.594909
0.640478
0.519238
0.83392
0.690905
0.0401696
0.130881
0.71972
0.338967
0.0239932
0.254435
0.293242
0.519815
0.536419
0.586084
0.314596
0.413779
0.386518
0.202483
0.128562
0.742367
0.954189
0.0620782
0.348422
0.931448
0.842513
0.11607
0.791253
0.596464
0.771841
0.330078
0.621328
0.653932
0.643191
0.111643
0.377219
0.916878
0.962588
0.213684
0.394246
0.0921002
0.928004
0.956487
0.672845
0.503203
0.340071
0.576347
0.660464
0.420268
0.446989
0.543333
0.80456
0.24802
0.473063
0.761479
0.16946
0.118737
0.616439
0.490391
0.00807878
0.780064
0.531847
0.759422
0.612596
0.907458
0.652606
0.351891
0.23732
0.630383
0.851629
0.333973
0.0904092
0.507005
0.239574
0.526008
0.609481
0.550676
0.209788
0.912314
0.253979
0.627681
0.438605
0.636779
0.338421
0.845611
0.181853
0.396033
0.118952
0.225976
0.981359
0.693886
0.138207
0.847276
0.174075
0.683684
0.672607
0.513571
0.584885
0.162462
0.500014
0.731187
0.0604929
0.703415
0.295572
0.67781
0.944885
0.674441
0.324304
0.57618
0.8608
0.459618
0.799923
0.300841
0.242859
0.729968
0.578861
0.917231
0.900572
0.906615
0.486275
0.826942
0.422537
0.575542
0.128836
0.346862
0.712626
0.0968905
0.439187
0.413002
0.319565
0.922172
0.948993
0.730206
0.578003
0.49083
0.374923
0.326976
0.48755
0.24885
0.421664
0.905161
0.0441796
0.526909
0.754688
0.0329389
0.604639
0.173755
0.306225
0.716063
0.874717
0.372491
0.457472
0.737884
0.610609
0.507856
0.539447
0.480235
0.317877
0.552719
0.539954
2.10656e-05
0.354049
0.50646
0.0735655
0.414668
0.324286
0.275671
0.204348
0.482062
0.0108072
0.637227
0.866981
0.35784
0.210327
0.973136
0.497446
0.577346
0.455837
0.250548
0.957209
0.809141
0.230513
0.223962
0.12537
0.0861485
0.897793
0.20404
0.307728
0.986016
0.978905
0.460111
0.0937297
0.314919
0.848527
0.199671
0.872295
0.659922
0.303534
0.497563
0.549247
0.190786
0.545107
0.609848
0.71121
0.311263
0.397285
0.163973
0.891377
0.381082
0.853476
0.379169
0.690762
0.629585
0.439831
0.235642
0.429134
0.452732
0.0733727
0.175091
0.756102
0.80905
0.696591
0.606712
0.0158513
0.412192
0.715863
0.517275
0.845218
0.574699
0.95914
0.260664
0.987554
0.822492
0.626481
0.27344
0.712596
0.600229
0.0511513
0.699255
0.382193
0.513286
0.799029
0.278861
0.82307
0.340915
0.763746
0.285139
0.324578
0.187986
0.47553
0.229801
0.269911
0.386995
0.227791
0.475742
0.796246
0.513816
0.709898
0.258308
0.374762
0.621619
0.557247
0.645916
0.913262
0.18867
0.984323
0.520333
0.230278
0.285741
0.441914
0.243625
0.610059
0.262942
0.264127
0.182182
0.932242
0.187991
0.563185
0.453028
0.0495192
0.268473
0.22085
0.818629
0.695948
0.798645
0.829644
0.818742
0.59803
0.0849866
0.369123
0.853554
0.683574
0.830836
0.857425
0.740018
0.485567
0.918801
0.284828
0.0980037
0.148459
0.151683
0.333301
0.784491
0.939018
0.0803687
0.755982
0.787686
0.642821
0.886517
0.694379
0.421182
0.813055
0.0219778
0.381604
0.616185
0.216748
0.878099
0.204642
0.41676
0.480063
0.416188
0.865462
0.821907
0.794409
0.638641
0.636455
0.905747
0.889971
0.747451
0.406958
0.741102
0.706787
0.961013
0.750672
0.538096
0.773559
0.206986
0.809013
0.0776036
0.283048
0.190919
0.773258
0.155057
0.0352286
0.0865213
0.164241
0.406402
0.399524
0.808245
0.181625
0.577257
0.965219
0.43188
0.611938
0.846365
0.849708
0.0383745
0.960721
0.833309
0.425041
0.660387
0.118547
0.424376
0.488119
0.821368
0.737257
0.0863965
0.0656866
0.995427
0.144036
0.820522
0.507353
0.0799946
0.468872
0.325564
0.752974
0.22794
0.986152
0.251785
0.74378
0.702164
0.275682
0.380246
0.79385
0.240424
0.798942
0.810642
0.465552
0.538077
0.457648
0.684167
0.800182
0.665028
0.13351
0.903363
0.817325
0.78076
0.235807
0.207777
0.102884
0.164544
0.483329
0.305004
0.202727
0.228953
0.0203305
0.694594
0.0391955
0.759447
0.0283488
0.45784
0.918532
0.764199
0.898505
0.180279
0.955732
0.985463
0.67408
0.263024
0.636935
0.962525
0.150597
0.0903313
0.198765
0.645984
0.0515601
0.570729
0.244805
0.43012
0.0283564
0.585637
0.799074
0.0435055
0.19651
0.736499
0.340285
0.177001
0.856042
0.494034
0.237233
0.167948
0.700537
0.923468
0.726758
0.621023
0.526017
0.769022
0.948487
0.224281
0.495253
0.714114
0.110695
0.443107
0.294032
0.795654
0.560295
0.871702
0.698777
0.347532
0.978449
0.796789
0.632327
0.518402
0.774802
0.102116
0.262696
0.124197
0.375312
0.87375
0.110407
0.612077
0.174318
0.764791
0.841461
0.442461
0.448077
0.835014
0.0814797
0.42858
0.140292
0.890017
0.514318
0.137129
0.728598
0.539963
0.158771
0.466544
0.204815
0.332841
0.0653116
0.692422
0.528666
0.296265
0.330358
0.321509
0.593366
0.708673
0.65892
0.471017
0.388941
0.936168
0.171453
0.605846
0.453608
0.785155
0.0946468
0.72821
0.0261855
0.0992286
0.735356
0.121117
0.619885
0.399959
0.116971
0.928923
0.407837
0.518767
0.911443
0.618723
0.884618
0.775338
0.100633
0.333831
0.699892
0.0788438
0.127542
0.595112
0.0534171
0.780967
0.714033
0.757734
0.242595
0.290773
0.0300483
0.0224287
0.959243
0.00188292
0.646198
0.650179
0.566482
0.861187
0.971329
0.133489
0.552225
0.242922
0.792375
0.438988
0.072903
0.28003
0.460792
0.538942
0.99246
0.271257
0.0247448
0.885381
0.603375
0.926885
0.149729
0.499475
0.669574
0.531709
0.437613
0.954677
0.254549
0.211219
0.959404
0.710308
0.139314
0.4504
0.865736
0.422435
0.863187
0.581555
0.191603
0.274312
0.354715
0.701933
0.380286
0.471567
0.62365
0.686212
0.160166
0.911709
0.0898577
0.239144
0.29546
0.793149
0.46166
0.112408
0.244686
0.430506
0.518099
0.692632
0.0663184
0.612648
0.78128
0.97819
0.44172
0.983199
0.625208
0.863742
0.912418
0.0149122
0.630013
0.636099
0.916461
0.966839
0.662535
0.220501
0.957328
0.810265
0.127563
0.948794
0.377601
0.341082
0.572145
0.0419603
0.227184
0.284025
0.605468
0.106305
0.665904
0.844267
0.591468
0.805136
0.914729
0.845936
0.652766
0.045305
0.440958
0.179595
0.45993
0.0476598
0.0185472
0.723497
0.816426
0.666891
0.430848
0.256636
0.27657
0.312317
0.107529
0.235535
0.641341
0.0127113
0.638413
0.808156
0.670526
0.524198
0.20082
0.181709
0.979273
0.644587
0.569298
0.196571
0.769275
0.198347
0.610923
0.786101
0.991451
0.31042
0.222548
0.36744
0.556479
0.735999
0.93867
0.229892
0.78706
0.118765
0.0751034
0.262466
0.257986
0.971045
0.355796
0.862537
0.66233
0.77419
0.81847
0.0290579
0.376571
0.0268683
0.575738
0.432511
0.209531
0.586836
0.949228
0.67821
0.683694
0.840006
0.975321
0.227121
0.230134
0.858455
0.0492234
0.297789
0.940844
0.766396
0.824161
0.67082
0.471223
0.842092
0.0390523
0.351712
0.217053
0.0140987
0.957346
0.120213
0.418587
0.186369
0.298776
0.521986
0.0128012
0.149896
0.306566
0.459585
0.248226
0.93908
0.112487
0.564869
0.750761
0.0462683
0.631485
0.374994
0.524035
0.455322
0.59409
0.876642
0.719658
0.289647
0.0950479
0.470862
0.776804
0.752459
0.583512
0.0791651
0.527682
0.748167
0.436494
0.161443
0.378477
0.0635865
0.69847
0.19336
0.795001
0.577778
0.708197
0.662695
0.918258
0.164439
0.720431
0.286687
0.348297
0.828088
0.667336
0.918914
0.192349
0.803108
0.833638
0.948337
0.692075
0.706975
0.123328
0.777811
0.668976
0.487214
0.604167
0.238881
0.878187
0.681681
0.0173648
0.850099
0.620985
0.89511
0.113306
0.336649
0.0611965
0.529943
0.757226
0.703048
0.121686
0.172868
0.397234
0.307322
0.159701
0.089331
0.385987
0.275663
0.0751036
0.267028
0.944517
0.488948
0.748823
0.465837
0.315535
0.201202
0.5966
0.0588625
0.302529
0.608579
0.395483
0.885308
0.365071
0.754969
0.764441
0.958301
0.171736
0.37133
0.944346
0.621445
0.618625
0.231838
0.4937
0.613086
0.140321
0.381928
0.0589158
0.198445
0.265339
0.559136
0.400509
0.361807
0.888865
0.149837
0.3179
0.948498
0.4059
0.961164
0.291221
0.545656
0.839618
0.46091
0.513018
0.294914
0.624096
0.18212
0.896743
0.554779
0.178611
0.912724
0.149104
0.997489
0.794723
0.906805
0.667788
0.516276
0.0532729
0.35797
0.404051
0.883615
0.913652
0.750674
0.579716
0.291516
0.516089
0.910414
0.333772
0.708001
0.374188
0.975823
0.653343
0.732049
0.550569
0.420508
0.480113
0.254008
0.117221
0.127254
0.749682
0.904173
0.436311
0.0789574
0.0367768
0.106992
0.216161
0.0219997
0.748833
0.63228
0.729676
0.659589
0.708956
0.419701
0.907545
0.106433
0.811417
0.481971
0.478889
0.693651
0.192426
0.0983172
0.416811
0.339923
0.0783576
0.955396
0.335951
0.332482
0.0275651
0.287305
0.735595
0.148191
0.651849
0.629705
0.459652
0.376468
0.295081
0.420129
0.109237
0.942939
0.98361
0.536314
0.833713
0.214604
0.848508
0.870079
0.421423
0.852988
0.170528
0.0708943
0.521033
0.000863645
0.515285
0.400309
0.989284
0.888274
0.215608
0.720352
0.956087
0.951246
0.589235
0.265157
0.497046
0.846285
0.512682
0.648799
0.369898
0.879372
0.60127
0.548831
0.204492
0.891605
0.207332
0.625797
0.776347
0.0710579
0.269818
0.834353
0.972152
0.958293
0.0311747
0.952655
0.272759
0.265075
0.119041
0.724851
0.572393
0.202771
0.976873
0.297517
0.361604
0.480403
0.127723
0.644031
0.229544
0.946335
0.0459267
0.890413
0.172813
0.461912
0.357799
0.52325
0.270715
0.906211
0.682265
0.820064
0.82358
0.910351
0.275647
0.799044
0.534627
0.477987
0.522845
0.450058
0.118457
0.910788
0.606044
0.774477
0.636344
0.0337499
0.234888
0.75483
0.423253
0.612818
0.64005
0.312216
0.420179
0.951487
0.645086
0.961569
0.0875615
0.645502
0.945359
0.648971
0.254314
0.26273
0.698371
0.513602
0.102607
0.518686
0.547682
0.896064
0.146015
0.0725498
0.343979
0.257695
0.081427
0.5442
0.370232
0.488609
0.0494103
0.439302
0.340543
0.498331
0.445765
0.972684
0.907574
0.598085
0.0152679
0.608311
0.880177
0.131505
0.208511
0.441108
0.698325
0.740137
0.486081
0.555904
0.0724445
0.575525
0.847548
0.747219
0.50174
0.752499
0.251907
0.800886
0.489013
0.845383
0.356871
0.932833
0.129836
0.147001
0.649418
0.770752
0.0229246
0.294201
0.641651
0.224651
0.702276
0.15005
0.89128
0.734884
0.195118
0.355698
0.222013
0.368868
0.564579
0.871067
0.0245878
0.246729
0.769641
0.348112
0.716401
0.558148
0.798863
0.486397
0.877185
0.850745
0.479376
0.869295
0.248978
0.574831
0.186822
0.913606
0.975253
0.0787426
0.427404
0.378318
0.398066
0.295509
0.621516
0.81577
0.646525
0.150599
0.113216
0.815258
0.035946
0.144546
0.382131
0.481465
0.988578
0.0287885
0.848328
0.841102
0.40358
0.969982
0.479171
0.429137
0.498822
0.699407
0.934834
0.746729
0.275311
0.147239
0.652457
0.850169
0.788726
0.122328
0.96101
0.688233
0.129622
0.554299
0.0962332
0.391993
0.221215
0.9611
0.208208
0.346533
0.175133
0.455654
0.182705
0.72271
0.590104
0.8826
0.860103
0.751839
0.161128
0.075157
0.164509
0.908834
0.773665
0.994051
0.0160196
0.241268
0.995521
0.729142
0.694905
0.275678
0.325814
0.948534
0.0054077
0.887274
0.414506
0.604411
0.342771
0.953542
0.177665
0.0110911
0.40808
0.592642
0.539381
0.368296
0.955088
0.170962
0.36381
0.561998
0.508693
0.595567
0.690052
0.698512
0.896402
0.83451
0.60387
0.249547
0.143632
0.021966
0.182313
0.137947
0.482823
0.811139
0.819708
0.840039
0.535956
0.805037
0.261784
0.802005
0.297508
0.220142
0.934882
0.561525
0.542897
0.461728
0.259042
0.714489
0.410656
0.890277
0.887818
0.557748
0.0723253
0.572084
0.0153129
0.363211
0.48907
0.798463
0.765636
0.0377596
0.625601
0.475639
0.0612108
0.770025
0.810415
0.651911
0.673133
0.340643
0.189234
0.447969
0.0137553
0.185876
0.0252624
0.585392
0.691733
0.959986
0.478579
0.478065
0.831954
0.644343
0.465095
0.859704
0.0490783
0.858615
0.742254
0.0560758
0.465395
0.900841
0.432253
0.869958
0.382528
0.154572
0.894411
0.373126
0.131411
0.629478
0.640048
0.279729
0.406821
0.433795
0.788388
0.444766
0.187979
0.3633
0.977919
0.88959
0.344103
0.345606
0.60101
0.17645
0.593776
0.599438
0.76218
0.954971
0.190844
0.514183
0.881851
0.273415
0.287898
0.702156
0.128342
0.0498464
0.768055
0.69304
0.92293
0.685001
0.803607
0.230917
0.0235114
0.155708
0.990072
0.132408
0.379904
0.0488099
0.348584
0.64492
0.177502
0.281723
0.919842
0.79258
0.892374
0.121921
0.128448
0.831504
0.0824498
0.733427
0.708162
0.0810629
0.424457
0.843709
0.218577
0.623904
0.958447
0.613344
0.478173
0.647922
0.620401
0.079215
0.367115
0.0967095
0.396537
0.598643
0.39406
0.969035
0.562872
0.186297
0.0896016
0.933718
0.990522
0.704514
0.768386
0.265297
0.855021
0.340324
0.817785
0.512446
0.679789
0.216784
0.485511
0.983917
0.701421
0.775452
0.0142504
0.506872
0.00161623
0.16395
0.511994
0.0868023
0.885483
0.314024
0.798928
0.583028
0.95206
0.268491
0.535861
0.214602
0.810166
0.466455
0.710949
0.925992
0.143832
0.389841
0.0494581
0.242616
0.642193
0.339812
0.212606
0.267467
0.316377
0.351583
0.0475367
0.949999
0.628402
0.551743
0.143773
0.386163
0.248893
0.149281
0.973325
0.670984
0.229674
0.12475
0.668492
0.342609
0.226483
0.493075
0.114599
0.0628615
0.512602
0.3057
0.906999
0.938819
0.734831
0.297684
0.180608
0.470927
0.875541
0.210999
0.259089
0.512536
0.187375
0.209376
0.98312
0.30018
0.121596
0.664555
0.171627
0.538418
0.188976
0.121802
0.133679
0.743137
0.909139
0.905103
0.060225
0.20157
0.786765
0.162403
0.50925
0.967973
0.71594
0.807264
0.692686
0.977535
0.425784
0.153338
0.1544
0.998404
0.182304
0.982829
0.403862
0.713653
0.374094
0.393394
0.764883
0.380744
0.163096
0.147241
0.684311
0.208967
0.102388
0.828365
0.323666
0.852121
0.60121
0.533696
0.832605
0.592079
0.0746704
0.985734
0.237166
0.0550225
0.763987
0.335441
0.760698
0.0543281
0.0918029
0.930507
0.0280191
0.916778
0.296064
0.951691
0.0637537
0.508959
0.0707708
0.444228
0.133402
0.0869876
0.00130155
0.875164
0.87859
0.456249
0.179084
0.861834
0.844379
0.477952
0.936665
0.532801
0.791035
0.933207
0.405496
0.169339
0.0886788
0.424186
0.292683
0.12631
0.884653
0.365383
0.997556
0.930282
0.250638
0.466407
0.898517
0.382818
0.0221512
0.295596
0.0808441
0.746361
0.0817177
0.430148
0.490605
0.602018
0.116219
0.296247
0.0278529
0.122921
0.936453
0.963773
0.13966
0.260547
0.0204354
0.457131
0.00677432
0.856032
0.331309
0.303542
0.622089
0.446994
0.627068
0.127356
0.469362
0.570824
0.838152
0.813795
0.449086
0.790045
0.282637
0.287372
0.868791
0.767612
0.25766
0.499607
0.893492
0.914975
0.979152
0.600214
0.794431
0.996729
0.0164141
0.871659
0.968107
0.979631
0.665569
0.220473
0.483042
0.488766
0.689433
0.292149
0.150247
0.195432
0.621358
0.161253
0.185694
0.959838
0.99607
0.954741
0.334964
0.739797
0.762923
0.443719
0.590904
0.328154
0.280915
0.338869
0.37342
0.0664536
0.886396
0.665643
0.458816
0.312647
0.652081
0.523856
0.453823
0.405422
0.923922
0.348914
0.19366
0.83854
0.343053
0.690374
0.10856
0.576296
0.813925
0.635414
0.397314
0.651814
0.0363258
0.527631
0.89215
0.359378
0.073723
0.0616478
0.114227
0.818507
0.641417
0.287729
0.854093
0.73801
0.739468
0.233147
0.498742
0.36127
0.866892
0.859951
0.193055
0.670521
0.448697
0.255778
0.857166
0.381451
0.0390474
0.270028
0.357158
0.761351
0.0259195
0.628556
0.141559
0.181709
0.987726
0.705398
0.623046
0.538714
0.157891
0.674268
0.419109
0.959995
0.631569
0.778747
0.404792
0.337121
0.999052
0.0738786
0.677236
0.3061
0.628395
0.432806
0.164006
0.452082
0.142838
0.685574
0.45057
0.733951
0.522571
0.85727
0.140552
0.261537
0.655876
0.31271
0.722235
0.606394
0.658764
0.848511
0.917664
0.171175
0.933347
0.76333
0.295698
0.792886
0.0321302
0.0127639
0.522456
0.922091
0.580905
0.26715
0.989656
0.154519
0.997987
0.16641
0.853412
0.302018
0.0134416
0.913486
0.963524
0.947989
0.85736
0.655158
0.243525
0.931459
0.0381409
0.0346226
0.901887
0.0151616
0.821707
0.433899
0.548555
0.556395
0.336151
0.69527
0.395148
0.248514
0.772379
0.378159
0.721276
0.478133
0.978008
0.380349
0.530451
0.291772
0.819489
0.147065
0.720629
0.61089
0.234584
0.655058
0.55897
0.606402
0.792986
0.721577
0.548939
0.0209372
0.891469
0.913376
0.110866
0.32278
0.96549
0.995929
0.583085
0.912872
0.636591
0.178846
0.856697
0.512835
0.209924
0.190304
0.431823
0.646391
0.897904
0.0655032
0.912949
0.933874
0.619533
0.483694
0.441402
0.641663
0.427111
0.453317
0.90413
0.711542
0.890549
0.45031
0.352875
0.773373
0.0875906
0.135104
0.68631
0.806717
0.489267
0.115568
0.347149
0.530703
0.521565
0.943242
0.0658665
0.0190275
0.795419
0.602672
0.10607
0.71066
0.0661217
0.307369
0.953365
0.204889
0.566105
0.526892
0.467882
0.699155
0.692002
0.481021
0.518042
0.737721
0.877711
0.696077
0.961384
0.982019
0.793477
0.975485
0.983373
0.550673
0.162799
0.159434
0.599625
0.892289
0.704112
0.00582392
0.882545
0.941851
0.686232
0.499885
0.572479
0.650078
0.865421
0.122934
0.15455
0.527316
0.593173
0.463774
0.64504
0.192777
0.999094
0.779097
0.28425
0.390473
0.674482
0.0230344
0.138368
0.54836
0.284746
0.726112
0.758038
0.33915
0.0930257
0.482678
0.364288
0.582548
0.880897
0.241411
0.390398
0.423852
0.679102
0.674697
0.633229
0.678509
0.705014
0.1695
0.793989
0.565262
0.361985
0.882811
0.40454
0.111485
0.721865
0.381503
0.922058
0.020975
0.527635
0.962485
0.48948
0.698754
0.950383
0.0933899
0.604714
0.431382
0.244939
0.690892
0.823066
0.272638
0.228083
0.384308
0.0608274
0.326607
0.275588
0.812569
0.854121
0.205151
0.966966
0.803618
0.407817
0.172137
0.102806
0.859003
0.270275
0.514393
0.39827
0.727779
0.781582
0.0410293
0.579181
0.2881
0.102298
0.325788
0.515258
0.941918
0.821032
0.0845527
0.077381
0.543257
0.516544
0.548074
0.482768
0.874667
0.53413
0.129606
0.29577
0.0084775
0.481385
0.631407
0.0609466
0.329406
0.321725
0.23694
0.25748
0.472273
0.498584
0.709086
0.604322
0.839576
0.753649
0.574641
0.997553
0.870324
0.539643
0.774033
0.179857
0.853012
0.575825
0.886791
0.298248
0.656595
0.399442
0.420732
0.241779
0.576501
0.25928
0.726661
0.994672
0.44749
0.960648
0.616473
0.0612781
0.900497
0.654686
0.30707
0.932788
0.371484
0.529944
0.760513
0.948919
0.475921
0.805924
0.159473
0.27018
0.918439
0.212512
0.690477
0.84668
0.145976
0.421905
0.949962
0.00923441
0.20271
0.939918
0.198277
0.43444
0.631173
0.132602
0.646638
0.0531187
0.765673
0.668635
0.755165
0.0650556
0.389695
0.604266
0.891466
0.87138
0.279095
0.744621
0.848882
0.166933
0.648091
0.471461
0.84852
0.0743318
0.294618
0.640687
0.0216713
0.230256
0.917878
0.771258
0.526666
0.677908
0.604482
0.525492
0.944086
0.253955
0.219027
0.192997
0.70488
0.921783
0.404309
0.227938
0.961397
0.197761
0.764145
0.991797
0.13291
0.81234
0.991729
0.991324
0.18441
0.377012
0.448481
0.624092
0.114258
0.332582
0.701031
0.223317
0.288008
0.554
0.0736216
0.358763
0.72767
0.945687
0.169762
0.193911
0.057454
0.629281
0.317777
0.883276
0.214365
0.828744
0.694409
0.927048
0.88953
0.327583
0.691531
0.559342
0.862715
0.653912
0.304481
0.419247
0.290085
0.456468
0.862087
0.0980185
0.397345
0.184884
0.338152
0.317336
0.469935
0.201453
0.821822
0.364547
0.947823
0.055301
0.443945
0.381231
0.342027
0.449665
0.51506
0.612033
0.438311
0.688118
0.205752
0.066755
0.951537
0.475213
0.911682
0.632876
0.747694
0.500697
0.211946
0.182667
0.0855185
0.309545
0.519688
0.400962
0.974438
0.380014
0.890683
0.714721
0.312656
0.816849
0.78891
0.212671
0.366649
0.272571
0.0966635
0.623965
0.977424
0.570285
0.779912
0.977798
0.849178
0.127357
0.482057
0.925116
0.429984
0.744309
0.597545
0.941845
0.589005
0.405943
0.687561
0.839489
0.29803
0.992962
0.719283
0.990938
0.693924
0.773927
0.398732
0.483187
0.9166
0.289768
0.130358
0.924971
0.985684
0.388467
0.965739
0.167243
0.856485
0.948706
0.901203
0.526576
0.161745
0.446474
0.88445
0.947279
0.920887
0.350656
0.474721
0.637605
0.225562
0.0230433
0.287977
0.024718
0.436085
0.282033
0.136548
0.962956
0.397909
0.660605
0.794382
0.171947
0.906611
0.404779
0.123955
0.304317
0.651718
0.423593
0.324855
0.837037
0.0785938
0.925713
0.455876
0.912432
0.23949
0.106844
0.730819
0.881997
0.722717
0.696386
0.165763
0.980378
0.220631
0.140212
0.540907
0.0303976
0.891689
0.618857
0.123578
0.974232
0.915601
0.504922
0.218403
0.703909
0.604304
0.534449
0.489902
0.789945
0.60486
0.874039
0.977845
0.645581
0.28114
0.124038
0.703891
0.291296
0.81215
0.810647
0.536569
0.111966
0.820341
0.475464
0.130095
0.500685
0.0163576
0.921804
0.752912
0.184098
0.133658
0.391937
0.282434
0.871874
0.594205
0.804558
0.212238
0.0822951
0.133945
0.221057
0.306928
0.535039
0.402406
0.238593
0.0368963
0.115927
0.387924
0.840943
0.733896
0.588917
0.925296
0.448036
0.135399
0.655522
0.357618
0.487699
0.76113
0.314733
0.724796
0.653827
0.875652
0.0914172
0.448833
0.536484
0.678622
0.595207
0.649942
0.568984
0.910524
0.174096
0.0296562
0.43207
0.802444
0.672617
0.670959
0.809805
0.385491
0.954167
0.680331
0.32973
0.770647
0.265028
0.328531
0.619022
0.901219
0.787546
0.289291
0.105942
0.573099
0.0708107
0.114955
0.0533836
0.218705
0.776258
0.560177
0.899817
0.226903
0.564184
0.243111
0.960254
0.989495
0.439168
0.0939285
0.65548
0.648792
0.241765
0.342704
0.830935
0.528871
0.739281
0.0918066
0.992875
0.252653
0.335591
0.278966
0.573806
0.94951
0.407505
0.943699
0.757286
0.70109
0.215043
0.230371
0.838007
0.383738
0.492019
0.359925
0.251276
0.191225
0.917273
0.602456
0.478532
0.68278
0.488074
0.0539224
0.27329
0.184107
0.2924
0.372894
0.225184
0.6725
0.712081
0.953735
0.418189
0.495347
0.302945
0.597065
0.879565
0.857314
0.872521
0.464711
0.39924
0.0249486
0.310881
0.983254
0.55354
0.35002
0.793316
0.25896
0.348646
0.698945
0.160658
0.184095
0.0850094
0.753046
0.439751
0.902654
0.913057
0.754256
0.782904
0.259215
0.627487
0.170016
0.458014
0.84287
0.121815
0.338354
0.719373
0.499525
0.523353
0.989018
0.422211
0.0975684
0.832479
0.468856
0.0565873
0.0622707
0.584227
0.0984178
0.107369
0.554464
0.872794
0.0530922
0.32137
0.268403
0.0410244
0.497066
0.193627
0.291258
0.168604
0.721403
0.622135
0.228919
0.435943
0.899491
0.745393
0.812747
0.831498
0.994356
0.144084
0.614656
0.515178
0.596432
0.239108
0.684377
0.322651
0.798103
0.710108
0.778788
0.0972377
0.274465
0.935539
0.602951
0.791333
0.93907
0.947859
0.667495
0.592809
0.340743
0.872646
0.56851
0.940533
0.536003
0.594194
0.611576
0.753458
0.36626
0.738992
0.246517
0.211311
0.508892
0.956218
0.147818
0.379468
0.7217
0.619022
0.897439
0.254795
0.33192
0.577929
0.246523
0.313524
0.392406
0.161725
0.118541
0.319589
0.328674
0.0217094
0.870641
0.865855
0.421141
0.115061
0.824342
0.720944
0.904169
0.370679
0.00306602
0.530545
0.866986
0.430108
0.830263
0.232681
0.672764
0.150016
0.324963
0.660534
0.594004
0.432152
0.184714
0.482145
0.416149
0.220154
0.136661
0.868778
0.559313
0.379429
0.0639567
0.920231
0.314951
0.380407
0.507753
0.809991
0.522887
0.164989
0.963866
0.701365
0.836945
0.528847
0.339056
0.512396
0.847909
0.802206
0.684604
0.144095
0.806222
0.165618
0.547904
0.618387
0.228047
0.786655
0.309174
0.281782
0.916914
0.575252
0.254816
0.690078
0.141727
0.0128827
0.519511
0.419491
0.390969
0.0213129
0.205627
0.970094
0.372706
0.0762133
0.91729
0.888275
0.238555
0.389147
0.390891
0.713433
0.662775
0.253492
0.43186
0.277635
0.209744
0.16837
0.797989
0.808175
0.991665
0.914259
0.954006
0.972572
0.0173259
0.196879
0.951035
0.0524983
0.338695
0.451946
0.851669
0.998096
0.992498
0.907831
0.913819
0.555473
0.829155
0.615674
0.633068
0.967424
0.48905
0.463471
0.55369
0.863154
0.0240043
0.439576
0.951158
0.119317
0.363939
0.727852
0.0131077
0.30122
0.61026
0.638259
0.223708
0.867512
0.267887
0.378306
0.186269
0.619886
0.430287
0.8259
0.899546
0.677098
0.991812
0.37829
0.916611
0.485396
0.0489103
0.0356045
0.404381
0.438333
0.06956
0.0944701
0.758948
0.641666
0.48483
0.544505
0.493381
0.256265
0.0489245
0.274309
0.30692
0.40066
0.898584
0.495211
0.0141312
0.502461
0.858695
0.0848829
0.626707
0.0696286
0.248273
0.717365
0.756291
0.980529
0.75448
0.551426
0.808811
0.679809
0.546939
0.407104
0.194434
0.857236
0.561362
0.807526
0.0840072
0.909697
0.28283
0.531809
0.121941
0.465139
0.58715
0.223411
0.862102
0.354716
0.705259
0.283846
0.603829
0.549956
0.112288
0.21782
0.905671
0.607362
0.940117
0.539941
0.781532
0.213618
0.27268
0.937833
0.151701
0.640681
0.93112
0.338047
0.5643
0.189231
0.409729
0.320122
0.298272
0.0607178
0.484671
0.857149
0.0999908
0.545572
0.435826
0.922464
0.853192
0.596702
0.763023
0.129746
0.645066
0.627109
0.820185
0.852058
0.531971
0.84108
0.0334867
0.811056
0.414695
0.781698
0.00169914
0.557404
0.289022
0.591998
0.706872
0.389576
0.606217
0.688767
0.0994393
0.276365
0.867212
0.22549
0.817548
0.522469
0.13694
0.556265
0.144455
0.853078
0.68072
0.86557
0.635214
0.0476199
0.346951
0.202821
0.812518
0.98177
0.608671
0.930939
0.283963
0.573233
0.324351
0.368749
0.561067
0.854991
0.840132
0.106207
0.0206992
0.891208
0.529874
0.584954
0.315451
0.778501
0.262858
0.856578
0.505598
0.581861
0.337715
0.973838
0.300245
0.216427
0.485738
0.800149
0.105373
0.997818
0.322378
0.205041
0.12838
0.683352
0.0943158
0.165845
0.357859
0.529033
0.454945
0.257377
0.728018
0.803279
0.706533
0.70807
0.538141
0.538751
0.78807
0.0969691
0.759652
0.468617
0.0495253
0.37243
0.437289
0.524124
0.94565
0.54586
0.264516
0.712379
0.958064
0.179145
0.89486
0.911649
0.0912443
0.543528
0.078769
0.870916
0.493235
0.796069
0.539835
0.00809269
0.0139
0.617882
0.735239
0.161238
0.926978
0.715175
0.950935
0.35733
0.648397
0.605974
0.609045
0.212774
0.0896165
0.185093
0.852739
0.991858
0.151973
0.216196
0.605127
0.366352
0.273626
0.833705
0.0809139
0.920011
0.619965
0.759869
0.123039
0.909708
0.45476
0.153939
0.259659
0.0912369
0.417821
0.318816
0.338231
0.654816
0.488702
0.617384
0.377467
0.0888177
0.759011
0.697944
0.350869
0.0612096
0.749786
0.653695
0.656548
0.603892
0.604567
0.960778
0.790591
0.469598
0.525371
0.909434
0.84902
0.480995
0.0836006
0.0751012
0.226276
0.0272536
0.0520353
0.557586
0.346831
0.195052
0.239885
0.748019
0.962477
0.35662
0.713262
0.794434
0.0487504
0.348092
0.380235
0.615534
0.283459
0.0872807
0.926037
0.896815
0.771976
0.593112
0.430458
0.710872
0.622087
0.422177
0.520742
0.102879
0.0897939
0.165914
0.518572
0.635317
0.769069
0.741142
0.371464
0.202285
0.799475
0.7765
0.629498
0.972762
0.214179
0.700278
0.568203
0.789185
0.837696
0.148704
0.260143
0.226724
0.553983
0.784422
0.774415
0.599804
0.906013
0.354805
0.214058
0.664796
0.220263
0.956989
0.111385
0.0455974
0.354963
0.862939
0.418419
0.375192
0.846039
0.37949
0.0959652
0.887588
0.699552
0.362753
0.79398
0.425178
0.967115
0.303149
0.0258292
0.110702
0.571389
0.329917
0.92249
0.294607
0.459491
0.6588
0.455837
0.250023
0.144177
0.183584
0.500954
0.528557
0.455104
0.934159
0.413857
0.691181
0.683304
0.291377
0.178008
0.785433
0.777398
0.73299
0.358614
0.232662
0.356516
0.971073
0.825104
0.526003
0.535475
0.729351
0.205862
0.916666
0.406982
0.149615
0.584714
0.292016
0.911608
0.389587
0.786208
0.794818
0.510639
0.312099
0.448138
0.848858
0.749631
0.0532276
0.595682
0.623486
0.925233
0.390803
0.22175
0.954968
0.145897
0.0926662
0.440486
0.245707
0.605654
0.219548
0.951111
0.329777
0.568796
0.751739
0.470499
0.676776
0.569625
0.683286
0.993341
0.087498
0.579159
0.921725
0.423822
0.17384
0.726632
0.509233
0.684642
0.784934
0.38339
0.64061
0.738006
0.665321
0.044142
0.89392
0.10992
0.430085
0.44062
0.492361
0.106194
0.794548
0.975282
0.558483
0.430742
0.473358
0.733853
0.861628
0.381719
0.556655
0.69594
0.661684
0.918351
0.725604
0.220721
0.658332
0.583362
0.57277
0.551029
0.143734
0.731746
0.453662
0.699055
0.0252438
0.272893
0.51939
0.395076
0.0374615
0.615042
0.0106027
0.199862
0.0758156
0.233516
0.696436
0.0041629
0.965933
0.440771
0.0355942
0.231215
0.033233
0.546201
0.00165116
0.751053
0.95071
0.575652
0.983779
0.381106
0.24125
0.681958
0.66766
0.367672
0.458143
0.00644664
0.348733
0.162859
0.172393
0.404006
0.133536
0.332036
0.536595
0.551073
0.879483
0.467671
0.154396
0.939307
0.940466
0.407041
0.136716
0.788244
0.0132778
0.159496
0.657405
0.0135834
0.297038
0.323054
0.571285
0.589638
0.048381
0.139558
0.557506
0.00312204
0.472206
0.362117
0.106869
0.155486
0.253919
0.623104
0.511195
0.648832
0.924788
0.908551
0.0186139
0.843184
0.401624
0.0979158
0.670621
0.134223
0.891521
0.79738
0.567112
0.455133
0.415191
0.120929
0.461099
0.696362
0.76409
0.0664776
0.28868
0.839491
0.327982
0.388078
0.420851
0.244993
0.594141
0.730734
0.438478
0.498458
0.583945
0.359481
0.792808
0.731427
0.0900634
0.695934
0.563416
0.329883
0.345178
0.409665
0.232899
0.331819
0.880569
0.725644
0.898062
0.727744
0.201577
0.907088
0.424358
0.185474
0.255101
0.479448
0.085795
0.956616
0.843692
0.928727
0.12192
0.115339
0.505709
0.443535
0.494456
0.323039
0.324426
0.624725
0.745308
0.397097
0.0133035
0.592467
0.590921
0.611218
0.739637
0.0721623
0.831391
0.191896
0.202248
0.175322
0.637895
0.105053
0.624741
0.026995
0.705168
0.76006
0.328015
0.94933
0.390252
0.969463
0.771052
0.0676301
0.658607
0.209021
0.00938553
0.742633
0.424455
0.81591
0.996354
0.7138
0.833178
0.224117
0.735143
0.545445
0.292927
0.218382
0.337948
0.89733
0.429583
0.00973368
0.593924
0.0733068
0.0677851
0.263685
0.745644
0.041326
0.566894
0.794333
0.351712
0.220262
0.944592
0.755528
0.166767
0.853154
0.959635
0.587068
0.85652
0.524328
0.373984
0.542418
0.420298
0.944018
0.113645
0.0317571
0.741948
0.922009
0.202525
0.831902
0.780311
0.693284
0.0321339
0.0745139
0.355605
0.648083
0.330446
0.800653
0.577636
0.336541
0.240603
0.815052
0.580361
0.133409
0.208617
0.230067
0.737476
0.76029
0.191886
0.0237985
0.982215
0.0809439
0.423395
0.998961
0.538588
0.0408738
0.965651
0.690666
0.0166097
0.159383
0.756764
0.930195
0.788938
0.679866
0.514912
0.132279
0.216289
0.164202
0.746052
0.89865
0.609185
0.576744
0.341601
0.283872
0.0423872
0.401452
0.212122
0.136613
0.0505863
0.204327
0.132231
0.403215
0.83493
0.664735
0.195095
0.953658
0.125836
0.923467
0.707302
0.618081
0.0911861
0.564794
0.489135
0.891744
0.542337
0.0564277
0.37983
0.796567
0.907867
0.526553
0.780444
0.925435
0.793152
0.512852
0.50108
0.659098
0.461019
0.348599
0.90467
0.785153
0.0667614
0.0590709
0.804422
0.928809
0.485689
0.969536
0.999917
0.604973
0.783877
0.618135
0.989935
0.838233
0.181915
0.438294
0.400812
0.453549
0.795377
0.905194
0.589928
0.919952
0.625015
0.623938
0.529639
0.635736
0.821402
0.3105
0.571689
0.377511
0.82434
0.680341
0.486124
0.290268
0.526182
0.534117
0.906727
0.362639
0.880112
0.0429277
0.48602
0.541238
0.592825
0.612318
0.233895
0.0731897
0.100111
0.559141
0.477959
0.0597584
0.359133
0.951543
0.582482
0.768606
0.959422
0.0064026
0.608453
0.266554
0.976177
0.605328
0.746083
0.42052
0.680436
0.0952336
0.591048
0.73603
0.459891
0.383506
0.590308
0.30025
0.307581
0.506357
0.335337
0.00345914
0.137832
0.540021
0.133686
0.865737
0.448591
0.462475
0.814542
0.000344048
0.782419
0.116316
0.92504
0.14617
0.680155
0.367308
0.350155
0.0496816
0.997896
0.629851
0.907928
0.553506
0.774391
0.188998
0.487513
0.631443
0.668633
0.712504
0.0525724
0.585084
0.502396
0.777255
0.324855
0.838892
0.25305
0.00417421
0.155958
0.178267
0.132817
0.256418
0.621757
0.875245
0.244933
0.586379
0.267443
0.919165
0.414221
0.810619
0.0798532
0.0928016
0.716159
0.488366
0.965188
0.918408
0.680734
0.092386
0.731853
0.245462
0.486424
0.330128
0.468696
0.381793
0.78703
0.620076
0.618781
0.846941
0.53023
0.575444
0.495402
0.226637
0.0814355
0.686507
0.121834
0.660182
0.684759
0.745979
0.675428
0.910587
0.242912
0.619232
0.428501
0.81636
0.563161
0.0511992
0.504863
0.224415
0.747126
0.950358
0.674444
0.386915
0.878485
0.703377
0.660673
0.937822
0.974332
0.599789
0.647703
0.950108
0.460398
0.917192
0.237592
0.209044
0.403827
0.115617
0.177088
0.323909
0.932352
0.0378315
0.834791
0.326982
0.594701
0.132707
0.41413
0.284117
0.160427
0.297129
0.842528
0.369778
0.851732
0.0541937
0.833167
0.0456132
0.621271
0.699256
0.400718
0.863231
0.316827
0.903724
0.883121
0.617309
0.118353
0.157923
0.219171
0.60607
0.224947
0.688354
0.164885
0.219181
0.771481
0.2761
0.406839
0.735423
0.254743
0.473884
0.564063
0.21263
0.66496
0.989099
0.790291
0.429087
0.66522
0.346516
0.900756
0.00387763
0.171319
0.366385
0.836295
0.611446
0.569948
0.112595
0.387732
0.611611
0.348677
0.209662
0.790561
0.965
0.758018
0.0118903
0.840414
0.84613
0.909021
0.920515
0.102521
0.0707837
0.662262
0.644642
0.495659
0.535327
0.237631
0.862562
0.0722122
0.671231
0.380404
0.453767
0.462329
0.357375
0.396379
0.935463
0.320897
0.323182
0.72003
0.552448
0.000800296
0.450578
0.868072
0.685647
0.665677
0.027863
0.293685
0.959452
0.516298
0.426888
0.708901
0.490922
0.923613
0.156032
0.424311
0.395605
0.93537
0.767911
0.279881
0.955947
0.606771
0.997881
0.379235
0.804877
0.559879
0.879867
0.916521
0.976448
0.168743
0.0626693
0.282996
0.316659
0.0815584
0.75133
0.604942
0.256732
0.890414
0.193459
0.458597
0.644639
0.442298
0.710687
0.520544
0.785962
0.665188
0.807499
0.630211
0.954127
0.0194336
0.62121
0.679214
0.554638
0.799168
0.610532
0.218603
0.0565303
0.1043
0.964345
0.740165
0.955271
0.246303
0.61151
0.650934
0.243431
0.350439
0.826483
0.692275
0.0714369
0.639998
0.438559
0.856889
0.729371
0.530859
0.154857
0.673592
0.0549936
0.277015
0.791187
0.486341
0.92582
0.248757
0.852015
0.817909
0.596366
0.1151
0.490319
0.797488
0.383456
0.745005
0.298366
0.643546
0.0815579
0.744325
0.878621
0.989968
0.398546
0.366781
0.490126
0.539707
0.858377
0.740404
0.970402
0.551603
0.787535
0.0935139
0.688172
0.105964
0.937761
0.942511
0.789338
0.39763
0.975365
0.960585
0.557025
0.922435
0.363637
0.644978
0.138909
0.646694
0.988832
0.292086
0.0853517
0.506288
0.183193
0.931053
0.211536
0.27815
0.870365
0.22704
0.869504
0.75091
0.552749
0.0550539
0.291085
0.273935
0.0235427
0.682063
0.432475
0.612747
0.435877
0.776595
0.229701
0.583539
0.545171
0.682201
0.755866
0.8413
0.721061
0.865309
0.24117
0.340307
0.539252
0.214104
0.441978
0.317239
0.832299
0.445435
0.430574
0.659043
0.534463
0.721399
0.54618
0.654685
0.286291
0.699961
0.239353
0.813843
0.263498
0.612279
0.572465
0.4201
0.627516
0.660541
0.720424
0.162044
0.477483
0.0577263
0.205335
0.0678913
0.0483471
0.57055
0.234157
0.473777
0.773014
0.0528886
0.898187
0.823709
0.0735442
0.0572142
0.598888
0.51379
0.276873
0.404027
0.48789
0.96847
0.078768
0.853096
0.981691
0.282751
0.193485
0.897093
0.443833
0.49729
0.960279
0.403322
0.631254
0.480945
0.239855
0.249237
0.927701
0.873831
0.481704
0.00562628
0.560847
0.147656
0.652965
0.376294
0.370507
0.11638
0.00122832
0.644342
0.4568
0.429649
0.107437
0.689475
0.00898193
0.959338
0.598102
0.304241
0.378062
0.0954882
0.870326
0.573218
0.0711446
0.726689
0.462078
0.147273
0.2217
0.119652
0.986231
0.581023
0.253256
0.465691
0.872738
0.100615
0.0410154
0.345086
0.861319
0.191506
0.641692
0.91442
0.653696
0.669516
0.562006
0.642586
0.944046
0.585904
0.284969
0.4783
0.788269
0.443165
0.267124
0.546543
0.74803
0.135855
0.313241
0.637965
0.270806
0.441361
0.950947
0.559618
0.505607
0.736737
0.339004
0.647559
0.527706
0.147288
0.469076
0.766059
0.159255
0.594393
0.960096
0.327653
0.858967
0.656586
0.241811
0.118141
0.594984
0.904194
0.794352
0.669689
0.469057
0.433227
0.251738
0.966856
0.945935
0.335347
0.18165
0.990192
0.161997
0.67989
0.910199
0.711345
0.574297
0.206415
0.220912
0.870274
0.691616
0.996999
0.56517
0.817968
0.581815
0.564157
0.778858
0.270199
0.237388
0.771992
0.874172
0.215506
0.00920245
0.665625
0.159206
0.783041
0.569137
0.479506
0.0584405
0.209851
0.961924
0.0498226
0.368651
0.925098
0.116522
0.392818
0.0931806
0.0867612
0.195612
0.652612
0.456592
0.949849
0.118384
0.673094
0.694075
0.326404
0.869881
0.0917566
0.153325
0.931043
0.0414686
0.962014
0.566714
0.759674
0.837435
0.767792
0.273239
0.324756
0.180187
0.397306
0.523399
0.764298
0.555504
0.360785
0.714547
0.391394
0.153585
0.301953
0.92308
0.20038
0.785641
0.27026
0.258611
0.480278
0.034639
0.17797
0.142176
0.555053
0.775953
0.445622
0.560652
0.882033
0.327022
0.25516
0.475111
0.191665
0.3101
0.854825
0.0439038
0.890646
0.0843694
0.996124
0.852989
0.189985
0.0738357
0.955864
0.205092
0.974638
0.732846
0.942199
0.54596
0.946473
0.366891
0.342251
0.220347
0.369085
0.211424
0.40267
0.680966
0.990051
0.78649
0.541206
0.0491742
0.471403
0.865794
0.400426
0.956731
0.778222
0.570738
0.401066
0.713598
0.444219
0.994171
0.0297366
0.78262
0.489317
0.949436
0.172324
0.255361
0.858521
0.161319
0.291333
0.434707
0.115542
0.917528
0.89536
0.323008
0.8029
0.341136
0.473453
0.328256
0.0029041
0.809168
0.67883
0.10308
0.465041
0.941655
0.403454
0.843111
0.164479
0.393593
0.114921
0.47327
0.243235
0.0429605
0.0364487
0.593878
0.315135
0.476096
0.753702
0.472764
0.747969
0.114678
0.394182
0.0111299
0.0602431
0.50499
0.375274
0.225139
0.916215
0.821
0.544635
0.67999
0.598895
0.619893
0.534667
0.14538
0.407729
0.693908
0.508457
0.636958
0.350658
0.504125
0.825075
0.0347576
0.171589
0.894488
0.654381
0.182708
0.776775
0.253145
0.604166
0.215214
0.107915
0.731187
0.0593659
0.761973
0.488406
0.632191
0.226402
0.144318
0.549879
0.819661
0.0421172
0.863841
0.575624
0.504884
0.583849
0.751584
0.880386
0.640403
0.25506
0.798077
0.274421
0.20166
0.304556
0.680271
0.316199
0.364007
0.864593
0.219147
0.196243
0.248671
0.415657
0.950727
0.862794
0.973689
0.784772
0.65594
0.379131
0.0612476
0.387596
0.32574
0.71228
0.296393
0.47058
0.0396675
0.69159
0.549699
0.785965
0.706988
0.350825
0.318237
0.604482
0.529249
0.0822243
0.944509
0.371091
0.921271
0.80529
0.503199
0.259373
0.290213
0.613987
0.278758
0.084004
0.855163
0.727523
0.473924
0.247822
0.143028
0.879539
0.416525
0.532755
0.0173597
0.76516
0.0413703
0.310548
0.383424
0.213821
0.697147
0.954724
0.0384542
0.299155
0.899686
0.0248213
0.171348
0.840421
0.948585
0.870206
0.549788
0.291398
0.526689
0.0569706
0.505713
0.513667
0.204576
0.302332
0.288258
0.751939
0.838577
0.963903
0.320031
0.76756
0.373962
0.173334
0.229747
0.352629
0.632074
0.261608
0.84568
0.344953
0.621342
0.892699
0.598032
0.118812
0.875444
0.579757
0.969444
0.450836
0.199028
0.0668495
0.538873
0.837867
0.0275239
0.593983
0.0660192
0.583909
0.753962
0.845678
0.303254
0.788007
0.0275427
0.910129
0.534971
0.260899
0.926041
0.978233
0.159586
0.155279
0.767781
0.0884426
0.454503
0.827319
0.750391
0.823389
0.69999
0.738026
0.00709037
0.167812
0.422735
0.902531
0.842576
0.169327
0.883706
0.449514
0.989295
0.0793545
0.710705
0.824293
0.899058
0.463347
0.477769
0.859462
0.979108
0.868034
0.0397365
0.852021
0.920622
0.898297
0.679349
0.814651
0.834712
0.00381737
0.158548
0.718911
0.729576
0.991124
0.82559
0.699088
0.579171
0.122925
0.997279
0.275463
0.704224
0.889373
0.687405
0.207928
0.637532
0.992612
0.822975
0.736729
0.200235
0.351038
0.889738
0.821799
0.97319
0.400727
0.0111646
0.644098
0.355524
0.287915
0.983631
0.884893
0.395259
0.120049
0.666734
0.790066
0.644623
0.17315
0.126153
0.253514
0.807925
0.799893
0.801081
0.765859
0.796514
0.0160369
0.532519
0.0427694
0.825602
0.900915
0.675651
0.672974
0.666881
0.276981
0.223721
0.0759357
0.250723
0.903641
0.497932
0.744186
0.532378
0.671074
0.745821
0.0196822
0.798323
0.422115
0.494016
0.923528
0.738786
0.772407
0.85023
0.817581
0.079957
0.836665
0.834576
0.710652
0.928933
0.581481
0.947672
0.526726
0.6892
0.391315
0.822805
0.879533
0.305304
0.249248
0.110126
0.888135
0.886159
0.681551
0.832383
0.86733
0.215924
0.0339793
0.090431
0.873092
0.0511525
0.720559
0.428052
0.270973
0.244688
0.471282
0.829975
0.396361
0.633506
0.329955
0.558641
0.0806406
0.326895
0.117473
0.375195
0.909566
0.0717168
0.344365
0.750709
0.171218
0.654469
0.65513
0.770085
0.816041
0.205385
0.912192
0.213394
0.517103
0.951739
0.870582
0.871076
0.179041
0.144978
0.640674
0.808465
0.877832
0.717691
0.224364
0.881585
0.791754
0.0150469
0.892875
0.551398
0.350084
0.855432
0.252189
0.546921
0.108348
0.00244751
0.135272
0.509876
0.483772
0.754988
0.0755626
0.979993
0.750109
0.0900244
0.0403347
0.905979
0.783253
0.140927
0.563721
0.459779
0.498408
0.740967
0.42432
0.543555
0.525717
0.730922
0.601975
0.387803
0.811229
0.329306
0.637843
0.224132
0.994383
0.603139
0.963619
0.545351
0.71992
0.701418
0.735451
0.724615
0.60807
0.840792
0.1906
0.411593
0.641769
0.207915
0.430094
0.583537
0.50391
0.214982
0.204607
0.837804
0.972185
0.512478
0.221953
0.36552
0.288601
0.513156
0.619025
0.954125
0.982994
0.181269
0.580834
0.0796237
0.23491
0.136561
0.17887
0.262409
0.300234
0.0342211
0.154492
0.552643
0.271651
0.643764
0.733561
0.959331
0.478907
0.983728
0.509005
0.853979
0.8253
0.82481
0.58164
0.617051
0.777817
0.774468
0.48506
0.408305
0.38401
0.0477796
0.0325538
0.131747
0.267618
0.857239
0.620654
0.337809
0.549928
0.643097
0.527421
0.366605
0.531954
0.544234
0.93672
0.45679
0.273841
0.45315
0.0987209
0.202156
0.629176
0.558621
0.740021
0.539279
0.662641
0.00415386
0.813859
0.530009
0.868579
0.200502
0.833043
0.950252
0.877713
0.73074
0.542248
0.557991
0.154912
0.60158
0.753609
0.911278
0.85463
0.763215
0.354461
0.42299
0.199224
0.351342
0.002423
0.723432
0.728388
0.0205074
0.667745
0.797995
0.909691
0.168315
0.870893
0.104867
0.496408
0.136932
0.412596
0.505278
0.206178
0.240249
0.857393
0.201431
0.4496
0.427343
0.358699
0.655027
0.0341335
0.682329
0.90008
0.64373
0.177998
0.617902
0.0795053
0.245463
0.49389
0.817178
0.316174
0.934018
0.0469749
0.50714
0.499345
0.48388
0.579001
0.272467
0.356384
0.749856
0.822376
0.6683
0.124234
0.994167
0.961271
0.090049
0.453958
0.678082
0.524531
0.800399
0.312218
0.452776
0.806375
0.741253
0.239368
0.0631053
0.610513
0.886186
0.120517
0.523845
0.258641
0.984523
0.882791
0.0732737
0.511526
0.215392
0.0973691
0.4832
0.135495
0.270165
0.655614
0.910511
0.952547
0.457949
0.756609
0.334509
0.0976602
0.374313
0.0708088
0.0830863
0.43151
0.393833
0.15292
0.131987
0.29801
0.661226
0.227057
0.148146
0.890782
0.369035
0.375701
0.403039
0.877846
0.953014
0.302578
0.422412
0.483921
0.260341
0.55769
0.0889186
0.45439
0.939763
0.598185
0.687387
0.919823
0.468474
0.649491
0.994318
0.509185
0.874668
0.544626
0.52178
0.562507
0.0583044
0.92225
0.255676
0.147777
0.686991
0.258206
0.660114
0.533766
0.00962832
0.823114
0.070286
0.296375
0.167535
0.764973
0.897909
0.15794
0.505765
0.388334
0.736241
0.997535
0.568352
0.285625
0.498282
0.623167
0.561924
0.254579
0.717319
0.982012
0.684073
0.208745
0.376574
0.0804789
0.609587
0.328968
0.962935
0.0424121
0.819655
0.933832
0.907004
0.0203857
0.621659
0.216352
0.232282
0.971076
0.868181
0.509989
0.387168
0.139677
0.556736
0.0680276
0.34055
0.621017
0.432132
0.841715
0.707042
0.257299
0.419473
0.0797146
0.763478
0.781963
0.454348
0.219675
0.0693731
0.952903
0.438485
0.620495
0.652675
0.51327
0.524316
0.17096
0.320656
0.262635
0.100946
0.598739
0.0115046
0.357559
0.492389
0.574461
0.963489
0.352919
0.513177
0.96009
0.239395
0.50733
0.695368
0.0442733
0.102005
0.39224
0.382057
0.23694
0.244121
0.937269
0.680299
0.793311
0.170648
0.0762449
0.448489
0.75257
0.438588
0.349551
0.901596
0.130286
0.722011
0.83842
0.316814
0.688561
0.64625
0.515792
0.908926
0.321032
0.59322
0.255481
0.876151
0.471565
0.58779
0.980066
0.97658
0.376804
0.950376
0.968152
0.737028
0.235017
0.925528
0.349559
0.0381665
0.464689
0.0348833
0.283222
0.105107
0.526363
0.574802
0.705101
0.631208
0.712067
0.704473
0.071174
0.221441
0.754893
0.493321
0.24844
0.533332
0.710154
0.553482
0.365197
0.867283
0.418847
0.567946
0.466392
0.650406
0.371858
0.822227
0.169114
0.293884
0.302236
0.673295
0.0608934
0.435947
0.967831
0.333359
0.75842
0.76445
0.117873
0.0956987
0.408244
0.361886
0.212648
0.977475
0.424518
0.866412
0.787505
0.593777
0.605786
0.439326
0.750887
0.156101
0.588413
0.457751
0.426599
0.847183
0.611541
0.164281
0.0700312
0.0147323
0.605936
0.960912
0.0423865
0.390464
0.533068
0.26674
0.105801
0.199126
0.713533
0.352574
0.708867
0.932581
0.886269
0.516741
0.865249
0.248121
0.168058
0.557946
0.392115
0.271059
0.680882
0.57617
0.695835
0.90612
0.150941
0.873361
0.575029
0.508239
0.97244
0.806729
0.690929
0.449755
0.0294858
0.568652
0.334971
0.864596
0.264493
0.326187
0.225908
0.834522
0.8041
0.512319
0.550195
0.126941
0.499315
0.98977
0.0722845
0.886056
0.938955
0.0230888
0.0531061
0.5535
0.679199
0.294881
0.0599792
0.0698888
0.620724
0.511921
0.848905
0.553532
0.220212
0.107562
0.789087
0.177558
0.221545
0.503594
0.90209
0.434815
0.942859
0.623379
0.137197
0.87311
0.363026
0.369878
0.544536
0.0200801
0.486332
0.775898
0.510887
0.476463
0.915982
0.907166
0.732927
0.303651
0.464972
0.781506
0.76789
0.93257
0.703523
0.109388
0.480976
0.76754
0.0530649
0.860945
0.900326
0.77992
0.109805
0.49705
0.922326
0.533832
0.11011
0.61458
0.24585
0.0087246
0.634322
0.0540808
0.935484
0.683509
0.731982
0.425818
0.730361
0.172444
0.267599
0.53923
0.845709
0.826752
0.219118
0.711939
0.558803
0.802714
0.221913
0.693375
0.560279
0.616876
0.828395
0.838242
0.330154
0.895539
0.32122
0.745698
0.939621
0.211142
0.662004
0.296554
0.178238
0.64208
0.442488
0.90124
0.136023
0.140845
0.188518
0.428873
0.0648237
0.491686
0.761965
0.349088
0.128024
0.696062
0.713319
0.760286
0.127185
0.600904
0.393016
0.420303
0.0366433
0.863368
0.620745
0.866259
0.222264
0.584495
0.604935
0.144236
0.166248
0.122557
0.821601
0.648368
0.122954
0.491374
0.519104
0.579425
0.389501
0.348637
0.539279
0.658242
0.0799169
0.163668
0.768635
0.453391
0.145439
0.393968
0.428281
0.113133
0.433332
0.0140802
0.64599
0.152387
0.172054
0.70817
0.21977
0.668676
0.436834
0.874865
0.857653
0.572106
0.385078
0.99755
0.818122
0.182596
0.886534
0.983477
0.295539
0.118052
0.099201
0.270587
0.749569
0.997826
0.461875
0.734577
0.0376428
0.663303
0.137555
0.894382
0.881098
0.613746
0.234082
0.223554
0.269047
0.880695
0.832863
0.921368
0.438324
0.914997
0.354692
0.30944
0.760211
0.864659
0.319534
0.409255
0.356972
0.624206
0.0243068
0.524391
0.446728
0.163963
0.7306
0.200301
0.453343
0.329509
0.0534034
0.551021
0.00227987
0.317763
0.643069
0.0565711
0.790195
0.80456
0.234997
0.594183
0.434222
0.975641
0.594054
0.268353
0.20815
0.37719
0.430844
0.202869
0.611965
0.303753
0.181122
0.124614
0.391731
0.816198
0.837808
0.0418475
0.330331
0.864926
0.810344
0.449781
0.468874
0.363154
0.52897
0.400302
0.882735
0.132826
0.404751
0.657456
0.862917
0.0408832
0.123829
0.200902
0.555777
0.9372
0.515399
0.31431
0.607676
0.214659
0.774571
0.210399
0.176777
0.088498
0.386662
0.635576
0.122291
0.347352
0.941802
0.871914
0.256105
0.349915
0.0211519
0.499902
0.857515
0.256322
0.0112549
0.160739
0.537337
0.0208817
0.958096
0.716762
0.620141
0.708047
0.144757
0.923368
0.0421555
0.506738
0.747231
0.704076
0.398936
0.916302
0.282746
0.120402
0.597227
0.601334
0.622359
0.979816
0.76244
0.328627
0.242219
0.970018
0.0869748
0.785302
0.563749
0.927302
0.171258
0.336098
0.807251
0.460016
0.490631
0.0351606
0.943566
0.517199
0.560754
0.592909
0.013661
0.601013
0.22855
0.240832
0.664068
0.996108
0.58647
0.802147
0.690194
0.0842714
0.349589
0.538506
0.675485
0.883131
0.786155
0.914594
0.587144
0.137117
0.52645
0.0504331
0.628904
0.992287
0.35984
0.836018
0.949919
0.29565
0.9818
0.113456
0.855198
0.316034
0.589442
0.74563
0.798349
0.844724
0.2715
0.0997161
0.928609
0.137693
0.208373
0.132767
0.416938
0.483988
0.381571
0.0558323
0.374192
0.0482402
0.772496
0.348095
0.44024
0.115756
0.509464
0.557842
0.652446
0.656897
0.463048
0.448896
0.596002
0.00130496
0.932515
0.787501
0.53205
0.167251
0.98015
0.377296
0.220899
0.65731
0.416863
0.220577
0.236431
0.68867
0.483396
0.433105
0.191048
0.9357
0.308996
0.296962
0.0352721
0.817473
0.267503
0.921074
0.487246
0.137151
0.0937916
0.356233
0.214315
0.999
0.189648
0.406394
0.261193
0.87784
0.857556
0.936176
0.304298
0.328262
0.0983467
0.912494
0.285735
0.341439
0.561501
0.148933
0.112548
0.598333
0.184148
0.973459
0.922756
0.755927
0.86563
0.649848
0.0010881
0.287736
0.981874
0.355477
0.507563
0.613851
0.989427
0.307905
0.964341
0.684183
0.0654728
0.401433
0.887116
0.766885
0.0283715
0.840299
0.907163
0.685084
0.213152
0.449637
0.0532493
0.961768
0.435064
0.119784
0.209374
0.942047
0.989868
0.704865
0.668662
0.209165
0.440608
0.29883
0.439768
0.186141
0.474819
0.290237
0.00798204
0.154089
0.767134
0.220104
0.295788
0.317283
0.567891
0.550605
0.0192019
0.726292
0.79434
0.476362
0.222614
0.470558
0.67618
0.550557
0.216115
0.239238
0.865414
0.0103753
0.378081
0.411572
0.286976
0.205365
0.574023
0.597106
0.566736
0.138188
0.531021
0.863594
0.428219
0.0794266
0.922274
0.663125
0.136565
0.25567
0.0427236
0.0552608
0.767966
0.199393
0.199138
0.92047
0.34323
0.669191
0.100719
0.784793
0.0165867
0.771947
0.1101
0.444325
0.772807
0.570546
0.159352
0.235598
0.697345
0.274928
0.708932
0.0118059
0.421102
0.46825
0.883841
0.719091
0.764016
0.822343
0.121112
0.528238
0.0924602
0.978648
0.135878
0.703487
0.506695
0.0189869
0.112889
0.323706
0.521526
0.291305
0.968114
0.0956887
0.23943
0.0917954
0.805848
0.89413
0.635207
0.916763
0.0351331
0.481834
0.182312
0.11356
0.611075
0.344955
0.665897
0.737327
0.259131
0.214013
0.919326
0.114404
0.794444
0.227669
0.433467
0.273506
0.8162
0.875273
0.713239
0.413008
0.423107
0.167109
0.607406
0.671452
0.0885536
0.320865
0.775195
0.70718
0.578999
0.235863
0.154149
0.783764
0.715709
0.915931
0.0521191
0.966497
0.910991
0.0207589
0.895284
0.0388656
0.214159
0.375476
0.618457
0.412709
0.398571
0.775584
0.234951
0.828107
0.989368
0.304283
0.084541
0.880086
0.607155
0.461976
0.436899
0.95348
0.132539
0.5864
0.628959
0.912675
0.335264
0.777513
0.664084
0.255536
0.801071
0.607367
0.0247666
0.252657
0.408697
0.973445
0.68312
0.200392
0.98627
0.241459
0.201046
0.97641
0.52277
0.196712
0.130913
0.25207
0.539317
0.298009
0.636409
0.120731
0.123669
0.511213
0.964125
0.0561209
0.224561
0.197829
0.904111
0.391405
0.337325
0.414605
0.269229
0.929527
0.562074
0.775077
0.725066
0.187236
0.876359
0.963088
0.620449
0.89322
0.349384
0.0950604
0.679458
0.653472
0.901112
0.985478
0.924344
0.446875
0.628323
0.217793
0.448548
0.748233
0.544458
0.703035
0.91273
0.245463
0.490736
0.80745
0.807229
0.0980152
0.341778
0.266588
0.540364
0.9014
0.82255
0.59123
0.805047
0.425058
0.943341
0.73574
0.579195
0.524989
0.48807
0.98768
0.937451
0.74066
0.277684
0.0309963
0.954631
0.486869
0.801118
0.388956
0.177517
0.533763
0.962772
0.306376
0.261222
0.358035
0.490085
0.856324
0.241792
0.794881
0.558183
0.381966
0.709303
0.251715
0.578824
0.302399
0.423473
0.308109
0.390561
0.165539
0.207818
0.797536
0.195544
0.500516
0.173413
0.557185
0.608414
0.606376
0.369134
0.0295848
0.231505
0.905743
0.816192
0.740722
0.315586
0.0463087
0.310039
0.832764
0.261075
0.88041
0.0463412
0.857056
0.534928
0.539464
0.77273
0.279633
0.790425
0.671334
0.109985
0.51572
0.704902
0.284629
0.759243
0.601886
0.898813
0.352422
0.149942
0.074294
0.658913
0.352307
0.223771
0.914641
0.366252
0.592389
0.28067
0.212416
0.0746213
0.160326
0.60434
0.139717
0.227824
0.0387476
0.230112
0.493879
0.624438
0.935065
0.641749
0.870176
0.0483841
0.191463
0.916117
0.177619
0.239881
0.674436
0.244193
0.155381
0.484722
0.716868
0.394481
0.0346102
0.694167
0.870727
0.300851
0.400748
0.373306
0.160631
0.724992
0.946819
0.18924
0.564363
0.243741
0.548228
0.0700244
0.899747
0.0527523
0.607518
0.554648
0.974212
0.584702
0.087239
0.225381
0.976332
0.205506
0.940051
0.443529
0.389716
0.952821
0.0583989
0.510009
0.72137
0.0663066
0.415205
0.345961
0.567122
0.616192
0.331334
0.722855
0.0221642
0.513341
0.725186
0.197635
0.645688
0.0802269
0.373087
0.47733
0.490372
0.68085
0.0536037
0.917721
0.138757
0.0816329
0.00491879
0.670158
0.339214
0.175295
0.185711
0.246267
0.0160408
0.598323
0.0124921
0.955151
0.231224
0.182584
0.681812
0.218015
0.171521
0.747901
0.973805
0.736191
0.156498
0.254562
0.426491
0.0378051
0.3903
0.769843
0.746032
0.557115
0.431648
0.716089
0.308494
0.854399
0.882455
0.421446
0.234743
0.320758
0.9873
0.557168
0.32117
0.906476
0.142598
0.652443
0.608358
0.665686
0.184688
0.0478836
0.778899
0.947642
0.0167914
0.213076
0.170942
0.0148092
0.897412
0.80056
0.0102339
0.000633755
0.651516
0.0358315
0.22019
0.739245
0.489239
0.63549
0.687686
0.944634
0.463823
0.468132
0.890418
0.255224
0.554821
0.881841
0.10914
0.309725
0.546443
0.0620733
0.265533
0.814734
0.226546
0.552523
0.253442
0.599722
0.522311
0.473862
0.193093
0.321472
0.972688
0.972846
0.623238
0.763655
0.750411
0.158937
0.251119
0.56061
0.172846
0.0303492
0.0788894
0.893407
0.488447
0.323431
0.906927
0.717585
0.446831
0.887604
0.955372
0.938434
0.265147
0.32204
0.529804
0.422073
0.773199
0.161702
0.733006
0.636607
0.454897
0.457561
0.223759
0.717377
0.956302
0.560243
0.00409438
0.814197
0.20833
0.400775
0.819151
0.473808
0.293382
0.868884
0.340454
0.0123302
0.234392
0.434554
0.548376
0.54995
0.0156006
0.199986
0.15752
0.443633
0.133666
0.518153
0.592344
0.518906
0.244883
0.741796
0.367036
0.770821
0.185234
0.234194
0.0992606
0.273043
0.0302384
0.21673
0.581323
0.291716
0.862942
0.46706
0.882545
0.933117
0.89006
0.244346
0.718932
0.0818413
0.506969
0.621142
0.541526
0.432527
0.475901
0.475455
0.976369
0.835451
0.416619
0.115912
0.138834
0.38776
0.0833064
0.131168
0.542431
0.634012
0.846399
0.428178
0.39091
0.0169001
0.0405099
0.84986
0.590726
0.327266
0.352194
0.323364
0.777386
0.526311
0.708705
0.207314
0.323833
0.653867
0.550912
0.171778
0.076032
0.869866
0.835866
0.393804
0.659429
0.0167552
0.604419
0.477158
0.588902
0.676652
0.492506
0.554313
0.340831
0.342486
0.15435
0.153673
0.782679
0.477983
0.460523
0.0146506
0.233277
0.679787
0.180532
0.202476
0.0200651
0.234009
0.997608
0.795299
0.59621
0.500248
0.662998
0.0145002
0.705179
0.948848
0.282541
0.660912
0.948735
0.380764
0.504544
0.877862
0.233307
0.196922
0.671421
0.579746
0.786182
0.361989
0.944804
0.31536
0.261242
0.68956
0.430791
0.297772
0.66138
0.815057
0.669316
0.191909
0.418709
0.247467
0.169896
0.450402
0.900994
0.000170474
0.865163
0.800399
0.308008
0.685446
0.290711
0.987482
0.610595
0.263063
0.300509
0.656968
0.65905
0.659067
0.934524
0.538515
0.823435
0.473478
0.749166
0.236688
0.0190005
0.341575
0.857875
0.309041
0.0481601
0.426791
0.0831132
0.883115
0.518822
0.846827
0.620549
0.565911
0.263155
0.842546
0.678904
0.331288
0.95321
0.596078
0.285957
0.0712124
0.867508
0.199305
0.712668
0.81683
0.46878
0.790985
0.0865501
0.647575
0.785584
0.317407
0.664443
0.287906
0.839727
0.299582
0.0801999
0.920074
0.675539
0.787507
0.635264
0.887601
0.903139
0.0552362
0.355226
0.29106
0.841262
0.088463
0.797431
0.418582
0.108794
0.49622
0.962032
0.872694
0.361039
0.983111
0.153349
0.341153
0.753105
0.436502
0.292277
0.295681
0.517758
0.952726
0.463267
0.135719
0.0226269
0.289669
0.460712
0.1794
0.168668
0.803923
0.534378
0.290269
0.546241
0.665468
0.523168
0.882928
0.362542
0.235322
0.0613715
0.471508
0.629513
0.230211
0.14972
0.337351
0.864293
0.16746
0.50013
0.681354
0.515005
0.681994
0.276795
0.0852607
0.975975
0.204864
0.155588
0.97529
0.701917
0.123785
0.452098
0.41482
0.886788
0.246727
0.743336
0.249606
0.126913
0.0350549
0.168178
0.564572
0.76023
0.186432
0.364156
0.366472
0.298496
0.816405
0.312293
0.716742
0.290698
0.756393
0.694324
0.504715
0.738064
0.638749
0.451156
0.572684
0.0960287
0.95354
0.146297
0.807636
0.941948
0.322914
0.208293
0.779877
0.400267
0.281177
0.743816
0.312872
0.432366
0.774747
0.180944
0.133493
0.622169
0.796135
0.637139
0.395217
0.413704
0.118278
0.898528
0.552916
0.864439
0.621669
0.382811
0.909498
0.940673
0.897836
0.936362
0.430102
0.73162
0.330399
0.0232834
0.323754
0.326703
0.898949
0.643662
0.021261
0.332814
0.612885
0.755965
0.496201
0.649439
0.121897
0.728865
0.0381922
0.89712
0.892292
0.744089
0.900846
0.514531
0.726725
0.0612806
0.943409
0.876378
0.291052
0.711462
0.534247
0.0831621
0.706144
0.164161
0.0581143
0.727072
0.901364
0.230148
0.101432
0.771394
0.820622
0.19284
0.0580491
0.63106
0.217975
0.505223
0.278308
0.5147
0.557209
0.0177405
0.164234
0.28309
0.890135
0.490789
0.690147
0.296665
0.044279
0.196907
0.419459
0.852194
0.828439
0.579642
0.0363624
0.143316
0.706867
0.318865
0.162301
0.794681
0.195497
0.724375
0.570963
0.177383
0.274831
0.0794423
0.186626
0.614995
0.217533
0.0811758
0.321702
0.839697
0.793968
0.212935
0.793838
0.0424164
0.892902
0.995991
0.617215
0.52697
0.790234
0.455377
0.522846
0.465961
0.403243
0.300802
0.583112
0.357504
0.561411
0.62841
0.687992
0.0851264
0.719218
0.88904
0.0941176
0.8338
0.670708
0.58553
0.995879
0.737117
0.730276
0.746104
0.768786
0.980471
0.776466
0.063268
0.345328
0.924723
0.821883
0.391344
0.311014
0.206757
0.965303
0.844477
0.130396
0.562178
0.529319
0.26259
0.342179
0.0101788
0.0755178
0.227269
0.708721
0.481346
0.987947
0.418619
0.726631
0.483829
0.712982
0.090058
0.605062
0.278158
0.996487
0.958496
0.449271
0.897786
0.0967801
0.582342
0.415076
0.178847
0.885123
0.258081
0.568454
0.0075827
0.442429
0.906156
0.76395
0.702155
0.117495
0.738472
0.499078
0.00395713
0.507539
0.207568
0.599769
0.32442
0.518693
0.671355
0.456192
0.221316
0.661934
0.131865
0.250757
0.480452
0.964456
0.612037
0.505751
0.149239
0.256813
0.254942
0.806821
0.246522
0.29514
0.410141
0.244824
0.749381
0.849348
0.993545
0.513906
0.217421
0.198597
0.827528
0.268681
0.715284
0.783346
0.694282
0.789298
0.737312
0.000641634
0.783946
0.786745
0.817847
0.558127
0.443663
0.643882
0.729637
0.0145081
0.838306
0.406624
0.129071
0.299656
0.319443
0.876524
0.733466
0.366696
0.0651706
0.323082
0.0417595
0.852235
0.506719
0.433589
0.327216
0.515649
0.512265
0.635707
0.33101
0.284233
0.0978056
0.818895
0.162011
0.916685
0.717517
0.305973
0.492688
0.61195
0.0500537
0.252182
0.42249
0.789054
0.63343
0.0568242
0.0435683
0.251669
0.792634
0.805429
0.846437
0.0677569
0.790494
0.839435
0.387941
0.121268
0.154392
0.860347
0.855721
0.104945
0.815535
0.699586
0.934047
0.526363
0.591277
0.592145
0.180411
0.170594
0.179507
0.980261
0.250358
0.765122
0.412255
0.776986
0.805205
0.0816169
0.735535
0.13949
0.404024
0.437754
0.337399
0.671074
0.740351
0.0747683
0.630203
0.825673
0.0897168
0.871057
0.854599
0.24597
0.0220424
0.467247
0.0120048
0.764621
0.989799
0.544747
0.55925
0.321046
0.814253
0.145694
0.681661
0.66859
0.00010861
0.825407
0.610631
0.874138
0.63947
0.56492
0.602701
0.592197
0.0488329
0.735105
0.901663
0.25755
0.635788
0.695397
0.529915
0.284835
0.213693
0.540043
0.509556
0.0995508
0.149794
0.593711
0.493886
0.734227
0.147157
0.273208
0.814227
0.707191
0.750929
0.857993
0.291867
0.409862
0.54638
0.0113362
0.528248
0.266597
0.694434
0.354297
0.668922
0.577727
0.860883
0.8556
0.063656
0.866556
0.20824
0.889338
0.109967
0.218381
0.321255
0.327228
0.723431
0.709002
0.201406
0.0333624
0.721619
0.245243
0.806411
0.341379
0.556963
0.879211
0.902629
0.47795
0.910924
0.905016
0.605131
0.432923
0.134052
0.0125756
0.358936
0.638132
0.0868044
0.921375
0.54632
0.00493559
0.952533
0.222611
0.41532
0.282471
0.488193
0.0634836
0.968076
0.451477
0.969474
0.95091
0.937539
0.224516
0.447702
0.533269
0.643694
0.55678
0.805968
0.907056
0.891241
0.0944209
0.931764
0.149762
0.047117
0.894762
0.258525
0.0219438
0.809348
0.704653
0.111194
0.839103
0.79701
0.340015
0.62477
0.506955
0.391564
0.0120489
0.506005
0.432932
0.281313
0.0275974
0.828678
0.599014
0.635144
0.857425
0.737819
0.523448
0.593705
0.404141
0.39041
0.620928
0.932146
0.572315
0.902201
0.290315
0.316285
0.799981
0.286424
0.928058
0.863798
0.848624
0.828206
0.649865
0.28218
0.598935
0.302626
0.233615
0.375662
0.751987
0.643863
0.413076
0.574053
0.114234
0.926088
0.759852
0.838487
0.458806
0.156456
0.552443
0.908441
0.17314
0.969665
0.15544
0.479508
0.0905052
0.120169
0.676929
0.139413
0.116023
0.000884055
0.858315
0.701563
0.170555
0.523556
0.403624
0.701489
0.921616
0.591786
0.150702
0.854786
0.393102
0.865873
0.723802
0.944404
0.593362
0.638846
0.0787743
0.960333
0.312464
0.586876
0.617592
0.87378
0.622604
0.102622
0.764629
0.122675
0.793314
0.226411
0.282985
0.13641
0.63476
0.405155
0.433753
0.0944869
0.041394
0.708903
0.525303
0.769116
0.530212
0.274341
0.842079
0.823076
0.43491
0.532582
0.105058
0.712663
0.722507
0.175358
0.235642
0.43516
0.736829
0.889471
0.335693
0.986875
0.407623
0.920946
0.332544
0.0740838
0.125722
0.0124631
0.467882
0.688534
0.195224
0.124599
0.129813
0.77258
0.750096
0.856533
0.741963
0.176796
0.415218
0.563166
0.135356
0.930698
0.248445
0.611995
0.796462
0.142575
0.257673
0.710786
0.177629
0.413383
0.735661
0.258581
0.970155
0.401608
0.823069
0.326577
0.786518
0.0161883
0.0775366
0.158407
0.3423
0.0440644
0.589749
0.91598
0.870405
0.899936
0.225453
0.185302
0.373792
0.316592
0.964008
0.0759478
0.45417
0.228444
0.458283
0.354365
0.816714
0.515123
0.67062
0.107997
0.108393
0.763945
0.63052
0.15212
0.682958
0.474421
0.585433
0.374107
0.608196
0.951016
0.724417
0.274616
0.476839
0.238139
0.395503
0.223407
0.797519
0.904888
0.45014
0.502958
0.208586
0.698751
0.900115
0.226177
0.35173
0.521585
0.280973
0.316038
0.655496
0.924562
0.107268
0.851837
0.826984
0.115249
0.98517
0.755903
0.470039
0.940809
0.174472
0.358168
0.729092
0.844445
0.590392
0.717872
0.273298
0.320787
0.468332
0.264241
0.0910882
0.919534
0.615312
0.540912
0.111604
0.727779
0.77968
0.0773468
0.967087
0.836118
0.63986
0.118706
0.0834163
0.977792
0.752005
0.954179
0.886376
0.325078
0.591964
0.147051
0.49159
0.15752
0.44483
0.258947
0.125767
0.765814
0.0322928
0.745638
0.939622
0.233337
0.703171
0.193247
0.910012
0.569966
0.410741
0.319771
0.39636
0.625452
0.977571
0.0407645
0.129655
0.109407
0.808471
0.966285
0.357772
0.0757152
0.545376
0.127072
0.691771
0.591128
0.0804283
0.758062
0.754542
0.592669
0.990759
0.67869
0.736441
0.358671
0.181461
0.814111
0.759888
0.439247
0.430962
0.176593
0.99522
0.654352
0.699242
0.16145
0.489971
0.950916
0.0518905
0.123139
0.597065
0.870346
0.905799
0.769452
0.174856
0.799434
0.0910271
0.892323
0.280618
0.342374
0.281789
0.0278685
0.386474
0.471469
0.972998
0.182852
0.197267
0.471035
0.684582
0.776115
0.162499
0.114579
0.736001
0.968418
0.205024
0.84289
0.447916
0.123373
0.526333
0.0745723
0.335834
0.361435
0.630235
0.353726
0.0758207
0.317751
0.43765
0.584246
0.417303
0.614547
0.693317
0.572419
0.654181
0.813417
0.10129
0.383913
0.429122
0.255672
0.0834051
0.788684
0.40443
0.262779
0.523239
0.0703208
0.881145
0.40799
0.0834366
0.318466
0.460385
0.698249
0.467969
0.150156
0.666386
0.952151
0.793851
0.25077
0.691897
0.720878
0.801027
0.856365
0.921692
0.87715
0.259338
0.694877
0.797518
0.893109
0.485769
0.316948
0.940137
0.884058
0.366539
0.424029
0.660331
0.180494
0.568165
0.145412
0.933856
0.321716
0.0762416
0.392076
0.628193
0.0354257
0.3994
0.715349
0.872471
0.624417
0.58154
0.94832
0.422167
0.363275
0.562582
0.310711
0.12526
0.241755
0.176488
0.231391
0.983038
0.927779
0.181218
0.737676
0.119094
0.606734
0.381898
0.566082
0.132388
0.0425954
0.901679
0.514802
0.282885
0.442337
0.359752
0.343928
0.402148
0.896578
0.792799
0.572411
0.505284
0.306998
0.710035
0.565153
0.53243
0.557152
0.0595816
0.387445
0.790309
0.730434
0.396214
0.173842
0.765435
0.673587
0.97583
0.772288
0.843353
0.240256
0.985213
0.476587
0.995722
0.101298
0.51322
0.696458
0.366806
0.900885
0.16898
0.048107
0.533928
0.726091
0.405538
0.877172
0.629314
0.880736
0.527915
0.660796
0.991383
0.174563
0.880279
0.855819
0.745532
0.161299
0.95404
0.550651
0.792972
0.472793
0.22573
0.838955
0.321075
0.308433
0.836251
0.86852
0.213871
0.521781
0.565309
0.148833
0.428955
0.452423
0.878448
0.0743797
0.100178
0.693683
0.72188
0.629685
0.116857
0.0213472
0.781968
0.544351
0.904238
0.530578
0.42942
0.261715
0.651137
0.665762
0.457514
0.432983
0.139263
0.594547
0.550913
0.202426
0.17801
0.820308
0.909782
0.710305
0.103602
0.243472
0.0386507
0.601883
0.846283
0.470788
0.527019
0.614609
0.725216
0.698248
0.460307
0.374661
0.928776
0.933671
0.214725
0.889727
0.635218
0.11232
0.769845
0.79202
0.473158
0.368522
0.744264
0.848781
0.458578
0.31662
0.430522
0.780423
0.576215
0.445508
0.64777
0.0735439
0.0521975
0.283166
0.170779
0.282138
0.900228
0.135052
0.812871
0.926484
0.4241
0.843545
0.457919
0.24759
0.248306
0.28311
0.228382
0.422455
0.196567
0.696716
0.711513
0.393981
0.640727
0.706393
0.339803
0.0719113
0.612649
0.7995
0.198161
0.49091
0.720706
0.907336
0.600728
0.432285
0.411973
0.0320462
0.601161
0.709298
0.168153
0.14986
0.704374
0.416014
0.952315
0.563329
0.870171
0.969236
0.949811
0.479494
0.848835
0.364809
0.340185
0.481989
0.796499
0.760169
0.167611
0.0379709
0.17684
0.141622
0.242973
0.643336
0.542693
0.0395852
0.308874
0.242516
0.971271
0.153581
0.231923
0.922951
0.0439569
0.784261
0.0690196
0.011812
0.525052
0.553152
0.833731
0.510143
0.978464
0.0382559
0.967704
0.209407
0.507323
0.569692
0.810471
0.591741
0.388422
0.205759
0.190326
0.801674
0.727646
0.538615
0.494788
0.894287
0.288142
0.806961
0.593619
0.951653
0.423846
0.584787
0.512812
0.833491
0.485769
0.327036
0.492346
0.859319
0.566559
0.160998
0.898722
0.821005
0.624785
0.758479
0.752999
0.655894
0.603945
0.506408
0.191643
0.947473
0.182949
0.826905
0.795433
0.847191
0.741184
0.0877415
0.672193
0.554168
0.895223
0.0198332
0.336454
0.784499
0.0780303
0.454562
0.817715
0.331329
0.654492
0.0395847
0.300852
0.416283
0.475816
0.0371955
0.145504
0.489785
0.823225
0.947926
0.790204
0.951594
0.435423
0.151371
0.0942508
0.07373
0.180288
0.0955578
0.0395858
0.318766
0.506281
0.0563984
0.887348
0.649711
0.687363
0.508352
0.869263
0.699677
0.463633
0.271678
0.0954468
0.173928
0.209291
0.55397
0.5793
0.300526
0.939915
0.144705
0.05828
0.512743
0.672449
0.854898
0.277488
0.745275
0.839648
0.971267
0.0921829
0.317975
0.199199
0.933672
0.225283
0.334203
0.946798
0.831348
0.472849
0.167962
0.936345
0.157025
0.115116
0.749497
0.80288
0.00930581
0.402774
0.418201
0.695961
0.0110685
0.0282893
0.458397
0.27991
0.453344
0.359359
0.738527
0.429719
0.293883
0.292007
0.753405
0.484737
0.980225
0.641052
0.153702
0.271107
0.488265
0.277471
0.452084
0.171029
0.484687
0.140941
0.791727
0.550161
0.548259
0.59526
0.532247
0.48153
0.0765215
0.0967183
0.544166
0.795941
0.377253
0.486473
0.151271
0.413428
0.492197
0.358872
0.558625
0.81661
0.768074
0.0163238
0.354345
0.474044
0.264607
0.247193
0.570621
0.42767
0.854931
0.829044
0.739357
0.369125
0.880665
0.330472
0.247672
0.621482
0.245729
0.960188
0.881351
0.872207
0.180754
0.924651
0.602879
0.591614
0.24845
0.696809
0.271472
0.637452
0.649153
0.309338
0.0383314
0.235889
0.592598
0.793731
0.237069
0.413622
0.738293
0.498033
0.44448
0.379927
0.438532
0.404282
0.767544
0.119472
0.959077
0.211485
0.426289
0.639815
0.365746
0.0958946
0.700954
0.940113
0.483802
0.260978
0.256642
0.375284
0.398439
0.557458
0.189649
0.434506
0.744928
0.0121574
0.328829
0.636092
0.805695
0.312523
0.58041
0.945184
0.702617
0.880901
0.30511
0.976456
0.295569
0.632526
0.867242
0.742046
0.574641
0.984945
0.962948
0.259469
0.888671
0.891837
0.109763
0.786948
0.235732
0.951738
0.86634
0.577595
0.640957
0.556606
0.880831
0.132586
0.37965
0.773014
0.0457118
0.278035
0.933628
0.491373
0.509657
0.813314
0.373877
0.757928
0.489223
0.374504
0.297065
0.773955
0.857873
0.279066
0.258432
0.458407
0.453108
0.384596
0.905139
0.665947
0.568683
0.860676
0.389363
0.0295897
0.314198
0.734012
0.542026
0.838016
0.534216
0.569071
0.383454
0.717362
0.706899
0.845548
0.129292
0.010443
0.514775
0.828384
0.648366
0.0918757
0.154817
0.0103695
0.279751
0.770802
0.861708
0.725108
0.886452
0.593889
0.498178
0.881886
0.850978
0.38205
0.108118
0.132128
0.673666
0.299128
0.444583
0.102441
0.721862
0.335249
0.53373
0.393521
0.905355
0.308112
0.440689
0.665072
0.859907
0.451631
0.569699
0.934104
0.49418
0.685697
0.501893
0.314375
0.69994
0.891448
0.564547
0.340111
0.237965
0.47046
0.0273906
0.353191
0.0872825
0.957295
0.258741
0.659632
0.441739
0.302804
0.233862
0.518285
0.807856
0.630586
0.266306
0.797091
0.714904
0.394164
0.716326
0.294839
0.363714
0.942104
0.94884
0.161584
0.744396
0.06848
0.942975
0.58689
0.863638
0.158764
0.342723
0.145469
0.901039
0.761574
0.781958
0.37538
0.00339214
0.0116721
0.173072
0.81706
0.322305
0.972498
0.768277
0.423581
0.11964
0.784694
0.351441
0.660604
0.766144
0.583607
0.682608
0.595103
0.899762
0.299572
0.914743
0.0796944
0.423423
0.465068
0.403098
0.871442
0.332907
0.176257
0.349911
0.948547
0.223842
0.106941
0.359049
0.529593
0.876367
0.104432
0.192903
0.125339
0.570766
0.871368
0.0823633
0.279241
0.197898
0.0785671
0.478045
0.494394
0.288002
0.451944
0.820864
0.265361
0.929949
0.660912
0.941973
0.732115
0.661546
0.604148
0.922414
0.0161852
0.024873
0.0406303
0.874087
0.787327
0.599009
0.539615
0.307183
0.819256
0.239938
0.636805
0.788312
0.163824
0.398194
0.440216
0.710827
0.875843
0.294077
0.55327
0.8128
0.733707
0.407498
0.814416
0.884563
0.856772
0.773514
0.448376
0.851208
0.253723
0.325761
0.0625965
0.0593277
0.120407
0.678223
0.885904
0.381838
0.550031
0.37058
0.337247
0.106952
0.540973
0.125479
0.922082
0.426749
0.367337
0.831625
0.12287
0.0817116
0.327317
0.215607
0.70369
0.912136
0.267515
0.123104
0.00370875
0.332938
0.688297
0.2097
0.426751
0.408723
0.403449
0.763814
0.423609
0.600468
0.0717841
0.47562
0.748759
0.386909
0.779137
0.962695
0.00671346
0.833047
0.0270204
0.131877
0.463345
0.441392
0.471823
0.92557
0.0622204
0.737617
0.129723
0.257246
0.535093
0.309654
0.36207
0.317056
0.75652
0.831619
0.0277408
0.239897
0.944626
0.323253
0.917919
0.463226
0.440205
0.52247
0.155896
0.140788
0.220545
0.703697
0.0429693
0.184719
0.577275
0.257964
0.602846
0.029015
0.654549
0.00822317
0.206739
0.66459
0.768043
0.507101
0.848159
0.0137558
0.193773
0.746891
0.991163
0.469716
0.522128
0.408398
0.946082
0.806453
0.054416
0.570227
0.8133
0.140198
0.302649
0.625513
0.998866
0.93289
0.0905694
0.199723
0.73635
0.826346
0.39792
0.848078
0.650559
0.941834
0.411871
0.311184
0.0723039
0.211054
0.177146
0.289698
0.958484
0.245801
0.17837
0.869614
0.596212
0.532438
0.677921
0.81919
0.133172
0.220495
0.861674
0.155419
0.119315
0.326881
0.896425
0.221907
0.592846
0.957391
0.866512
0.467451
0.443077
0.799405
0.607444
0.303932
0.183365
0.809373
0.126957
0.758705
0.546683
0.099478
0.927378
0.443505
0.987401
0.252821
0.166811
0.599977
0.821531
0.469333
0.0867082
0.30519
0.33538
0.727876
0.40704
0.124249
0.248547
0.334
0.529836
0.959196
0.2116
0.354965
0.89156
0.452111
0.623855
0.129572
0.709278
0.82971
0.92975
0.307821
0.549709
0.965901
0.892275
0.472788
0.14342
0.456037
0.619902
0.684996
0.723215
0.0747573
0.445642
0.901553
0.405009
0.983646
0.137606
0.750438
0.615903
0.479493
0.844162
0.836749
0.243807
0.667861
0.734458
0.0415352
0.0819751
0.755735
0.636885
0.129963
0.292233
0.551762
0.456381
0.400035
0.392278
0.0115009
0.295089
0.557764
0.332779
0.0181356
0.80483
0.780951
0.449964
0.541225
0.363419
0.976672
0.930691
0.120523
0.626848
0.427471
0.506169
0.177178
0.822885
0.233377
0.369586
0.635908
0.703197
0.628699
0.541006
0.694487
0.245431
0.956094
0.0665283
0.140854
0.331553
0.413489
0.507692
0.781497
0.615996
0.0471777
0.91543
0.627627
0.534433
0.207652
0.0111534
0.45452
0.115682
0.260195
0.101485
0.664101
0.546889
0.558311
0.526697
0.193228
0.578604
0.602327
0.303372
0.779935
0.367692
0.798707
0.873298
0.514329
0.32335
0.538729
0.412999
0.28001
0.130191
0.119695
0.71244
0.972385
0.871102
0.611432
0.344697
0.323515
0.310954
0.202164
0.774817
0.34532
0.799462
0.559584
0.928162
0.615652
0.267122
0.523526
0.895395
0.900602
0.423203
0.769519
0.311839
0.0831445
0.409814
0.748889
0.5738
0.857127
0.735454
0.778476
0.851128
0.916619
0.620808
0.915721
0.518889
0.968964
0.377075
0.501402
0.0604198
0.476279
0.82808
0.541316
0.89745
0.435451
0.618684
0.215581
0.267518
0.179665
0.627304
0.0926015
0.352801
0.518525
0.844791
0.400164
0.558758
0.0389391
0.449168
0.169982
0.893905
0.862177
0.601401
0.754145
0.922435
0.359293
0.641505
0.777955
0.0958709
0.303015
0.769737
0.97559
0.73637
0.173688
0.176496
0.367883
0.0020637
0.684598
0.0395191
0.198296
0.767303
0.064841
0.782561
0.495399
0.176493
0.318827
0.523208
0.550439
0.220492
0.813252
0.331123
0.189187
0.658515
0.665528
0.521421
0.527805
0.821387
0.0596491
0.522503
0.715724
0.170311
0.424847
0.406284
0.416229
0.554277
0.725717
0.130026
0.354052
0.546555
0.941654
0.380734
0.988912
0.642228
0.93226
0.491631
0.834752
0.672714
0.298687
0.0389826
0.180402
0.00860417
0.610368
0.461302
0.109927
0.548842
0.395017
0.0475197
0.663295
0.00460891
0.461975
0.41349
0.523955
0.117021
0.763856
0.122152
0.00574908
0.624817
0.293145
0.888534
0.589085
0.746358
0.0329986
0.607416
0.847475
0.504947
0.640166
0.275312
0.175117
0.190059
0.316327
0.500496
0.839227
0.893631
0.261156
0.245743
0.208096
0.472329
0.426393
0.382332
0.859663
0.354065
0.776877
0.967221
0.0897604
0.603644
0.449258
0.682154
0.967641
0.144504
0.686641
0.375922
0.121621
0.0848151
0.487775
0.0330091
0.78376
0.656917
0.804066
0.944939
0.586706
0.763503
0.199351
0.496127
0.407112
0.339559
0.962441
0.750851
0.556922
0.186891
0.0698894
0.631149
0.720254
0.315195
0.475508
0.866172
0.761198
0.452515
0.425361
0.0443574
0.514531
0.726858
0.297423
0.7887
0.673431
0.348095
0.433768
0.334005
0.623862
0.254183
0.0539405
0.57765
0.55715
0.0277752
0.817874
0.01028
0.776297
0.230161
0.323709
0.576115
0.767378
0.315237
0.180359
0.29091
0.33212
0.942047
0.97553
0.727637
0.399712
0.962124
0.411029
0.165601
0.254031
0.50598
0.00380394
0.932851
0.432176
0.583295
0.43862
0.883998
0.354073
0.906528
0.0222198
0.447528
0.60173
0.271313
0.960035
0.308753
0.217404
0.9109
0.498436
0.217037
0.736435
0.259699
0.754592
0.429206
0.67032
0.0647631
0.473092
0.250376
0.07201
0.272004
0.57288
0.394178
0.95053
0.563149
0.852981
0.0473022
0.00842002
0.515235
0.554537
0.0951323
0.88792
0.271801
0.163307
0.693698
0.980705
0.715877
0.740468
0.03986
0.927277
0.743602
0.716741
0.26563
