0,0
1,0
0,1
-1,0
0,-1
-1,1
-2,0
-3,0
1,-1
-1,1
-2,1
-2,0
3,0
-3,-1
0,1
0,2
0,3
-3,0
1,0
0,0
1,0
-1,-1
2,0
2,0
-2,-1
0,2
1,1
0,3
0,4
2,0
-3,-1
-1,-1
0,4
-3,0
0,3
2,0
-4,0
-3,-1
-4,1
-1,-1
0,-1
0,2
1,1
2,-1
-5,0
0,-1
-2,-1
-4,0
0,3
2,1
0,-2
-5,1
-1,4
-1,2
0,2
2,1
0,-3
2,-1
0,4
0,4
2,-2
-4,-1
1,1
-1,4
3,1
-2,-2
3,-1
0,0
0,-4
-5,1
-6,2
3,0
-6,1
3,-2
-6,2
1,2
4,-3
4,-2
-7,2
-7,2
4,-2
-6,2
0,5
-1,-4
5,-2
-1,-4
3,2
-7,2
3,3
5,-2
4,-4
-6,3
-7,2
0,-4
0,5
1,6
5,-3
1,5
2,5
2,6
3,6
5,-2
-4,-1
5,-4
4,2
2,7
6,-2
0,-5
0,-5
-3,-2
3,6
3,6
-8,2
-2,-2
3,6
0,-5
-8,3
4,3
-6,1
6,-2
-1,3
4,6
4,6
5,2
-8,1
-8,3
-1,-5
4,6
4,7
-1,4
-8,3
4,7
5,3
-2,-6
7,-2
-8,3
0,5
4,7
-9,3
5,6
5,7
-10,2
5,6
-2,-5
-2,3
5,8
4,-4
-2,-3
7,-2
6,-4
6,9
-2,-6
6,9
5,6
8,-3
4,8
8,-3
0,6
5,-4
6,-1
-4,0
0,6
-8,3
5,6
-8,3
0,-5
5,-4
7,-3
-2,-4
7,-2
7,0
4,-4
4,9
3,9
6,9
-9,3
0,-5
6,9
8,-3
-10,3
-3,-7
8,-2
-7,3
7,-3
-1,-6
1,-6
5,7
7,0
-10,2
5,2
-11,3
9,-4
3,9
-10,4
-12,2
-7,4
-6,3
-10,3
-11,1
-10,4
6,2
-11,3
-10,4
-10,5
-3,-7
-6,1
-9,6
6,-5
9,-4
0,-1
9,-4
-2,-5
9,-4
-2,-7
-2,-8
0,-6
-4,-8
9,-4
-3,-4
-5,0
-11,4
-12,3
-2,-7
-10,2
9,-5
6,10
-5,0
1,-7
-3,-3
-11,2
7,-2
6,-5
3,8
-4,-2
9,-6
5,11
0,-7
8,0
2,8
-13,3
5,10
-12,1
0,7
8,1
-10,1
10,-5
-11,5
-2,-8
1,9
-10,1
6,6
-12,4
-13,2
-8,1
-11,5
5,11
-12,2
-11,6
6,11
-10,1
-2,-5
-2,-9
-14,2
-14,1
6,11
-12,7
3,9
8,-2
10,-3
9,2
2,9
5,11
-12,7
-12,7
-15,1
-1,-9
10,-6
7,9
7,6
-15,2
8,1
-14,0
6,11
-4,-9
7,6
5,12
0,-2
-2,-8
7,6
0,-9
5,12
6,12
8,6
-5,-3
7,12
8,0
4,11
8,12
-11,8
-10,7
7,9
-15,1
-6,-3
-12,6
-3,-9
-16,1
10,-5
-11,8
10,-6
-10,8
-16,2
7,13
-1,-9
-3,-5
-10,6
1,9
1,10
-11,9
7,-6
-13,0
-4,-9
8,13
-15,1
-14,0
-10,7
-11,9
-11,9
-14,0
11,-5
-6,-2
9,14
-14,0
7,14
-10,9
-16,1
7,12
11,-7
0,-9
10,-4
8,-6
9,14
-4,-8
0,-9
9,15
9,-7
-14,0
11,-7
-5,-2
-1,-10
9,13
6,2
12,-7
8,-6
11,-7
-5,-8
-4,-9
-11,9
-16,0
-16,1
12,-7
-17,1
11,-7
7,10
-11,10
12,-7
10,15
8,10
-14,0
8,10
7,7
12,-8
9,1
-17,1
-18,0
11,-9
-15,2
7,14
9,2
7,9
13,-8
10,-4
-11,11
-1,-10
7,15
-18,0
0,6
1,-9
0,-9
1,-10
10,-4
10,13
-6,-8
-11,12
-12,9
-11,12
11,-8
-15,-1
-19,0
-12,12
-14,-1
-11,12
9,12
-17,0
8,12
6,5
-18,0
-10,12
-7,-8
12,-9
-14,-2
12,-9
-3,-10
2,-7
-14,-2
-12,11
-18,1
12,-7
10,12
8,9
-12,11
9,15
0,10
-14,-2
10,11
-4,-10
12,-9
1,-11
-4,-8
13,-6
6,-6
9,16
-17,0
8,15
-7,-8
-4,-10
-4,-11
12,-10
-12,9
12,-6
13,-10
-10,12
-14,2
10,16
10,16
12,-6
-14,-3
-11,13
13,-9
1,-12
-7,-8
9,2
11,13
-1,5
-17,-1
-13,9
-10,13
-17,0
10,12
10,17
-6,-1
13,-11
1,-12
1,-11
7,9
-13,4
14,-10
10,2
11,17
6,15
-8,-8
0,-13
-14,-3
8,10
1,-12
13,-6
8,2
-13,4
14,-11
9,-7
6,15
14,-11
9,0
-10,13
-12,12
11,-4
-13,11
-13,11
-9,7
-10,13
14,-11
14,-11
-5,-11
-12,8
2,-12
-14,-3
-11,13
8,12
12,-10
11,13
-1,6
0,5
0,-12
13,-9
-10,14
10,12
-19,0
-15,-3
11,17
8,6
5,15
8,7
-18,0
-14,11
11,11
12,17
11,18
-19,1
8,15
11,12
-19,0
11,13
12,17
0,-13
-15,3
6,16
14,-11
-14,12
-20,1
13,17
10,17
0,-14
-8,-9
-17,-1
-8,-9
-20,1
8,16
-9,5
-14,12
2,-11
7,-6
-6,-3
-14,12
-21,1
13,-11
-15,-3
-10,14
-21,1
13,-7
13,18
-9,-8
-16,2
12,14
-11,14
-7,-4
5,16
-14,-3
5,17
-21,0
-19,2
6,17
-20,1
0,-13
-12,14
14,-6
-6,-11
-17,-2
9,2
-19,2
7,16
11,-9
-16,-2
14,-6
3,-11
8,6
-8,-9
9,2
-15,12
-20,2
14,-12
1,-13
0,-14
13,18
14,-13
8,6
-8,8
14,-5
0,-15
9,6
-9,-9
-21,0
11,18
0,-14
-17,-1
-14,-3
0,-15
14,-13
15,-6
-15,12
13,17
-9,-9
-8,7
-15,12
-19,0
14,18
11,-9
-22,0
-3,-10
-13,4
12,-10
-9,13
-13,7
13,-14
1,-13
5,18
-13,14
-21,0
-14,11
11,18
14,-14
-16,11
13,-9
-9,-10
2,-11
0,11
-10,14
-17,-2
-15,11
-20,3
5,18
9,6
1,-13
0,-15
14,19
-20,4
14,-14
13,-15
0,11
-16,12
-12,14
8,-8
14,-6
-21,1
14,-9
14,-14
0,-14
15,-13
10,0
12,-13
15,-6
-12,13
15,-15
-9,-10
9,0
-18,2
-10,-9
15,-13
-21,0
15,-13
14,16
12,13
-16,12
14,16
12,14
5,18
13,-16
2,-12
14,16
-22,-1
-12,15
16,-14
13,19
15,-13
-15,13
-22,-1
-10,14
1,-16
-9,-9
8,16
14,18
0,-14
-17,-2
13,20
-21,2
4,18
15,-15
-14,-3
-23,-1
-21,1
5,19
16,-13
11,11
13,-16
15,-6
10,19
-23,-2
14,-12
3,-11
-18,-3
16,-13
-24,-1
13,-17
-9,12
4,19
14,19
-17,-3
14,-17
14,18
-23,-1
14,-7
15,16
-23,-2
-7,-9
-12,15
-13,15
-8,13
13,-16
-15,13
-23,0
-16,12
16,17
-23,-2
-24,-2
13,19
4,-11
-24,0
15,18
14,-16
-11,14
4,16
11,12
-15,11
4,-11
9,5
-19,2
-16,12
13,-17
16,-5
17,-14
4,19
14,-5
15,-8
-13,15
-8,13
12,-13
-13,15
-22,2
11,-4
4,18
15,-8
-15,13
-10,14
15,-11
-23,-3
14,-18
15,17
16,-14
-11,15
-8,14
0,12
-9,15
-11,16
14,20
15,20
13,-18
-6,-11
17,-5
12,11
17,-5
4,20
-8,7
0,12
14,-19
-25,-1
17,-5
-26,-1
-23,-3
-21,3
4,20
13,-17
-24,-3
-14,15
15,20
14,-18
-26,-2
9,5
17,-14
-11,15
15,-15
14,-19
-17,13
-20,4
15,-8
-17,11
13,13
0,13
15,20
4,21
-17,11
17,-14
3,21
16,17
-21,3
17,-15
17,-6
13,-17
-26,-1
10,5
13,-18
-25,-1
12,20
4,22
14,-19
18,-6
5,19
-11,16
3,22
16,20
3,23
15,-18
17,-16
-26,0
-14,16
3,24
3,23
-6,-12
0,-15
16,19
3,24
3,23
-27,-2
3,24
-28,-2
2,24
-13,-4
5,20
18,-5
11,6
18,-14
2,24
-17,11
10,6
11,5
-10,15
0,-14
17,-16
17,19
18,-5
-13,-5
19,-14
-26,0
0,13
-11,17
-12,17
0,-16
17,16
-18,10
-6,-12
14,-19
-26,-3
5,21
-7,-13
12,-17
17,18
2,24
19,-14
11,5
-16,13
-10,-10
14,-20
-7,-14
18,-6
17,-6
-28,-2
15,-5
18,-4
-16,10
19,-5
-24,-4
17,-17
4,25
14,-20
-4,-12
-12,17
3,25
4,24
11,-18
-12,17
20,-13
19,-7
1,23
16,16
-8,-13
13,-21
-28,-3
17,16
-11,18
17,-17
-27,-3
12,-19
2,26
1,-16
-27,0
13,21
-11,16
13,-20
18,18
18,18
-11,17
-10,-8
16,15
4,15
2,26
-7,-14
18,16
19,16
-12,17
3,26
-29,-2
-15,16
11,6
18,-4
-18,12
11,10
19,-14
18,-15
15,20
6,20
16,-18
-27,-3
1,26
-8,-15
-24,-3
17,-17
3,-12
17,-15
18,16
19,-7
17,-17
17,15
13,22
20,-14
-28,-3
15,-19
-8,-14
-29,-1
-20,4
18,18
-22,-4
1,-17
2,27
13,20
-9,-15
15,15
12,-20
-10,-8
-10,18
-10,19
18,-17
18,-17
4,25
-28,0
19,-7
19,18
-29,-1
-8,-15
-22,-4
3,-12
-28,-4
-17,14
0,-17
2,-17
19,17
-28,0
19,-14
19,-13
19,-5
1,26
15,21
2,-17
20,-6
19,17
-17,14
20,-15
2,-18
13,22
-28,0
13,20
14,21
-24,0
15,-19
-19,4
-24,-4
17,19
16,-19
13,-21
18,-4
-17,14
20,-7
-6,-14
0,26
16,20
-8,-15
20,-5
0,-17
10,19
1,-18
17,15
0,-18
15,-20
-6,-14
21,-5
13,-22
19,-13
-28,-5
-22,2
19,17
2,27
20,-8
13,-22
15,21
21,-4
20,17
17,-19
2,27
4,22
21,-8
21,-15
13,21
17,-18
-8,-16
13,22
-17,14
1,-18
-9,18
0,-18
19,-16
5,16
13,-21
12,21
-22,-4
-9,-16
14,-22
22,-5
13,23
-28,0
14,15
22,-5
19,16
13,23
-9,-15
-28,0
15,-23
-7,-16
-24,-5
-18,-3
-11,18
-15,17
15,-23
-24,-5
3,26
1,27
14,-24
13,23
12,11
14,-23
-15,17
-6,-16
-16,16
19,16
19,-13
-18,14
-10,-15
-10,-15
18,19
20,18
0,25
0,25
19,17
17,14
12,6
22,-5
16,21
-25,0
15,-23
-25,-5
-17,-2
-28,-5
0,26
-9,18
13,-5
14,22
16,-23
0,-16
17,20
15,-5
16,-23
2,27
17,21
14,-24
18,18
-6,-17
17,-4
-9,-11
22,-4
16,22
14,21
-6,-16
13,23
-17,14
3,27
13,24
-6,-15
-17,13
21,-7
18,19
18,21
-8,14
3,18
-30,-1
-29,-5
-9,-16
4,25
-6,-17
16,-4
-22,-5
20,18
22,-4
-16,18
4,25
-23,-6
23,-5
18,-17
17,-20
20,16
20,16
12,-14
22,-8
-16,18
18,-18
12,-21
20,17
1,-18
22,-15
-19,14
21,-15
22,-14
-30,-1
-18,12
-24,-5
-29,0
-21,3
0,25
-31,-2
-30,-4
-29,-5
-16,17
14,-24
20,15
-16,18
4,28
2,-17
14,-25
-30,-5
4,28
-16,18
0,26
16,-24
-6,-17
14,22
4,29
17,-23
-7,-18
13,-25
22,-8
-10,18
12,25
5,29
19,-4
-28,-5
22,-13
23,-4
20,-15
-22,-6
24,-3
-28,-6
18,-18
24,-3
-10,-10
19,-16
-16,13
-22,3
4,29
-30,-5
-17,18
-23,-6
-27,-6
-7,-18
18,22
17,-23
13,-25
-27,-6
-7,15
17,23
-30,-6
-1,26
23,-5
-9,-12
20,14
19,-18
17,-23
14,-25
18,-23
24,-3
19,19
18,22
5,25
20,19
21,18
-16,19
24,-3
15,-24
19,-18
16,-4
22,-14
-9,18
-10,-10
23,-14
20,-15
25,-3
20,-18
17,23
10,19
17,-24
21,17
20,-19
22,-14
-10,19
18,23
4,29
-32,-3
22,18
17,-20
-18,11
22,18
0,23
26,-3
-30,-6
-32,-3
21,-8
11,24
-32,-4
4,27
12,-25
3,-16
-10,-8
3,-18
-10,20
-33,-3
-28,-7
-18,5
-9,21
-32,-4
-9,-12
-16,18
22,-14
21,17
26,-3
4,28
-19,12
-16,18
27,-3
-6,-18
24,-5
-10,-15
-28,-7
-25,-6
12,12
14,-26
0,27
-27,-8
-23,3
23,-2
13,-26
18,22
-20,14
-9,21
-20,14
-21,15
27,-3
-23,3
0,-17
22,-9
13,24
-12,18
3,21
11,-18
-28,0
-27,-8
20,14
-17,17
-11,18
-16,19
-20,15
-16,16
-23,4
28,-2
22,18
-25,-6
19,20
22,18
-7,-18
-24,3
-33,-4
18,-24
-32,-4
13,-22
-33,-4
-29,0
-16,19
-1,27
-30,1
11,-25
-5,-18
-27,-9
18,23
23,-2
27,-2
-34,-4
18,-4
20,14
5,29
19,23
28,-3
-21,14
13,-25
-10,20
21,-19
25,-3
14,22
29,-3
21,-20
-5,-17
20,23
-31,-2
-34,-5
-10,-15
-5,-17
-17,18
5,29
3,29
25,-4
20,-20
-16,19
-10,20
22,19
-14,-4
3,-18
11,-26
14,-27
22,-8
16,23
15,-27
22,16
-27,-8
27,-2
11,-25
22,19
16,-27
23,20
24,20
24,20
23,20
18,-23
-26,-9
-18,10
-10,-15
2,-19
-9,-12
-33,-6
-34,-3
12,25
-20,15
13,25
11,-21
-34,-3
-21,15
-1,27
22,16
-26,-8
28,-2
-30,-6
13,-26
-24,3
4,29
-1,26
4,29
-30,-1
-22,15
24,21
-34,-3
20,-21
28,-2
18,24
-30,0
23,21
-22,14
28,-3
13,-27
-34,-4
20,24
-35,-2
0,-18
19,-23
-33,-5
24,19
16,-27
16,-27
11,-25
-35,-4
19,-24
17,-3
-1,27
11,-22
16,24
24,20
11,-25
22,-8
29,-1
-11,-9
16,-28
20,13
-35,-5
-30,-7
22,-9
-28,0
12,-26
-36,-4
-18,18
-30,-7
22,-8
26,-3
20,24
23,-14
3,29
-10,-15
12,26
20,25
6,30
12,26
-2,28
29,-3
-5,-18
-12,18
16,-28
-10,21
2,-19
-17,-3
21,-20
14,22
20,24
11,26
5,30
-21,14
-30,1
-26,-9
-26,-10
-19,11
21,25
19,-25
6,30
25,21
21,-19
29,-1
-30,2
28,-1
-22,14
14,-28
19,20
-18,18
-31,-7
7,30
12,-22
-8,22
21,23
16,-27
-36,-5
-36,-5
28,-4
-30,-8
29,-1
16,24
5,31
30,0
26,-3
12,-27
29,0
29,-3
12,-27
14,-29
14,-29
17,24
-31,2
30,0
17,-28
19,-23
22,-19
-36,-5
24,19
12,-27
-5,-19
-31,1
-25,-9
-35,-4
29,-3
-11,-9
-30,-8
30,-3
-5,-17
-36,-5
21,15
-30,3
17,-27
3,29
-31,1
-2,28
-36,-4
-13,18
-37,-5
20,25
7,31
18,-26
5,32
31,-3
32,-3
21,13
17,-29
0,-18
-29,1
-23,15
0,-18
-10,-14
25,22
-7,-18
4,26
32,-4
-38,-6
26,22
31,-3
10,-25
30,0
-18,19
-37,-6
19,-25
20,-25
-25,-6
-1,-16
-35,-3
4,31
-8,-19
20,-26
30,-1
32,-4
26,21
1,28
25,18
32,-4
4,31
-22,15
-30,-8
-8,-19
16,-29
22,15
13,26
20,26
-24,4
3,30
-1,27
-10,-16
-19,19
7,31
-36,-2
-36,-2
-19,18
-24,-6
15,24
-11,-15
-32,-2
26,21
-5,-19
22,-10
32,-3
20,-26
17,-28
11,-10
-30,-8
31,-1
-27,-10
-37,-6
-31,-7
8,31
21,-26
20,25
21,-16
22,-20
-38,-5
18,-29
8,31
26,21
2,31
-38,-5
-37,-6
15,-29
-23,16
18,-28
-8,-20
2,31
31,-1
15,-30
20,-23
21,-15
32,-1
7,31
-4,-19
-27,-10
17,-29
-30,-9
-16,19
-31,-8
27,22
9,30
-22,-7
-10,-17
2,32
-22,-7
-37,-7
20,-25
21,-26
-36,-2
23,-14
13,26
-19,20
10,-26
0,-19
33,-3
20,-23
25,-4
27,21
28,21
-32,1
21,25
33,-4
-37,-7
32,-1
11,-22
33,-4
19,-29
-11,20
-38,-6
33,-4
-36,-3
32,-3
18,-30
34,-3
35,-4
-33,-6
3,31
12,-25
-38,-5
34,-4
13,27
35,-4
-6,-20
-30,-9
5,33
-37,-4
-30,2
10,-21
27,21
-26,-11
-9,-19
27,23
18,-30
-1,28
19,-29
-21,-7
-3,28
27,23
-10,20
-1,-20
-31,-9
-4,-20
21,-25
16,-30
-9,20
19,26
-11,-17
21,-26
28,23
13,26
14,-30
-29,-10
-18,20
-10,21
25,18
17,25
-3,29
7,31
-9,-20
36,-5
-1,-20
-37,-7
9,29
16,-30
26,22
-11,20
-32,1
-38,-6
25,23
31,-1
36,-4
-37,-3
18,-30
28,23
10,-26
-19,18
24,-2
27,24
36,-5
29,22
-3,28
4,32
25,23
-5,-20
-31,-9
-26,-12
-9,-21
32,-4
24,24
18,-31
22,25
-39,-6
-11,-15
26,18
-32,2
19,27
13,27
-26,-12
-2,29
18,-31
-32,-10
27,23
-18,21
-10,20
24,-13
18,-31
-9,21
18,-32
24,-14
-11,-9
33,-5
5,33
-38,-3
-35,-6
18,-32
26,18
-12,-10
21,26
21,-15
37,-5
33,-5
9,-26
5,-12
-27,-10
18,26
29,22
-3,29
-1,-21
-19,19
13,-29
9,-27
22,26
22,-10
21,27
24,24
24,-13
-26,-13
10,-21
-12,21
5,33
-26,-13
-2,29
-27,-13
-26,-13
10,-27
18,-32
18,-32
20,27
27,21
-1,-20
-40,-6
7,32
27,18
-3,29
36,-5
9,31
9,32
6,34
19,27
-28,1
-33,2
-40,-6
-9,-21
28,21
6,34
19,27
32,0
36,-5
22,-26
17,-32
-19,11
-10,-22
36,-5
-38,-2
29,22
21,-26
37,-5
16,-33
-10,-22
18,-33
13,26
-2,-21
-40,-6
-39,-3
-1,-21
-34,-2
12,-29
4,32
-24,16
22,-19
38,-5
21,-20
17,-33
17,-32
-37,-8
2,31
-21,13
-37,-2
10,29
-8,22
26,21
3,32
25,25
1,33
-19,20
-40,-6
-20,18
7,35
-20,19
-37,-2
-39,-3
-37,-7
-10,-23
35,-3
29,21
-18,21
22,27
-1,-21
28,23
17,-33
-11,-22
29,22
20,-27
29,23
29,21
20,27
21,-27
34,-3
19,-30
-17,21
36,-6
21,12
-31,-9
18,-34
22,-26
18,27
-2,-21
-33,2
18,-32
-12,21
-9,-23
-10,-23
-23,16
27,24
-20,18
23,-14
-38,-6
-8,22
1,33
33,-6
-25,-14
37,-6
34,-2
-1,-20
28,23
-9,-24
22,27
-30,3
17,-34
22,-20
-22,13
27,17
-36,-1
25,-13
-31,-10
27,-2
37,-5
-41,-5
37,-5
35,-2
-41,-5
-38,-8
9,31
28,24
38,-5
-42,-5
29,23
-24,16
7,35
27,17
-25,-15
-26,-15
24,-5
28,17
21,-28
-37,-1
2,21
10,32
-42,-6
-11,-22
19,-32
35,-2
7,34
22,-28
37,-4
22,-27
4,33
-32,-10
-21,12
17,14
-10,22
-4,29
36,-6
7,36
9,33
19,28
38,-5
-10,-24
30,23
-19,20
-1,-22
22,27
-10,-25
-38,-3
26,-3
19,-33
19,-33
23,-8
-40,-6
39,-6
29,0
-24,16
29,17
-24,15
20,-33
25,-14
6,35
-42,-5
-2,29
18,-34
-41,-5
19,-35
-24,-14
10,32
-21,16
29,24
1,34
0,33
34,-2
-4,30
-25,16
-38,-9
-3,27
28,24
-20,-8
26,17
29,24
-38,-10
-10,22
-37,-1
-9,-24
27,17
-25,15
22,28
-21,19
25,-15
-17,22
29,22
30,23
26,-1
7,35
13,-30
6,36
19,-35
20,-30
9,33
-25,16
-42,-6
31,23
0,33
-11,-25
-43,-4
27,24
-22,12
22,28
-26,-16
9,32
13,-30
-12,21
-43,-5
-42,-6
39,-5
38,-4
-40,-4
-1,-22
0,33
10,-25
-25,5
1,34
7,36
30,24
28,16
23,-6
39,-4
-38,-10
-10,-20
38,-4
-11,-23
21,-28
-33,-9
39,-5
-12,-23
23,-21
29,17
-42,-3
-33,3
28,-4
8,34
38,-4
-23,12
-43,-4
39,-6
-4,29
23,28
18,-35
-11,-17
13,-31
20,-31
20,-32
18,-36
40,-6
24,-15
-21,20
-27,-11
-33,-9
32,-1
22,-27
-41,-3
25,25
32,24
39,-4
8,35
8,36
31,0
23,-26
-43,-4
-26,16
20,-32
26,-1
40,-7
19,-35
31,0
-9,-23
25,-13
23,29
17,-35
-11,21
16,-35
18,-36
0,34
-19,20
-43,-5
-13,21
6,36
35,-5
-2,-22
32,24
22,-26
19,29
13,-31
31,24
20,-35
-27,-16
39,-3
-38,-9
32,24
19,-36
32,-6
36,-7
-10,-25
40,-6
32,-6
32,23
29,17
-40,-7
19,-36
-27,-17
10,32
19,-37
-5,29
-10,-25
-3,30
21,-35
-29,-11
-8,-24
26,25
22,15
-38,-2
37,-7
13,28
-39,-10
-12,-26
17,-36
-11,-17
-43,-4
39,-3
19,-36
-21,20
30,0
-12,-22
-34,1
-27,-13
40,-6
21,-21
-10,-26
-39,-10
12,-31
9,37
22,-28
-43,-6
40,-7
31,24
32,24
21,-29
20,-32
21,-35
21,-33
-12,-16
-12,-26
-27,-16
-44,-4
21,-36
-24,5
-12,-17
-4,30
21,-37
25,-13
-30,3
-21,20
-17,21
-28,-16
-21,20
-17,22
16,-36
5,33
12,-32
9,38
41,-5
33,24
-38,-10
-12,-22
-21,20
-44,-3
-41,-7
22,26
16,-37
9,32
23,30
9,36
21,13
29,17
-24,-15
0,33
-43,-5
-40,-8
15,-37
-13,-10
33,25
15,-37
0,-22
27,0
-38,-10
40,-3
-34,1
-31,-11
41,-4
21,-37
-45,-2
-34,1
-12,-25
14,28
20,-23
-27,-17
14,-38
33,25
25,-13
31,1
-41,-9
30,24
-46,-2
6,35
9,38
24,29
0,34
9,35
-31,-11
29,25
-10,-26
-42,-6
-8,23
41,-4
-8,-24
0,33
41,-5
14,-37
-13,20
22,-25
31,1
23,-21
-34,-9
-41,-7
22,-37
14,-37
9,38
-41,-9
9,-28
34,25
15,-34
-2,-22
22,-37
-40,-3
22,-37
-5,28
34,26
-3,31
-12,21
20,12
-4,32
-42,-3
-28,-12
22,-37
-13,-25
41,-7
42,-6
-39,-10
21,-25
-42,-9
-45,-2
-38,-11
4,32
21,-36
10,38
5,34
-12,-18
-12,-25
10,31
-36,-1
1,33
22,-36
10,39
21,-30
-17,22
22,-26
-42,-10
23,-20
-35,-9
23,-37
-27,-13
-7,24
30,17
-29,2
9,40
-18,23
-38,-10
-47,-2
-47,-2
14,-36
-43,-10
40,-3
19,-37
23,-27
28,15
-4,32
23,-21
-12,-26
43,-6
28,16
-42,-9
25,-15
31,2
-42,-9
27,25
9,40
18,-37
-46,-2
10,40
24,-37
21,-18
9,-29
-9,-26
24,29
33,23
-38,-1
23,29
24,-26
41,-4
23,-27
-42,-11
-38,-11
9,-26
-24,16
9,41
-23,14
-34,3
39,-7
25,-14
-12,-27
-34,4
29,17
-1,33
14,-37
41,-3
30,16
-8,24
-13,-27
24,-27
30,24
29,16
39,-7
-4,32
34,25
5,36
23,-22
11,38
23,-25
41,-7
-9,-27
35,-1
23,30
-27,-18
8,40
10,40
24,-37
33,24
22,-38
11,39
-24,-16
35,25
22,31
8,41
-4,30
-1,-22
24,-27
-25,16
-43,-10
-26,15
21,-29
-1,-23
-13,-16
41,-7
-32,-10
-34,4
-43,-9
-12,-27
36,-7
43,-6
8,42
33,22
42,-7
42,-2
12,-33
-47,-1
24,-37
-10,-27
-38,-12
21,-36
14,-36
9,41
-17,23
24,29
-38,-12
-5,-21
43,-5
42,-8
25,-37
9,-26
-11,-27
25,-38
-26,15
24,-39
24,-28
-10,-27
34,26
29,18
-26,14
-31,-12
-27,-19
-47,-1
5,34
-12,-27
33,26
35,25
44,-5
44,-5
-46,-3
-31,3
0,35
-5,29
-35,0
-39,-12
41,-3
36,-7
-47,-2
-47,-1
-13,-25
0,35
42,-8
18,-38
24,-40
4,33
35,26
-28,-18
33,-1
8,41
-18,21
-14,-26
42,-2
44,-6
-48,-2
7,37
45,-4
-23,16
-44,-4
20,11
45,-5
44,-4
3,-20
24,-39
-11,-28
18,-38
14,-38
37,-7
14,-37
23,-26
-47,0
26,-38
-13,-16
-1,33
-28,-13
8,42
42,-4
-42,-11
43,-2
45,-6
38,-7
22,31
27,25
-34,3
-42,-6
-23,-16
-28,-19
8,42
46,-4
10,32
39,-8
-9,23
13,-36
-35,4
-23,13
-26,16
-24,-16
24,-26
42,-8
-4,32
22,31
25,-40
-39,-13
-35,5
28,20
42,-8
35,-1
-21,21
-14,-26
42,-9
26,-38
-42,-9
-26,15
-27,14
25,-40
26,-38
22,31
-48,-1
-28,-19
7,36
26,-38
-26,16
22,32
-29,-19
45,-6
43,-1
-10,-27
-29,-20
24,-40
29,15
-40,-13
-26,-13
-11,-29
-5,30
-33,-10
11,-32
-43,-10
-3,33
-39,-3
-48,0
-29,-19
26,-37
0,-20
24,-41
-35,4
0,-23
0,35
26,-37
-48,0
10,-29
11,37
46,-7
41,-2
24,-40
-7,24
9,42
24,-42
-26,-11
-37,-1
11,-33
10,36
-27,-19
24,-28
27,25
26,-40
24,-42
-37,-12
13,28
43,-9
-41,-13
-17,23
-3,27
-47,0
24,-5
25,-42
25,-28
18,-38
25,-26
-48,-2
-26,-18
43,0
18,-39
34,24
27,-37
17,-39
-3,32
11,-33
-42,-2
0,35
8,42
-28,14
36,25
-44,-10
8,42
24,-40
-44,-9
-35,5
-48,-3
11,38
28,-36
17,-40
36,26
-45,-9
-4,31
-49,-2
28,-36
12,38
-3,33
-49,0
-48,0
-39,-13
29,-37
35,27
29,-38
24,-21
24,30
36,27
17,-41
-49,0
-28,14
-48,0
23,33
-49,0
8,43
14,28
-1,35
46,-7
-46,-2
11,-34
36,27
22,-36
10,41
45,-7
0,-24
36,-3
0,35
46,-6
35,27
35,28
-28,-16
26,-36
34,23
9,-29
9,-26
9,42
27,-37
7,42
44,-1
29,-37
32,2
29,-37
21,-37
-24,17
25,-28
35,24
25,-27
29,-38
41,-9
13,-37
33,22
-29,-21
9,42
29,-36
38,-8
-15,-26
-27,0
-27,-20
29,-38
-28,15
23,33
36,28
-48,-3
37,27
46,-8
-5,31
8,42
43,0
9,43
30,17
25,-42
46,-8
32,25
16,-39
-48,-4
47,-8
-13,21
-50,-2
35,29
44,-3
-48,0
30,-37
17,-41
12,-38
43,0
11,-33
-34,5
-29,-21
32,0
-29,-21
12,38
23,31
-1,36
45,-8
29,15
29,-37
9,44
-12,21
36,29
-21,20
47,-7
36,30
31,-38
-12,-28
29,14
-21,19
37,28
12,-37
13,37
47,-8
48,-8
30,-37
24,-22
-34,1
11,-34
43,0
-50,0
-50,0
9,44
-41,-14
-21,20
37,26
-40,-15
-2,36
43,1
26,-40
30,15
-19,23
18,-39
30,-38
-29,-22
8,43
31,-38
11,-37
25,-41
18,-40
46,-9
-22,20
-48,-4
24,33
-9,23
22,33
34,22
8,44
-50,0
-10,22
10,42
-26,17
19,-40
29,-35
16,-38
7,42
-40,-15
43,0
45,-9
44,0
41,-8
23,-38
42,-9
24,30
-41,-3
11,-39
30,-36
7,45
-42,-2
11,-38
-41,-13
36,25
30,-38
48,-9
25,-37
-26,17
-26,18
-17,24
-6,31
-29,-22
-50,0
-47,0
-3,27
-43,-6
26,-40
-29,15
-28,-20
-2,36
36,31
-5,32
-10,-29
-30,-22
35,29
47,-6
-33,3
17,-40
-29,-23
-3,37
-41,-15
11,-32
23,33
48,-9
-41,-16
-42,-14
9,45
-31,4
41,-9
10,43
13,-38
-49,-5
-47,0
8,40
26,-40
-30,-23
-3,34
31,-37
-10,-30
-30,-24
9,45
-51,0
11,-38
-13,-28
8,46
-24,-16
36,31
-29,-23
7,45
-29,15
38,-3
-15,-27
19,-39
-36,-12
38,26
44,-2
30,16
31,2
34,22
13,37
45,-3
-42,-14
-45,-9
41,-2
36,30
-46,-10
43,-9
-4,33
30,25
49,-8
48,-8
-26,19
25,-29
-31,-24
-3,37
49,-8
-26,19
25,-26
28,26
28,-37
36,24
8,45
10,-37
-29,16
13,-39
49,-7
-32,-24
31,-37
-3,36
11,-39
50,-8
27,-40
39,-2
43,1
10,45
46,-9
24,33
23,34
37,29
30,-38
27,-40
-10,-30
30,-38
10,-38
45,-10
7,46
7,46
34,22
46,-11
25,34
-11,-30
-32,-24
6,37
38,27
7,47
32,-38
7,46
38,28
46,-10
45,-1
32,-37
-51,-3
24,-43
23,-43
-42,-14
-26,-20
-49,0
32,-38
-8,-24
-26,19
44,1
11,-34
35,22
-30,15
12,-39
10,45
10,-40
9,-40
49,-8
25,33
-36,4
-29,15
-9,-26
-15,-27
-16,-28
-36,-12
-50,0
-20,21
30,15
-17,24
7,47
24,-43
-51,1
32,-38
23,-43
-47,-9
43,-10
36,31
-49,1
37,32
-3,34
-41,-15
-3,36
31,-38
38,27
10,45
-9,-31
-12,-30
-50,2
10,46
46,-11
36,-1
-29,16
15,-40
-52,1
-16,-26
25,-43
39,28
34,30
-34,5
-30,-23
-51,-3
-26,20
-32,-24
25,-44
37,32
32,-37
28,-38
-43,-10
9,-41
35,32
36,22
-37,0
-41,-15
28,-35
33,-38
-46,-9
-16,-26
9,-30
-51,-3
-22,21
-32,-25
-35,1
-43,-14
-46,-8
49,-9
-49,-5
-26,19
-36,4
-15,-28
24,-44
34,-37
-26,20
9,-38
-51,-4
-32,-26
-47,-10
-50,2
50,-8
-51,0
-9,-32
10,35
38,25
37,33
-32,-27
6,46
32,-39
45,-10
43,2
16,-40
-52,2
-17,24
34,-37
11,-41
34,21
11,-40
-31,-24
37,24
-2,37
10,-41
-47,-10
-32,-26
37,34
-51,-4
-52,2
-26,19
-14,-25
-29,-23
-36,3
-46,1
-9,-31
31,-40
46,-11
50,-8
48,-9
47,-10
25,31
6,46
11,44
8,-30
11,45
-49,3
34,-37
44,1
-46,2
51,-8
10,46
9,-40
25,-12
31,-39
-33,-27
-41,-16
10,35
7,44
5,37
-51,-5
31,-40
-32,-27
51,-9
-41,-16
35,-36
32,-39
-52,2
-46,-11
-35,5
31,-41
-16,-26
25,-44
37,32
52,-9
52,-9
-40,-16
37,34
-33,-27
10,42
-3,36
-53,2
8,-38
31,16
46,-4
-33,-28
10,42
-9,-32
24,-29
-29,14
-6,29
8,-30
-15,-28
32,-41
-34,-28
33,-39
38,-8
-7,14
37,33
33,27
51,-9
45,-11
37,31
-54,3
39,24
-10,-32
11,45
53,-8
39,23
53,-8
42,-10
8,46
10,45
8,-41
8,-41
-6,30
7,48
9,-41
39,23
54,-8
-3,35
6,48
36,-36
-10,-33
10,-41
36,22
6,49
28,-39
51,-9
9,-42
7,50
-4,35
-51,0
7,48
10,-42
26,-28
25,-45
-32,-24
19,12
-33,-24
37,35
25,34
10,47
33,-37
-46,2
-15,-29
-6,24
31,-42
-26,-20
5,37
-27,20
36,34
-27,20
40,24
19,-41
7,50
34,31
-2,36
24,-45
39,26
24,-45
-3,36
25,-44
43,3
44,3
7,50
31,-41
46,-3
36,21
30,25
45,2
-30,-24
44,3
50,-7
17,-41
23,33
-25,3
-25,21
25,-45
34,31
-32,-28
-54,2
53,-8
-2,36
37,34
-3,36
8,47
-52,-4
53,-7
-46,-11
51,-10
23,-43
33,-39
7,51
-51,2
10,-42
-36,4
-4,33
38,34
7,-40
-52,-5
53,-9
-3,35
32,-42
26,35
-12,-30
-18,23
-33,-28
11,46
-54,3
8,48
22,32
7,-30
54,-8
-12,-31
54,-8
24,-46
45,-1
24,-47
26,-29
21,31
26,-29
6,46
35,-36
6,49
-51,-5
42,-10
37,35
-52,-6
10,46
11,-40
-35,-28
-54,2
50,-10
-35,-29
-47,2
-49,-5
55,-8
46,-12
36,23
-35,-28
24,-47
25,-45
45,0
-17,25
11,-43
31,16
35,-36
-9,-31
7,50
24,-47
7,42
-19,24
31,-43
7,51
-11,-32
39,23
8,47
-36,-27
-25,21
-52,-6
10,-43
-28,-21
-30,14
45,2
7,52
-35,-28
-21,21
39,24
35,34
-53,-4
-25,21
-36,-27
24,-46
-55,3
-25,4
54,-8
37,20
-53,1
36,35
-54,-4
32,-6
38,35
10,-37
-25,21
32,-42
26,-46
-55,3
43,3
39,24
-36,-26
15,-39
-16,-29
-29,16
-50,4
-17,25
55,-9
38,36
-13,-31
-43,-15
23,34
27,-40
45,-13
39,36
11,38
9,-42
17,-42
-54,-4
10,30
17,-42
-56,3
39,36
12,46
56,-8
-50,4
29,-35
23,-47
23,-47
-55,3
51,-11
51,-12
31,-41
46,0
21,32
-56,3
-9,-32
19,-41
23,-47
-45,2
-6,31
57,-8
-52,-7
25,-46
-26,22
7,53
33,31
40,35
5,46
37,20
-17,26
35,-36
51,-12
-55,2
-35,-28
-13,-31
27,-28
-3,37
27,-28
39,28
-55,2
57,-7
36,34
-54,-4
57,-8
3,-19
-55,4
-47,-10
27,-46
45,4
46,2
-37,-26
-57,2
-45,-10
39,36
35,-36
23,-43
5,48
-55,5
-32,-29
23,-46
-32,-10
58,-7
-32,-29
25,-47
-18,25
59,-8
-49,5
39,26
27,35
13,46
-27,22
-35,-29
-17,26
-9,-32
-32,-29
-17,-26
-55,5
27,35
-31,14
-46,-9
-9,-30
26,-47
-50,4
8,-27
-44,-16
-40,-17
40,26
-46,-11
-32,-30
8,53
-51,-6
-49,5
23,-47
5,49
57,-7
38,29
27,-30
-55,-3
-45,-11
-30,14
5,48
6,52
7,52
58,-8
-31,-28
36,-37
36,-36
8,53
36,19
55,-10
-54,5
4,37
46,3
33,-40
19,-42
52,-13
23,-20
-50,5
5,46
52,-7
-57,2
-48,-10
25,-48
51,-11
9,53
52,-11
-57,3
-52,-7
36,-36
-40,-16
35,-35
31,-42
39,37
-53,-7
-6,30
25,-48
55,-9
7,50
-34,-23
-47,-11
-56,4
52,-13
-18,-26
-33,-30
5,49
-28,19
13,46
15,-40
-41,-17
33,-40
-55,5
23,-47
28,35
-17,26
25,-48
-30,15
34,35
29,-34
-53,-7
8,54
4,48
52,-12
27,-46
39,26
45,4
35,-35
-13,-31
7,-42
6,52
33,-42
5,53
-30,13
25,36
27,-47
40,23
35,34
-32,-31
-3,38
-17,27
-48,5
59,-7
-49,-9
-36,-27
-3,39
26,37
58,-9
8,-38
-37,-26
58,-9
40,36
-48,5
46,-13
34,-42
27,-47
-4,39
-46,-11
-31,13
22,-47
4,52
34,-38
36,-36
51,-7
-29,17
-33,-31
-5,29
-27,22
-58,2
-42,-17
39,35
-5,-22
59,-8
-3,39
-8,-33
40,37
10,47
-55,6
-55,6
-50,-10
53,-11
59,-7
3,48
-31,15
27,-47
-55,7
52,-7
26,-48
13,37
-2,40
11,-43
34,-40
59,-7
55,-10
6,53
-28,22
17,28
46,4
-32,-31
-27,20
-34,-29
8,55
-21,21
31,2
38,33
4,52
-54,5
-44,-15
40,36
26,36
13,46
33,-42
-53,-7
6,-42
59,-6
35,20
13,28
27,-45
34,-43
53,-13
-12,-32
-33,-31
-56,7
-4,34
-56,7
47,2
-12,-32
-55,7
47,1
21,-47
-10,-34
-58,2
7,-40
-34,6
-29,-19
-8,-32
36,-8
23,-42
36,-38
38,-9
-49,-11
36,-37
37,-38
35,-43
10,54
-49,-11
10,54
-49,-11
-58,2
39,37
34,-42
4,53
-42,-17
-55,-3
-56,6
46,-13
-30,15
6,-42
36,-43
10,54
-54,-7
28,35
44,-3
-55,8
-18,27
38,37
34,35
9,55
46,4
-31,-30
-28,22
46,4
38,32
37,-43
36,-44
37,-38
-18,28
23,-45
-50,-10
40,29
47,4
7,-42
39,37
33,35
8,-37
37,-37
38,-38
-28,23
49,-7
47,4
-36,5
52,-13
9,-44
-35,-29
48,4
28,35
-56,8
-56,5
-19,22
40,38
-10,-34
33,-43
8,-44
3,53
38,36
-55,-4
-50,-11
-54,-8
-56,8
25,-49
7,-31
-55,7
58,-10
-38,-25
7,55
35,-44
10,54
8,56
37,-43
-3,40
40,29
40,28
60,-7
-36,-27
8,-45
47,4
57,-11
-55,-8
-18,28
57,-6
8,56
-37,-26
8,57
10,54
37,-39
-33,-32
-55,-8
8,57
26,36
49,-7
37,-42
-35,-30
8,57
-12,-32
3,48
-41,-18
38,32
38,-42
58,-10
8,58
6,-42
-55,-3
-45,-15
60,-6
39,32
-45,-16
-57,7
61,-6
-56,9
-18,28
-28,23
-37,-25
7,-46
6,53
35,-44
-35,-29
-49,5
24,-22
39,-38
26,-48
7,-46
-17,27
-37,6
41,26
-19,24
58,-11
57,-12
17,-42
-29,22
28,-47
-37,-26
39,-38
36,-35
14,47
-55,-9
7,-47
7,40
-43,-18
-55,9
-46,2
57,-12
61,-6
-58,3
34,-44
37,35
-44,-15
-37,5
-20,25
-59,2
38,-39
-15,-29
40,23
58,-12
10,55
61,-6
-34,-32
12,45
25,37
-3,40
53,-11
-37,-25
39,-38
17,-43
45,-14
-3,41
-31,14
38,-42
36,-35
3,54
8,-46
-50,-12
8,59
39,32
46,0
-56,10
-55,-9
37,38
-34,-32
-55,-8
36,-8
36,-39
-56,10
22,-48
2,54
47,5
-2,41
39,-40
40,30
62,-5
2,53
-59,3
-58,4
8,-47
-57,10
-58,11
-56,6
2,55
-42,-19
-29,21
33,36
22,-48
59,-10
-58,11
62,-5
40,30
-10,-35
34,-45
58,-12
62,-5
-36,-30
8,58
43,3
-34,-33
-5,39
-32,-32
-60,1
-43,-19
-6,32
-23,21
25,-50
26,-26
35,-7
59,-12
-51,-11
3,56
57,-6
52,-13
25,-51
41,28
-56,-10
-26,22
8,58
6,-46
-43,-20
-7,25
48,4
-59,11
2,56
62,-4
8,-47
40,23
8,58
59,-8
-55,8
11,56
-57,11
40,-40
34,-45
8,58
-26,22
-56,-3
41,22
-58,12
2,56
38,-37
-30,21
-55,-10
-50,-11
39,34
-45,-16
36,-35
-49,-12
24,-51
-55,-9
11,56
25,-51
-38,-25
47,0
-44,-17
41,30
41,27
6,-46
59,-12
23,35
5,-42
-59,12
2,53
6,-47
41,27
29,-35
14,47
21,-49
34,-45
31,16
-15,-29
41,25
-32,-32
2,48
22,-50
41,38
-11,-34
22,-50
36,-43
60,-7
28,-48
-28,24
-44,-20
-44,-19
-54,-9
-25,22
11,-44
-44,-17
14,47
27,-48
-57,8
38,-42
63,-5
-3,40
15,-40
43,2
-36,-30
63,-6
7,56
8,-48
-59,10
-34,-34
63,-6
1,56
-59,2
-9,-28
40,-39
38,-40
24,-51
-56,10
11,-44
-3,42
23,35
42,38
-4,41
9,-45
27,36
7,-48
52,-13
-31,16
1,55
-33,-34
-33,-33
-43,-11
39,-40
38,38
-56,-8
-36,-30
33,-43
-55,-10
-4,39
-10,-35
21,-46
42,27
7,-48
42,39
-59,12
-59,11
13,48
49,4
45,-14
6,-47
-4,36
25,37
-18,28
1,56
-40,-17
40,-40
25,-52
49,4
3,53
6,-48
22,33
41,38
-56,-4
-58,3
11,57
39,-42
-19,28
39,-43
36,-44
-10,-35
11,54
-56,-10
8,-48
31,-43
40,22
22,-51
22,-46
43,27
6,-49
11,54
49,5
43,39
40,-39
28,-49
-58,9
-20,25
42,28
37,-45
-21,25
29,-5
3,56
8,58
24,-51
-57,-10
31,-42
-60,12
-59,12
-51,-11
63,-6
34,36
41,-40
63,-6
-57,-3
37,37
21,-49
11,53
0,57
47,1
62,-5
-40,-18
5,46
-56,-10
12,58
-57,8
35,-44
9,59
12,58
60,-12
43,4
45,5
-9,23
41,29
-45,-17
-38,-25
64,-6
36,-45
63,-4
43,40
58,-13
24,-52
-10,-36
-19,27
6,-49
37,-45
63,-4
-44,-21
-60,12
-59,12
-37,-24
-60,1
8,59
34,-44
7,-31
65,-6
-56,-8
47,5
-26,22
13,58
-38,6
5,-47
8,-47
-57,-8
41,37
37,-44
0,57
12,54
-50,-12
-4,34
-37,6
13,58
41,30
61,-12
25,-29
36,-45
65,-5
-6,30
62,-3
39,-43
-43,-21
29,-47
-32,-34
6,-49
23,-52
43,40
-36,-28
39,-41
47,1
-58,-10
12,54
43,38
1,56
35,-45
16,-42
-60,0
23,-52
2,57
-60,1
33,37
10,42
13,48
9,58
60,-12
-34,-35
-57,11
7,59
-10,-36
51,-14
51,-14
32,17
61,-13
44,40
-37,-30
1,57
-56,-8
-58,-10
-61,1
24,38
65,-4
-60,11
-58,-9
36,-35
0,57
8,-31
-61,1
-59,-10
63,-4
26,37
-61,1
5,-48
6,-49
-51,3
0,57
-59,-10
12,57
-34,-35
37,19
-59,9
52,-14
-11,-36
41,31
0,57
52,-15
-32,-34
-59,-10
-30,21
-30,22
10,59
10,58
4,-48
28,-48
-4,41
-1,57
-59,-9
14,48
47,1
0,57
42,-41
3,-48
42,29
29,-48
37,-34
-30,-30
-58,-11
37,-43
-56,12
-1,56
58,-13
62,-13
40,21
-8,-33
42,39
9,-47
-3,41
-56,13
43,40
-58,-11
26,-50
3,-48
-1,56
1,58
-34,-36
25,-52
-18,-27
43,41
-37,-25
-62,0
34,20
-25,23
24,-52
32,36
-30,-30
65,-4
43,28
49,6
13,54
-61,2
-45,-19
-56,-4
-56,-8
44,-14
-37,-30
-1,57
7,-49
-57,-11
5,-46
45,41
-57,13
11,-43
-17,-26
-1,58
5,-48
24,-52
-14,-32
25,-52
36,-46
45,-14
43,37
50,5
-58,13
39,38
-43,-21
8,-48
27,38
57,-13
52,-15
65,-6
-28,24
26,-50
43,36
2,57
7,-50
-50,-12
-59,-12
-42,-21
37,-34
9,60
65,-4
-59,-12
-63,0
46,-14
-53,3
-60,13
-34,-36
-34,-35
-32,-34
-8,-32
7,-50
24,38
37,-34
7,-50
41,-40
13,58
-28,23
28,-49
2,58
22,-20
63,-5
-17,29
-35,-36
-36,-36
43,36
8,60
-45,-19
50,6
44,37
2,-48
42,22
37,20
50,6
-15,-30
-19,28
2,55
10,-44
-60,-12
-36,-37
45,37
-37,-30
30,-49
25,-52
-1,57
-30,22
-56,12
-60,0
-36,-37
-1,-24
61,-13
22,-51
8,-50
-2,42
-42,-21
21,-50
-34,-36
-58,3
3,53
-60,-12
66,-5
-37,-31
37,-46
41,21
62,-13
43,39
24,-53
46,37
39,39
3,-48
26,-52
41,23
-60,-12
25,-53
-19,-27
-8,-32
-58,-13
29,-49
-2,57
-37,-36
44,42
59,-7
-60,11
3,59
-54,-10
-7,30
1,54
11,59
42,-40
-38,-30
24,-53
26,-53
-1,58
-61,13
-63,0
-38,-26
9,-51
6,-50
43,35
-63,0
-58,-13
-50,-12
-62,2
38,-34
-63,0
-44,-20
-63,1
-36,-37
-19,29
5,-49
-42,-22
-61,14
3,-48
45,37
33,37
-61,13
37,-33
23,-53
37,37
14,49
40,-38
62,-13
-19,29
14,37
39,-41
-27,24
11,48
47,37
44,35
6,-39
7,-51
-9,-36
2,59
-55,10
8,60
2,59
37,-34
-32,15
-64,0
-64,0
-63,0
29,36
3,59
5,-49
24,38
36,-46
-58,14
37,37
-12,-35
42,-41
25,-54
38,-38
58,-14
26,38
-60,-12
-38,6
-19,27
-64,1
40,36
-61,-11
-12,-36
-62,14
29,-50
-57,-14
29,-50
38,-34
50,6
56,-5
-36,-38
8,52
50,-7
30,-49
25,-55
42,-42
39,-43
28,36
-64,0
-56,13
22,-15
-38,-30
-62,-11
26,-54
43,-41
-36,-38
62,-13
-59,-9
-13,-31
5,-50
66,-5
26,-55
47,37
14,50
50,4
-65,0
11,55
-1,58
-54,6
24,-54
-59,13
23,-10
26,-55
-3,41
44,42
-2,57
-39,-24
-17,27
9,60
61,-14
3,-47
27,38
45,41
-20,29
43,42
63,-7
-37,-38
-60,13
-65,2
-57,7
-2,42
13,55
7,-50
-62,-11
5,-50
61,-13
-62,-10
43,41
-30,21
14,37
-60,-12
-60,-12
27,-52
44,38
-58,14
10,59
50,7
46,6
-1,59
-2,57
50,3
26,-54
65,-5
51,6
41,25
24,-55
-61,-11
-1,60
3,60
50,3
50,5
14,57
67,-6
-48,5
8,61
-62,-10
37,-45
-63,0
-37,-36
38,39
42,-42
-55,-11
9,-21
45,38
-37,-36
43,4
67,-6
66,-4
15,57
9,60
-62,-1
2,-48
61,-4
-63,-10
38,38
-31,17
-58,13
64,-7
43,-41
47,38
67,-6
23,-52
34,0
39,-38
-29,24
5,-50
15,57
-60,12
-37,-39
-63,0
-61,2
66,-3
62,-7
26,-55
-65,0
-66,0
16,56
-1,58
-31,21
-62,13
-2,58
67,-6
9,-47
7,60
-4,41
15,57
-2,60
-62,-2
60,-7
28,38
7,62
-55,13
-16,-28
40,-44
24,-53
43,42
66,-3
-38,-26
58,-14
-36,-39
66,-7
39,-35
44,43
-36,-39
-63,-10
-59,-8
37,37
66,-2
-38,-29
-2,59
-63,-9
-37,-26
24,-54
-65,3
0,-23
67,-4
21,-49
42,-42
25,-56
37,-46
14,59
44,44
-55,14
-5,39
-36,-39
67,-5
-2,60
67,-1
0,58
67,-6
63,-14
43,27
-62,-9
-30,23
43,22
16,56
-37,-27
50,3
-62,-1
1,-48
-63,-8
-3,58
9,60
67,-7
3,60
27,-54
43,44
62,-3
42,-41
-46,-18
-37,-40
24,-56
25,-57
68,-7
12,38
10,61
-37,-40
-54,14
4,60
68,-7
1,-48
-62,12
42,-42
52,-15
15,56
-37,-39
63,-13
68,-4
48,38
63,-13
53,-15
67,-1
26,-56
69,-6
-20,24
50,6
-61,-13
-27,25
39,39
25,-57
-61,-13
-2,43
-58,-13
42,-41
13,58
-37,-38
-12,-36
-9,-36
45,38
21,-51
-65,3
7,63
43,-41
47,37
64,-12
-37,-41
-62,13
42,40
-58,-13
44,-13
-38,-39
-37,-41
13,59
34,37
38,-33
-4,36
43,-41
36,-47
-38,-39
68,-8
39,40
-36,-42
44,-40
-20,28
4,47
-11,22
43,-42
38,-46
-66,2
5,-42
-62,14
-62,15
-61,15
45,42
66,-2
68,-8
68,-1
-65,3
-62,14
37,-33
30,-49
27,-55
1,54
-30,-30
45,44
67,-1
26,-57
3,-49
5,60
46,39
69,-8
-57,15
7,63
-54,14
67,-7
45,44
42,-42
20,-51
3,60
-66,0
-43,-22
6,63
-61,15
-52,-11
-2,42
-6,32
-1,61
-66,3
64,-13
5,-43
-64,-9
44,-40
-45,-19
37,-32
46,44
46,44
-62,-10
-49,-13
48,39
46,44
-44,-21
15,47
-37,-36
45,41
1,-48
44,27
43,45
-36,-42
51,4
1,-49
63,-14
68,-9
9,-51
-4,58
62,-15
26,-55
24,-55
37,-48
16,55
-38,-30
-37,-41
61,-13
47,43
12,59
-63,-11
24,-57
3,-50
37,-49
-8,-36
69,-6
-62,14
44,-40
-64,-9
46,36
4,61
67,0
43,43
-35,-42
49,40
-6,32
45,-39
48,39
-62,-14
-2,61
-14,-32
29,-47
-63,13
43,28
-62,15
-34,-41
15,58
42,25
53,-15
45,27
-63,12
-65,-9
-63,-11
6,63
41,20
37,19
-55,11
-66,0
67,-1
4,61
49,39
9,-51
47,43
58,-14
-62,-14
64,-13
21,-49
17,55
17,55
68,-2
14,48
10,62
27,39
11,62
23,-56
-64,13
-66,3
25,-58
24,-58
-66,-10
-62,-14
68,-2
-1,61
2,-50
48,37
69,-7
24,-58
-66,-9
-38,-31
39,-44
-18,-26
-2,56
6,64
-39,-40
6,-50
24,-58
13,46
23,-58
-66,-9
-45,-16
-64,14
-38,-32
43,-43
9,62
6,63
44,-39
5,-50
36,-35
-57,-14
-31,17
-39,-39
25,-59
-36,-43
-36,-43
48,39
1,-47
67,-4
1,-49
69,-6
-36,-39
43,-43
-62,-15
49,39
34,38
47,44
-53,14
45,-15
11,63
11,64
16,58
-61,-14
-58,15
-2,43
3,-47
45,-38
44,28
43,-41
27,-55
48,43
8,-48
69,-4
63,-15
1,-49
-62,-15
-63,16
36,-49
43,35
45,-38
-63,17
25,-59
9,-51
25,-60
-54,13
27,-56
69,-4
-62,17
2,59
-1,56
3,60
70,-6
-64,17
-63,14
8,62
11,63
66,0
53,-16
-33,16
29,-51
-7,30
-66,0
-62,3
-65,-8
36,-49
-66,-10
15,47
-63,-16
30,-50
25,-60
-63,16
-3,56
-67,2
-6,33
-63,-8
-20,29
-21,29
-37,-43
39,-35
68,-10
-1,62
48,38
67,-3
62,-16
43,46
-67,0
2,60
-4,58
0,61
-64,12
-2,61
68,0
69,-10
26,-60
69,-4
63,-3
68,-2
-34,-42
-65,17
69,-4
-4,58
11,64
15,59
48,44
28,-54
-61,17
37,-48
40,-43
-33,-41
1,-50
-33,-35
46,45
68,0
-61,-14
-27,26
1,-50
6,65
25,-61
-62,-16
45,27
25,-61
69,-1
58,-15
36,-48
-63,18
45,28
17,55
-58,-14
-60,-15
25,-59
-55,-11
67,0
-33,15
1,-47
43,-44
1,61
24,-61
-67,0
46,44
-65,17
-37,-43
9,-51
46,42
-21,30
-38,-32
-67,2
31,0
69,-4
11,64
-34,-43
45,-38
-66,17
38,-48
65,-13
12,60
11,65
42,46
52,-16
48,43
-8,-36
46,-38
0,-50
-67,-11
50,39
46,27
49,44
-42,-23
-66,-10
-67,-11
-62,17
69,-1
10,64
-66,18
-64,-11
44,46
11,64
37,-49
-50,5
-66,17
48,45
36,-50
0,-49
27,-52
-61,-16
10,64
1,62
1,60
-4,42
-45,-19
31,2
0,61
25,-58
-44,-22
0,-50
39,-34
38,40
58,-15
45,28
6,65
46,-38
-40,-40
-39,-40
6,66
36,-49
6,66
-64,11
-67,18
51,39
43,-44
30,36
-30,24
-66,18
-68,0
42,45
-69,0
11,65
42,47
28,-55
-65,-8
16,55
-3,56
69,-4
-58,16
-65,11
7,65
-67,17
46,-39
49,40
64,-12
36,-50
62,-15
70,-11
42,47
47,45
46,5
-67,-9
46,-38
46,28
48,38
-65,11
69,-11
-64,-17
50,40
-68,-11
-68,17
46,36
-42,-23
-39,-40
24,-61
46,45
16,56
-40,-40
31,-49
11,64
-34,-42
46,-38
-65,10
0,-51
7,-39
-31,24
70,0
46,28
29,-55
50,40
-68,19
10,64
-69,-12
-68,-11
47,-38
-68,16
23,-53
26,-61
62,-17
-69,16
54,-15
42,47
-63,-17
10,65
29,-56
15,59
-62,15
38,-49
7,66
63,-16
48,37
48,45
1,-51
6,65
-68,19
14,59
12,66
70,-11
46,45
-3,56
-66,10
-33,15
12,59
-68,18
0,-51
25,-62
11,61
-12,-36
70,-10
51,3
-69,1
51,39
-63,-7
-2,62
-30,25
-69,1
68,-11
-63,-17
-45,-20
44,46
42,45
-69,17
62,-3
6,63
-3,41
-68,1
19,-51
66,0
-67,-9
3,52
4,-50
19,-52
-66,-7
46,45
-1,62
-21,30
0,-51
-40,-40
69,-3
1,-51
70,-1
11,64
-39,-31
52,-15
50,43
12,64
51,-13
-63,-17
42,46
24,-61
49,44
27,-56
51,39
42,46
-70,0
41,46
-66,10
-69,19
-3,62
-68,16
5,66
48,-38
48,45
70,-4
47,46
0,-52
-12,-35
-4,58
70,0
71,-1
61,-17
-67,-9
-69,18
-69,-12
-70,0
-2,62
8,-52
46,-38
48,44
-33,-40
66,-1
-69,-12
-70,-1
-60,-17
20,-52
43,46
-20,30
-58,16
-36,-44
29,-56
0,-52
49,45
-1,63
54,-17
-24,12
53,-17
-70,-1
15,54
-70,0
47,46
-67,0
48,-38
-64,18
7,-51
18,55
-69,19
-57,-14
-71,-1
47,46
16,58
-69,17
-39,-27
-71,-1
38,-49
38,-49
16,54
-39,-32
-70,1
-69,-12
-35,-43
-45,-20
-66,18
-65,16
-57,-14
71,-6
-57,-15
-40,-39
-4,36
45,-15
19,-51
70,0
-66,2
-39,-33
-69,16
66,-1
70,-3
10,66
-36,-44
-9,-36
-55,12
-30,21
-28,25
42,48
29,-56
-67,-11
-36,-44
70,0
11,63
-66,3
49,37
70,0
-41,-24
-68,2
-70,1
4,66
-1,63
71,-10
51,6
70,-7
64,-16
-64,19
49,-39
-65,-16
31,-48
-56,-15
70,-11
-39,-40
-3,63
-61,17
8,-52
18,56
-34,-44
-29,-30
-60,-16
16,47
47,47
-65,19
-2,63
52,40
30,-51
64,-14
-34,-44
-32,-32
-3,62
-70,16
70,-11
23,-61
50,43
0,-52
23,-55
5,67
1,-52
12,65
47,27
4,65
71,-1
51,-17
0,-50
-12,-32
70,-12
30,-55
68,-12
70,-11
-71,0
-65,-15
-70,18
71,-5
38,-49
48,46
36,-50
-66,4
47,47
-53,15
48,-37
-67,19
47,48
12,66
-65,19
16,53
-33,-45
-36,-45
7,-51
-68,3
-66,10
55,-6
-2,43
1,61
50,44
-66,20
-67,-10
42,-11
8,-53
63,-17
-1,-51
-63,-18
-58,15
-2,63
-1,64
25,-61
-40,-33
71,0
50,-39
41,-43
-70,19
-70,19
-69,-11
26,-62
36,-51
29,-57
46,28
-65,-15
70,-2
51,4
-40,-33
-21,29
50,7
-33,-44
16,52
11,61
47,48
-31,25
-57,16
-3,55
26,-62
-21,31
-36,-44
52,40
-70,20
23,-61
-63,19
-37,-44
7,66
0,-51
-63,-17
45,26
-41,-39
4,-51
-64,-17
13,27
11,63
28,-57
25,-63
29,-57
19,-51
71,0
17,59
-3,55
61,-17
7,-52
-69,-11
70,-13
65,-14
-71,-1
-67,20
44,-45
-69,-13
71,-14
30,-56
7,67
36,-51
-64,-19
-61,-16
52,41
46,28
-66,20
-36,-45
-31,25
-63,-19
-32,-41
-40,-32
-12,-37
13,66
42,48
22,-60
31,-56
-32,-41
13,-39
19,-52
23,-62
22,-61
13,66
11,66
71,-9
-40,-33
-32,-41
-1,-50
13,64
53,40
46,-39
-66,21
24,-63
-41,-34
47,48
27,39
13,65
-44,-11
-53,15
-69,3
-32,-44
37,-50
-70,-11
29,-58
-4,57
29,-58
-71,20
38,-49
-65,20
8,-53
18,55
42,21
71,-1
1,-51
-64,19
-68,4
26,-60
-68,19
-40,-39
-69,-13
-71,-2
50,43
63,-18
53,39
-1,-52
47,49
70,-4
39,-47
-38,-44
15,59
71,-10
51,44
7,-52
37,-52
-42,-34
-42,-23
23,-61
-4,58
-37,0
-38,-44
71,-13
45,-15
-33,-45
-20,31
66,0
46,35
-33,-46
-3,62
68,0
52,39
43,-44
50,-17
72,-10
45,-45
-57,16
-70,-11
43,49
-39,-44
51,4
-2,55
52,43
47,26
-41,-33
-3,63
-65,-17
-37,-43
53,39
-3,64
70,-2
0,-53
4,67
71,0
-3,63
52,3
72,-11
3,65
50,38
-31,25
49,-39
-71,0
49,-40
-39,-44
54,40
53,4
-64,-18
71,-13
73,-11
-69,-14
72,-1
49,47
11,66
71,0
63,-19
62,-3
-40,-40
-64,-19
-71,0
4,66
-70,16
15,60
-70,-12
52,5
24,-63
-4,62
-21,32
19,55
-4,63
22,-61
67,0
15,-42
-39,-45
30,-55
-54,16
37,38
67,1
38,-49
37,-33
38,-50
39,-48
73,-11
49,47
67,1
72,0
-71,20
71,1
-57,17
47,49
-60,-17
-69,-12
61,-18
47,29
-46,-20
51,6
7,67
44,-45
42,49
18,56
-31,22
19,55
-70,16
47,48
17,59
51,44
49,47
50,-38
4,67
71,-14
-39,-44
31,-57
4,66
-38,-45
8,-53
50,47
-42,-39
42,49
19,-53
-69,-14
-50,5
-69,-14
24,-63
-69,2
-40,-41
51,38
73,-10
-5,62
-69,-1
-5,62
54,40
-36,-46
-6,61
50,-40
8,-53
-69,-15
53,41
-70,19
-55,-12
22,-61
-32,26
-69,-15
-6,62
-9,24
-61,17
29,-57
-39,-45
-70,-15
-6,61
-5,57
47,29
-65,20
72,1
-71,1
50,47
17,59
-40,-44
-70,17
48,-40
-71,-2
-62,-18
-6,63
-71,16
-63,-20
0,-53
37,-52
16,58
74,-10
-71,21
5,67
19,55
51,46
-70,19
-70,-15
52,44
-32,26
5,68
13,63
-37,-45
71,1
-69,-16
-61,-18
-71,15
47,25
23,-62
21,-61
-66,22
73,-1
8,-54
23,-60
-70,20
19,56
54,41
-72,-3
-46,-20
-70,-15
-62,-20
73,-12
-5,42
-35,-46
-71,-2
-6,63
24,-64
-56,16
14,65
27,-62
74,-10
22,-62
-69,-17
12,67
-66,10
30,-57
51,5
54,-17
-65,22
64,-18
53,44
-71,14
63,-18
50,7
-69,-17
54,41
51,46
-72,21
72,-12
27,-62
-33,-46
-72,-2
73,-1
-32,26
31,-57
-72,15
63,-19
-57,17
-33,-47
44,29
-55,-12
-40,-45
23,-62
-42,-35
-41,-39
37,40
13,67
22,-62
2,-53
39,-48
52,45
-68,4
-72,1
-64,20
-42,-39
-32,-35
9,-52
-6,61
-1,64
-42,-39
-6,56
-67,20
-43,-39
23,-63
49,37
15,65
40,-48
32,-57
-21,32
72,0
39,-51
-71,17
-2,43
26,-63
-70,-14
37,-52
8,68
-62,-21
-49,-12
70,-14
22,-63
-70,-10
8,-55
-42,-40
-65,-18
37,-53
-39,-30
4,66
37,-54
64,-19
-47,-21
-73,15
8,-55
43,49
-69,-17
47,49
19,55
18,-52
-70,-16
-60,16
-31,-44
-6,61
73,-1
27,-63
43,50
-18,-28
17,60
74,-11
8,-56
-68,20
50,47
-73,15
-39,-43
65,-19
-67,10
38,-51
-69,20
-72,16
50,37
10,67
-63,-21
73,-9
27,-63
-7,62
-3,64
71,1
-35,6
3,52
21,-63
-70,-17
27,-63
47,49
-6,63
-65,-20
24,-65
-33,-46
48,-40
71,-14
-70,-10
-32,-44
54,-18
36,-54
16,61
28,-64
-73,-2
73,-2
72,2
-32,-47
8,68
70,0
-65,-18
-41,-46
-73,14
-72,21
7,-53
-31,26
-67,-7
31,-55
-72,20
7,-54
-72,22
54,-18
48,49
-31,16
50,47
13,67
13,67
73,-11
-33,-47
70,-14
-7,-36
-66,-7
39,-50
8,-55
-32,-46
26,-63
-72,22
15,65
39,-45
5,67
22,-61
-7,64
53,44
-68,-10
-4,55
50,-38
8,68
14,67
-65,-21
38,-54
-43,-39
-43,-39
-67,22
50,-38
-72,22
32,-58
54,41
-35,-46
50,47
17,48
54,41
69,-14
23,-65
-73,22
-40,-43
43,50
53,44
-72,23
-70,-9
8,68
-31,27
-72,23
-72,24
47,-41
12,68
-30,27
46,-46
44,49
8,69
12,67
32,-58
38,-53
40,-47
-32,-43
-73,-2
-66,-18
-31,-45
8,69
-21,32
-21,33
-6,64
18,54
75,-11
40,-50
-6,65
13,68
-4,58
75,-10
66,-18
-71,-9
7,68
-70,-17
-27,26
52,38
-67,-19
54,42
-7,63
43,4
33,-58
50,37
-71,2
16,65
36,-53
-33,-46
-54,16
-30,26
22,-63
-67,-19
-4,54
-5,42
-1,65
65,-14
-42,-35
72,2
38,-53
-71,-10
27,-64
-69,21
33,-58
50,-37
46,49
72,-2
28,-64
-33,26
46,35
18,59
38,-53
46,-14
44,-41
23,-65
33,-58
-73,-2
53,43
73,-3
7,-56
4,68
23,-58
71,-13
23,-64
54,-18
-70,-18
-71,-13
13,69
8,-56
-64,20
23,-66
76,-11
65,1
22,-66
54,45
50,-39
-66,22
73,-9
-70,2
46,-41
-73,24
48,48
-65,23
63,-19
40,-48
-42,-34
71,-13
-73,-2
-73,22
4,68
69,-14
76,-10
53,38
-71,-13
-65,24
46,50
46,-47
-73,22
72,-14
72,-9
-67,23
-72,-13
-73,-1
-70,-13
-73,14
-40,-46
-67,-19
-73,14
55,42
-58,18
-70,-17
-8,64
20,55
-40,-43
3,66
-3,65
44,-15
50,-38
-73,-2
-72,1
41,-49
-33,-47
-21,32
13,68
8,69
-67,-19
54,44
2,-53
20,54
-31,22
21,-67
-62,17
14,63
-41,-46
-64,22
22,-67
28,-63
-71,1
-72,23
38,-54
-74,14
-72,-13
45,50
-40,-46
-44,-38
29,-57
-33,-48
45,-47
-75,13
-45,-39
73,0
-5,39
9,68
-20,26
-73,14
4,68
-73,21
54,45
-45,-39
-71,-17
16,64
-22,32
49,-41
7,69
46,-47
-2,-52
73,2
71,-15
-76,13
18,59
77,-10
-72,22
-62,-21
-71,24
-6,65
-62,-22
55,44
0,-48
4,69
4,70
46,-45
73,2
47,29
-58,18
-64,23
34,-59
-33,-48
12,69
-57,18
-22,33
74,-3
-68,23
15,67
-32,-45
42,-50
-26,24
9,-56
73,-4
-72,-13
-70,-19
-29,27
-42,-34
-72,-12
-76,14
-73,-13
76,-11
5,69
-65,-20
-31,-47
-71,25
46,-46
-56,-15
-66,10
-65,-20
38,-54
7,-56
-46,-16
43,23
-41,-46
47,29
-73,15
55,44
4,70
8,-57
-72,-12
-69,-18
51,6
32,2
-62,-22
21,-66
-41,-44
55,40
56,43
72,-14
-64,21
-12,-38
0,-54
-72,0
-43,-38
27,-62
-71,-18
-21,32
-76,15
-70,-19
13,69
73,1
-73,24
71,-15
26,-14
64,-19
0,-54
18,60
-70,-19
35,-59
55,40
-21,33
21,-67
38,-53
-42,-47
20,56
66,-19
15,68
74,-3
20,-67
64,-19
-9,64
-72,1
51,7
54,46
-73,24
71,3
-64,21
72,3
-62,-22
7,-57
-56,18
10,-51
-43,-40
55,44
-3,43
0,-53
-32,27
51,-39
-9,65
-74,22
38,-54
53,40
4,70
23,-68
-30,28
50,-38
22,-69
22,-64
55,41
50,-40
72,3
71,-15
35,-59
27,-57
35,-60
-9,25
-72,2
47,26
35,-60
42,49
46,50
-66,-20
56,43
17,64
28,-64
40,-46
-1,-50
-31,-47
48,50
52,-39
65,0
55,40
23,-68
48,29
-73,21
-70,-19
-61,-18
5,-41
-1,64
-7,62
23,-69
-45,-40
-70,-14
-43,-34
-42,-47
-5,42
-71,-18
-41,-47
21,-65
34,-59
-22,32
73,-14
-32,13
-43,-46
42,-50
-7,61
-21,33
74,-12
43,-50
-57,19
52,-40
50,48
49,30
0,-54
-71,-9
43,50
31,-59
-44,-38
23,-70
-71,-17
54,47
-30,-45
-72,-17
-65,23
-64,22
41,46
-5,42
-38,-29
-6,56
-15,-30
71,3
4,71
-8,66
63,-20
51,47
43,51
-72,-17
24,-70
-6,65
-47,-20
77,-9
-45,-39
-2,-51
28,-65
-1,-54
-72,24
39,-53
56,42
-30,29
4,65
-9,65
-66,24
54,46
-59,-18
63,-18
-73,21
8,69
-72,24
51,47
51,-38
65,1
77,-9
-32,-49
-21,33
22,-69
-47,5
-73,-13
56,44
0,-55
-67,-21
-45,-22
-70,25
13,70
74,2
-63,-23
56,41
-71,25
-33,14
13,71
41,50
45,51
28,-63
43,-50
67,-19
6,69
46,51
56,41
-42,-46
49,30
75,-3
-73,2
13,72
76,-11
76,-11
-75,22
-44,-22
19,-67
52,-40
48,50
40,-53
53,-40
49,51
28,-65
-8,66
-42,-34
75,-2
29,-66
48,50
9,-56
19,-67
22,-69
56,40
-39,-45
21,-64
46,50
20,55
13,72
53,3
11,42
-76,15
73,4
57,43
-53,16
18,-67
46,-47
65,1
4,71
49,51
-72,-9
48,29
24,-71
76,-9
-3,66
-3,67
53,3
-72,-1
37,-54
-8,61
77,-9
-44,-34
77,-12
-70,-20
-71,25
-1,-54
22,-55
45,51
-72,25
46,-47
-65,24
21,-70
-71,-18
64,-20
6,69
21,-70
-76,16
-20,33
-2,-51
77,-8
-1,-55
-73,16
-72,-1
-9,66
-56,19
57,41
-44,-37
-8,66
6,70
-32,28
-68,4
-41,-46
73,-14
-63,23
-10,65
-10,64
-41,-47
4,72
21,-61
-32,28
18,-67
73,2
0,-55
-72,-3
0,-56
42,20
47,-37
43,51
-70,-20
-76,14
5,72
74,1
-1,-52
43,52
67,-18
48,29
-32,-49
42,21
-22,34
-73,-2
77,-9
73,4
-64,-23
-3,67
66,1
51,-37
26,-61
36,-60
-3,42
-63,19
-22,34
46,-47
-72,26
61,-18
-46,-39
5,72
77,-9
-73,26
5,72
35,-61
-46,-39
53,47
-71,-16
-29,27
-2,67
-22,32
13,71
6,-57
28,-66
-71,2
-42,-43
77,-9
34,-60
28,-67
46,51
43,-50
17,63
-31,22
19,-68
47,-47
47,-47
42,52
28,-66
-18,-26
-71,-9
19,-68
51,-40
-63,24
5,73
54,3
46,-46
42,52
-65,25
75,-2
-35,-46
14,73
-54,15
-71,-19
-4,66
21,-68
51,8
77,-11
74,-14
78,-10
-44,1
-45,-40
-9,67
-74,-12
21,56
78,-10
55,46
-9,66
-42,-48
0,-56
-46,-39
73,-15
-6,38
-33,15
35,-59
49,52
-76,13
47,-48
73,5
-32,-49
44,51
79,-9
-47,-39
-67,24
-71,-14
-71,25
-47,-40
-73,26
-39,-46
-4,67
9,69
41,-50
73,-15
-2,68
79,-10
37,-55
52,-38
-33,-48
24,-70
24,-70
20,57
55,46
-32,26
-70,24
-61,-22
27,-67
37,-55
-73,23
19,-67
-47,-39
14,73
74,-15
56,40
23,-70
27,-66
-77,14
-10,65
6,70
-77,14
48,52
52,-37
-4,67
-4,67
-71,25
13,73
76,-1
35,-61
-72,27
10,70
-72,20
-72,-16
-31,-50
24,-70
42,-51
-42,-43
-40,-47
-69,-21
44,-38
-65,26
14,73
56,44
77,-1
74,-1
50,30
-69,-21
51,48
-7,66
-72,19
25,-71
-9,66
-73,16
5,72
49,51
35,-62
73,5
-70,-20
74,1
29,-66
21,-71
-30,30
-43,-46
67,-20
-74,-13
25,-72
34,-59
-74,27
29,-66
76,-3
21,-71
67,-20
78,-11
-8,68
76,-2
48,-48
4,71
-72,24
49,-48
-43,-34
-42,-44
19,-53
80,-10
-46,-39
-47,-40
0,-56
38,-54
29,-63
-31,-50
-35,-45
25,-73
25,-74
57,43
73,5
-34,14
-74,-14
3,-53
12,71
-42,-32
78,-12
79,-11
-73,-17
25,-73
67,-20
-63,-23
73,6
-77,16
-29,30
14,73
35,-61
77,-3
21,-71
20,-70
-37,7
-41,-25
-77,16
54,47
4,72
65,-20
-77,14
-43,-48
-77,14
-1,-50
68,-21
54,48
-33,28
-32,-51
80,-10
-78,16
25,-73
25,-74
-30,-44
-1,-51
-10,65
-8,61
-42,-49
15,73
78,-12
38,-56
4,69
68,-21
-30,-45
56,44
-1,-56
41,46
80,-12
0,-57
53,-39
35,-63
-10,64
43,52
-13,-38
-73,-18
-73,-17
15,67
23,-58
-42,-49
68,-18
68,-21
53,-17
72,-16
79,-12
-71,-19
60,-19
-6,57
-74,23
-61,-23
-73,-18
77,-2
54,48
-46,-40
45,52
-76,17
48,53
-75,23
81,-11
25,-74
51,8
-77,14
-77,14
76,-8
72,-16
56,41
57,40
35,-63
42,50
-76,12
50,-49
14,72
-63,20
36,-61
44,52
24,-74
49,49
16,67
19,-68
-65,26
35,-63
-73,-17
-11,65
-66,-21
58,40
-76,13
38,-51
-72,-12
68,-22
29,-66
-75,-13
-43,-47
-72,27
-2,68
55,45
36,-55
3,68
50,-49
74,6
-11,66
-75,23
25,-74
15,74
53,38
36,-63
-73,-18
-66,25
25,-75
-79,16
36,-63
21,-71
-74,-3
47,25
3,70
-74,-13
-12,66
-10,66
-77,11
5,73
24,-74
-74,-17
-75,-12
50,-49
-73,27
74,5
-32,-51
77,-1
12,73
4,73
51,37
66,-20
6,71
7,-58
75,-12
15,73
-75,-12
63,-19
-29,29
-71,3
35,-63
25,-74
-73,-2
-73,-18
-74,22
37,-63
20,-64
-72,27
-45,-22
77,-1
-48,-40
14,70
15,74
-65,26
51,-41
24,-74
21,56
25,-75
48,-49
-12,65
33,-59
50,-49
-23,34
14,75
75,6
77,-4
-77,13
-48,-40
-71,-9
20,55
38,-57
43,-51
-31,-51
-73,-17
6,-58
-62,-23
3,74
-75,-13
55,48
15,73
-12,67
25,-76
74,4
78,-4
52,48
-10,67
76,0
72,-17
53,-39
-72,-10
73,3
54,39
-77,14
79,-9
-31,22
-36,-46
25,-76
-43,-47
-63,21
53,49
-1,68
25,-76
-2,-53
18,-67
25,-75
20,57
-71,-20
-30,-45
50,30
-76,22
81,-11
-44,-47
-76,23
18,-67
48,52
56,39
4,74
26,-74
-2,-51
-56,20
-42,-24
48,53
75,4
-43,-33
57,43
51,-48
-7,67
3,74
-32,-52
-73,27
-31,-50
-78,14
80,-10
23,-74
18,-67
58,40
51,-49
-33,28
69,-22
48,52
55,46
-31,-47
-74,-14
-32,-51
-43,-34
-78,13
52,-40
36,-63
-60,-18
3,71
15,53
68,-18
50,-36
-65,25
-34,-48
-32,-32
-76,23
-31,-41
-69,-21
37,-64
14,71
-79,14
-16,-31
-64,-23
-39,-47
18,-67
-67,25
-34,-49
-76,24
5,72
-72,-19
77,-3
-74,-18
-2,-50
-41,-48
-75,-18
-76,18
-12,66
-76,11
16,67
51,-49
39,-54
25,-77
80,-12
81,-10
-75,-12
-31,-52
14,74
17,68
79,-9
-30,-43
-30,30
49,51
78,-2
-63,19
25,-78
2,74
3,75
2,70
-11,68
51,38
22,56
-76,-13
25,-78
81,-11
52,-37
-10,64
74,6
-43,-46
18,-67
77,-1
48,54
-2,-53
2,70
-53,16
-44,-38
-3,-51
20,54
59,40
25,-78
51,36
53,49
6,-52
44,-52
59,39
-61,-23
59,38
-73,27
-79,14
-75,-13
79,-12
27,-74
56,45
-72,2
-74,-18
2,70
49,53
60,39
-65,-21
-47,-41
78,0
79,0
79,-13
69,-22
-75,-11
15,75
52,-49
17,69
17,69
-77,12
-77,-13
9,69
82,-9
65,1
60,40
0,-57
25,-70
28,-67
82,-12
50,-49
-73,2
-13,67
17,68
-65,4
19,-54
-65,27
82,-11
19,-68
51,7
-44,-48
-2,-54
49,-49
48,-49
3,75
19,59
51,8
-32,-51
-72,28
79,-2
15,74
79,0
71,4
-30,-50
15,75
-5,55
-60,-23
50,52
14,75
-45,-47
3,76
-43,-44
-32,-50
48,-50
51,-41
16,67
37,-64
-61,-23
-3,-53
-78,13
56,44
-60,-19
20,-70
-73,28
-9,68
-78,16
-31,-52
-33,-51
-13,67
-48,-40
-40,-48
82,-12
-9,68
77,-12
7,-58
41,19
47,53
-71,25
-23,34
60,40
52,-50
26,-78
55,45
-44,-48
-5,68
-74,27
-40,-49
0,-57
15,72
77,-12
-48,-41
79,0
25,-78
53,-39
43,-51
16,73
3,76
-77,24
-76,10
-45,-47
27,-74
47,53
-73,1
53,-40
-48,-21
2,74
14,75
55,49
-46,-47
2,-53
74,-15
56,49
78,0
23,-74
21,55
-79,17
-79,17
-10,69
38,-64
-8,68
48,-50
8,-56
20,-62
76,4
73,-17
82,-11
74,-12
82,-9
20,-71
-80,17
-45,-48
83,-8
75,4
28,39
84,-8
18,68
-72,-8
-32,-52
30,-66
63,-20
79,-2
30,-59
6,-58
49,54
-45,-49
-77,10
-13,67
51,8
-3,68
51,-50
-73,-2
50,51
43,22
-45,-49
26,-79
30,-66
27,-74
-46,-48
79,0
-77,-13
-68,26
83,-8
-78,17
-38,-47
-75,26
17,74
-23,35
-73,28
-75,-19
-79,14
1,-58
13,74
-64,-22
69,-22
-77,9
61,39
69,-22
84,-9
75,6
71,-16
-80,18
-5,55
-11,69
37,-64
19,-69
15,76
-30,-53
18,69
67,-22
37,-65
65,-21
20,-71
19,-71
-75,-18
0,-48
56,49
49,7
-78,10
-29,-43
6,73
-11,70
-49,-39
41,53
3,71
84,-8
-72,0
30,18
-32,-53
52,-41
80,0
-76,-19
-74,-19
60,40
61,39
-6,57
4,76
-74,-20
18,64
18,-66
71,4
40,-54
38,19
-57,20
53,39
83,-12
-34,-49
15,75
37,-65
18,60
-35,-47
-71,-21
48,-49
61,38
-74,-1
85,-9
60,41
-8,61
-46,-50
-10,70
-74,28
-80,16
41,53
38,-66
-71,28
-40,-49
52,-49
-71,28
-77,18
2,75
4,76
21,57
60,42
19,-72
-23,34
47,54
-72,28
-9,60
-11,65
-61,-24
51,-50
15,76
-79,18
52,-41
47,24
-32,-53
6,73
51,-51
19,-71
84,-9
-32,-53
-73,3
17,-67
24,-77
85,-9
42,-40
52,-36
18,64
-9,69
-80,17
18,61
51,51
24,-78
82,-13
19,60
-74,-1
27,-68
61,40
78,0
-44,-46
38,-66
21,-62
-80,14
76,0
83,-13
66,1
-48,-42
85,-10
57,49
38,-66
50,54
28,-74
-73,28
-73,-1
49,-51
-12,67
-2,69
51,54
22,56
4,76
-77,9
-73,29
43,-52
7,-58
-76,21
-65,27
38,-63
24,-78
-79,18
-35,-46
52,-42
69,-23
23,-78
15,76
86,-10
-76,-20
-74,-3
19,69
19,-73
52,-50
53,-41
-80,13
-72,-19
-74,23
-48,-42
39,-56
20,-73
17,-67
-30,-54
61,42
-74,-3
26,-79
-10,70
-80,14
5,76
3,76
62,40
-46,-22
25,-79
86,-10
-74,29
23,-78
62,-20
66,-21
22,55
74,7
80,0
50,55
22,-78
-64,26
19,60
-56,20
-9,71
23,-78
76,5
-77,24
80,0
-42,-49
57,50
51,55
14,76
26,-79
-30,-51
50,51
2,70
-11,65
-34,-51
-81,16
56,46
27,-79
81,0
16,73
78,0
52,-51
71,-17
81,0
-74,-20
-69,-22
21,-79
-14,67
-9,70
6,76
53,-51
-69,-22
1,-58
78,1
51,55
70,3
-76,-20
2,75
51,55
-73,2
-73,-20
19,-71
15,77
17,48
21,-79
15,78
27,-69
57,50
19,-68
13,76
19,70
21,-79
74,-16
35,-63
27,-79
74,7
-44,-47
22,-80
-13,68
26,-79
87,-10
16,75
21,-79
39,-66
49,54
72,4
-77,-13
87,-10
52,55
76,4
-76,-20
-74,28
-46,-47
20,-78
-32,-54
74,8
-77,-20
-10,71
1,69
-11,70
-61,-22
52,55
82,-13
74,6
61,38
48,55
82,0
1,75
56,39
62,39
-49,-40
6,76
-43,-49
-80,17
-31,-54
14,76
38,-66
87,-9
53,-50
39,-64
84,-8
18,-72
80,0
83,-7
-65,26
20,70
54,-40
15,78
3,77
-77,-13
85,-9
52,56
69,-24
-47,5
-34,-52
-74,-21
28,-79
20,70
20,-79
-20,34
-80,12
83,-13
-9,71
21,-80
-75,28
-75,-2
53,-50
7,76
82,0
62,-20
38,-67
15,78
61,43
81,0
6,-57
58,50
-78,-13
-13,69
88,-10
88,-11
-45,-22
53,50
88,-12
-29,-53
21,-81
-77,-20
-49,-42
-80,18
21,71
-75,-1
-10,70
-2,69
-40,-49
-47,6
5,77
-81,15
19,-71
-75,-2
-77,-20
53,55
6,-58
-71,28
-80,14
-33,-54
-68,25
-11,71
5,77
70,-23
28,-74
62,38
54,55
-77,-20
27,-78
-2,-55
47,54
59,49
6,77
-81,18
-73,30
21,-82
62,41
-60,-24
26,-79
-43,-50
21,-82
-78,12
20,69
40,-66
21,70
-11,70
84,-7
-78,24
73,8
53,4
-46,-48
68,-18
61,43
-75,28
21,57
15,79
21,71
-41,-49
-81,16
-79,-12
88,-11
17,75
-76,-21
-31,-50
41,-66
20,-80
16,74
22,58
58,50
-47,-47
83,-12
53,-52
26,-80
20,-77
62,41
-23,35
17,75
-40,-50
-56,21
21,-82
76,5
26,-79
15,78
74,7
46,53
54,56
18,74
1,73
22,58
60,43
41,-66
82,-13
-75,-2
-76,28
-30,-51
-34,-53
-50,-43
17,-66
-10,71
-23,36
80,-1
-50,-43
-82,15
54,54
28,-75
-14,69
6,-59
22,71
58,43
-77,-21
-78,-21
41,-67
-3,-52
20,72
-5,42
41,-66
-33,-54
1,71
-78,-13
-47,-48
23,71
82,0
-78,-21
21,-82
62,-21
61,43
-6,56
-71,3
59,50
-77,-14
19,-79
48,-51
70,-24
69,-24
54,-41
-82,14
89,-12
28,-79
20,59
-3,-52
15,79
73,8
16,78
-80,19
-48,-48
41,54
-39,-50
90,-13
28,-79
82,0
-77,-20
-78,24
42,-66
-31,-54
15,79
-78,24
73,8
-80,19
19,-78
60,43
61,38
0,-58
-79,-21
-23,32
-10,71
37,-67
-48,-39
-12,71
69,-24
18,-71
18,75
0,-57
-79,24
1,75
16,79
-78,-20
-3,-55
26,-80
76,5
16,80
80,-3
20,-82
-50,-40
-48,-48
18,-73
3,76
82,-14
48,-41
-74,29
-13,69
38,-68
90,-13
1,76
29,-80
-76,27
-83,15
41,54
-78,24
52,56
69,-24
51,56
0,73
91,-13
-50,-40
74,-15
80,-3
59,37
-77,28
-48,-48
-79,-21
83,-14
-38,-48
-77,28
1,-58
-64,27
53,56
71,-18
82,0
-3,-56
6,-59
-64,-23
-2,69
-70,29
50,9
54,56
40,54
15,77
-74,30
-45,-38
16,77
19,-79
-77,28
28,-79
63,41
-73,-21
78,-4
14,79
74,8
89,-11
90,-12
20,-83
-60,-25
42,-65
82,0
-72,30
51,57
82,-1
43,-65
40,55
-56,-16
-46,-50
89,-12
62,40
77,5
18,-68
14,80
20,-83
18,61
-76,-19
71,-24
-57,17
62,42
-41,-49
26,-81
-6,60
54,56
-78,23
53,56
73,8
1,76
16,-65
22,-81
49,-52
23,70
16,79
75,8
-82,17
82,0
-50,-43
55,56
-47,-48
-10,71
53,-50
63,42
59,51
-49,-49
88,-12
30,-79
50,-18
52,-51
83,-14
43,-66
63,43
68,-24
77,5
-28,-43
-76,-20
88,-12
52,-51
77,4
90,-14
6,77
55,56
60,51
78,1
52,9
62,43
-78,28
38,-65
53,-52
12,74
7,77
63,41
-6,42
-80,11
59,48
3,76
20,-84
-46,-51
91,-14
41,-65
-30,-52
26,-81
90,-14
22,-82
-14,69
-64,28
19,61
54,-41
-78,27
59,48
26,-80
-67,26
55,-40
-21,35
-12,65
91,-13
90,-13
89,-11
82,-14
70,-24
91,-14
64,42
31,-79
21,-82
75,7
91,-14
83,-1
-51,-39
-77,9
29,-80
29,-80
64,43
18,75
-62,21
73,-16
-75,31
41,-67
-78,27
-9,60
65,43
23,56
60,50
-78,27
42,-67
-78,-11
63,38
76,4
19,-85
-75,-2
59,38
-76,-21
-30,-54
71,5
56,57
42,-65
68,-25
-78,-12
88,-9
-3,-55
59,51
-13,66
-48,-49
15,80
20,-85
29,-66
56,57
71,-25
63,38
23,70
92,-15
82,-15
49,-51
1,-59
24,71
40,56
53,5
-9,61
17,-65
51,57
0,-58
-10,60
92,-14
-14,69
-9,72
18,75
55,-40
53,-53
51,57
24,71
30,-66
62,43
-74,-1
-79,24
-56,21
-32,-55
-32,-55
92,-15
92,-15
1,75
6,-40
59,52
76,8
71,-26
-78,-20
63,37
-83,15
93,-15
7,77
-14,67
-50,-42
-83,15
14,79
-64,28
-38,-51
-78,-12
19,-79
44,-66
56,58
19,-85
31,-79
-52,16
-29,-51
18,-71
-45,-37
84,-14
-81,11
-70,-22
24,71
20,-83
-64,28
-47,-51
3,77
-33,28
-4,-52
36,-61
93,-14
43,-65
62,-19
-14,68
93,-14
89,-13
-79,-21
-78,-20
64,37
16,78
-13,70
-80,24
50,57
72,5
20,-84
6,78
-23,36
56,57
-10,72
83,0
-79,-21
19,-85
-79,19
28,-74
-80,-21
-63,28
-84,15
-63,28
-49,-48
2,77
32,-78
-85,15
-79,24
93,-15
-79,26
19,-85
16,80
-71,29
-9,72
-80,-22
16,77
51,57
17,80
-30,-55
90,-14
78,1
-79,-20
-37,6
-50,-42
91,-16
18,81
-79,-22
32,-79
71,-23
-49,-49
40,56
14,81
18,-77
-79,-20
-80,-21
21,-85
14,81
19,59
-47,-51
-6,42
22,72
-79,19
-76,-21
-70,28
29,-80
14,81
84,-7
58,37
-80,-21
-77,-19
64,37
14,81
65,44
64,43
-75,31
-32,-56
-79,27
-47,-52
78,6
56,58
54,-52
-9,72
1,75
58,52
-79,-20
52,57
52,-42
92,-16
-14,69
32,-80
-75,31
52,-42
65,43
46,55
-69,29
29,-74
19,-86
33,-80
83,0
1,-59
65,42
-63,28
21,-85
61,51
-75,-13
-77,8
-69,-23
2,77
3,77
-19,-27
27,-69
92,-15
30,-81
50,58
-46,-52
57,58
64,40
29,-80
53,-53
14,80
59,37
-9,60
18,-79
77,4
-14,68
54,-52
55,-53
19,-85
-32,-56
-31,28
17,67
-29,-56
29,-81
19,-86
72,-25
86,-8
-11,71
-40,-25
-41,-50
21,-85
-78,-19
-50,-44
65,37
-79,-20
65,36
54,4
-78,28
53,57
-33,-54
76,9
-30,-56
19,-84
66,36
-37,-51
44,-52
-51,-40
49,-52
24,71
33,-80
52,57
-7,56
22,-86
-31,-56
55,-52
-46,-53
25,71
3,78
-86,15
-87,15
31,-81
-49,-49
-32,-56
60,48
17,-67
18,-70
65,42
55,57
6,-60
78,6
81,0
-13,-38
18,-84
-12,64
38,-67
92,-16
-50,-49
15,82
91,-17
-64,29
33,-79
94,-16
91,-17
-80,-20
75,8
29,-81
34,-80
73,-17
61,51
67,-22
20,-86
22,-87
0,-58
-31,-48
45,-65
-60,-26
-80,-22
92,-14
-63,29
-79,-12
28,-82
49,30
76,6
-23,37
15,82
92,-18
38,-68
-74,32
46,54
-76,32
65,43
-86,15
53,58
-81,-21
57,57
83,0
2,78
47,27
19,-85
-13,71
7,-60
91,-14
25,71
42,-68
-43,-50
-78,-23
91,-19
16,82
19,72
77,7
-71,-21
-76,30
2,79
-75,-21
82,-1
87,-9
30,-81
-79,-23
-14,70
-47,-51
80,1
50,56
94,-15
1,79
-76,32
61,52
19,-87
30,-81
25,70
53,59
1,79
-72,31
18,-84
66,42
17,-84
-78,-12
-74,-4
-33,-54
-86,14
38,-68
6,-60
-79,28
-15,69
55,-53
45,-65
83,1
58,52
27,-81
18,80
80,-3
41,56
-81,-22
41,55
-13,71
79,-13
-78,-23
94,-15
-78,9
-78,-23
-34,28
-79,-12
6,-56
-50,-47
-80,-20
-75,-21
15,82
-46,-52
39,-50
77,6
92,-18
-82,11
-80,16
28,-78
-29,-52
-76,31
-23,35
-15,69
18,-85
52,58
-74,-21
17,-84
47,-51
-81,-22
-76,-12
-51,-40
-79,26
-80,-12
-50,-48
93,-14
55,-18
70,-18
-62,30
-87,14
70,-26
-5,68
41,-68
-81,-21
53,59
-74,-3
-78,29
-51,-44
59,37
59,36
-81,-21
19,75
5,79
61,47
94,-15
66,35
-75,-2
56,-54
17,-85
-87,16
-77,8
76,9
-10,59
-80,-11
-50,-50
-72,31
88,-10
14,82
-80,-12
22,-86
60,53
-61,30
32,-78
94,-13
-57,22
91,-20
-28,-53
-78,29
23,-87
83,-15
57,56
83,0
22,-87
-82,-23
-47,-52
25,72
91,-19
-69,-24
26,-70
94,-13
-14,66
66,35
-14,71
77,9
-48,-51
55,-55
0,-49
-34,28
67,36
72,9
-61,-24
-84,15
-30,-56
-52,-40
60,48
35,-81
37,-67
18,-73
-77,31
94,-14
66,42
43,-68
14,81
65,38
-79,20
33,-79
23,-87
-16,69
16,83
44,-66
-77,22
23,58
77,10
56,-55
22,71
0,-58
-72,31
-80,28
3,78
-70,-23
-9,72
92,-20
-81,-23
-30,-57
89,-8
65,44
-78,-24
-86,17
-57,22
69,-25
0,78
19,62
0,-59
77,9
77,9
-79,28
17,-71
-78,-23
-12,64
61,51
67,37
-46,-52
-81,-11
17,-84
-17,70
42,55
68,36
-14,71
56,-54
68,37
57,58
39,56
25,-71
-17,70
-72,32
42,-69
56,-55
71,-23
-3,-54
-88,15
66,42
64,1
-10,73
18,-84
-78,-23
22,72
-24,34
-10,72
6,77
5,79
53,-36
-80,-20
-45,-51
67,42
95,-14
-14,72
60,-19
-82,-21
83,-7
-8,72
35,-81
77,9
-81,-20
41,-55
-30,-58
-33,-57
57,-53
68,41
55,56
44,-68
-60,-23
92,-19
26,72
88,-8
13,82
-18,70
18,-85
68,36
-78,10
-78,9
-29,-55
17,-79
3,48
23,-88
-4,35
96,-14
-47,-52
96,-14
53,-36
-87,17
96,-14
-86,14
0,-58
14,82
-46,3
-16,70
51,-48
19,-68
83,-2
18,81
88,-8
-74,-1
-69,-23
55,-41
45,-65
-30,-58
-3,-56
-77,29
92,-21
-18,29
79,6
0,-59
-45,-51
17,83
68,36
-88,14
-46,-53
40,53
-87,17
54,59
-13,-39
96,-14
-78,-22
-86,13
-5,68
18,80
65,43
-80,29
35,-80
19,80
-88,15
30,-82
-35,-52
-39,-51
25,70
97,-13
93,-22
-18,71
17,-84
77,10
84,-1
16,-83
-49,-47
-71,32
-30,-58
-24,34
78,11
2,80
-87,18
14,82
25,-70
-68,-24
69,-25
80,2
55,-39
1,80
-29,-57
58,58
78,1
-82,-20
59,54
-88,18
36,-81
0,78
16,-85
36,-81
91,-19
53,-42
50,-52
53,-52
-82,-23
76,9
-89,15
-81,14
-41,-51
19,81
57,59
-29,-58
-78,-24
-18,69
6,-61
71,-25
89,-10
16,84
24,-88
77,11
4,79
-87,18
95,-13
-74,33
-33,-56
-77,31
65,44
89,-8
-51,-45
93,-23
41,-55
-77,-25
92,-21
53,-39
-88,18
37,-80
-83,-24
38,-69
-70,29
57,-54
-51,-48
19,81
52,-52
67,41
42,-69
46,-65
18,-87
92,-23
-15,72
-80,24
-60,-26
58,-53
-63,27
-68,-24
92,-23
26,72
93,-23
-88,18
53,59
-78,31
19,81
-18,71
67,43
44,-68
-78,-25
-33,-56
37,-80
97,-15
53,-36
75,-12
-78,-26
14,83
16,-83
-28,-58
-61,31
36,-81
37,-81
52,58
-34,-53
17,-72
-75,32
28,-82
75,8
-30,-59
94,-23
-48,-51
-88,19
97,-15
92,-19
-81,-11
-78,-26
-72,-21
95,-15
-24,34
52,58
84,1
41,-69
68,36
16,85
-51,-42
-82,-11
17,-86
89,-9
-81,-12
-62,27
-83,-24
56,-56
52,-49
52,58
2,80
12,82
23,-88
93,-24
-6,60
83,1
68,35
58,58
-89,19
64,45
84,2
62,52
68,41
0,78
68,41
23,-89
16,-87
79,6
39,-67
20,81
14,83
-87,13
6,78
-74,33
71,-26
24,-86
52,58
-78,30
-47,-53
91,-23
59,53
40,-35
-74,0
17,-79
-86,12
-23,37
58,-54
28,-83
98,-15
-50,-50
78,10
55,-56
18,-87
-31,31
95,-23
18,-88
23,-90
24,72
-79,-19
-11,72
58,-55
-50,-48
22,-90
-77,31
-46,-53
-88,19
38,-81
97,-15
-70,-24
91,-23
43,-69
36,-82
-10,73
49,29
83,0
-69,-25
47,56
-87,18
-47,-53
-89,20
-77,-25
-85,12
68,37
69,35
-89,19
5,79
69,34
-19,71
67,43
-50,-47
-7,73
-17,69
-82,-11
6,79
57,58
97,-15
98,-15
-47,-53
46,-65
17,-78
41,-69
36,-81
-28,-54
-28,-55
-47,-54
94,-24
49,58
44,-68
-4,-52
-34,28
80,2
68,34
59,54
-61,31
58,51
68,41
-41,-51
58,58
52,7
23,-91
49,57
59,55
34,-81
97,-14
98,-16
-80,20
85,1
-84,-25
57,-55
-81,23
37,-69
-51,-43
-29,-59
22,-89
17,81
-77,32
-89,14
89,-8
0,78
78,9
-50,-49
-62,31
0,79
68,-26
24,-86
12,82
-82,-10
0,-60
59,55
-72,-8
26,-81
95,-24
22,58
-46,-54
55,-56
60,53
-84,-25
-81,-19
24,72
0,80
-83,-25
-72,32
59,59
20,81
38,-81
-34,-56
18,-88
-19,71
62,52
-15,73
14,81
-50,-50
24,-87
-77,31
-77,32
-89,19
46,55
-34,-56
-28,-59
94,-24
-78,8
61,47
-79,25
90,-12
98,-16
5,-60
-90,14
62,48
1,81
-11,72
-88,14
-19,72
70,-27
-33,-57
-32,-58
9,-56
63,52
-77,32
-89,20
-23,33
21,82
15,-83
-10,73
2,81
-81,-12
58,55
77,7
-82,-10
16,-77
-90,14
-70,32
58,59
-62,31
48,57
17,85
54,-36
2,82
17,-87
-70,31
63,51
-81,-13
69,42
24,-91
-81,24
39,55
47,55
93,-24
-46,-54
24,73
21,82
-27,-59
98,-14
-83,-25
36,-79
79,2
69,36
-74,-1
17,85
46,-66
34,-82
49,59
-89,19
55,-57
2,83
23,-92
-32,-58
85,3
31,-82
-14,74
58,60
-89,18
-83,-11
-89,19
-90,13
-81,-11
-79,9
58,60
72,-26
-52,-44
90,-7
29,-73
54,-49
-51,-48
-15,72
-18,69
-28,-55
-68,-25
85,1
-50,-50
-31,31
-86,12
55,-39
-80,29
98,-17
40,-68
19,-89
24,-93
19,81
54,-41
-39,-51
-80,30
-90,19
-76,-2
62,53
-88,20
22,72
-50,-50
1,81
-81,11
-82,-12
56,-57
-4,-55
58,-55
-81,-19
-19,69
16,84
-90,12
85,3
-90,19
48,58
98,-13
92,-24
2,82
-83,-13
-70,-25
-48,-54
-75,33
85,1
-19,71
98,-14
6,79
84,0
55,-57
-60,30
-29,-59
-81,29
-48,-55
38,-81
95,-25
93,-25
93,-26
19,-90
-45,-52
-27,-55
85,3
55,60
-19,68
96,-25
99,-13
-82,-24
-90,13
-82,-11
20,-91
73,9
-90,19
-50,-50
-90,12
-81,24
-19,69
38,-69
53,-43
72,-26
-89,20
28,-83
-52,-47
55,-54
16,-79
99,-13
98,-14
95,-25
19,-91
98,-15
69,42
-83,-25
3,82
-78,31
-91,12
-86,17
-76,-2
-80,-13
78,10
23,-94
95,-25
70,-27
-20,68
17,83
-20,71
99,-14
89,-11
79,10
1,81
-92,12
65,44
3,82
49,59
45,-69
-10,73
96,-25
90,-24
68,-26
98,-13
96,-13
16,-87
69,40
-91,14
-89,20
-90,20
-90,20
-14,73
27,72
23,-95
27,73
65,44
44,-69
-46,-55
-82,-22
24,-91
46,-66
-79,-11
-86,12
-34,-57
-60,31
-48,-56
47,-65
-91,14
-78,33
-8,73
-23,32
-89,21
86,3
16,85
46,56
72,-25
-60,-23
-92,11
98,-12
-46,-55
66,44
21,73
-82,29
-73,33
21,82
17,-88
12,83
-7,-36
54,-52
-35,-52
-10,74
-83,29
97,-26
79,5
19,-91
17,85
28,73
38,-82
-91,19
-48,-50
-86,11
-79,32
21,81
0,-61
-91,14
-91,11
-84,-26
-29,-59
39,56
-90,21
16,-83
-30,-60
31,-82
-70,32
58,-53
59,-53
-84,-25
-89,21
-48,-56
21,82
87,3
59,-52
-52,-41
-16,73
-85,-25
59,-52
43,-70
57,-53
70,-18
24,-95
-19,72
-28,-60
-92,11
48,59
60,-52
-83,-26
62,53
-77,33
-30,-52
17,-74
-48,-55
-52,-47
-88,15
35,-79
45,-65
-82,-22
23,-95
-86,-25
86,1
16,-87
59,59
93,-27
63,52
98,-16
11,82
-91,19
31,-82
-80,29
-92,14
20,-91
-45,-56
86,0
91,-24
17,83
-51,-50
-67,-25
87,4
16,-85
-52,-43
-75,33
-61,32
70,-27
11,81
49,59
-7,73
-83,29
12,83
-90,20
26,-82
-20,71
39,-81
71,-27
-90,22
99,-16
29,-83
66,44
87,0
-76,-1
-25,35
-86,-26
-7,72
-93,11
62,44
10,80
17,83
-20,69
-27,-59
72,8
-63,31
79,10
-46,-37
69,42
39,-82
-30,-59
90,-6
23,-96
46,-66
52,-53
97,-25
59,60
-48,-56
100,-16
70,43
-52,-41
21,81
-79,10
24,-96
70,43
-77,-3
79,10
-89,15
99,-14
69,34
69,35
-86,18
49,59
-10,73
-35,-57
-84,-27
86,0
39,55
-21,67
-19,73
24,-96
-93,14
58,-55
100,-16
100,-16
98,-18
59,-55
-78,33
23,-97
-29,-61
-92,12
55,-57
-49,-56
-29,-60
-87,-25
88,0
-53,-47
-70,-25
-83,-27
97,-25
6,-62
-24,37
99,-18
-79,32
101,-16
-90,18
58,-56
-29,-60
97,-26
93,-19
-45,-56
-93,14
17,-89
-83,28
19,-91
-80,-11
61,-52
-83,-28
78,7
24,-87
-19,73
23,-97
101,-15
59,-54
-21,70
69,36
-32,-58
-49,-56
99,-13
1,83
-93,10
21,82
16,-71
-18,72
77,12
78,12
-45,-57
61,53
67,43
23,-96
-78,34
76,12
90,-12
48,60
71,44
-74,34
98,-12
45,-70
-82,-10
-79,35
21,81
1,82
22,74
-52,-48
55,-39
-16,73
-79,35
45,-71
97,-25
93,-12
58,60
-94,10
-16,74
22,-97
24,-93
6,80
-85,11
-93,9
-36,-51
59,-56
-18,68
54,60
97,-25
100,-17
28,-84
-49,-57
-83,28
-61,-26
63,52
20,61
-83,-10
-87,-24
-93,14
70,35
-94,9
54,-41
-94,9
41,-56
1,82
58,36
36,-82
1,82
-27,-59
48,59
29,73
-80,24
78,10
70,41
6,80
48,60
90,-24
93,-12
97,-26
102,-15
-8,74
-17,74
-31,-59
7,81
63,52
-81,30
101,-17
23,-97
23,-93
-77,-3
-36,-53
-90,21
-89,22
-82,27
61,-51
23,-91
-67,-26
47,-52
77,13
71,44
54,-42
-90,20
-93,9
-90,23
-7,74
91,-25
63,53
-50,-56
20,82
19,-91
23,-96
64,52
87,4
59,-54
-93,9
-29,31
-35,-57
22,81
5,-62
25,-93
-45,-56
71,35
37,-83
25,-96
71,-26
17,-74
86,0
16,-87
-77,34
-53,-47
16,-77
72,-26
17,-89
24,-93
-10,75
58,37
68,43
79,10
25,-96
-20,67
101,-17
97,-12
-48,-57
77,10
97,-26
-93,14
-83,-10
15,-87
3,82
-92,9
47,57
-84,-10
-87,-26
98,-25
-63,29
-84,-27
-61,-27
-71,32
39,52
84,-6
17,-67
-95,10
17,-79
97,-27
95,-23
-45,-57
-28,-59
39,-80
18,-90
-84,-10
70,34
-84,-9
92,-26
96,-27
0,73
58,-56
-20,72
-81,30
97,-27
-30,-60
102,-18
-96,10
-26,-60
-96,10
-79,30
58,-57
-63,31
16,86
99,-12
69,40
-53,-48
15,-88
49,-47
-32,-58
-88,-24
-88,-24
-33,-57
-91,21
39,-83
-84,-13
29,-84
73,-17
-21,72
-9,25
-1,-58
-53,-40
-83,-12
15,-86
-77,-1
97,-11
76,13
71,34
-61,-27
64,52
98,-26
-84,-28
39,-83
45,-71
59,61
-77,34
15,-87
-25,35
90,-7
-86,-26
-94,13
23,-98
71,44
72,43
16,86
91,-18
46,-66
-71,32
99,-12
-82,-20
-88,-24
-89,-24
70,42
-83,-29
26,69
39,-83
71,34
-22,72
-83,27
70,37
38,-83
-94,13
11,81
39,-80
16,-88
71,-24
92,-27
22,82
98,-25
21,82
23,58
-17,74
38,-83
-21,73
-94,9
25,-94
-63,31
-96,10
39,-83
56,-56
1,83
22,-96
70,35
90,-7
103,-16
-25,37
-21,72
-80,11
99,-25
48,58
23,-92
61,54
-9,74
34,-82
-49,-57
-96,9
-67,-26
-87,-24
18,-71
87,5
46,-66
-79,35
60,58
-94,10
60,58
97,-27
39,-83
-96,9
-50,-58
69,39
72,-26
-53,-41
-63,30
39,-80
72,44
72,10
56,-39
17,86
-93,8
23,-98
2,84
2,-60
88,5
-4,-52
21,83
-91,23
-82,-20
-76,34
-15,74
-21,67
69,33
-97,9
0,80
39,-84
24,-88
-78,-26
-61,-26
86,0
-90,19
23,-98
-77,-22
100,-25
-82,-26
18,86
25,-96
23,-99
-21,70
67,45
99,-25
93,-27
25,-87
-35,-57
90,-24
90,-25
98,-24
79,11
100,-26
-82,-29
-36,-53
23,-99
-83,27
-20,67
-80,36
23,-99
50,36
88,4
-81,25
88,5
6,-63
-93,8
-82,-29
21,80
11,83
-37,-54
16,-78
65,52
102,-19
-89,-25
40,-84
96,-28
-83,-13
-21,67
103,-19
49,60
-35,-57
39,-83
-90,-25
-23,38
58,61
14,-87
44,-72
25,73
-77,34
55,-57
-31,-61
-84,29
-88,-23
-85,-9
41,-84
97,-26
-32,30
-48,-58
89,4
64,52
-29,-61
72,-26
41,-84
-21,72
-84,-29
-23,72
16,87
97,-28
-61,32
41,-69
-33,25
-23,73
-10,75
-51,-58
-91,23
44,-72
-51,-58
-49,-58
-96,10
86,0
28,-84
103,-15
20,69
28,73
-97,9
-95,11
-44,-35
100,-27
-97,10
-91,-25
-79,36
-18,73
89,5
103,-18
60,61
39,-80
56,-58
-69,28
-98,9
72,42
91,-22
45,-66
-53,-47
44,-72
21,-97
24,-97
4,82
-88,-23
45,-68
-1,-58
99,-12
-90,24
89,-11
-79,34
101,-26
14,84
72,34
20,-91
-29,-45
25,73
104,-18
71,45
-89,-25
-80,34
104,-19
40,-85
104,-18
91,-28
49,61
-65,4
99,-27
103,-18
0,-58
105,-19
97,-28
22,-99
-18,74
29,-84
-89,-25
41,-84
49,62
46,57
75,14
28,-85
39,-80
17,87
-85,-9
-60,31
-68,-25
-64,24
-16,75
-26,-60
-79,36
-77,-3
-31,-61
-82,-30
25,-93
-49,-58
41,-85
54,-48
39,-79
-77,0
65,53
85,4
-41,-51
14,-87
46,-68
45,-72
60,-52
106,-19
-22,73
-10,75
14,83
61,61
-4,-56
105,-18
-90,-25
-83,-14
-93,8
28,74
101,-26
-16,75
99,-11
-91,24
24,-100
-59,31
59,61
90,5
90,4
-18,68
92,-28
40,-86
31,-82
25,-97
90,6
90,-26
41,-86
64,52
61,-50
-25,38
99,-12
90,7
-2,-58
-76,-25
26,-93
106,-18
99,-24
4,-59
-35,-57
103,-14
57,61
-83,-8
-95,11
103,-16
16,-86
-85,-9
17,88
104,-17
-46,-22
62,53
23,81
17,87
28,74
61,-50
17,87
40,-79
26,-97
92,-28
-54,11
29,74
-17,74
-48,-58
-44,-57
-92,23
67,45
90,5
104,-20
14,-88
66,45
71,44
103,-13
-98,9
-26,-60
-84,-8
-77,0
-87,-23
34,-82
-16,76
24,-101
96,-29
50,60
91,-13
45,-66
0,82
95,-22
-60,32
-79,30
-1,79
-51,-56
-91,-25
60,-54
25,-101
-76,-25
16,-71
-31,-61
-51,-58
24,-102
0,80
24,-101
18,-91
-84,-29
-94,8
-63,32
24,-101
10,81
72,42
13,-86
0,84
-82,29
-63,32
71,33
105,-18
64,-21
2,83
14,-86
-24,72
44,-72
104,-16
48,60
-15,76
25,-100
16,-77
88,6
-94,8
-60,-27
-97,9
73,-27
13,-85
-91,19
-25,-60
58,62
-11,60
-86,-8
-32,-62
-91,25
72,34
-71,-25
-45,-57
105,-16
23,81
65,34
73,42
-92,-25
-91,-24
-70,32
24,-101
105,-17
73,42
-7,72
24,-102
101,-27
103,-15
105,-17
49,62
90,4
74,42
-82,-14
41,-87
0,84
-32,-62
96,-11
26,-93
-84,29
-74,34
91,-28
105,-19
-90,25
79,10
60,-53
-18,75
29,73
-26,-60
71,-27
5,-63
89,6
90,7
20,83
41,-87
26,-97
71,44
57,62
61,62
47,24
-86,-8
103,-14
-3,-56
-16,77
71,45
0,74
69,-28
73,42
25,-102
89,6
-80,36
-12,64
70,-28
56,-58
-52,-46
40,-87
-90,-26
0,-60
1,84
-78,-3
-92,19
15,-89
104,-14
106,-19
21,83
26,-93
-91,-25
49,62
58,-57
73,34
18,85
107,-19
89,7
17,88
25,-103
65,54
-94,15
90,-7
-92,-25
22,74
-61,33
96,-10
-94,14
-63,31
-96,11
30,74
26,69
-5,-53
-16,78
7,81
60,61
40,-84
