4.24233
5.48204
0.0360748
3.12395
1.92538
1.46112
2.3963
5.72409
2.92512
2.83284
3.77329
1.37261
3.78946
3.18517
0.328847
4.00968
3.44897
4.40837
0.114194
2.89419
4.56683
5.57146
1.33033
3.32093
1.406
5.90756
1.45608
5.72136
0.938086
1.85824
3.97878
5.66826
0.843423
0.504989
5.05299
2.03284
4.29026
0.556879
3.80821
4.06955
4.41068
1.17095
1.29469
1.21774
2.24026
3.27846
3.85225
2.82809
5.72183
2.6941
3.06599
1.62188
2.52364
3.27045
1.16258
5.02153
1.03073
0.610295
3.06203
4.24888
2.47836
2.57396
0.871534
1.72498
1.07139
5.47458
0.27872
3.48049
0.123282
4.83943
0.578768
0.983136
5.07429
1.90638
2.62546
5.53716
2.72008
6.20088
5.27211
2.93844
0.617962
6.26564
0.318894
0.084485
6.22368
5.1617
0.796589
5.08472
1.35618
4.25847
0.242917
4.91605
0.178704
0.117839
1.31703
6.0097
2.86995
5.50665
5.2322
4.42873
3.07754
1.10642
3.72078
4.8215
0.691728
1.95945
2.28837
1.22435
0.296689
3.87885
3.7332
6.26907
1.53771
1.51325
5.08401
1.9609
1.52259
5.02431
3.74776
5.84781
2.61154
4.10771
4.98231
1.79286
4.8014
2.11042
1.2049
0.00207288
3.42295
0.646647
4.55554
4.35779
4.6229
5.59565
5.57587
0.00891314
5.28937
3.86264
1.57612
6.25041
2.15276
2.77361
1.12109
5.11937
5.58409
6.06188
0.124111
6.20392
6.02098
3.83662
4.00912
0.409449
1.51793
2.12857
4.61195
3.66244
4.57633
1.91768
4.02162
3.10369
0.768013
2.34919
5.51098
2.60829
6.13708
1.0218
1.38657
5.96528
3.9423
2.08272
0.658346
0.13719
6.09928
0.365909
4.87118
6.27194
5.78677
0.843247
3.9035
3.35824
0.0259256
2.19143
5.6357
0.14016
5.75799
0.879395
1.88875
1.57956
1.22484
2.22004
2.71842
3.41778
1.78235
4.00815
2.91295
5.63581
2.06859
1.89948
6.02102
4.55014
1.57945
5.64476
1.60221
4.97242
5.2264
1.25838
0.348009
5.63009
0.213505
0.685577
5.36453
4.27921
3.25735
0.90131
5.82169
3.3941
5.78908
1.9509
3.19376
0.332786
1.11109
0.458184
3.79673
5.90504
3.21595
2.56841
1.79156
1.78992
5.63467
1.82043
3.12703
3.4037
3.81416
3.58426
3.7387
4.55895
5.13182
1.28088
1.62767
5.57671
1.49102
2.17632
2.99604
1.08345
0.853081
5.75997
2.69965
2.03531
1.80812
3.53997
0.875172
0.034077
0.962917
4.56308
5.34879
3.56573
0.302255
3.17685
5.16712
3.93002
3.02218
0.486627
4.31278
2.01372
3.31909
1.86602
2.86303
2.32329
3.81631
1.96607
0.498905
3.32911
0.599112
3.60969
3.90032
0.175334
0.0234986
5.38355
3.54849
5.77272
3.45124
4.91383
0.587247
5.25484
1.69663
2.1569
3.42341
2.12172
2.77636
3.42589
6.07629
3.6293
0.49169
1.44839
2.0622
1.31135
4.70636
0.738588
4.16979
5.30357
3.89748
2.871
4.32432
1.27614
3.53486
2.98202
4.13484
2.34242
4.83114
5.71838
1.30288
0.559751
1.80487
5.55252
3.28628
3.29075
3.01685
5.09814
0.672012
3.66118
2.22065
0.339633
3.08254
3.45248
0.647463
5.7662
0.688116
4.12463
0.398574
0.962992
5.78565
0.903365
2.68308
0.0482873
1.03465
3.67984
1.56282
2.6112
4.67903
0.133069
5.96365
1.62164
4.75902
6.2045
3.34852
0.0853967
2.69484
2.96384
0.061283
5.8249
0.696158
1.03
1.03798
3.24132
1.62138
0.427434
2.1983
1.77514
2.24983
0.59076
1.46286
0.236811
2.82499
3.81761
5.06109
0.00755365
1.29008
5.30661
4.70673
0.806051
0.699275
3.10028
6.23036
4.28394
1.08294
4.90129
3.43345
1.31278
3.59479
4.70362
5.00312
5.84168
0.141833
2.46266
2.63091
2.95886
4.43144
4.63671
5.15793
0.236033
2.31782
6.10246
3.60994
1.74125
4.44588
2.23239
2.93697
0.971757
2.31747
0.252019
0.812227
4.05348
4.55806
2.75681
1.48382
0.725928
5.00693
0.683724
5.72625
1.58629
1.26546
6.27462
0.555765
3.9234
4.87434
2.84721
0.220247
0.893777
4.90013
2.76333
4.26342
1.92453
5.99848
2.7626
4.63446
5.04729
0.497491
4.7018
5.84306
4.43676
6.0778
3.89348
4.66217
5.86376
0.430981
5.27774
3.17431
0.0959021
3.32783
4.16154
4.94365
5.38711
0.407385
4.52756
5.32597
3.38002
1.68661
3.3895
3.84934
4.23597
5.55156
6.17565
2.23772
4.43319
2.559
0.671327
4.72032
2.8821
2.28594
4.33873
4.73618
5.66601
0.635657
2.10394
5.42314
2.81639
3.76436
2.10122
3.80172
1.73783
3.5022
0.514132
1.63736
5.09926
0.540251
0.794031
6.05239
4.02294
0.0744601
1.0943
1.04152
6.17981
3.10034
1.00762
1.84858
5.03364
3.58242
4.22184
0.400794
0.56094
2.92937
5.17271
3.65703
1.5386
3.80767
1.17126
0.116118
3.80413
4.54039
0.988835
0.307571
4.5704
2.66463
4.14425
3.3343
6.21336
1.37165
0.354543
2.34833
3.7178
5.04246
0.976413
5.1541
4.98978
1.50473
0.219703
4.32141
2.53035
3.01533
4.78828
1.53684
5.79701
3.31168
3.02863
2.01911
5.95217
3.59227
0.208086
3.85357
6.17371
0.936352
4.20331
3.25633
2.60484
4.55653
2.15677
1.06382
3.94871
2.99137
4.25571
4.17173
0.251481
4.33157
3.6816
6.09137
5.68496
4.93452
2.77939
3.91113
5.88067
1.99308
2.02857
1.6097
5.11034
4.68729
0.733109
0.0696359
1.7026
1.97085
5.31147
4.61993
5.89754
2.78933
1.48424
1.31877
3.73381
4.05527
3.14573
3.53433
0.285691
1.25838
0.395512
6.04167
5.961
1.03761
3.18522
1.22919
6.05399
5.82303
0.797204
2.84958
2.41506
0.419161
1.3875
2.82506
5.15708
4.79601
5.8721
2.36414
5.60054
6.14732
3.62281
4.44419
5.32954
0.574184
5.62281
3.48663
2.79682
1.60956
2.83002
0.475599
1.17293
3.06095
4.9552
4.63876
1.83722
2.64293
3.80568
5.43474
3.00265
5.23944
0.434955
2.93743
2.37327
1.91726
3.18074
1.38221
1.96281
2.21999
1.81656
0.885439
3.02888
6.24861
3.21998
1.16547
3.33615
5.80192
4.16068
2.86806
5.1728
5.03991
2.20259
4.64251
2.17034
3.13362
1.10385
4.46937
1.19975
1.39786
1.01172
1.69339
4.31525
5.89447
1.41861
4.18715
1.79237
2.74404
0.503274
1.36636
5.60965
2.26744
1.35946
2.7686
4.83851
3.72636
4.35928
4.5023
1.7036
6.14815
5.05495
3.57806
0.0960869
0.153554
4.67703
4.18766
3.99626
4.24191
4.7643
0.643279
4.54322
4.68601
4.35878
2.3938
1.35749
1.09749
4.40361
1.93292
2.58356
5.11223
5.03644
0.34893
2.2534
4.16007
5.24616
0.220552
6.01831
2.91741
5.19009
0.423756
3.22249
5.72055
0.0388455
5.70895
6.03846
2.26545
5.55001
5.21191
2.73831
4.78479
5.71843
2.06626
0.513401
1.91182
6.08438
1.26682
4.05986
5.03137
3.1872
3.16898
4.74513
5.27585
2.97706
2.49213
1.55146
0.260562
6.17964
0.204553
1.02478
1.30688
5.10295
6.11406
3.79104
4.40093
0.652377
0.373704
3.94588
5.72835
5.36305
4.51577
1.90988
4.83627
3.89847
0.488175
5.19361
2.94122
3.27805
3.20458
6.20837
5.4923
2.79341
0.895084
1.72519
4.68262
3.84439
2.71689
2.78769
5.32333
2.99071
5.70259
5.93562
1.87084
2.17153
4.14639
1.64231
0.220141
5.39714
5.66226
0.381805
1.85775
2.06658
5.94325
4.44123
5.70535
2.19401
5.05484
1.72236
1.0919
4.68974
4.1742
3.95368
4.85823
2.21444
2.76737
3.10335
1.3651
3.31692
3.00392
1.51877
3.57083
4.35393
2.54256
0.90055
5.68461
5.3861
2.36284
2.43358
3.87543
2.83073
5.98756
1.47752
1.5492
6.19043
5.56784
3.13979
4.29402
0.837385
5.8984
4.5238
4.98066
5.26832
1.93724
5.95561
4.85884
6.1808
0.783507
5.16748
3.65404
1.68849
3.63931
5.31033
4.39184
5.03541
1.97511
1.56039
5.64228
3.93482
1.94903
3.15938
0.549722
2.88364
3.14975
2.04878
1.93405
2.65066
1.86065
0.498492
2.65705
2.45419
4.76095
0.917948
2.7008
2.61648
5.44314
5.90121
1.47727
3.68245
1.55961
5.28917
0.61437
2.45493
4.58435
4.70929
6.08714
3.83534
1.48034
5.03281
2.27071
5.94276
2.35087
2.45292
2.28528
5.9234
3.79128
2.29723
5.62381
1.3988
4.2642
2.49759
5.35126
1.14211
0.332051
1.31405
6.11835
0.438362
3.65869
4.4345
5.71209
2.35476
5.00534
5.48979
4.62773
4.95657
2.49358
0.821143
3.04732
2.03708
0.205281
0.689642
4.60922
1.7565
3.00993
2.0803
4.00743
3.50768
4.77125
4.41285
0.0653137
4.45347
4.22449
0.914021
5.81408
1.17123
5.8841
3.04131
1.54355
5.52886
1.54946
4.348
3.37812
1.21856
3.40691
1.32837
1.67786
0.823707
2.19797
2.38575
4.30387
3.05661
1.18252
0.881223
1.21713
4.57946
4.31792
0.534137
4.84822
3.63748
5.99469
1.82099
0.0685527
2.34396
5.63029
3.60316
0.882078
3.04267
5.61277
4.37854
1.37678
4.76888
2.28699
3.1536
3.93645
4.33544
5.92447
2.82183
1.02462
4.82696
4.42238
3.20461
0.329546
3.20039
4.94581
3.91123
1.37957
1.54975
2.88859
4.63054
1.87251
5.19568
0.0852616
0.429909
6.11181
3.67076
6.03585
2.41657
0.771368
2.11883
4.3095
3.42368
0.301179
3.94385
3.04007
5.81317
4.63186
5.29907
3.62216
6.15834
0.231433
0.402373
1.97659
1.37491
4.90224
0.464371
0.966203
3.20746
4.27796
1.1353
5.20452
4.1342
4.03679
0.498382
0.813201
1.56886
3.64782
3.77462
4.96065
2.02806
5.53783
1.4312
2.11795
2.14416
2.8546
5.06117
1.3896
0.470344
0.830348
0.697798
3.46514
6.02698
4.28742
3.04395
3.04395
