0.675187
0.872494
0.00574149
0.497192
0.306434
0.232545
0.381383
0.911017
0.465547
0.45086
0.600537
0.218457
0.603112
0.506935
0.0523376
0.63816
0.54892
0.701614
0.0181746
0.460625
0.726833
0.886726
0.211729
0.528543
0.223772
0.940217
0.231743
0.910582
0.149301
0.295748
0.633242
0.902132
0.134235
0.0803715
0.804208
0.323537
0.682816
0.0886301
0.606096
0.647689
0.701981
0.186363
0.206057
0.19381
0.356549
0.521783
0.613105
0.450105
0.910658
0.428779
0.487967
0.258131
0.401649
0.520508
0.18503
0.799201
0.164045
0.0971314
0.487337
0.67623
0.394443
0.409659
0.138709
0.274539
0.170517
0.871306
0.0443597
0.553937
0.019621
0.77022
0.0921138
0.156471
0.807598
0.30341
0.417855
0.881266
0.432914
0.986901
0.839083
0.467668
0.0983517
0.997207
0.0507535
0.0134462
0.990529
0.82151
0.126781
0.809259
0.215843
0.677756
0.0386614
0.782414
0.0284416
0.0187547
0.209612
0.956474
0.456767
0.876411
0.832731
0.704855
0.489806
0.176093
0.59218
0.767365
0.110092
0.311856
0.364205
0.194862
0.0472195
0.617338
0.594157
0.997754
0.244734
0.240841
0.809146
0.312087
0.242328
0.799643
0.596474
0.930708
0.41564
0.653763
0.79296
0.285343
0.764166
0.335883
0.191765
0.000329909
0.544779
0.102917
0.725037
0.693564
0.735758
0.890575
0.887428
0.00141857
0.841829
0.614759
0.250848
0.994784
0.342622
0.441434
0.178427
0.814773
0.888735
0.964778
0.0197529
0.987384
0.958268
0.610617
0.638071
0.0651658
0.241586
0.338772
0.734015
0.582896
0.728346
0.305209
0.64006
0.493968
0.122233
0.373885
0.8771
0.415123
0.976746
0.162624
0.220679
0.949404
0.627437
0.331475
0.104779
0.0218344
0.97073
0.0582362
0.775272
0.99821
0.920993
0.134207
0.621261
0.53448
0.00412618
0.348777
0.896949
0.0223072
0.916412
0.13996
0.300604
0.251395
0.19494
0.353331
0.43265
0.543957
0.28367
0.637917
0.46361
0.896967
0.329226
0.302312
0.958275
0.724178
0.251377
0.898391
0.255
0.791386
0.831808
0.200277
0.0553874
0.896057
0.0339804
0.109113
0.853792
0.681057
0.518423
0.143448
0.926551
0.540187
0.921361
0.310496
0.508303
0.0529646
0.176835
0.0729223
0.604268
0.939817
0.511835
0.408775
0.285136
0.284875
0.896786
0.28973
0.497682
0.541715
0.607043
0.570452
0.595033
0.72558
0.816755
0.203859
0.259052
0.887561
0.237303
0.346372
0.476835
0.172436
0.135772
0.916727
0.429662
0.32393
0.287771
0.563404
0.139288
0.00542353
0.153253
0.726236
0.851286
0.567504
0.0481053
0.505612
0.822373
0.625482
0.480995
0.0774491
0.6864
0.320493
0.52825
0.296987
0.455665
0.369763
0.607385
0.31291
0.0794032
0.529844
0.0953516
0.5745
0.620755
0.0279053
0.00373992
0.856819
0.56476
0.918757
0.549282
0.782061
0.0934632
0.836334
0.270027
0.343282
0.544853
0.337683
0.441872
0.545247
0.967072
0.577621
0.0782549
0.230519
0.328209
0.208708
0.74904
0.11755
0.663643
0.84409
0.620304
0.456934
0.688237
0.203104
0.562591
0.474603
0.658081
0.372807
0.7689
0.910109
0.207359
0.0890871
0.287254
0.883711
0.523028
0.523739
0.480146
0.811394
0.106954
0.582695
0.353427
0.0540543
0.490602
0.54948
0.103047
0.917719
0.109517
0.656456
0.0634351
0.153265
0.920815
0.143775
0.427025
0.00768517
0.164669
0.585664
0.248731
0.415585
0.744691
0.0211786
0.949144
0.258092
0.757422
0.987477
0.532934
0.0135913
0.428897
0.471709
0.0097535
0.927061
0.110797
0.16393
0.1652
0.515872
0.258051
0.0680282
0.349871
0.282523
0.358071
0.0940223
0.232822
0.0376896
0.449611
0.607592
0.805498
0.0012022
0.205322
0.844574
0.7491
0.128287
0.111293
0.493425
0.991592
0.68181
0.172356
0.780065
0.546451
0.208935
0.572128
0.748605
0.796271
0.929733
0.0225734
0.391945
0.418723
0.470917
0.705286
0.737956
0.82091
0.0375658
0.368892
0.971237
0.574539
0.277129
0.707583
0.355296
0.467433
0.15466
0.368837
0.04011
0.12927
0.645132
0.725438
0.43876
0.236158
0.115535
0.796877
0.108818
0.911361
0.252466
0.201404
0.998637
0.0884527
0.624429
0.775775
0.453147
0.0350534
0.142249
0.77988
0.439798
0.678545
0.306298
0.954688
0.439682
0.737598
0.803301
0.0791782
0.748315
0.929952
0.706132
0.967312
0.619667
0.742008
0.933246
0.0685928
0.839978
0.505207
0.0152633
0.52964
0.66233
0.786807
0.857385
0.0648373
0.720584
0.847655
0.537947
0.268432
0.539455
0.612642
0.674176
0.883559
0.982885
0.356144
0.705564
0.407277
0.106845
0.751262
0.4587
0.363818
0.690531
0.753787
0.901773
0.101168
0.334852
0.863119
0.448242
0.599116
0.33442
0.605062
0.276585
0.557392
0.0818267
0.260594
0.811572
0.0859836
0.126374
0.963268
0.64027
0.0118507
0.174163
0.165763
0.983548
0.493435
0.160367
0.294211
0.801129
0.57016
0.671926
0.0637883
0.0892763
0.466224
0.823263
0.582034
0.244875
0.606009
0.186412
0.0184807
0.605446
0.722625
0.157378
0.0489515
0.727401
0.424089
0.659578
0.530671
0.988887
0.218305
0.0564273
0.373749
0.591706
0.802532
0.155401
0.820301
0.794148
0.239486
0.0349668
0.687773
0.402718
0.479905
0.762078
0.244596
0.922623
0.527071
0.482021
0.321351
0.947318
0.571728
0.0331179
0.613315
0.982576
0.149025
0.668978
0.518261
0.414573
0.725194
0.34326
0.169312
0.628457
0.476092
0.677317
0.663952
0.0400244
0.68939
0.585945
0.969471
0.904789
0.785354
0.442353
0.622475
0.935938
0.317208
0.322857
0.256192
0.813336
0.746006
0.116678
0.0110829
0.270977
0.31367
0.845346
0.735285
0.938623
0.443936
0.236224
0.209888
0.594255
0.645416
0.500658
0.562506
0.0454692
0.200277
0.0629477
0.961561
0.948722
0.16514
0.506943
0.195631
0.963523
0.926764
0.126879
0.453524
0.384368
0.0667115
0.220828
0.449623
0.820775
0.763309
0.934573
0.376265
0.891354
0.978377
0.576588
0.707315
0.848223
0.0913842
0.894898
0.554914
0.445127
0.25617
0.450412
0.0756939
0.186677
0.487165
0.788644
0.738281
0.292403
0.420635
0.605692
0.864966
0.477886
0.833883
0.0692252
0.467506
0.377718
0.305141
0.506231
0.219986
0.312391
0.353322
0.289114
0.140922
0.482061
0.994497
0.512476
0.18549
0.530965
0.923405
0.662192
0.456466
0.823276
0.802127
0.350553
0.738879
0.345421
0.498731
0.175683
0.711322
0.190946
0.222476
0.16102
0.269512
0.686793
0.938134
0.225779
0.666406
0.285264
0.436728
0.0800986
0.217463
0.892804
0.360874
0.216365
0.440636
0.770072
0.593068
0.693801
0.716563
0.271136
0.978509
0.80452
0.569466
0.0152927
0.0244389
0.744372
0.666486
0.636025
0.675121
0.758262
0.102381
0.723076
0.745802
0.693722
0.380985
0.216051
0.174671
0.700857
0.307634
0.411187
0.813637
0.801574
0.0555339
0.35864
0.662095
0.834952
0.0351019
0.957843
0.46432
0.826029
0.0674429
0.512876
0.910454
0.00618246
0.908607
0.96105
0.360557
0.883312
0.829502
0.435816
0.761523
0.910117
0.328856
0.0817103
0.304276
0.968359
0.201621
0.646147
0.800768
0.507259
0.504359
0.755211
0.839678
0.473814
0.396635
0.246923
0.0414698
0.983521
0.0325557
0.163099
0.207997
0.81216
0.973083
0.603362
0.700429
0.103829
0.0594769
0.628007
0.911695
0.853556
0.718707
0.303967
0.769716
0.62046
0.0776954
0.826588
0.46811
0.521718
0.510025
0.988093
0.874127
0.444585
0.142457
0.274573
0.745262
0.611854
0.432406
0.443675
0.847235
0.475987
0.907595
0.944684
0.297754
0.34561
0.659919
0.261381
0.0350365
0.858981
0.901176
0.0607661
0.29567
0.328907
0.945898
0.706843
0.908035
0.349188
0.804503
0.274122
0.173782
0.746395
0.664344
0.629248
0.773211
0.352439
0.440441
0.493914
0.217262
0.527904
0.478089
0.241719
0.568316
0.69295
0.404661
0.143327
0.904734
0.857225
0.376057
0.387316
0.616794
0.450524
0.95295
0.235155
0.246563
0.985237
0.886149
0.499713
0.683414
0.133274
0.938759
0.719985
0.792696
0.838479
0.308321
0.947865
0.773308
0.983705
0.124699
0.82243
0.581559
0.268732
0.579214
0.845166
0.698983
0.801411
0.314348
0.248343
0.897996
0.626246
0.310198
0.502831
0.0874909
0.458946
0.501299
0.326073
0.307814
0.421866
0.296131
0.0793374
0.422883
0.390597
0.757729
0.146096
0.429846
0.416426
0.866302
0.939206
0.235115
0.58608
0.24822
0.841798
0.0977801
0.390714
0.729622
0.749507
0.968799
0.610414
0.235604
0.800997
0.361394
0.945819
0.374153
0.390395
0.363714
0.942738
0.603401
0.365615
0.895057
0.222626
0.678669
0.397504
0.85168
0.181773
0.0528476
0.209137
0.973765
0.0697675
0.582299
0.705772
0.909108
0.374772
0.796625
0.873727
0.736526
0.788862
0.396866
0.130689
0.484996
0.324212
0.0326715
0.10976
0.73358
0.279555
0.479046
0.33109
0.637803
0.558265
0.759368
0.702327
0.010395
0.708792
0.672348
0.145471
0.92534
0.186407
0.936484
0.484039
0.245664
0.879946
0.246605
0.692006
0.537645
0.19394
0.542227
0.211416
0.267039
0.131097
0.349817
0.379704
0.684982
0.486475
0.188204
0.140251
0.193713
0.728844
0.687219
0.0850105
0.771618
0.578923
0.954084
0.28982
0.0109105
0.373053
0.896089
0.57346
0.140387
0.484256
0.8933
0.696866
0.219121
0.758991
0.363985
0.501911
0.626506
0.690007
0.942908
0.449108
0.163073
0.768234
0.703844
0.510029
0.0524489
0.509358
0.78715
0.622492
0.219566
0.246651
0.459733
0.736973
0.29802
0.826918
0.0135698
0.0684222
0.972725
0.584219
0.960635
0.384609
0.122767
0.337222
0.685878
0.544895
0.0479341
0.627684
0.483842
0.925194
0.737184
0.843373
0.576485
0.98013
0.0368337
0.0640397
0.314584
0.218824
0.780215
0.0739069
0.153776
0.510483
0.680858
0.180688
0.828325
0.657978
0.642475
0.0793199
0.129425
0.249692
0.580568
0.600749
0.789512
0.322775
0.881373
0.227782
0.337082
0.341254
0.454323
0.805511
0.221162
0.0748576
0.132154
0.111058
0.551494
0.959224
0.682364
0.484459
