0.346534
0.198048
0.598298
0.595088
0.650296
0.532575
0.995098
0.606739
0.46773
0.141004
0.855956
0.0585923
0.759971
0.840199
0.221191
0.551687
0.203434
0.120918
0.269432
0.335931
0.98975
0.724747
0.819035
0.529018
0.205331
0.991162
0.451872
0.615971
0.628263
0.223782
0.0971516
0.827471
0.308503
0.00174596
0.344392
0.202846
0.240776
0.729537
0.331901
0.266157
0.307195
0.0199087
0.60575
0.846056
0.660394
0.250257
0.0738127
0.570087
0.444438
0.677096
0.950543
0.779533
0.609747
0.0232503
0.767267
0.463815
0.33812
0.784681
0.139612
0.45883
0.552494
0.759136
0.80456
0.245766
0.59018
0.147146
0.0782223
0.681773
0.556193
0.941542
0.49504
0.142699
0.340293
0.310824
0.0206812
0.589439
0.695838
0.95494
0.683664
0.339361
0.634552
0.910266
0.839845
0.271045
0.449033
0.900734
0.643771
0.854611
0.4543
0.426425
0.925318
0.819866
0.495714
0.464379
0.825386
0.259149
0.512073
0.40445
0.587495
0.0260686
0.135139
0.275119
0.92067
0.700077
0.199593
0.557488
0.706127
0.876221
0.651351
0.251663
0.704361
0.190717
0.374008
0.952919
0.708824
0.198773
0.771715
0.206127
0.37023
0.459174
0.335789
0.607685
0.357396
0.760751
0.940265
0.0378829
0.697374
0.764303
0.635286
0.256997
0.355201
0.870839
0.182803
0.371898
0.495897
0.547304
0.533202
0.529641
0.678789
0.410775
0.895377
0.606065
0.130084
0.318824
0.472774
0.920932
0.099796
0.271802
0.179045
0.21619
0.503008
0.061292
0.135382
0.366784
0.534
0.940547
0.781813
0.933044
0.663535
0.0368013
0.519653
0.809117
0.823823
0.994339
0.850407
0.790693
0.181068
0.208882
0.681291
0.459869
0.0204723
0.0784668
0.791775
0.362561
0.565282
0.69452
0.791891
0.319075
0.69694
0.469015
0.738371
0.800756
0.30393
0.152623
0.128941
0.109251
0.180986
0.836974
0.0277941
0.136126
0.862897
0.711119
0.779126
0.770651
0.332468
0.789651
0.670083
0.0894058
0.642831
0.0605991
0.4894
0.350364
0.56794
0.36364
0.690785
0.0295832
0.204645
0.468054
0.578726
0.653469
0.858427
0.578381
0.852917
0.969056
0.91581
0.0143909
0.867211
0.220067
0.66186
0.887981
0.292399
0.348569
0.405739
0.251159
0.227471
0.113161
0.893037
0.28068
0.391405
0.343836
0.854045
0.932857
0.526437
0.824415
0.94912
0.866187
0.00268049
0.0509685
0.627577
0.694178
0.0476416
0.712552
0.859056
0.159539
0.364033
0.297399
0.390369
0.926165
0.0596166
0.976653
0.61269
0.477115
0.871396
0.555311
0.107778
0.427519
0.306039
0.602201
0.198024
0.19416
0.246784
0.702669
0.757063
0.960492
0.992276
0.177838
0.924754
0.348152
0.386832
0.479694
0.217578
0.832648
0.317044
0.551524
0.462335
0.457537
0.816991
0.172376
0.125286
0.678286
0.959697
0.629447
0.111447
0.0859801
0.0677542
0.745235
0.156406
0.722363
0.747555
0.161458
0.619373
0.796706
0.230288
0.44442
0.370568
0.141533
0.741484
0.11868
0.66163
0.0117757
0.914376
0.922619
0.46165
0.95765
0.216463
0.0908651
0.170391
0.753279
0.367368
0.352407
0.910369
0.571061
0.824395
0.613119
0.685866
0.354988
0.283505
0.864541
0.33839
0.328178
0.692527
0.305761
0.92413
0.852842
0.713714
0.386129
0.676316
0.844701
0.887953
0.827333
0.978585
0.070678
0.88437
0.599923
0.901432
0.360808
0.10261
0.561081
0.0878807
0.0100942
0.65378
0.0726748
0.445891
0.0983811
0.491598
0.29283
0.601649
0.919363
0.727898
0.778581
0.617665
0.100008
0.831712
0.588898
0.608649
0.560665
0.0996686
0.129834
0.12796
0.61798
0.383003
0.127154
0.0715127
0.91395
0.765099
0.0244197
0.421895
0.783464
0.674329
0.455085
0.617011
0.108068
0.29671
0.804008
0.964616
0.294901
0.39645
0.142477
0.604736
0.798392
0.577976
0.0468711
0.762353
0.859469
0.100166
0.494541
0.74286
0.252262
0.764251
0.758991
0.365472
0.494091
0.191517
0.833532
0.168683
0.0513537
0.10155
0.75253
0.770161
0.101679
0.917844
0.198469
0.670565
0.191193
0.377277
0.889688
0.978116
0.199628
0.146994
0.526943
0.335905
0.555238
0.878287
0.367153
0.732344
0.501077
0.596096
0.581825
0.725755
0.771108
0.00889185
0.445311
0.34991
0.943452
0.592742
0.207876
0.777813
0.698122
0.333937
0.478387
0.251973
0.903379
0.0856912
0.211516
0.942305
0.3208
0.691454
0.275043
0.643219
0.576145
0.276483
0.848355
0.306568
0.481992
0.840914
0.237117
0.227814
0.87747
0.630912
0.735005
0.22117
0.200604
0.549796
0.42177
0.683164
0.930428
0.69961
0.350308
0.626701
0.971549
0.816712
0.471467
0.952838
0.34151
0.757957
0.988295
0.276179
0.737251
0.975567
0.359069
0.86846
0.199518
0.303673
0.826315
0.881184
0.0656161
0.809161
0.566874
0.455021
0.530907
0.951518
0.168122
0.63195
0.191244
0.233818
0.779835
0.691393
0.246016
0.791758
0.0771726
0.0398374
0.546446
0.114831
0.961763
0.35021
0.987085
0.93647
0.257317
0.72748
0.749367
0.610933
0.957905
0.508976
0.358452
0.510244
0.673835
0.148537
0.459414
0.376935
0.144592
0.165512
0.75637
0.303303
0.613743
0.184956
0.560858
0.33444
0.933816
0.652913
0.514556
0.139268
0.681169
0.411153
0.242132
0.51767
0.488091
0.350057
0.400118
0.778289
0.696092
0.219623
0.202877
0.746689
0.595238
0.171139
0.327985
0.446955
0.979631
0.663832
0.0190836
0.738661
0.668437
0.415106
0.68321
0.706342
0.487465
0.817556
0.65943
0.0482328
0.649403
0.521764
0.279733
0.466481
0.146354
0.76776
0.734722
0.47263
0.489177
0.599029
0.875327
0.620605
0.509552
0.0373468
0.687454
0.0426098
0.142637
0.300224
0.859544
0.362599
0.197457
0.659357
0.811792
0.783481
0.970542
0.897291
0.767246
0.0982609
0.471112
0.971292
0.50925
0.966705
0.406819
0.399202
0.391365
0.669242
0.954396
0.53211
0.178316
0.952387
0.762055
0.855492
0.25841
0.0972674
0.773412
0.732609
0.953451
0.654544
0.915989
0.0339059
0.855868
0.576239
0.845208
0.414148
0.592954
0.773085
0.238748
0.635384
0.897733
0.200183
0.481794
0.51376
0.761084
0.537638
0.0747361
0.0901759
0.586754
0.56688
0.553304
0.38245
0.843154
0.896479
0.122918
0.880706
0.0201085
0.96295
0.295658
0.119403
0.810847
0.907973
0.302654
0.70301
0.486044
0.936791
0.644176
0.660907
0.870213
0.662136
0.516347
0.241089
0.979614
0.379406
0.672787
0.530041
0.405342
0.588164
0.26846
0.0108994
0.185924
0.827575
0.0502062
0.815733
0.0196096
0.579155
0.860092
0.56374
0.781928
0.856843
0.967239
0.38105
0.308581
0.323745
0.181414
0.0314504
0.58646
0.640212
0.0418192
0.85455
0.419709
0.051597
0.190961
0.482977
0.396299
0.592661
0.856435
0.0956317
0.282296
0.546457
0.297365
0.817596
0.33314
0.0841118
0.666749
0.0424198
0.949064
0.911159
0.841007
0.800317
0.927929
0.706498
0.115012
0.999169
0.034251
0.657024
0.59402
0.689389
0.568734
0.717875
0.328685
0.213714
0.887198
0.131224
0.484827
0.493696
0.55006
0.866513
0.492268
0.549403
0.823882
0.987012
0.708842
0.502944
0.987851
0.806974
0.807607
0.457856
0.184566
0.996694
0.434617
0.615564
0.779666
0.846125
0.814674
0.232479
0.280362
0.0434434
0.153215
0.0916507
0.37281
0.821165
0.319459
0.139701
0.954668
0.106866
0.0931568
0.686975
0.982318
0.821544
0.690554
0.133828
0.245228
0.540009
0.926608
0.507401
0.887371
0.0386343
0.326207
0.559233
0.0289186
0.0347725
0.421438
0.106836
0.598687
0.12952
0.838062
0.306209
0.456494
0.292436
0.966375
0.867197
0.979688
0.610235
0.226115
0.312247
0.93564
0.29329
0.322816
0.576558
0.203352
0.735432
0.397872
0.0369533
0.0741956
0.00624217
0.912198
0.314699
0.142233
0.507029
0.63789
0.0101973
0.386749
0.09049
0.865569
0.621143
0.542677
0.768582
0.549884
0.897025
0.293153
0.0224509
0.332178
0.909026
0.995406
0.787616
0.458112
0.485375
0.694337
0.716113
0.705259
0.294107
0.049869
0.148534
0.402611
0.675669
0.961164
0.282854
0.93176
0.0975286
0.163919
0.984841
0.227544
0.333401
0.475738
0.728885
0.368074
0.21489
0.656622
0.847149
0.0399027
0.644235
0.657298
0.209097
0.286915
0.181942
0.903618
0.111544
0.723585
0.297621
0.114061
0.0273103
0.00465316
0.205621
0.871044
0.63046
0.135256
0.24122
0.186118
0.0910925
0.992484
0.679035
0.53812
0.189484
0.651199
0.698256
0.580215
0.665113
0.557917
0.912343
0.74157
0.56342
0.405783
0.998648
0.270079
0.221878
0.108487
0.346758
0.964332
0.528086
0.544288
0.853282
0.110235
0.724334
0.8874
0.535429
0.950385
0.11827
0.763343
0.500702
0.293708
0.35794
0.894319
0.827473
0.339018
0.867582
0.449544
0.479711
0.500235
0.451405
0.75886
0.159688
0.883881
0.38751
0.88035
0.0504905
0.594279
0.0469162
0.520728
0.87114
0.255887
0.692324
0.888165
0.397417
0.387562
0.750056
0.187198
0.235708
0.542826
0.279985
0.710721
0.0888638
0.533986
0.701264
0.145478
0.0559228
0.894402
0.211285
0.0614903
0.467021
0.21397
0.186027
0.549807
0.598176
0.544908
0.27439
0.673584
0.923839
0.966761
0.357198
0.42743
0.812455
0.930712
0.478337
0.402984
0.947196
0.53155
0.762505
0.417925
0.0661858
0.385577
0.388286
0.927706
0.96018
0.738121
0.599146
0.847752
0.168586
0.429667
0.419545
0.284929
0.793626
0.467949
0.822763
0.177633
0.470312
0.541532
0.531695
0.191215
0.750493
0.532191
0.529116
0.848469
0.218244
0.0336617
0.752518
0.576991
0.485992
0.0672812
0.795913
0.909612
0.840556
0.222059
0.150746
0.584227
0.10957
0.548717
0.292048
0.449232
0.246406
0.338211
0.306981
0.423246
0.494445
0.131004
0.781718
0.336934
0.847021
0.887393
0.411749
0.258719
0.287363
0.715308
0.180049
0.0816869
0.91187
0.795199
0.906372
0.387183
0.384251
0.112616
0.734346
0.157172
0.597186
0.906705
0.985972
0.229444
0.269981
0.572471
0.519636
0.525106
0.449029
0.832802
