1.25883
0.922406
1.76868
1.76214
1.87611
1.63599
3.00145
1.78593
1.50621
0.769883
2.36301
0.488974
2.11758
2.3191
0.979283
1.67436
0.935853
0.710304
1.09152
1.23646
2.93876
2.037
2.26279
1.62886
0.940557
2.95329
1.47439
1.80487
1.83022
0.985512
0.633945
2.2849
1.17776
0.0835937
1.25432
0.934391
1.02576
2.04775
1.22792
1.08413
1.17493
0.283141
1.78391
2.33521
1.89736
1.04779
0.550287
1.71143
1.45944
1.93285
2.69306
2.16406
1.79209
0.306155
2.13475
1.49836
1.2411
2.17653
0.765875
1.48836
1.67598
2.11563
2.22575
1.03739
1.75215
0.787374
0.566927
1.94287
1.68342
2.65319
1.56088
0.774741
1.24569
1.18278
0.28862
1.75064
1.97325
2.71379
1.94693
1.24372
1.84326
2.53314
2.31814
1.09515
1.46868
2.50054
1.86246
2.35919
1.47927
1.42311
2.58799
2.26495
1.56222
1.49949
2.2794
1.0682
1.59494
1.37851
1.74669
0.324335
0.752881
1.1043
2.57055
1.98248
0.926277
1.68603
1.99572
2.42256
1.87832
1.05103
1.99185
0.90388
1.31607
2.70415
2.00165
0.924224
2.14531
0.942526
1.30825
1.48905
1.23616
1.78787
1.28157
2.11941
2.64778
0.391771
1.97659
2.12775
1.84478
1.06328
1.27699
2.40636
0.883572
1.3117
1.56259
1.66555
1.63725
1.63011
1.93647
1.39139
2.48284
1.78455
0.737976
1.20001
1.51632
2.57152
0.642821
1.09686
0.87381
0.967184
1.57681
0.500347
0.753592
1.30111
1.63885
2.64897
2.16957
2.61812
1.904
0.386066
1.61011
2.23729
2.27529
2.99097
2.34733
2.19123
0.879075
0.94932
1.94183
1.49045
0.287148
0.567837
2.19389
1.29233
1.70173
1.97039
2.19418
1.20054
1.97565
1.50879
2.06774
2.21619
1.16784
0.802719
0.734572
0.673733
0.878862
2.31034
0.334995
0.755764
2.38298
2.00671
2.16307
2.14278
1.22912
2.18867
1.91789
0.607306
1.86049
0.497451
1.54959
1.26687
1.7071
1.29458
1.96229
0.345714
0.938858
1.50686
1.72891
1.88277
2.37008
1.72821
2.3544
2.78793
2.55281
0.240503
2.39561
0.976572
1.90045
2.45904
1.14263
1.2631
1.38114
1.04987
0.994338
0.68617
2.47523
1.11671
1.35186
1.25315
2.35759
2.61737
1.62369
2.27684
2.68654
2.3926
0.103593
0.45545
1.8288
1.96964
0.440082
2.00987
2.37188
0.821775
1.29539
1.1536
1.34974
2.59122
0.493317
2.8348
1.79813
1.52501
2.40803
1.68165
0.668997
1.42532
1.17242
1.77665
0.922346
0.912614
1.03975
1.98814
2.11078
2.74139
2.96559
0.870657
2.58585
1.26223
1.34248
1.53017
0.970552
2.29869
1.19618
1.67403
1.49539
1.48577
2.25749
0.856285
0.723599
1.93539
2.73733
1.83267
0.680742
0.595194
0.526658
2.08343
0.813185
2.03166
2.08876
0.827003
1.81187
2.20609
1.00104
1.45941
1.30895
0.771402
2.07484
0.703411
1.89997
0.21746
2.54767
2.57781
1.49402
2.72705
0.967847
0.612402
0.851018
2.10198
1.30232
1.27115
2.5335
1.7134
2.27679
1.79901
1.95167
1.27654
1.12299
2.38778
1.24167
1.22
1.96606
1.17182
2.58349
2.35418
2.01244
1.34104
1.93118
2.33146
2.45895
2.28454
2.84786
0.538178
2.44767
1.772
2.50288
1.28869
0.652151
1.69326
0.60194
0.201279
1.88342
0.545919
1.46237
0.638085
1.55399
1.14358
1.77552
2.56574
2.04406
2.16176
1.80835
0.643528
2.29618
1.74954
1.78984
1.69243
0.642396
0.737232
0.73164
1.809
1.33461
0.729224
0.541426
2.54615
2.12963
0.313822
1.41394
2.17357
1.92694
1.48085
1.80701
0.669932
1.15209
2.22436
2.76313
1.14813
1.36219
0.774106
1.78183
2.21028
1.72739
0.436451
2.12317
2.37307
0.644054
1.55988
2.07798
1.05241
2.12763
2.11529
1.29838
1.55898
0.905915
2.30106
0.846466
0.457199
0.64865
2.10025
2.14162
0.649077
2.56018
0.923462
1.91892
0.905091
1.32282
2.46447
2.84464
0.926365
0.786945
1.62471
1.23641
1.6815
2.42885
1.30187
2.05408
1.57295
1.76419
1.73519
2.03925
2.14387
0.188874
1.4612
1.26591
2.6614
1.75736
0.946843
2.15991
1.97822
1.23224
1.52756
1.05175
2.50944
0.594163
0.955785
2.65645
1.20424
1.96374
1.10413
1.8613
1.72368
1.10735
2.3416
1.17357
1.53477
2.32105
1.01718
0.995156
2.42636
1.83571
2.0601
0.979232
0.928804
1.67055
1.41369
1.94586
2.60775
1.98146
1.26675
1.82699
2.80262
2.25677
1.5137
2.70377
1.24825
2.11287
2.92479
1.10667
2.06519
2.82768
1.28506
2.3993
0.92609
1.16728
2.28185
2.43776
0.518088
2.2374
1.70495
1.48072
1.63265
2.69758
0.844967
1.83786
0.905221
1.00941
2.16478
1.96361
1.03797
2.19385
0.563006
0.401885
1.66382
0.691425
2.74797
1.26654
2.91381
2.63199
1.06401
2.04312
2.09293
1.79452
2.72832
1.58875
1.28378
1.59129
1.92588
0.791293
1.48953
1.32211
0.780139
0.837966
2.10917
1.16648
1.80029
0.88913
1.69281
1.23331
2.62122
1.8816
1.59991
0.764882
1.94157
1.39215
1.02893
1.60614
1.54698
1.26622
1.36968
2.16106
1.9738
0.9755
0.934468
2.08677
1.76244
0.853006
1.21959
1.46451
2.85517
1.90463
0.277173
2.0684
1.91439
1.40018
1.94595
1.9962
1.54572
2.25895
1.89532
0.442849
1.87424
1.61434
1.1146
1.50371
0.785136
2.13592
2.05946
1.51603
1.54915
1.77017
2.41985
1.81441
1.5899
0.388954
1.95509
0.415832
0.774564
1.15977
2.37329
1.29241
0.920922
1.89517
2.24412
2.17361
2.79662
2.48912
2.1347
0.637681
1.51299
2.80108
1.5893
2.7746
1.38334
1.36781
1.35178
1.9161
2.71118
1.63506
0.871907
2.70165
2.12247
2.36169
1.06651
0.634336
2.14936
2.05468
2.70667
1.88503
2.55346
0.370385
2.36276
1.72387
2.33286
1.39824
1.75779
2.14858
1.02101
1.84499
2.49057
0.927753
1.53438
1.59832
2.12019
1.64614
0.553808
0.61
1.74519
1.70496
1.67761
1.33347
2.3272
2.48645
0.716416
2.43628
0.284568
2.75421
1.14978
0.705644
2.2417
2.52516
1.16506
1.98889
1.54288
2.63331
1.8633
1.89844
2.4045
1.90104
1.6035
1.02649
2.85505
1.32721
1.92365
1.63091
1.38033
1.74805
1.08933
0.209182
0.89162
2.28518
0.451972
2.25424
0.280992
1.72978
2.37486
1.69862
2.16984
2.36554
2.77759
1.33059
1.17793
1.21054
0.879973
0.356571
1.74459
1.85503
0.411901
2.35902
1.40952
0.4583
0.904501
1.53674
1.36188
1.7572
2.36438
0.628795
1.1203
1.66384
1.15352
2.25905
1.23055
0.588496
1.91081
0.414891
2.68629
2.53627
2.32131
2.21509
2.598
1.99654
0.691993
3.08393
0.372287
1.89025
1.75996
1.95927
1.7087
2.02167
1.22108
0.961157
2.45656
0.741358
1.54045
1.55819
1.67108
2.39356
1.55533
1.66976
2.27544
2.91317
2.00169
1.57668
2.9207
2.23185
2.23345
1.48641
0.888125
3.02653
1.43965
1.80403
2.16438
2.3354
2.25151
1.00624
1.116
0.419941
0.804363
0.61513
1.31359
2.26833
1.20137
0.766132
2.71248
0.666051
0.62033
1.95406
2.87486
2.26932
1.96179
0.749038
1.03614
1.6509
2.59292
1.5856
2.4571
0.395689
1.2158
1.68954
0.34177
0.375144
1.41302
0.665954
1.76947
0.736298
2.31329
1.17279
1.48367
1.14271
2.77276
2.39557
2.85558
1.79309
0.9911
1.18585
2.6286
1.14459
1.20856
1.72452
0.935649
2.06107
1.36509
0.386873
0.551749
0.15818
2.53993
1.19114
0.773408
1.58485
1.8502
0.202308
1.34231
0.611095
2.39078
1.81552
1.65625
2.13787
1.67073
2.48824
1.14429
0.300805
1.22851
2.52881
3.00593
2.18368
1.48692
1.54154
1.96999
2.01776
1.99382
1.14638
0.450425
0.791285
1.37477
1.9298
2.74486
1.12154
2.613
0.635217
0.833671
2.89472
0.994512
1.2311
1.52225
2.04628
1.30378
0.964023
1.8894
2.33824
0.402219
1.86342
1.89083
0.949849
1.13054
0.881342
2.51025
0.68105
2.0344
1.15408
0.689007
0.33204
0.136534
0.941275
2.40698
1.83477
0.753223
1.0268
0.892119
0.613192
2.96798
1.937
1.64711
0.900738
1.878
1.97851
1.73192
1.90734
1.68689
2.54044
2.07503
1.69798
1.38123
3.06804
1.09298
0.980937
0.67128
1.2593
2.76159
1.627
1.65949
2.35543
0.676881
2.03607
2.4572
1.64171
2.69234
0.702143
2.12549
1.5722
1.14551
1.28271
2.47939
2.28491
1.24299
2.3967
1.46971
1.53021
1.57127
1.47345
2.11498
0.822182
2.44614
1.34387
2.43519
0.453272
1.76049
0.436664
1.61226
2.40726
1.06074
1.96562
2.45962
1.36416
1.34398
2.09452
0.894891
1.01386
1.65655
1.11516
2.00583
0.605404
1.63882
1.98507
0.782655
0.477483
2.47966
0.955219
0.501173
1.50479
0.961781
0.891885
1.67058
1.76843
1.66073
1.10266
1.92535
2.58239
2.77491
1.28116
1.42514
2.24581
2.60886
1.52746
1.37553
2.67787
1.63394
2.12352
1.4059
0.520384
1.3399
1.34547
2.59714
2.7398
2.06717
1.77041
2.33992
0.846207
1.42966
1.40918
1.12615
2.19846
1.50665
2.27251
0.870121
1.51139
1.65396
1.63423
0.905147
2.09553
1.63522
1.62906
2.34192
0.972165
0.369033
2.10022
1.72539
1.54278
0.524773
2.20412
2.53085
2.32008
0.981373
0.797486
1.74006
0.674755
1.66839
1.14186
1.46909
1.03888
1.24129
1.17446
1.41668
1.55969
0.740706
2.16934
1.23859
2.33788
2.45717
1.39336
1.06722
1.13153
2.01597
0.876426
0.579701
2.53877
2.20235
2.51964
1.3432
1.33718
0.684448
2.05861
0.815292
1.76641
2.52079
2.90416
0.999037
1.09276
1.71625
1.61008
1.62103
1.46868
2.2991
2.2991
